Number of strings: 2002 2002, CI size = 4008004
String addressing array alpha: 5 14
0 495 825 1035 1161 1231 1266 1281 1286 1287 1287 1287 1287 1287
0 0 165 285 369 425 460 480 490 494 495 495 495 495
0 0 0 45 81 109 130 145 155 161 164 165 165 165
0 0 0 0 9 17 24 30 35 39 42 44 45 45
0 0 0 0 0 1 2 3 4 5 6 7 8 9

Alpha strings 2002 5
1 2 3 4 5
1 2 3 4 6
1 2 3 4 7
1 2 3 4 8
1 2 3 4 9
1 2 3 4 10
1 2 3 4 11
1 2 3 4 12
1 2 3 4 13
1 2 3 4 14
1 2 3 5 6
1 2 3 5 7
1 2 3 5 8
1 2 3 5 9
1 2 3 5 10
1 2 3 5 11
1 2 3 5 12
1 2 3 5 13
1 2 3 5 14
1 2 3 6 7
1 2 3 6 8
1 2 3 6 9
1 2 3 6 10
1 2 3 6 11
1 2 3 6 12
1 2 3 6 13
1 2 3 6 14
1 2 3 7 8
1 2 3 7 9
1 2 3 7 10
1 2 3 7 11
1 2 3 7 12
1 2 3 7 13
1 2 3 7 14
1 2 3 8 9
1 2 3 8 10
1 2 3 8 11
1 2 3 8 12
1 2 3 8 13
1 2 3 8 14
1 2 3 9 10
1 2 3 9 11
1 2 3 9 12
1 2 3 9 13
1 2 3 9 14
1 2 3 10 11
1 2 3 10 12
1 2 3 10 13
1 2 3 10 14
1 2 3 11 12
1 2 3 11 13
1 2 3 11 14
1 2 3 12 13
1 2 3 12 14
1 2 3 13 14
1 2 4 5 6
1 2 4 5 7
1 2 4 5 8
1 2 4 5 9
1 2 4 5 10
1 2 4 5 11
1 2 4 5 12
1 2 4 5 13
1 2 4 5 14
1 2 4 6 7
1 2 4 6 8
1 2 4 6 9
1 2 4 6 10
1 2 4 6 11
1 2 4 6 12
1 2 4 6 13
1 2 4 6 14
1 2 4 7 8
1 2 4 7 9
1 2 4 7 10
1 2 4 7 11
1 2 4 7 12
1 2 4 7 13
1 2 4 7 14
1 2 4 8 9
1 2 4 8 10
1 2 4 8 11
1 2 4 8 12
1 2 4 8 13
1 2 4 8 14
1 2 4 9 10
1 2 4 9 11
1 2 4 9 12
1 2 4 9 13
1 2 4 9 14
1 2 4 10 11
1 2 4 10 12
1 2 4 10 13
1 2 4 10 14
1 2 4 11 12
1 2 4 11 13
1 2 4 11 14
1 2 4 12 13
1 2 4 12 14
1 2 4 13 14
1 2 5 6 7
1 2 5 6 8
1 2 5 6 9
1 2 5 6 10
1 2 5 6 11
1 2 5 6 12
1 2 5 6 13
1 2 5 6 14
1 2 5 7 8
1 2 5 7 9
1 2 5 7 10
1 2 5 7 11
1 2 5 7 12
1 2 5 7 13
1 2 5 7 14
1 2 5 8 9
1 2 5 8 10
1 2 5 8 11
1 2 5 8 12
1 2 5 8 13
1 2 5 8 14
1 2 5 9 10
1 2 5 9 11
1 2 5 9 12
1 2 5 9 13
1 2 5 9 14
1 2 5 10 11
1 2 5 10 12
1 2 5 10 13
1 2 5 10 14
1 2 5 11 12
1 2 5 11 13
1 2 5 11 14
1 2 5 12 13
1 2 5 12 14
1 2 5 13 14
1 2 6 7 8
1 2 6 7 9
1 2 6 7 10
1 2 6 7 11
1 2 6 7 12
1 2 6 7 13
1 2 6 7 14
1 2 6 8 9
1 2 6 8 10
1 2 6 8 11
1 2 6 8 12
1 2 6 8 13
1 2 6 8 14
1 2 6 9 10
1 2 6 9 11
1 2 6 9 12
1 2 6 9 13
1 2 6 9 14
1 2 6 10 11
1 2 6 10 12
1 2 6 10 13
1 2 6 10 14
1 2 6 11 12
1 2 6 11 13
1 2 6 11 14
1 2 6 12 13
1 2 6 12 14
1 2 6 13 14
1 2 7 8 9
1 2 7 8 10
1 2 7 8 11
1 2 7 8 12
1 2 7 8 13
1 2 7 8 14
1 2 7 9 10
1 2 7 9 11
1 2 7 9 12
1 2 7 9 13
1 2 7 9 14
1 2 7 10 11
1 2 7 10 12
1 2 7 10 13
1 2 7 10 14
1 2 7 11 12
1 2 7 11 13
1 2 7 11 14
1 2 7 12 13
1 2 7 12 14
1 2 7 13 14
1 2 8 9 10
1 2 8 9 11
1 2 8 9 12
1 2 8 9 13
1 2 8 9 14
1 2 8 10 11
1 2 8 10 12
1 2 8 10 13
1 2 8 10 14
1 2 8 11 12
1 2 8 11 13
1 2 8 11 14
1 2 8 12 13
1 2 8 12 14
1 2 8 13 14
1 2 9 10 11
1 2 9 10 12
1 2 9 10 13
1 2 9 10 14
1 2 9 11 12
1 2 9 11 13
1 2 9 11 14
1 2 9 12 13
1 2 9 12 14
1 2 9 13 14
1 2 10 11 12
1 2 10 11 13
1 2 10 11 14
1 2 10 12 13
1 2 10 12 14
1 2 10 13 14
1 2 11 12 13
1 2 11 12 14
1 2 11 13 14
1 2 12 13 14
1 3 4 5 6
1 3 4 5 7
1 3 4 5 8
1 3 4 5 9
1 3 4 5 10
1 3 4 5 11
1 3 4 5 12
1 3 4 5 13
1 3 4 5 14
1 3 4 6 7
1 3 4 6 8
1 3 4 6 9
1 3 4 6 10
1 3 4 6 11
1 3 4 6 12
1 3 4 6 13
1 3 4 6 14
1 3 4 7 8
1 3 4 7 9
1 3 4 7 10
1 3 4 7 11
1 3 4 7 12
1 3 4 7 13
1 3 4 7 14
1 3 4 8 9
1 3 4 8 10
1 3 4 8 11
1 3 4 8 12
1 3 4 8 13
1 3 4 8 14
1 3 4 9 10
1 3 4 9 11
1 3 4 9 12
1 3 4 9 13
1 3 4 9 14
1 3 4 10 11
1 3 4 10 12
1 3 4 10 13
1 3 4 10 14
1 3 4 11 12
1 3 4 11 13
1 3 4 11 14
1 3 4 12 13
1 3 4 12 14
1 3 4 13 14
1 3 5 6 7
1 3 5 6 8
1 3 5 6 9
1 3 5 6 10
1 3 5 6 11
1 3 5 6 12
1 3 5 6 13
1 3 5 6 14
1 3 5 7 8
1 3 5 7 9
1 3 5 7 10
1 3 5 7 11
1 3 5 7 12
1 3 5 7 13
1 3 5 7 14
1 3 5 8 9
1 3 5 8 10
1 3 5 8 11
1 3 5 8 12
1 3 5 8 13
1 3 5 8 14
1 3 5 9 10
1 3 5 9 11
1 3 5 9 12
1 3 5 9 13
1 3 5 9 14
1 3 5 10 11
1 3 5 10 12
1 3 5 10 13
1 3 5 10 14
1 3 5 11 12
1 3 5 11 13
1 3 5 11 14
1 3 5 12 13
1 3 5 12 14
1 3 5 13 14
1 3 6 7 8
1 3 6 7 9
1 3 6 7 10
1 3 6 7 11
1 3 6 7 12
1 3 6 7 13
1 3 6 7 14
1 3 6 8 9
1 3 6 8 10
1 3 6 8 11
1 3 6 8 12
1 3 6 8 13
1 3 6 8 14
1 3 6 9 10
1 3 6 9 11
1 3 6 9 12
1 3 6 9 13
1 3 6 9 14
1 3 6 10 11
1 3 6 10 12
1 3 6 10 13
1 3 6 10 14
1 3 6 11 12
1 3 6 11 13
1 3 6 11 14
1 3 6 12 13
1 3 6 12 14
1 3 6 13 14
1 3 7 8 9
1 3 7 8 10
1 3 7 8 11
1 3 7 8 12
1 3 7 8 13
1 3 7 8 14
1 3 7 9 10
1 3 7 9 11
1 3 7 9 12
1 3 7 9 13
1 3 7 9 14
1 3 7 10 11
1 3 7 10 12
1 3 7 10 13
1 3 7 10 14
1 3 7 11 12
1 3 7 11 13
1 3 7 11 14
1 3 7 12 13
1 3 7 12 14
1 3 7 13 14
1 3 8 9 10
1 3 8 9 11
1 3 8 9 12
1 3 8 9 13
1 3 8 9 14
1 3 8 10 11
1 3 8 10 12
1 3 8 10 13
1 3 8 10 14
1 3 8 11 12
1 3 8 11 13
1 3 8 11 14
1 3 8 12 13
1 3 8 12 14
1 3 8 13 14
1 3 9 10 11
1 3 9 10 12
1 3 9 10 13
1 3 9 10 14
1 3 9 11 12
1 3 9 11 13
1 3 9 11 14
1 3 9 12 13
1 3 9 12 14
1 3 9 13 14
1 3 10 11 12
1 3 10 11 13
1 3 10 11 14
1 3 10 12 13
1 3 10 12 14
1 3 10 13 14
1 3 11 12 13
1 3 11 12 14
1 3 11 13 14
1 3 12 13 14
1 4 5 6 7
1 4 5 6 8
1 4 5 6 9
1 4 5 6 10
1 4 5 6 11
1 4 5 6 12
1 4 5 6 13
1 4 5 6 14
1 4 5 7 8
1 4 5 7 9
1 4 5 7 10
1 4 5 7 11
1 4 5 7 12
1 4 5 7 13
1 4 5 7 14
1 4 5 8 9
1 4 5 8 10
1 4 5 8 11
1 4 5 8 12
1 4 5 8 13
1 4 5 8 14
1 4 5 9 10
1 4 5 9 11
1 4 5 9 12
1 4 5 9 13
1 4 5 9 14
1 4 5 10 11
1 4 5 10 12
1 4 5 10 13
1 4 5 10 14
1 4 5 11 12
1 4 5 11 13
1 4 5 11 14
1 4 5 12 13
1 4 5 12 14
1 4 5 13 14
1 4 6 7 8
1 4 6 7 9
1 4 6 7 10
1 4 6 7 11
1 4 6 7 12
1 4 6 7 13
1 4 6 7 14
1 4 6 8 9
1 4 6 8 10
1 4 6 8 11
1 4 6 8 12
1 4 6 8 13
1 4 6 8 14
1 4 6 9 10
1 4 6 9 11
1 4 6 9 12
1 4 6 9 13
1 4 6 9 14
1 4 6 10 11
1 4 6 10 12
1 4 6 10 13
1 4 6 10 14
1 4 6 11 12
1 4 6 11 13
1 4 6 11 14
1 4 6 12 13
1 4 6 12 14
1 4 6 13 14
1 4 7 8 9
1 4 7 8 10
1 4 7 8 11
1 4 7 8 12
1 4 7 8 13
1 4 7 8 14
1 4 7 9 10
1 4 7 9 11
1 4 7 9 12
1 4 7 9 13
1 4 7 9 14
1 4 7 10 11
1 4 7 10 12
1 4 7 10 13
1 4 7 10 14
1 4 7 11 12
1 4 7 11 13
1 4 7 11 14
1 4 7 12 13
1 4 7 12 14
1 4 7 13 14
1 4 8 9 10
1 4 8 9 11
1 4 8 9 12
1 4 8 9 13
1 4 8 9 14
1 4 8 10 11
1 4 8 10 12
1 4 8 10 13
1 4 8 10 14
1 4 8 11 12
1 4 8 11 13
1 4 8 11 14
1 4 8 12 13
1 4 8 12 14
1 4 8 13 14
1 4 9 10 11
1 4 9 10 12
1 4 9 10 13
1 4 9 10 14
1 4 9 11 12
1 4 9 11 13
1 4 9 11 14
1 4 9 12 13
1 4 9 12 14
1 4 9 13 14
1 4 10 11 12
1 4 10 11 13
1 4 10 11 14
1 4 10 12 13
1 4 10 12 14
1 4 10 13 14
1 4 11 12 13
1 4 11 12 14
1 4 11 13 14
1 4 12 13 14
1 5 6 7 8
1 5 6 7 9
1 5 6 7 10
1 5 6 7 11
1 5 6 7 12
1 5 6 7 13
1 5 6 7 14
1 5 6 8 9
1 5 6 8 10
1 5 6 8 11
1 5 6 8 12
1 5 6 8 13
1 5 6 8 14
1 5 6 9 10
1 5 6 9 11
1 5 6 9 12
1 5 6 9 13
1 5 6 9 14
1 5 6 10 11
1 5 6 10 12
1 5 6 10 13
1 5 6 10 14
1 5 6 11 12
1 5 6 11 13
1 5 6 11 14
1 5 6 12 13
1 5 6 12 14
1 5 6 13 14
1 5 7 8 9
1 5 7 8 10
1 5 7 8 11
1 5 7 8 12
1 5 7 8 13
1 5 7 8 14
1 5 7 9 10
1 5 7 9 11
1 5 7 9 12
1 5 7 9 13
1 5 7 9 14
1 5 7 10 11
1 5 7 10 12
1 5 7 10 13
1 5 7 10 14
1 5 7 11 12
1 5 7 11 13
1 5 7 11 14
1 5 7 12 13
1 5 7 12 14
1 5 7 13 14
1 5 8 9 10
1 5 8 9 11
1 5 8 9 12
1 5 8 9 13
1 5 8 9 14
1 5 8 10 11
1 5 8 10 12
1 5 8 10 13
1 5 8 10 14
1 5 8 11 12
1 5 8 11 13
1 5 8 11 14
1 5 8 12 13
1 5 8 12 14
1 5 8 13 14
1 5 9 10 11
1 5 9 10 12
1 5 9 10 13
1 5 9 10 14
1 5 9 11 12
1 5 9 11 13
1 5 9 11 14
1 5 9 12 13
1 5 9 12 14
1 5 9 13 14
1 5 10 11 12
1 5 10 11 13
1 5 10 11 14
1 5 10 12 13
1 5 10 12 14
1 5 10 13 14
1 5 11 12 13
1 5 11 12 14
1 5 11 13 14
1 5 12 13 14
1 6 7 8 9
1 6 7 8 10
1 6 7 8 11
1 6 7 8 12
1 6 7 8 13
1 6 7 8 14
1 6 7 9 10
1 6 7 9 11
1 6 7 9 12
1 6 7 9 13
1 6 7 9 14
1 6 7 10 11
1 6 7 10 12
1 6 7 10 13
1 6 7 10 14
1 6 7 11 12
1 6 7 11 13
1 6 7 11 14
1 6 7 12 13
1 6 7 12 14
1 6 7 13 14
1 6 8 9 10
1 6 8 9 11
1 6 8 9 12
1 6 8 9 13
1 6 8 9 14
1 6 8 10 11
1 6 8 10 12
1 6 8 10 13
1 6 8 10 14
1 6 8 11 12
1 6 8 11 13
1 6 8 11 14
1 6 8 12 13
1 6 8 12 14
1 6 8 13 14
1 6 9 10 11
1 6 9 10 12
1 6 9 10 13
1 6 9 10 14
1 6 9 11 12
1 6 9 11 13
1 6 9 11 14
1 6 9 12 13
1 6 9 12 14
1 6 9 13 14
1 6 10 11 12
1 6 10 11 13
1 6 10 11 14
1 6 10 12 13
1 6 10 12 14
1 6 10 13 14
1 6 11 12 13
1 6 11 12 14
1 6 11 13 14
1 6 12 13 14
1 7 8 9 10
1 7 8 9 11
1 7 8 9 12
1 7 8 9 13
1 7 8 9 14
1 7 8 10 11
1 7 8 10 12
1 7 8 10 13
1 7 8 10 14
1 7 8 11 12
1 7 8 11 13
1 7 8 11 14
1 7 8 12 13
1 7 8 12 14
1 7 8 13 14
1 7 9 10 11
1 7 9 10 12
1 7 9 10 13
1 7 9 10 14
1 7 9 11 12
1 7 9 11 13
1 7 9 11 14
1 7 9 12 13
1 7 9 12 14
1 7 9 13 14
1 7 10 11 12
1 7 10 11 13
1 7 10 11 14
1 7 10 12 13
1 7 10 12 14
1 7 10 13 14
1 7 11 12 13
1 7 11 12 14
1 7 11 13 14
1 7 12 13 14
1 8 9 10 11
1 8 9 10 12
1 8 9 10 13
1 8 9 10 14
1 8 9 11 12
1 8 9 11 13
1 8 9 11 14
1 8 9 12 13
1 8 9 12 14
1 8 9 13 14
1 8 10 11 12
1 8 10 11 13
1 8 10 11 14
1 8 10 12 13
1 8 10 12 14
1 8 10 13 14
1 8 11 12 13
1 8 11 12 14
1 8 11 13 14
1 8 12 13 14
1 9 10 11 12
1 9 10 11 13
1 9 10 11 14
1 9 10 12 13
1 9 10 12 14
1 9 10 13 14
1 9 11 12 13
1 9 11 12 14
1 9 11 13 14
1 9 12 13 14
1 10 11 12 13
1 10 11 12 14
1 10 11 13 14
1 10 12 13 14
1 11 12 13 14
2 3 4 5 6
2 3 4 5 7
2 3 4 5 8
2 3 4 5 9
2 3 4 5 10
2 3 4 5 11
2 3 4 5 12
2 3 4 5 13
2 3 4 5 14
2 3 4 6 7
2 3 4 6 8
2 3 4 6 9
2 3 4 6 10
2 3 4 6 11
2 3 4 6 12
2 3 4 6 13
2 3 4 6 14
2 3 4 7 8
2 3 4 7 9
2 3 4 7 10
2 3 4 7 11
2 3 4 7 12
2 3 4 7 13
2 3 4 7 14
2 3 4 8 9
2 3 4 8 10
2 3 4 8 11
2 3 4 8 12
2 3 4 8 13
2 3 4 8 14
2 3 4 9 10
2 3 4 9 11
2 3 4 9 12
2 3 4 9 13
2 3 4 9 14
2 3 4 10 11
2 3 4 10 12
2 3 4 10 13
2 3 4 10 14
2 3 4 11 12
2 3 4 11 13
2 3 4 11 14
2 3 4 12 13
2 3 4 12 14
2 3 4 13 14
2 3 5 6 7
2 3 5 6 8
2 3 5 6 9
2 3 5 6 10
2 3 5 6 11
2 3 5 6 12
2 3 5 6 13
2 3 5 6 14
2 3 5 7 8
2 3 5 7 9
2 3 5 7 10
2 3 5 7 11
2 3 5 7 12
2 3 5 7 13
2 3 5 7 14
2 3 5 8 9
2 3 5 8 10
2 3 5 8 11
2 3 5 8 12
2 3 5 8 13
2 3 5 8 14
2 3 5 9 10
2 3 5 9 11
2 3 5 9 12
2 3 5 9 13
2 3 5 9 14
2 3 5 10 11
2 3 5 10 12
2 3 5 10 13
2 3 5 10 14
2 3 5 11 12
2 3 5 11 13
2 3 5 11 14
2 3 5 12 13
2 3 5 12 14
2 3 5 13 14
2 3 6 7 8
2 3 6 7 9
2 3 6 7 10
2 3 6 7 11
2 3 6 7 12
2 3 6 7 13
2 3 6 7 14
2 3 6 8 9
2 3 6 8 10
2 3 6 8 11
2 3 6 8 12
2 3 6 8 13
2 3 6 8 14
2 3 6 9 10
2 3 6 9 11
2 3 6 9 12
2 3 6 9 13
2 3 6 9 14
2 3 6 10 11
2 3 6 10 12
2 3 6 10 13
2 3 6 10 14
2 3 6 11 12
2 3 6 11 13
2 3 6 11 14
2 3 6 12 13
2 3 6 12 14
2 3 6 13 14
2 3 7 8 9
2 3 7 8 10
2 3 7 8 11
2 3 7 8 12
2 3 7 8 13
2 3 7 8 14
2 3 7 9 10
2 3 7 9 11
2 3 7 9 12
2 3 7 9 13
2 3 7 9 14
2 3 7 10 11
2 3 7 10 12
2 3 7 10 13
2 3 7 10 14
2 3 7 11 12
2 3 7 11 13
2 3 7 11 14
2 3 7 12 13
2 3 7 12 14
2 3 7 13 14
2 3 8 9 10
2 3 8 9 11
2 3 8 9 12
2 3 8 9 13
2 3 8 9 14
2 3 8 10 11
2 3 8 10 12
2 3 8 10 13
2 3 8 10 14
2 3 8 11 12
2 3 8 11 13
2 3 8 11 14
2 3 8 12 13
2 3 8 12 14
2 3 8 13 14
2 3 9 10 11
2 3 9 10 12
2 3 9 10 13
2 3 9 10 14
2 3 9 11 12
2 3 9 11 13
2 3 9 11 14
2 3 9 12 13
2 3 9 12 14
2 3 9 13 14
2 3 10 11 12
2 3 10 11 13
2 3 10 11 14
2 3 10 12 13
2 3 10 12 14
2 3 10 13 14
2 3 11 12 13
2 3 11 12 14
2 3 11 13 14
2 3 12 13 14
2 4 5 6 7
2 4 5 6 8
2 4 5 6 9
2 4 5 6 10
2 4 5 6 11
2 4 5 6 12
2 4 5 6 13
2 4 5 6 14
2 4 5 7 8
2 4 5 7 9
2 4 5 7 10
2 4 5 7 11
2 4 5 7 12
2 4 5 7 13
2 4 5 7 14
2 4 5 8 9
2 4 5 8 10
2 4 5 8 11
2 4 5 8 12
2 4 5 8 13
2 4 5 8 14
2 4 5 9 10
2 4 5 9 11
2 4 5 9 12
2 4 5 9 13
2 4 5 9 14
2 4 5 10 11
2 4 5 10 12
2 4 5 10 13
2 4 5 10 14
2 4 5 11 12
2 4 5 11 13
2 4 5 11 14
2 4 5 12 13
2 4 5 12 14
2 4 5 13 14
2 4 6 7 8
2 4 6 7 9
2 4 6 7 10
2 4 6 7 11
2 4 6 7 12
2 4 6 7 13
2 4 6 7 14
2 4 6 8 9
2 4 6 8 10
2 4 6 8 11
2 4 6 8 12
2 4 6 8 13
2 4 6 8 14
2 4 6 9 10
2 4 6 9 11
2 4 6 9 12
2 4 6 9 13
2 4 6 9 14
2 4 6 10 11
2 4 6 10 12
2 4 6 10 13
2 4 6 10 14
2 4 6 11 12
2 4 6 11 13
2 4 6 11 14
2 4 6 12 13
2 4 6 12 14
2 4 6 13 14
2 4 7 8 9
2 4 7 8 10
2 4 7 8 11
2 4 7 8 12
2 4 7 8 13
2 4 7 8 14
2 4 7 9 10
2 4 7 9 11
2 4 7 9 12
2 4 7 9 13
2 4 7 9 14
2 4 7 10 11
2 4 7 10 12
2 4 7 10 13
2 4 7 10 14
2 4 7 11 12
2 4 7 11 13
2 4 7 11 14
2 4 7 12 13
2 4 7 12 14
2 4 7 13 14
2 4 8 9 10
2 4 8 9 11
2 4 8 9 12
2 4 8 9 13
2 4 8 9 14
2 4 8 10 11
2 4 8 10 12
2 4 8 10 13
2 4 8 10 14
2 4 8 11 12
2 4 8 11 13
2 4 8 11 14
2 4 8 12 13
2 4 8 12 14
2 4 8 13 14
2 4 9 10 11
2 4 9 10 12
2 4 9 10 13
2 4 9 10 14
2 4 9 11 12
2 4 9 11 13
2 4 9 11 14
2 4 9 12 13
2 4 9 12 14
2 4 9 13 14
2 4 10 11 12
2 4 10 11 13
2 4 10 11 14
2 4 10 12 13
2 4 10 12 14
2 4 10 13 14
2 4 11 12 13
2 4 11 12 14
2 4 11 13 14
2 4 12 13 14
2 5 6 7 8
2 5 6 7 9
2 5 6 7 10
2 5 6 7 11
2 5 6 7 12
2 5 6 7 13
2 5 6 7 14
2 5 6 8 9
2 5 6 8 10
2 5 6 8 11
2 5 6 8 12
2 5 6 8 13
2 5 6 8 14
2 5 6 9 10
2 5 6 9 11
2 5 6 9 12
2 5 6 9 13
2 5 6 9 14
2 5 6 10 11
2 5 6 10 12
2 5 6 10 13
2 5 6 10 14
2 5 6 11 12
2 5 6 11 13
2 5 6 11 14
2 5 6 12 13
2 5 6 12 14
2 5 6 13 14
2 5 7 8 9
2 5 7 8 10
2 5 7 8 11
2 5 7 8 12
2 5 7 8 13
2 5 7 8 14
2 5 7 9 10
2 5 7 9 11
2 5 7 9 12
2 5 7 9 13
2 5 7 9 14
2 5 7 10 11
2 5 7 10 12
2 5 7 10 13
2 5 7 10 14
2 5 7 11 12
2 5 7 11 13
2 5 7 11 14
2 5 7 12 13
2 5 7 12 14
2 5 7 13 14
2 5 8 9 10
2 5 8 9 11
2 5 8 9 12
2 5 8 9 13
2 5 8 9 14
2 5 8 10 11
2 5 8 10 12
2 5 8 10 13
2 5 8 10 14
2 5 8 11 12
2 5 8 11 13
2 5 8 11 14
2 5 8 12 13
2 5 8 12 14
2 5 8 13 14
2 5 9 10 11
2 5 9 10 12
2 5 9 10 13
2 5 9 10 14
2 5 9 11 12
2 5 9 11 13
2 5 9 11 14
2 5 9 12 13
2 5 9 12 14
2 5 9 13 14
2 5 10 11 12
2 5 10 11 13
2 5 10 11 14
2 5 10 12 13
2 5 10 12 14
2 5 10 13 14
2 5 11 12 13
2 5 11 12 14
2 5 11 13 14
2 5 12 13 14
2 6 7 8 9
2 6 7 8 10
2 6 7 8 11
2 6 7 8 12
2 6 7 8 13
2 6 7 8 14
2 6 7 9 10
2 6 7 9 11
2 6 7 9 12
2 6 7 9 13
2 6 7 9 14
2 6 7 10 11
2 6 7 10 12
2 6 7 10 13
2 6 7 10 14
2 6 7 11 12
2 6 7 11 13
2 6 7 11 14
2 6 7 12 13
2 6 7 12 14
2 6 7 13 14
2 6 8 9 10
2 6 8 9 11
2 6 8 9 12
2 6 8 9 13
2 6 8 9 14
2 6 8 10 11
2 6 8 10 12
2 6 8 10 13
2 6 8 10 14
2 6 8 11 12
2 6 8 11 13
2 6 8 11 14
2 6 8 12 13
2 6 8 12 14
2 6 8 13 14
2 6 9 10 11
2 6 9 10 12
2 6 9 10 13
2 6 9 10 14
2 6 9 11 12
2 6 9 11 13
2 6 9 11 14
2 6 9 12 13
2 6 9 12 14
2 6 9 13 14
2 6 10 11 12
2 6 10 11 13
2 6 10 11 14
2 6 10 12 13
2 6 10 12 14
2 6 10 13 14
2 6 11 12 13
2 6 11 12 14
2 6 11 13 14
2 6 12 13 14
2 7 8 9 10
2 7 8 9 11
2 7 8 9 12
2 7 8 9 13
2 7 8 9 14
2 7 8 10 11
2 7 8 10 12
2 7 8 10 13
2 7 8 10 14
2 7 8 11 12
2 7 8 11 13
2 7 8 11 14
2 7 8 12 13
2 7 8 12 14
2 7 8 13 14
2 7 9 10 11
2 7 9 10 12
2 7 9 10 13
2 7 9 10 14
2 7 9 11 12
2 7 9 11 13
2 7 9 11 14
2 7 9 12 13
2 7 9 12 14
2 7 9 13 14
2 7 10 11 12
2 7 10 11 13
2 7 10 11 14
2 7 10 12 13
2 7 10 12 14
2 7 10 13 14
2 7 11 12 13
2 7 11 12 14
2 7 11 13 14
2 7 12 13 14
2 8 9 10 11
2 8 9 10 12
2 8 9 10 13
2 8 9 10 14
2 8 9 11 12
2 8 9 11 13
2 8 9 11 14
2 8 9 12 13
2 8 9 12 14
2 8 9 13 14
2 8 10 11 12
2 8 10 11 13
2 8 10 11 14
2 8 10 12 13
2 8 10 12 14
2 8 10 13 14
2 8 11 12 13
2 8 11 12 14
2 8 11 13 14
2 8 12 13 14
2 9 10 11 12
2 9 10 11 13
2 9 10 11 14
2 9 10 12 13
2 9 10 12 14
2 9 10 13 14
2 9 11 12 13
2 9 11 12 14
2 9 11 13 14
2 9 12 13 14
2 10 11 12 13
2 10 11 12 14
2 10 11 13 14
2 10 12 13 14
2 11 12 13 14
3 4 5 6 7
3 4 5 6 8
3 4 5 6 9
3 4 5 6 10
3 4 5 6 11
3 4 5 6 12
3 4 5 6 13
3 4 5 6 14
3 4 5 7 8
3 4 5 7 9
3 4 5 7 10
3 4 5 7 11
3 4 5 7 12
3 4 5 7 13
3 4 5 7 14
3 4 5 8 9
3 4 5 8 10
3 4 5 8 11
3 4 5 8 12
3 4 5 8 13
3 4 5 8 14
3 4 5 9 10
3 4 5 9 11
3 4 5 9 12
3 4 5 9 13
3 4 5 9 14
3 4 5 10 11
3 4 5 10 12
3 4 5 10 13
3 4 5 10 14
3 4 5 11 12
3 4 5 11 13
3 4 5 11 14
3 4 5 12 13
3 4 5 12 14
3 4 5 13 14
3 4 6 7 8
3 4 6 7 9
3 4 6 7 10
3 4 6 7 11
3 4 6 7 12
3 4 6 7 13
3 4 6 7 14
3 4 6 8 9
3 4 6 8 10
3 4 6 8 11
3 4 6 8 12
3 4 6 8 13
3 4 6 8 14
3 4 6 9 10
3 4 6 9 11
3 4 6 9 12
3 4 6 9 13
3 4 6 9 14
3 4 6 10 11
3 4 6 10 12
3 4 6 10 13
3 4 6 10 14
3 4 6 11 12
3 4 6 11 13
3 4 6 11 14
3 4 6 12 13
3 4 6 12 14
3 4 6 13 14
3 4 7 8 9
3 4 7 8 10
3 4 7 8 11
3 4 7 8 12
3 4 7 8 13
3 4 7 8 14
3 4 7 9 10
3 4 7 9 11
3 4 7 9 12
3 4 7 9 13
3 4 7 9 14
3 4 7 10 11
3 4 7 10 12
3 4 7 10 13
3 4 7 10 14
3 4 7 11 12
3 4 7 11 13
3 4 7 11 14
3 4 7 12 13
3 4 7 12 14
3 4 7 13 14
3 4 8 9 10
3 4 8 9 11
3 4 8 9 12
3 4 8 9 13
3 4 8 9 14
3 4 8 10 11
3 4 8 10 12
3 4 8 10 13
3 4 8 10 14
3 4 8 11 12
3 4 8 11 13
3 4 8 11 14
3 4 8 12 13
3 4 8 12 14
3 4 8 13 14
3 4 9 10 11
3 4 9 10 12
3 4 9 10 13
3 4 9 10 14
3 4 9 11 12
3 4 9 11 13
3 4 9 11 14
3 4 9 12 13
3 4 9 12 14
3 4 9 13 14
3 4 10 11 12
3 4 10 11 13
3 4 10 11 14
3 4 10 12 13
3 4 10 12 14
3 4 10 13 14
3 4 11 12 13
3 4 11 12 14
3 4 11 13 14
3 4 12 13 14
3 5 6 7 8
3 5 6 7 9
3 5 6 7 10
3 5 6 7 11
3 5 6 7 12
3 5 6 7 13
3 5 6 7 14
3 5 6 8 9
3 5 6 8 10
3 5 6 8 11
3 5 6 8 12
3 5 6 8 13
3 5 6 8 14
3 5 6 9 10
3 5 6 9 11
3 5 6 9 12
3 5 6 9 13
3 5 6 9 14
3 5 6 10 11
3 5 6 10 12
3 5 6 10 13
3 5 6 10 14
3 5 6 11 12
3 5 6 11 13
3 5 6 11 14
3 5 6 12 13
3 5 6 12 14
3 5 6 13 14
3 5 7 8 9
3 5 7 8 10
3 5 7 8 11
3 5 7 8 12
3 5 7 8 13
3 5 7 8 14
3 5 7 9 10
3 5 7 9 11
3 5 7 9 12
3 5 7 9 13
3 5 7 9 14
3 5 7 10 11
3 5 7 10 12
3 5 7 10 13
3 5 7 10 14
3 5 7 11 12
3 5 7 11 13
3 5 7 11 14
3 5 7 12 13
3 5 7 12 14
3 5 7 13 14
3 5 8 9 10
3 5 8 9 11
3 5 8 9 12
3 5 8 9 13
3 5 8 9 14
3 5 8 10 11
3 5 8 10 12
3 5 8 10 13
3 5 8 10 14
3 5 8 11 12
3 5 8 11 13
3 5 8 11 14
3 5 8 12 13
3 5 8 12 14
3 5 8 13 14
3 5 9 10 11
3 5 9 10 12
3 5 9 10 13
3 5 9 10 14
3 5 9 11 12
3 5 9 11 13
3 5 9 11 14
3 5 9 12 13
3 5 9 12 14
3 5 9 13 14
3 5 10 11 12
3 5 10 11 13
3 5 10 11 14
3 5 10 12 13
3 5 10 12 14
3 5 10 13 14
3 5 11 12 13
3 5 11 12 14
3 5 11 13 14
3 5 12 13 14
3 6 7 8 9
3 6 7 8 10
3 6 7 8 11
3 6 7 8 12
3 6 7 8 13
3 6 7 8 14
3 6 7 9 10
3 6 7 9 11
3 6 7 9 12
3 6 7 9 13
3 6 7 9 14
3 6 7 10 11
3 6 7 10 12
3 6 7 10 13
3 6 7 10 14
3 6 7 11 12
3 6 7 11 13
3 6 7 11 14
3 6 7 12 13
3 6 7 12 14
3 6 7 13 14
3 6 8 9 10
3 6 8 9 11
3 6 8 9 12
3 6 8 9 13
3 6 8 9 14
3 6 8 10 11
3 6 8 10 12
3 6 8 10 13
3 6 8 10 14
3 6 8 11 12
3 6 8 11 13
3 6 8 11 14
3 6 8 12 13
3 6 8 12 14
3 6 8 13 14
3 6 9 10 11
3 6 9 10 12
3 6 9 10 13
3 6 9 10 14
3 6 9 11 12
3 6 9 11 13
3 6 9 11 14
3 6 9 12 13
3 6 9 12 14
3 6 9 13 14
3 6 10 11 12
3 6 10 11 13
3 6 10 11 14
3 6 10 12 13
3 6 10 12 14
3 6 10 13 14
3 6 11 12 13
3 6 11 12 14
3 6 11 13 14
3 6 12 13 14
3 7 8 9 10
3 7 8 9 11
3 7 8 9 12
3 7 8 9 13
3 7 8 9 14
3 7 8 10 11
3 7 8 10 12
3 7 8 10 13
3 7 8 10 14
3 7 8 11 12
3 7 8 11 13
3 7 8 11 14
3 7 8 12 13
3 7 8 12 14
3 7 8 13 14
3 7 9 10 11
3 7 9 10 12
3 7 9 10 13
3 7 9 10 14
3 7 9 11 12
3 7 9 11 13
3 7 9 11 14
3 7 9 12 13
3 7 9 12 14
3 7 9 13 14
3 7 10 11 12
3 7 10 11 13
3 7 10 11 14
3 7 10 12 13
3 7 10 12 14
3 7 10 13 14
3 7 11 12 13
3 7 11 12 14
3 7 11 13 14
3 7 12 13 14
3 8 9 10 11
3 8 9 10 12
3 8 9 10 13
3 8 9 10 14
3 8 9 11 12
3 8 9 11 13
3 8 9 11 14
3 8 9 12 13
3 8 9 12 14
3 8 9 13 14
3 8 10 11 12
3 8 10 11 13
3 8 10 11 14
3 8 10 12 13
3 8 10 12 14
3 8 10 13 14
3 8 11 12 13
3 8 11 12 14
3 8 11 13 14
3 8 12 13 14
3 9 10 11 12
3 9 10 11 13
3 9 10 11 14
3 9 10 12 13
3 9 10 12 14
3 9 10 13 14
3 9 11 12 13
3 9 11 12 14
3 9 11 13 14
3 9 12 13 14
3 10 11 12 13
3 10 11 12 14
3 10 11 13 14
3 10 12 13 14
3 11 12 13 14
4 5 6 7 8
4 5 6 7 9
4 5 6 7 10
4 5 6 7 11
4 5 6 7 12
4 5 6 7 13
4 5 6 7 14
4 5 6 8 9
4 5 6 8 10
4 5 6 8 11
4 5 6 8 12
4 5 6 8 13
4 5 6 8 14
4 5 6 9 10
4 5 6 9 11
4 5 6 9 12
4 5 6 9 13
4 5 6 9 14
4 5 6 10 11
4 5 6 10 12
4 5 6 10 13
4 5 6 10 14
4 5 6 11 12
4 5 6 11 13
4 5 6 11 14
4 5 6 12 13
4 5 6 12 14
4 5 6 13 14
4 5 7 8 9
4 5 7 8 10
4 5 7 8 11
4 5 7 8 12
4 5 7 8 13
4 5 7 8 14
4 5 7 9 10
4 5 7 9 11
4 5 7 9 12
4 5 7 9 13
4 5 7 9 14
4 5 7 10 11
4 5 7 10 12
4 5 7 10 13
4 5 7 10 14
4 5 7 11 12
4 5 7 11 13
4 5 7 11 14
4 5 7 12 13
4 5 7 12 14
4 5 7 13 14
4 5 8 9 10
4 5 8 9 11
4 5 8 9 12
4 5 8 9 13
4 5 8 9 14
4 5 8 10 11
4 5 8 10 12
4 5 8 10 13
4 5 8 10 14
4 5 8 11 12
4 5 8 11 13
4 5 8 11 14
4 5 8 12 13
4 5 8 12 14
4 5 8 13 14
4 5 9 10 11
4 5 9 10 12
4 5 9 10 13
4 5 9 10 14
4 5 9 11 12
4 5 9 11 13
4 5 9 11 14
4 5 9 12 13
4 5 9 12 14
4 5 9 13 14
4 5 10 11 12
4 5 10 11 13
4 5 10 11 14
4 5 10 12 13
4 5 10 12 14
4 5 10 13 14
4 5 11 12 13
4 5 11 12 14
4 5 11 13 14
4 5 12 13 14
4 6 7 8 9
4 6 7 8 10
4 6 7 8 11
4 6 7 8 12
4 6 7 8 13
4 6 7 8 14
4 6 7 9 10
4 6 7 9 11
4 6 7 9 12
4 6 7 9 13
4 6 7 9 14
4 6 7 10 11
4 6 7 10 12
4 6 7 10 13
4 6 7 10 14
4 6 7 11 12
4 6 7 11 13
4 6 7 11 14
4 6 7 12 13
4 6 7 12 14
4 6 7 13 14
4 6 8 9 10
4 6 8 9 11
4 6 8 9 12
4 6 8 9 13
4 6 8 9 14
4 6 8 10 11
4 6 8 10 12
4 6 8 10 13
4 6 8 10 14
4 6 8 11 12
4 6 8 11 13
4 6 8 11 14
4 6 8 12 13
4 6 8 12 14
4 6 8 13 14
4 6 9 10 11
4 6 9 10 12
4 6 9 10 13
4 6 9 10 14
4 6 9 11 12
4 6 9 11 13
4 6 9 11 14
4 6 9 12 13
4 6 9 12 14
4 6 9 13 14
4 6 10 11 12
4 6 10 11 13
4 6 10 11 14
4 6 10 12 13
4 6 10 12 14
4 6 10 13 14
4 6 11 12 13
4 6 11 12 14
4 6 11 13 14
4 6 12 13 14
4 7 8 9 10
4 7 8 9 11
4 7 8 9 12
4 7 8 9 13
4 7 8 9 14
4 7 8 10 11
4 7 8 10 12
4 7 8 10 13
4 7 8 10 14
4 7 8 11 12
4 7 8 11 13
4 7 8 11 14
4 7 8 12 13
4 7 8 12 14
4 7 8 13 14
4 7 9 10 11
4 7 9 10 12
4 7 9 10 13
4 7 9 10 14
4 7 9 11 12
4 7 9 11 13
4 7 9 11 14
4 7 9 12 13
4 7 9 12 14
4 7 9 13 14
4 7 10 11 12
4 7 10 11 13
4 7 10 11 14
4 7 10 12 13
4 7 10 12 14
4 7 10 13 14
4 7 11 12 13
4 7 11 12 14
4 7 11 13 14
4 7 12 13 14
4 8 9 10 11
4 8 9 10 12
4 8 9 10 13
4 8 9 10 14
4 8 9 11 12
4 8 9 11 13
4 8 9 11 14
4 8 9 12 13
4 8 9 12 14
4 8 9 13 14
4 8 10 11 12
4 8 10 11 13
4 8 10 11 14
4 8 10 12 13
4 8 10 12 14
4 8 10 13 14
4 8 11 12 13
4 8 11 12 14
4 8 11 13 14
4 8 12 13 14
4 9 10 11 12
4 9 10 11 13
4 9 10 11 14
4 9 10 12 13
4 9 10 12 14
4 9 10 13 14
4 9 11 12 13
4 9 11 12 14
4 9 11 13 14
4 9 12 13 14
4 10 11 12 13
4 10 11 12 14
4 10 11 13 14
4 10 12 13 14
4 11 12 13 14
5 6 7 8 9
5 6 7 8 10
5 6 7 8 11
5 6 7 8 12
5 6 7 8 13
5 6 7 8 14
5 6 7 9 10
5 6 7 9 11
5 6 7 9 12
5 6 7 9 13
5 6 7 9 14
5 6 7 10 11
5 6 7 10 12
5 6 7 10 13
5 6 7 10 14
5 6 7 11 12
5 6 7 11 13
5 6 7 11 14
5 6 7 12 13
5 6 7 12 14
5 6 7 13 14
5 6 8 9 10
5 6 8 9 11
5 6 8 9 12
5 6 8 9 13
5 6 8 9 14
5 6 8 10 11
5 6 8 10 12
5 6 8 10 13
5 6 8 10 14
5 6 8 11 12
5 6 8 11 13
5 6 8 11 14
5 6 8 12 13
5 6 8 12 14
5 6 8 13 14
5 6 9 10 11
5 6 9 10 12
5 6 9 10 13
5 6 9 10 14
5 6 9 11 12
5 6 9 11 13
5 6 9 11 14
5 6 9 12 13
5 6 9 12 14
5 6 9 13 14
5 6 10 11 12
5 6 10 11 13
5 6 10 11 14
5 6 10 12 13
5 6 10 12 14
5 6 10 13 14
5 6 11 12 13
5 6 11 12 14
5 6 11 13 14
5 6 12 13 14
5 7 8 9 10
5 7 8 9 11
5 7 8 9 12
5 7 8 9 13
5 7 8 9 14
5 7 8 10 11
5 7 8 10 12
5 7 8 10 13
5 7 8 10 14
5 7 8 11 12
5 7 8 11 13
5 7 8 11 14
5 7 8 12 13
5 7 8 12 14
5 7 8 13 14
5 7 9 10 11
5 7 9 10 12
5 7 9 10 13
5 7 9 10 14
5 7 9 11 12
5 7 9 11 13
5 7 9 11 14
5 7 9 12 13
5 7 9 12 14
5 7 9 13 14
5 7 10 11 12
5 7 10 11 13
5 7 10 11 14
5 7 10 12 13
5 7 10 12 14
5 7 10 13 14
5 7 11 12 13
5 7 11 12 14
5 7 11 13 14
5 7 12 13 14
5 8 9 10 11
5 8 9 10 12
5 8 9 10 13
5 8 9 10 14
5 8 9 11 12
5 8 9 11 13
5 8 9 11 14
5 8 9 12 13
5 8 9 12 14
5 8 9 13 14
5 8 10 11 12
5 8 10 11 13
5 8 10 11 14
5 8 10 12 13
5 8 10 12 14
5 8 10 13 14
5 8 11 12 13
5 8 11 12 14
5 8 11 13 14
5 8 12 13 14
5 9 10 11 12
5 9 10 11 13
5 9 10 11 14
5 9 10 12 13
5 9 10 12 14
5 9 10 13 14
5 9 11 12 13
5 9 11 12 14
5 9 11 13 14
5 9 12 13 14
5 10 11 12 13
5 10 11 12 14
5 10 11 13 14
5 10 12 13 14
5 11 12 13 14
6 7 8 9 10
6 7 8 9 11
6 7 8 9 12
6 7 8 9 13
6 7 8 9 14
6 7 8 10 11
6 7 8 10 12
6 7 8 10 13
6 7 8 10 14
6 7 8 11 12
6 7 8 11 13
6 7 8 11 14
6 7 8 12 13
6 7 8 12 14
6 7 8 13 14
6 7 9 10 11
6 7 9 10 12
6 7 9 10 13
6 7 9 10 14
6 7 9 11 12
6 7 9 11 13
6 7 9 11 14
6 7 9 12 13
6 7 9 12 14
6 7 9 13 14
6 7 10 11 12
6 7 10 11 13
6 7 10 11 14
6 7 10 12 13
6 7 10 12 14
6 7 10 13 14
6 7 11 12 13
6 7 11 12 14
6 7 11 13 14
6 7 12 13 14
6 8 9 10 11
6 8 9 10 12
6 8 9 10 13
6 8 9 10 14
6 8 9 11 12
6 8 9 11 13
6 8 9 11 14
6 8 9 12 13
6 8 9 12 14
6 8 9 13 14
6 8 10 11 12
6 8 10 11 13
6 8 10 11 14
6 8 10 12 13
6 8 10 12 14
6 8 10 13 14
6 8 11 12 13
6 8 11 12 14
6 8 11 13 14
6 8 12 13 14
6 9 10 11 12
6 9 10 11 13
6 9 10 11 14
6 9 10 12 13
6 9 10 12 14
6 9 10 13 14
6 9 11 12 13
6 9 11 12 14
6 9 11 13 14
6 9 12 13 14
6 10 11 12 13
6 10 11 12 14
6 10 11 13 14
6 10 12 13 14
6 11 12 13 14
7 8 9 10 11
7 8 9 10 12
7 8 9 10 13
7 8 9 10 14
7 8 9 11 12
7 8 9 11 13
7 8 9 11 14
7 8 9 12 13
7 8 9 12 14
7 8 9 13 14
7 8 10 11 12
7 8 10 11 13
7 8 10 11 14
7 8 10 12 13
7 8 10 12 14
7 8 10 13 14
7 8 11 12 13
7 8 11 12 14
7 8 11 13 14
7 8 12 13 14
7 9 10 11 12
7 9 10 11 13
7 9 10 11 14
7 9 10 12 13
7 9 10 12 14
7 9 10 13 14
7 9 11 12 13
7 9 11 12 14
7 9 11 13 14
7 9 12 13 14
7 10 11 12 13
7 10 11 12 14
7 10 11 13 14
7 10 12 13 14
7 11 12 13 14
8 9 10 11 12
8 9 10 11 13
8 9 10 11 14
8 9 10 12 13
8 9 10 12 14
8 9 10 13 14
8 9 11 12 13
8 9 11 12 14
8 9 11 13 14
8 9 12 13 14
8 10 11 12 13
8 10 11 12 14
8 10 11 13 14
8 10 12 13 14
8 11 12 13 14
9 10 11 12 13
9 10 11 12 14
9 10 11 13 14
9 10 12 13 14
9 11 12 13 14
10 11 12 13 14

Is hamiltonian hermitian? 1
Implicit Hamiltonian constructed
E(core)= 9.189534427600
H(1,1) + E(core) energy = -76.127684220800
Davidson: iter=0 dim=0 root=0 eigenvalue=-85.317218648400
Davidson: iter=1 dim=1 root=0 eigenvalue=-85.420316186985
Davidson: iter=2 dim=2 root=0 eigenvalue=-85.427463344753
Davidson: iter=3 dim=3 root=0 eigenvalue=-85.428081342644
Davidson: iter=4 dim=4 root=0 eigenvalue=-85.428138181384
Davidson: iter=5 dim=5 root=0 eigenvalue=-85.428142214644
Davidson: iter=6 dim=6 root=0 eigenvalue=-85.428142672905
Davidson: iter=7 dim=7 root=0 eigenvalue=-85.428142726449
Davidson: iter=8 dim=8 root=0 eigenvalue=-85.428142731958
Davidson: iter=9 dim=9 root=0 eigenvalue=-85.428142732702
Davidson: iter=10 dim=10 root=0 eigenvalue=-85.428142732762
Davidson: iter=11 dim=11 root=0 eigenvalue=-85.428142732767
Davidson: iter=12 dim=12 root=0 eigenvalue=-85.428142732767
root no. 0 converged
Davidson converged in 12 iterations.
E(core)= 9.189534427600
E(0)= -76.238608305167
FCI Excitation energies = 1
0.000000000000

Vacuum coefficients in CI state 0 = -0.980780763548
Eigenvector 0 in string basis
0: -0.980780763548 seniority 0 ... 5
1 2 3 4 5
 | 5
1 2 3 4 5

12018: 0.050538169775 seniority 0 ... 5
1 2 3 4 11
 | 5
1 2 3 4 11

Seniority vectors for all roots (nroots/seniority)
1 6
0.972534663964 0.005231779321 -0.962348052046 0.176665080481 1.000057069967 0.000000000830

Calculating transition densities
Root 0 MO occupations numbers (density matrix diagonal)
14
1.999978151921 1.990254204197 1.972088237951 1.977781143866 1.982425344805 0.008889608467 0.009674126053 0.010921705741 0.010856954940 0.010072190871 0.015143222038 0.006610471088 0.003143416022 0.002161222073
Transition densities done:
Trandens between roots 0 0
14 14
1.999978151921 0.000065458522 0.000000000000 0.000054489034 0.000000000000 0.000082108353 0.000000000000 0.000000000000 -0.000060826964 0.000123164390 0.000000000000 0.000000000000 -0.000163639430 0.000000000000
0.000065458522 1.990254204197 0.000000000000 0.006008216519 0.000000000000 0.004561975387 0.000000000000 0.000000000000 0.001139742815 0.007310127426 0.000000000000 0.000000000000 0.000393033954 0.000000000000
0.000000000000 0.000000000000 1.972088237951 0.000000000000 0.000000000000 0.000000000000 0.006322314791 -0.002321674973 0.000000000000 0.000000000000 0.000000000000 -0.009923212573 0.000000000000 0.000000000000
0.000054489034 0.006008216519 0.000000000000 1.977781143866 0.000000000000 -0.009617368774 0.000000000000 0.000000000000 0.004449952457 -0.002901058811 0.000000000000 0.000000000000 0.005044846626 0.000000000000
0.000000000000 0.000000000000 0.000000000000 0.000000000000 1.982425344805 0.000000000000 0.000000000000 0.000000000000 0.000000000000 0.000000000000 -0.001657090567 0.000000000000 0.000000000000 0.000000000000
0.000082108353 0.004561975387 0.000000000000 -0.009617368774 0.000000000000 0.008889608467 0.000000000000 0.000000000000 -0.008709421329 -0.003746614199 0.000000000000 0.000000000000 -0.001950182202 0.000000000000
0.000000000000 0.000000000000 0.006322314791 0.000000000000 0.000000000000 0.000000000000 0.009674126053 -0.008534070378 0.000000000000 0.000000000000 0.000000000000 0.006985974370 0.000000000000 0.000000000000
0.000000000000 0.000000000000 -0.002321674973 0.000000000000 0.000000000000 0.000000000000 -0.008534070378 0.010921705741 0.000000000000 0.000000000000 0.000000000000 -0.004626980942 0.000000000000 0.000000000000
-0.000060826964 0.001139742815 0.000000000000 0.004449952457 0.000000000000 -0.008709421329 0.000000000000 0.000000000000 0.010856954940 0.003916827074 0.000000000000 0.000000000000 0.000580658649 0.000000000000
0.000123164390 0.007310127426 0.000000000000 -0.002901058811 0.000000000000 -0.003746614199 0.000000000000 0.000000000000 0.003916827074 0.010072190871 0.000000000000 0.000000000000 -0.000785426395 0.000000000000
0.000000000000 0.000000000000 0.000000000000 0.000000000000 -0.001657090567 0.000000000000 0.000000000000 0.000000000000 0.000000000000 0.000000000000 0.015143222038 0.000000000000 0.000000000000 0.000000000000
0.000000000000 0.000000000000 -0.009923212573 0.000000000000 0.000000000000 0.000000000000 0.006985974370 -0.004626980942 0.000000000000 0.000000000000 0.000000000000 0.006610471088 0.000000000000 0.000000000000
-0.000163639430 0.000393033954 0.000000000000 0.005044846626 0.000000000000 -0.001950182202 0.000000000000 0.000000000000 0.000580658649 -0.000785426395 0.000000000000 0.000000000000 0.003143416022 0.000000000000
0.000000000000 0.000000000000 0.000000000000 0.000000000000 0.000000000000 0.000000000000 0.000000000000 0.000000000000 0.000000000000 0.000000000000 0.000000000000 0.000000000000 0.000000000000 0.002161222073

State 0 :
Natural orbital occupations
14
1.999979108872 1.992699475425 1.982426740613 1.975447653902 1.972161235424 0.022958238915 0.021311570742 0.015141826231 0.007834597115 0.003904728738 0.003160293214 0.002161222073 0.000542971014 0.000270337756
Natural orbitals (in MO basis)
14 14
0.999937283339 -0.011153158617 0.000000000000 -0.001011551055 -0.000000000000 0.000000000000 0.000024463404 0.000000000000 -0.000097798667 0.000000000000 0.000052374993 0.000000000000 -0.000017303659 -0.000000000000
0.009967407249 0.927536501417 0.000000000000 -0.373573786478 -0.000000000000 -0.000000000000 -0.000582300153 0.000000000000 -0.003639734659 -0.000000000000 -0.000186867808 0.000000000000 0.002386153173 0.000000000000
-0.000000000000 -0.000000000000 0.000000000000 0.000000000000 -0.999981476680 -0.000523522954 -0.000000000000 0.000000000000 -0.000000000000 0.003617600199 -0.000000000000 0.000000000000 -0.000000000000 0.004866743159
0.005105453984 0.373550684964 0.000000000000 0.927575267272 -0.000000000000 0.000000000000 -0.004022169992 0.000000000000 0.004025914651 0.000000000000 -0.001984051893 0.000000000000 -0.001273320807 -0.000000000000
-0.000000000000 -0.000000000000 0.999999645245 0.000000000000 0.000000000000 -0.000000000000 0.000000000000 0.000842323927 -0.000000000000 0.000000000000 -0.000000000000 0.000000000000 -0.000000000000 0.000000000000
0.000039365644 0.000308971442 -0.000000000000 -0.005408403061 -0.000000000000 0.000000000000 -0.604846298527 0.000000000000 0.275950954342 0.000000000000 -0.227499663172 0.000000000000 -0.711496016416 -0.000000000000
-0.000000000000 0.000000000000 -0.000000000000 -0.000000000000 -0.003208759127 0.637891490405 0.000000000000 -0.000000000000 0.000000000000 0.204272032441 0.000000000000 0.000000000000 0.000000000000 -0.742534232945
-0.000000000000 -0.000000000000 0.000000000000 -0.000000000000 0.001185843039 -0.625094510532 -0.000000000000 -0.000000000000 0.000000000000 0.700511116177 0.000000000000 0.000000000000 0.000000000000 -0.344295836152
-0.000013457846 0.001377171894 -0.000000000000 0.001903520208 0.000000000000 -0.000000000000 0.666916125439 -0.000000000000 -0.282441671177 0.000000000000 -0.430014000216 0.000000000000 -0.539010225746 -0.000000000000
0.000090989689 0.002874313620 0.000000000000 -0.002745551018 0.000000000000 0.000000000000 0.430049573163 -0.000000000000 0.871244004524 -0.000000000000 0.215927610549 0.000000000000 -0.096699059966 -0.000000000000
-0.000000000000 -0.000000000000 -0.000842323927 0.000000000000 0.000000000000 0.000000000000 0.000000000000 0.999999645245 -0.000000000000 0.000000000000 -0.000000000000 0.000000000000 -0.000000000000 -0.000000000000
-0.000000000000 0.000000000000 -0.000000000000 0.000000000000 0.005034276275 0.449834442094 -0.000000000000 -0.000000000000 -0.000000000000 0.683771910687 -0.000000000000 0.000000000000 -0.000000000000 0.574525547669
-0.000067161988 0.001130314420 -0.000000000000 0.002305233804 0.000000000000 -0.000000000000 0.066518297391 -0.000000000000 -0.291517053601 -0.000000000000 0.846583224351 0.000000000000 -0.440321895429 -0.000000000000
0.000000000000 -0.000000000000 0.000000000000 0.000000000000 0.000000000000 0.000000000000 0.000000000000 0.000000000000 0.000000000000 0.000000000000 0.000000000000 1.000000000000 0.000000000000 0.000000000000

