Begin IJ Block
1   1   -21.7801822791
1   3   -0.3941384709
1   4   -0.0000000000
1   6   -0.0394934389
2   2   -21.7811075794
2   3   0.0000000000
2   4   0.3378419385
3   3   -7.9435907079
3   4   0.0000000000
3   6   0.9898865681
3   7   0.0000000000
4   4   -6.6933168327
4   5   -0.0000000000
4   6   0.0000000000
4   7   -0.0000000000
5   5   -6.6334348272
5   6   0.0000000000
5   7   -0.0000000000
6   6   -7.2023682608
6   7   0.0000000000
7   7   -6.2010163670
8   8   -6.7424308427

End IJ Block
Begin IA Block
1   1   0.1150509858
1   3   -0.0000000000
2   1   0.0000000000
2   3   0.1251396365
3   1   0.3890802494
3   3   -0.0000000000
4   1   -0.0000000000
4   3   -0.6881968982
5   1   0.0000000000
5   3   0.0000000000
6   1   0.5613033414
6   3   -0.0000000001
7   3   0.0000000000
8   2   -0.0000000000

End IA Block
Begin AB Block
1   1   -3.2732719561
1   3   0.0000000007
2   2   -5.2546159935
3   3   -2.9881639056

End AB Block
Begin IJAB Block
1   9   1   4   0.0022924592
1   9   2   5   0.0050450840
1   9   3   6   0.0024835072
1   10   1   6   0.0022982751
1   10   3   4   0.0022782382
1   11   1   4   0.0000072491
1   11   2   5   -0.0048587430
1   11   3   6   0.0004071439
1   12   1   6   -0.0001479431
1   12   3   4   -0.0000849886
1   14   1   4   -0.0003225548
1   14   2   5   -0.0011214794
1   14   3   6   -0.0001400895
1   16   2   6   0.0018252444
1   16   3   5   -0.0002393243
2   9   1   6   0.0022782382
2   9   3   4   0.0022982751
2   10   1   4   0.0022575531
2   10   2   5   0.0051968131
2   10   3   6   0.0024961724
2   11   1   6   0.0002365374
2   11   3   4   0.0002420799
2   12   1   4   0.0003914714
2   12   2   5   0.0055064925
2   12   3   6   -0.0003545075
2   14   1   6   -0.0004014054
2   14   3   4   -0.0000092233
2   16   1   5   0.0002313887
2   16   2   4   0.0013401150
2   16   2   6   -0.0000000000
3   9   1   4   0.0000072491
3   9   2   5   -0.0048587430
3   9   3   6   0.0004071439
3   10   1   6   0.0002420799
3   10   3   4   0.0002365374
3   11   1   4   0.0047773106
3   11   2   5   0.0215021528
3   11   3   6   0.0052832442
3   12   1   4   0.0000000000
3   12   1   6   -0.0059062592
3   12   2   5   -0.0000000000
3   12   3   4   -0.0065423962
3   12   3   6   -0.0000000000
3   13   1   4   0.0000000000
3   13   1   6   0.0000000000
3   13   3   4   -0.0000000000
3   14   1   4   0.0060879927
3   14   1   6   -0.0000000000
3   14   2   5   0.0087568703
3   14   3   6   0.0027433468
3   15   1   4   -0.0000000000
3   15   1   6   0.0000000000
3   15   3   6   -0.0000000000
3   16   2   4   -0.0000000000
3   16   2   6   -0.0058380469
3   16   3   5   -0.0156687663
4   9   1   6   -0.0000849886
4   9   3   4   -0.0001479431
4   10   1   4   0.0003914714
4   10   2   5   0.0055064925
4   10   3   6   -0.0003545075
4   11   1   4   0.0000000000
4   11   1   6   -0.0065423962
4   11   2   5   -0.0000000000
4   11   3   4   -0.0059062592
4   11   3   6   -0.0000000000
4   12   1   4   0.0114699561
4   12   2   5   0.0331058628
4   12   3   6   0.0102034089
4   13   1   6   -0.0000000000
4   13   3   6   0.0000000000
4   14   1   6   -0.0048452498
4   14   3   4   -0.0083935985
4   14   3   6   0.0000000000
4   15   1   4   0.0000000000
4   15   1   6   0.0000000000
4   15   3   4   -0.0000000000
4   15   3   6   -0.0000000000
4   16   1   5   0.0198769093
4   16   2   4   0.0031914705
4   16   2   6   0.0000000001
4   16   3   5   0.0000000000
5   11   1   4   0.0000000000
5   11   1   6   -0.0000000000
5   11   3   4   0.0000000000
5   12   3   4   -0.0000000000
5   12   3   6   0.0000000000
5   13   1   4   0.0064130946
5   13   1   6   -0.0000000000
5   13   2   5   0.0084030293
5   13   3   4   -0.0000000000
5   13   3   6   0.0034543445
5   14   1   6   0.0000000000
5   14   3   4   -0.0000000000
5   14   3   6   0.0000000000
5   15   1   4   0.0000000000
5   15   1   6   0.0041646473
5   15   3   4   0.0033219711
5   15   3   6   0.0000000000
5   16   2   4   0.0000000000
5   16   2   6   -0.0000000000
5   16   3   5   -0.0000000000
6   9   1   4   -0.0003225548
6   9   2   5   -0.0011214794
6   9   3   6   -0.0001400895
6   10   1   6   -0.0000092233
6   10   3   4   -0.0004014054
6   11   1   4   0.0060879927
6   11   2   5   0.0087568703
6   11   3   4   -0.0000000000
6   11   3   6   0.0027433468
6   12   1   6   -0.0083935985
6   12   3   4   -0.0048452498
6   12   3   6   0.0000000000
6   13   1   6   -0.0000000000
6   13   3   4   0.0000000000
6   13   3   6   0.0000000000
6   14   1   4   0.0090579353
6   14   1   6   -0.0000000000
6   14   2   5   0.0111711452
6   14   3   4   -0.0000000000
6   14   3   6   0.0049151195
6   15   1   4   0.0000000000
6   15   1   6   0.0000000000
6   15   3   4   -0.0000000000
6   15   3   6   0.0000000000
6   16   2   4   -0.0000000000
6   16   2   6   -0.0012613216
6   16   3   5   -0.0015439921
7   11   1   4   -0.0000000000
7   11   3   4   0.0000000000
7   11   3   6   -0.0000000000
7   12   1   4   0.0000000000
7   12   1   6   -0.0000000000
7   12   3   4   0.0000000000
7   12   3   6   -0.0000000000
7   13   1   4   0.0000000000
7   13   1   6   0.0033219711
7   13   3   4   0.0041646473
7   13   3   6   0.0000000000
7   14   1   4   0.0000000000
7   14   1   6   -0.0000000000
7   14   3   4   0.0000000000
7   14   3   6   0.0000000000
7   15   1   4   0.0045001074
7   15   1   6   0.0000000000
7   15   2   5   0.0096817547
7   15   3   4   0.0000000000
7   15   3   6   0.0049686009
7   16   1   5   0.0000000000
7   16   2   4   0.0000000000
7   16   3   5   0.0000000000
8   9   2   6   -0.0002393243
8   9   3   5   0.0018252444
8   10   1   5   0.0013401150
8   10   2   4   0.0002313887
8   10   3   5   -0.0000000000
8   11   1   5   -0.0000000000
8   11   2   6   -0.0156687663
8   11   3   5   -0.0058380469
8   12   1   5   0.0031914705
8   12   2   4   0.0198769093
8   12   2   6   0.0000000000
8   12   3   5   0.0000000001
8   13   1   5   0.0000000000
8   13   2   6   -0.0000000000
8   13   3   5   -0.0000000000
8   14   1   5   -0.0000000000
8   14   2   6   -0.0015439921
8   14   3   5   -0.0012613216
8   15   1   5   0.0000000000
8   15   2   4   0.0000000000
8   15   2   6   0.0000000000
8   16   1   4   0.0027133514
8   16   1   6   0.0000000004
8   16   2   5   0.0797772778
8   16   3   4   0.0000000004
8   16   3   6   0.0025631442

End IJAB Block
Begin IJKL Block
1   9   1   9   1.9491161924
1   9   1   10   -0.0000000000
1   9   1   11   0.1629742242
1   9   1   12   0.0000000000
1   9   1   14   -0.0045554295
1   9   2   9   -0.0000000000
1   9   2   10   1.5546358228
1   9   2   12   -0.1233922040
1   9   3   9   0.1629742242
1   9   3   11   0.0255135120
1   9   3   14   -0.0047122996
1   9   4   9   0.0000000000
1   9   4   10   -0.1233922040
1   9   4   12   0.0159160555
1   9   5   13   0.0060622309
1   9   6   9   -0.0045554295
1   9   6   11   -0.0047122996
1   9   6   14   0.0105094894
1   9   7   15   0.0051229101
1   9   8   16   0.0080272657
1   10   1   9   -0.0000000000
1   10   1   10   1.9498201931
1   10   1   12   -0.1285346156
1   10   2   9   1.5546358228
1   10   2   10   0.0000000000
1   10   2   11   0.1673841771
1   10   2   14   -0.0175717956
1   10   3   10   0.1630950461
1   10   3   12   -0.0176632784
1   10   4   9   -0.1233922040
1   10   4   11   -0.0177796561
1   10   4   14   -0.0024685701
1   10   5   15   0.0056527345
1   10   6   10   -0.0046068852
1   10   6   12   -0.0028119641
1   10   7   13   0.0054526779
1   11   1   9   0.1629742242
1   11   1   11   0.6211940907
1   11   1   12   0.0000000000
1   11   1   14   -0.1160765072
1   11   2   10   0.1673841771
1   11   2   12   -0.1668935039
1   11   3   9   0.0255135120
1   11   3   11   0.0026797021
1   11   3   14   0.0032572771
1   11   4   10   -0.0177796561
1   11   4   12   0.0007552512
1   11   5   13   -0.0097273713
1   11   6   9   -0.0047122996
1   11   6   11   0.0124658243
1   11   6   14   -0.0159289007
1   11   7   15   -0.0061564343
1   11   8   16   -0.0112398870
1   12   1   9   0.0000000000
1   12   1   10   -0.1285346156
1   12   1   11   0.0000000000
1   12   1   12   0.4964950014
1   12   1   14   0.0000000000
1   12   2   9   -0.1233922040
1   12   2   11   -0.1668935039
1   12   2   14   -0.1315913427
1   12   3   10   -0.0176632784
1   12   3   12   0.0060005386
1   12   4   9   0.0159160555
1   12   4   11   0.0007552512
1   12   4   14   -0.0032532384
1   12   5   15   0.0088144754
1   12   6   10   -0.0028119641
1   12   6   12   -0.0059342905
1   12   7   13   0.0067790763
1   13   1   13   0.4870617338
1   13   1   15   -0.0000000000
1   13   2   15   0.1704503490
1   13   3   13   0.0018296751
1   13   4   15   0.0008934394
1   13   5   9   0.0060622309
1   13   5   11   -0.0097273713
1   13   5   14   -0.0019766269
1   13   6   13   0.0017040764
1   13   7   10   0.0054526779
1   13   7   12   0.0067790763
1   14   1   9   -0.0045554295
1   14   1   11   -0.1160765072
1   14   1   12   0.0000000000
1   14   1   14   0.5728394834
1   14   2   10   -0.0175717956
1   14   2   12   -0.1315913427
1   14   3   9   -0.0047122996
1   14   3   11   0.0032572771
1   14   3   14   0.0018855627
1   14   4   10   -0.0024685701
1   14   4   12   -0.0032532384
1   14   5   13   -0.0019766269
1   14   6   9   0.0105094894
1   14   6   11   -0.0159289007
1   14   6   14   0.0066214959
1   14   7   15   -0.0030537933
1   14   8   16   0.0019469275
1   15   1   13   -0.0000000000
1   15   1   15   0.4528619731
1   15   2   13   0.1704503490
1   15   3   15   0.0024394394
1   15   4   13   0.0008934394
1   15   5   10   0.0056527345
1   15   5   12   0.0088144754
1   15   6   15   -0.0013192179
1   15   7   9   0.0051229101
1   15   7   11   -0.0061564343
1   15   7   14   -0.0030537933
1   16   1   16   0.5326539565
1   16   3   16   0.0015354280
1   16   6   16   0.0060785545
1   16   8   9   0.0080272657
1   16   8   11   -0.0112398870
1   16   8   14   0.0019469275
2   9   1   9   -0.0000000000
2   9   1   10   1.5546358228
2   9   1   12   -0.1233922040
2   9   2   9   1.9498201931
2   9   2   10   0.0000000000
2   9   2   11   0.1630950461
2   9   2   14   -0.0046068852
2   9   3   10   0.1673841771
2   9   3   12   -0.0177796561
2   9   4   9   -0.1285346156
2   9   4   11   -0.0176632784
2   9   4   14   -0.0028119641
2   9   5   15   0.0054526779
2   9   6   10   -0.0175717956
2   9   6   12   -0.0024685701
2   9   7   13   0.0056527345
2   10   1   9   1.5546358228
2   10   1   10   0.0000000000
2   10   1   11   0.1673841771
2   10   1   14   -0.0175717956
2   10   2   9   0.0000000000
2   10   2   10   1.9505248731
2   10   2   11   0.0000000000
2   10   2   12   -0.1285997173
2   10   3   9   0.1673841771
2   10   3   10   0.0000000000
2   10   3   11   0.0254531051
2   10   3   14   -0.0044403188
2   10   4   10   -0.1285997173
2   10   4   12   0.0160587228
2   10   5   13   0.0058119055
2   10   6   9   -0.0175717956
2   10   6   11   -0.0044403188
2   10   6   14   0.0096542038
2   10   7   15   0.0052817765
2   10   8   16   0.0076704219
2   11   1   10   0.1673841771
2   11   1   12   -0.1668935039
2   11   2   9   0.1630950461
2   11   2   10   0.0000000000
2   11   2   11   0.6211512151
2   11   2   12   -0.0000000000
2   11   2   14   -0.1159944105
2   11   3   10   0.0254531051
2   11   3   12   -0.0063608725
2   11   4   9   -0.0176632784
2   11   4   11   -0.0101370055
2   11   4   14   0.0076065964
2   11   5   15   -0.0065332113
2   11   6   10   -0.0044403188
2   11   6   12   0.0065926896
2   11   7   13   -0.0088402112
2   12   1   9   -0.1233922040
2   12   1   11   -0.1668935039
2   12   1   14   -0.1315913427
2   12   2   10   -0.1285997173
2   12   2   11   -0.0000000000
2   12   2   12   0.4965420072
2   12   2   14   -0.0000000000
2   12   3   9   -0.0177796561
2   12   3   11   -0.0063608725
2   12   3   14   -0.0044263010
2   12   4   10   0.0160587228
2   12   4   12   -0.0009937275
2   12   5   13   0.0070947448
2   12   6   9   -0.0024685701
2   12   6   11   0.0065926896
2   12   6   14   0.0105331434
2   12   7   15   0.0082666575
2   12   8   16   0.0059877443
2   13   1   15   0.1704503490
2   13   2   13   0.4870657048
2   13   2   15   0.0000000000
2   13   3   15   0.0042599838
2   13   4   13   -0.0025079256
2   13   5   10   0.0058119055
2   13   5   12   0.0070947448
2   13   6   15   -0.0064505668
2   13   7   9   0.0056527345
2   13   7   11   -0.0088402112
2   13   7   14   -0.0021157813
2   14   1   10   -0.0175717956
2   14   1   12   -0.1315913427
2   14   2   9   -0.0046068852
2   14   2   11   -0.1159944105
2   14   2   12   -0.0000000000
2   14   2   14   0.5728104470
2   14   3   10   -0.0044403188
2   14   3   12   -0.0044263010
2   14   4   9   -0.0028119641
2   14   4   11   0.0076065964
2   14   4   14   -0.0057543277
2   14   5   15   -0.0030500957
2   14   6   10   0.0096542038
2   14   6   12   0.0105331434
2   14   7   13   -0.0021157813
2   15   1   13   0.1704503490
2   15   2   13   0.0000000000
2   15   2   15   0.4528800500
2   15   3   13   0.0042599838
2   15   4   15   -0.0010561858
2   15   5   9   0.0054526779
2   15   5   11   -0.0065332113
2   15   5   14   -0.0030500957
2   15   6   13   -0.0064505668
2   15   7   10   0.0052817765
2   15   7   12   0.0082666575
2   16   2   16   0.5326398600
2   16   4   16   -0.0050695799
2   16   8   10   0.0076704219
2   16   8   12   0.0059877443
3   9   1   9   0.1629742242
3   9   1   11   0.0255135120
3   9   1   14   -0.0047122996
3   9   2   10   0.1673841771
3   9   2   12   -0.0177796561
3   9   3   9   0.6211940907
3   9   3   11   0.0026797021
3   9   3   14   0.0124658243
3   9   4   9   0.0000000000
3   9   4   10   -0.1668935039
3   9   4   12   0.0007552512
3   9   5   13   -0.0097273713
3   9   6   9   -0.1160765072
3   9   6   11   0.0032572771
3   9   6   14   -0.0159289007
3   9   7   15   -0.0061564343
3   9   8   16   -0.0112398870
3   10   1   10   0.1630950461
3   10   1   12   -0.0176632784
3   10   2   9   0.1673841771
3   10   2   10   0.0000000000
3   10   2   11   0.0254531051
3   10   2   14   -0.0044403188
3   10   3   10   0.6211512151
3   10   3   12   -0.0101370055
3   10   4   9   -0.1668935039
3   10   4   10   -0.0000000000
3   10   4   11   -0.0063608725
3   10   4   14   0.0065926896
3   10   5   15   -0.0088402112
3   10   6   10   -0.1159944105
3   10   6   12   0.0076065964
3   10   7   13   -0.0065332113
3   11   1   9   0.0255135120
3   11   1   11   0.0026797021
3   11   1   14   0.0032572771
3   11   2   10   0.0254531051
3   11   2   12   -0.0063608725
3   11   3   9   0.0026797021
3   11   3   11   0.5254252119
3   11   3   14   -0.1077184209
3   11   4   10   -0.0063608725
3   11   4   12   0.0882359909
3   11   5   13   0.0743621073
3   11   6   9   0.0032572771
3   11   6   11   -0.1077184209
3   11   6   14   0.0939247163
3   11   7   15   0.0417997320
3   11   8   16   0.0692322028
3   12   1   10   -0.0176632784
3   12   1   12   0.0060005386
3   12   2   9   -0.0177796561
3   12   2   11   -0.0063608725
3   12   2   14   -0.0044263010
3   12   3   10   -0.0101370055
3   12   3   12   0.4034952283
3   12   3   14   -0.0000000000
3   12   4   9   0.0007552512
3   12   4   11   0.0882359909
3   12   4   14   0.0902344691
3   12   5   13   -0.0000000000
3   12   5   15   -0.0733388909
3   12   6   10   0.0076065964
3   12   6   12   0.0008401335
3   12   6   14   0.0000000000
3   12   7   13   -0.0508512022
3   12   8   16   0.0000000000
3   13   1   13   0.0018296751
3   13   2   15   0.0042599838
3   13   3   13   0.4266169351
3   13   4   15   -0.1062148030
3   13   5   9   -0.0097273713
3   13   5   11   0.0743621073
3   13   5   12   -0.0000000000
3   13   5   14   0.0243253401
3   13   6   13   -0.0320905212
3   13   7   10   -0.0065332113
3   13   7   12   -0.0508512022
3   14   1   9   -0.0047122996
3   14   1   11   0.0032572771
3   14   1   14   0.0018855627
3   14   2   10   -0.0044403188
3   14   2   12   -0.0044263010
3   14   3   9   0.0124658243
3   14   3   11   -0.1077184209
3   14   3   12   -0.0000000000
3   14   3   14   0.4782983032
3   14   4   10   0.0065926896
3   14   4   12   0.0902344691
3   14   5   13   0.0243253401
3   14   5   15   0.0000000000
3   14   6   9   -0.0159289007
3   14   6   11   0.0939247163
3   14   6   12   0.0000000000
3   14   6   14   -0.0708171564
3   14   6   15   0.0000000000
3   14   7   15   0.0335148026
3   14   8   16   -0.0159436831
3   15   1   15   0.0024394394
3   15   2   13   0.0042599838
3   15   3   15   0.3946805090
3   15   4   13   -0.1062148030
3   15   5   10   -0.0088402112
3   15   5   12   -0.0733388909
3   15   5   14   0.0000000000
3   15   6   14   0.0000000000
3   15   6   15   -0.0081384310
3   15   7   9   -0.0061564343
3   15   7   11   0.0417997320
3   15   7   14   0.0335148026
3   16   1   16   0.0015354280
3   16   3   16   0.4567642553
3   16   4   16   -0.0000000000
3   16   6   16   -0.0727266038
3   16   8   9   -0.0112398870
3   16   8   11   0.0692322028
3   16   8   12   0.0000000000
3   16   8   14   -0.0159436831
4   9   1   9   0.0000000000
4   9   1   10   -0.1233922040
4   9   1   12   0.0159160555
4   9   2   9   -0.1285346156
4   9   2   11   -0.0176632784
4   9   2   14   -0.0028119641
4   9   3   9   0.0000000000
4   9   3   10   -0.1668935039
4   9   3   12   0.0007552512
4   9   4   9   0.4964950014
4   9   4   11   0.0060005386
4   9   4   14   -0.0059342905
4   9   5   15   0.0067790763
4   9   6   9   0.0000000000
4   9   6   10   -0.1315913427
4   9   6   12   -0.0032532384
4   9   7   13   0.0088144754
4   10   1   9   -0.1233922040
4   10   1   11   -0.0177796561
4   10   1   14   -0.0024685701
4   10   2   10   -0.1285997173
4   10   2   12   0.0160587228
4   10   3   9   -0.1668935039
4   10   3   10   -0.0000000000
4   10   3   11   -0.0063608725
4   10   3   14   0.0065926896
4   10   4   10   0.4965420072
4   10   4   12   -0.0009937275
4   10   5   13   0.0070947448
4   10   6   9   -0.1315913427
4   10   6   10   -0.0000000000
4   10   6   11   -0.0044263010
4   10   6   14   0.0105331434
4   10   7   15   0.0082666575
4   10   8   16   0.0059877443
4   11   1   10   -0.0177796561
4   11   1   12   0.0007552512
4   11   2   9   -0.0176632784
4   11   2   11   -0.0101370055
4   11   2   14   0.0076065964
4   11   3   10   -0.0063608725
4   11   3   12   0.0882359909
4   11   4   9   0.0060005386
4   11   4   11   0.4034952283
4   11   4   14   0.0008401335
4   11   5   13   -0.0000000000
4   11   5   15   -0.0508512022
4   11   6   10   -0.0044263010
4   11   6   11   -0.0000000000
4   11   6   12   0.0902344691
4   11   6   14   0.0000000000
4   11   7   13   -0.0733388909
4   11   8   16   0.0000000000
4   12   1   9   0.0159160555
4   12   1   11   0.0007552512
4   12   1   14   -0.0032532384
4   12   2   10   0.0160587228
4   12   2   12   -0.0009937275
4   12   3   9   0.0007552512
4   12   3   11   0.0882359909
4   12   3   14   0.0902344691
4   12   4   10   -0.0009937275
4   12   4   12   0.4108728162
4   12   4   14   0.0000000000
4   12   5   13   0.0642039389
4   12   5   15   0.0000000000
4   12   6   9   -0.0032532384
4   12   6   11   0.0902344691
4   12   6   12   0.0000000000
4   12   6   14   0.1089008276
4   12   7   13   0.0000000000
4   12   7   15   0.0910739322
4   12   8   16   0.0235311440
4   13   1   15   0.0008934394
4   13   2   13   -0.0025079256
4   13   3   15   -0.1062148030
4   13   4   13   0.3889338272
4   13   5   10   0.0070947448
4   13   5   11   -0.0000000000
4   13   5   12   0.0642039389
4   13   6   15   -0.1086465702
4   13   7   9   0.0088144754
4   13   7   11   -0.0733388909
4   13   7   12   0.0000000000
4   13   7   14   -0.0456424031
4   14   1   10   -0.0024685701
4   14   1   12   -0.0032532384
4   14   2   9   -0.0028119641
4   14   2   11   0.0076065964
4   14   2   14   -0.0057543277
4   14   3   10   0.0065926896
4   14   3   12   0.0902344691
4   14   4   9   -0.0059342905
4   14   4   11   0.0008401335
4   14   4   12   0.0000000000
4   14   4   14   0.4077692422
4   14   5   15   -0.0460643501
4   14   6   10   0.0105331434
4   14   6   11   0.0000000000
4   14   6   12   0.1089008276
4   14   7   13   -0.0456424031
4   15   1   13   0.0008934394
4   15   2   15   -0.0010561858
4   15   3   13   -0.1062148030
4   15   4   15   0.3872219710
4   15   5   9   0.0067790763
4   15   5   11   -0.0508512022
4   15   5   12   0.0000000000
4   15   5   14   -0.0460643501
4   15   6   13   -0.1086465702
4   15   7   10   0.0082666575
4   15   7   12   0.0910739322
4   16   2   16   -0.0050695799
4   16   3   16   -0.0000000000
4   16   4   16   0.3707334307
4   16   6   16   -0.0000000000
4   16   8   10   0.0059877443
4   16   8   11   0.0000000000
4   16   8   12   0.0235311440
5   9   1   13   0.0060622309
5   9   2   15   0.0054526779
5   9   3   13   -0.0097273713
5   9   4   15   0.0067790763
5   9   5   9   0.4870617338
5   9   5   11   0.0018296751
5   9   5   14   0.0017040764
5   9   6   13   -0.0019766269
5   9   7   9   -0.0000000000
5   9   7   10   0.1704503490
5   9   7   12   0.0008934394
5   10   1   15   0.0056527345
5   10   2   13   0.0058119055
5   10   3   15   -0.0088402112
5   10   4   13   0.0070947448
5   10   5   10   0.4870657048
5   10   5   12   -0.0025079256
5   10   6   15   -0.0021157813
5   10   7   9   0.1704503490
5   10   7   10   0.0000000000
5   10   7   11   0.0042599838
5   10   7   14   -0.0064505668
5   11   1   13   -0.0097273713
5   11   2   15   -0.0065332113
5   11   3   13   0.0743621073
5   11   4   13   -0.0000000000
5   11   4   15   -0.0508512022
5   11   5   9   0.0018296751
5   11   5   11   0.4266169351
5   11   5   14   -0.0320905212
5   11   6   13   0.0243253401
5   11   7   10   0.0042599838
5   11   7   12   -0.1062148030
5   12   1   15   0.0088144754
5   12   2   13   0.0070947448
5   12   3   13   -0.0000000000
5   12   3   15   -0.0733388909
5   12   4   13   0.0642039389
5   12   4   15   0.0000000000
5   12   5   10   -0.0025079256
5   12   5   12   0.3889338272
5   12   6   15   -0.0456424031
5   12   7   9   0.0008934394
5   12   7   11   -0.1062148030
5   12   7   14   -0.1086465702
5   13   1   9   0.0060622309
5   13   1   11   -0.0097273713
5   13   1   14   -0.0019766269
5   13   2   10   0.0058119055
5   13   2   12   0.0070947448
5   13   3   9   -0.0097273713
5   13   3   11   0.0743621073
5   13   3   12   -0.0000000000
5   13   3   14   0.0243253401
5   13   4   10   0.0070947448
5   13   4   11   -0.0000000000
5   13   4   12   0.0642039389
5   13   5   13   0.4038001381
5   13   6   9   -0.0019766269
5   13   6   11   0.0243253401
5   13   6   14   0.0333955950
5   13   7   15   0.1414036434
5   13   8   16   0.0128725293
5   14   1   13   -0.0019766269
5   14   2   15   -0.0030500957
5   14   3   13   0.0243253401
5   14   3   15   0.0000000000
5   14   4   15   -0.0460643501
5   14   5   9   0.0017040764
5   14   5   11   -0.0320905212
5   14   5   14   0.4030850979
5   14   6   13   0.0333955950
5   14   7   10   -0.0064505668
5   14   7   12   -0.1086465702
5   14   7   14   0.0000000000
5   15   1   10   0.0056527345
5   15   1   12   0.0088144754
5   15   2   9   0.0054526779
5   15   2   11   -0.0065332113
5   15   2   14   -0.0030500957
5   15   3   10   -0.0088402112
5   15   3   12   -0.0733388909
5   15   3   14   0.0000000000
5   15   4   9   0.0067790763
5   15   4   11   -0.0508512022
5   15   4   12   0.0000000000
5   15   4   14   -0.0460643501
5   15   5   15   0.3903717598
5   15   6   10   -0.0021157813
5   15   6   12   -0.0456424031
5   15   7   13   0.1414036434
5   16   5   16   0.3771961046
5   16   7   16   0.0000000000
5   16   8   13   0.0128725293
6   9   1   9   -0.0045554295
6   9   1   11   -0.0047122996
6   9   1   14   0.0105094894
6   9   2   10   -0.0175717956
6   9   2   12   -0.0024685701
6   9   3   9   -0.1160765072
6   9   3   11   0.0032572771
6   9   3   14   -0.0159289007
6   9   4   9   0.0000000000
6   9   4   10   -0.1315913427
6   9   4   12   -0.0032532384
6   9   5   13   -0.0019766269
6   9   6   9   0.5728394834
6   9   6   11   0.0018855627
6   9   6   14   0.0066214959
6   9   7   15   -0.0030537933
6   9   8   16   0.0019469275
6   10   1   10   -0.0046068852
6   10   1   12   -0.0028119641
6   10   2   9   -0.0175717956
6   10   2   11   -0.0044403188
6   10   2   14   0.0096542038
6   10   3   10   -0.1159944105
6   10   3   12   0.0076065964
6   10   4   9   -0.1315913427
6   10   4   10   -0.0000000000
6   10   4   11   -0.0044263010
6   10   4   14   0.0105331434
6   10   5   15   -0.0021157813
6   10   6   10   0.5728104470
6   10   6   12   -0.0057543277
6   10   7   13   -0.0030500957
6   11   1   9   -0.0047122996
6   11   1   11   0.0124658243
6   11   1   14   -0.0159289007
6   11   2   10   -0.0044403188
6   11   2   12   0.0065926896
6   11   3   9   0.0032572771
6   11   3   11   -0.1077184209
6   11   3   14   0.0939247163
6   11   4   10   -0.0044263010
6   11   4   11   -0.0000000000
6   11   4   12   0.0902344691
6   11   4   14   0.0000000000
6   11   5   13   0.0243253401
6   11   6   9   0.0018855627
6   11   6   11   0.4782983032
6   11   6   14   -0.0708171564
6   11   7   13   0.0000000000
6   11   7   14   0.0000000000
6   11   7   15   0.0335148026
6   11   8   16   -0.0159436831
6   12   1   10   -0.0028119641
6   12   1   12   -0.0059342905
6   12   2   9   -0.0024685701
6   12   2   11   0.0065926896
6   12   2   14   0.0105331434
6   12   3   10   0.0076065964
6   12   3   12   0.0008401335
6   12   3   14   0.0000000000
6   12   4   9   -0.0032532384
6   12   4   11   0.0902344691
6   12   4   12   0.0000000000
6   12   4   14   0.1089008276
6   12   5   15   -0.0456424031
6   12   6   10   -0.0057543277
6   12   6   12   0.4077692422
6   12   7   13   -0.0460643501
6   13   1   13   0.0017040764
6   13   2   15   -0.0064505668
6   13   3   13   -0.0320905212
6   13   4   15   -0.1086465702
6   13   5   9   -0.0019766269
6   13   5   11   0.0243253401
6   13   5   14   0.0333955950
6   13   6   13   0.4030850979
6   13   6   15   0.0000000000
6   13   7   10   -0.0030500957
6   13   7   11   0.0000000000
6   13   7   12   -0.0460643501
6   14   1   9   0.0105094894
6   14   1   11   -0.0159289007
6   14   1   14   0.0066214959
6   14   2   10   0.0096542038
6   14   2   12   0.0105331434
6   14   3   9   -0.0159289007
6   14   3   11   0.0939247163
6   14   3   12   0.0000000000
6   14   3   14   -0.0708171564
6   14   3   15   0.0000000000
6   14   4   10   0.0105331434
6   14   4   11   0.0000000000
6   14   4   12   0.1089008276
6   14   5   13   0.0333955950
6   14   6   9   0.0066214959
6   14   6   11   -0.0708171564
6   14   6   14   0.4670299968
6   14   7   11   0.0000000000
6   14   7   15   0.0392480851
6   14   8   16   0.0176942657
6   15   1   15   -0.0013192179
6   15   2   13   -0.0064505668
6   15   3   14   0.0000000000
6   15   3   15   -0.0081384310
6   15   4   13   -0.1086465702
6   15   5   10   -0.0021157813
6   15   5   12   -0.0456424031
6   15   6   13   0.0000000000
6   15   6   15   0.3862764277
6   15   7   9   -0.0030537933
6   15   7   11   0.0335148026
6   15   7   14   0.0392480851
6   16   1   16   0.0060785545
6   16   3   16   -0.0727266038
6   16   4   16   -0.0000000000
6   16   6   16   0.4137614755
6   16   8   9   0.0019469275
6   16   8   11   -0.0159436831
6   16   8   14   0.0176942657
7   9   1   15   0.0051229101
7   9   2   13   0.0056527345
7   9   3   15   -0.0061564343
7   9   4   13   0.0088144754
7   9   5   9   -0.0000000000
7   9   5   10   0.1704503490
7   9   5   12   0.0008934394
7   9   6   15   -0.0030537933
7   9   7   9   0.4528619731
7   9   7   11   0.0024394394
7   9   7   14   -0.0013192179
7   10   1   13   0.0054526779
7   10   2   15   0.0052817765
7   10   3   13   -0.0065332113
7   10   4   15   0.0082666575
7   10   5   9   0.1704503490
7   10   5   10   0.0000000000
7   10   5   11   0.0042599838
7   10   5   14   -0.0064505668
7   10   6   13   -0.0030500957
7   10   7   10   0.4528800500
7   10   7   12   -0.0010561858
7   11   1   15   -0.0061564343
7   11   2   13   -0.0088402112
7   11   3   15   0.0417997320
7   11   4   13   -0.0733388909
7   11   5   10   0.0042599838
7   11   5   12   -0.1062148030
7   11   6   13   0.0000000000
7   11   6   14   0.0000000000
7   11   6   15   0.0335148026
7   11   7   9   0.0024394394
7   11   7   11   0.3946805090
7   11   7   14   -0.0081384310
7   12   1   13   0.0067790763
7   12   2   15   0.0082666575
7   12   3   13   -0.0508512022
7   12   4   13   0.0000000000
7   12   4   15   0.0910739322
7   12   5   9   0.0008934394
7   12   5   11   -0.1062148030
7   12   5   14   -0.1086465702
7   12   6   13   -0.0460643501
7   12   7   10   -0.0010561858
7   12   7   12   0.3872219710
7   13   1   10   0.0054526779
7   13   1   12   0.0067790763
7   13   2   9   0.0056527345
7   13   2   11   -0.0088402112
7   13   2   14   -0.0021157813
7   13   3   10   -0.0065332113
7   13   3   12   -0.0508512022
7   13   4   9   0.0088144754
7   13   4   11   -0.0733388909
7   13   4   12   0.0000000000
7   13   4   14   -0.0456424031
7   13   5   15   0.1414036434
7   13   6   10   -0.0030500957
7   13   6   11   0.0000000000
7   13   6   12   -0.0460643501
7   13   7   13   0.3903717598
7   14   1   15   -0.0030537933
7   14   2   13   -0.0021157813
7   14   3   15   0.0335148026
7   14   4   13   -0.0456424031
7   14   5   10   -0.0064505668
7   14   5   12   -0.1086465702
7   14   5   14   0.0000000000
7   14   6   11   0.0000000000
7   14   6   15   0.0392480851
7   14   7   9   -0.0013192179
7   14   7   11   -0.0081384310
7   14   7   14   0.3862764277
7   15   1   9   0.0051229101
7   15   1   11   -0.0061564343
7   15   1   14   -0.0030537933
7   15   2   10   0.0052817765
7   15   2   12   0.0082666575
7   15   3   9   -0.0061564343
7   15   3   11   0.0417997320
7   15   3   14   0.0335148026
7   15   4   10   0.0082666575
7   15   4   12   0.0910739322
7   15   5   13   0.1414036434
7   15   6   9   -0.0030537933
7   15   6   11   0.0335148026
7   15   6   14   0.0392480851
7   15   7   15   0.3873533485
7   15   8   16   0.0079014738
7   16   5   16   0.0000000000
7   16   7   16   0.3531048608
7   16   8   15   0.0079014738
8   9   1   16   0.0080272657
8   9   3   16   -0.0112398870
8   9   6   16   0.0019469275
8   9   8   9   0.5326539565
8   9   8   11   0.0015354280
8   9   8   14   0.0060785545
8   10   2   16   0.0076704219
8   10   4   16   0.0059877443
8   10   8   10   0.5326398600
8   10   8   12   -0.0050695799
8   11   1   16   -0.0112398870
8   11   3   16   0.0692322028
8   11   4   16   0.0000000000
8   11   6   16   -0.0159436831
8   11   8   9   0.0015354280
8   11   8   11   0.4567642553
8   11   8   12   -0.0000000000
8   11   8   14   -0.0727266038
8   12   2   16   0.0059877443
8   12   3   16   0.0000000000
8   12   4   16   0.0235311440
8   12   8   10   -0.0050695799
8   12   8   11   -0.0000000000
8   12   8   12   0.3707334307
8   12   8   14   -0.0000000000
8   13   5   16   0.0128725293
8   13   8   13   0.3771961046
8   13   8   15   0.0000000000
8   14   1   16   0.0019469275
8   14   3   16   -0.0159436831
8   14   6   16   0.0176942657
8   14   8   9   0.0060785545
8   14   8   11   -0.0727266038
8   14   8   12   -0.0000000000
8   14   8   14   0.4137614755
8   15   7   16   0.0079014738
8   15   8   13   0.0000000000
8   15   8   15   0.3531048608
8   16   1   9   0.0080272657
8   16   1   11   -0.0112398870
8   16   1   14   0.0019469275
8   16   2   10   0.0076704219
8   16   2   12   0.0059877443
8   16   3   9   -0.0112398870
8   16   3   11   0.0692322028
8   16   3   12   0.0000000000
8   16   3   14   -0.0159436831
8   16   4   10   0.0059877443
8   16   4   11   0.0000000000
8   16   4   12   0.0235311440
8   16   5   13   0.0128725293
8   16   6   9   0.0019469275
8   16   6   11   -0.0159436831
8   16   6   14   0.0176942657
8   16   7   15   0.0079014738
8   16   8   16   0.4401731732

End IJKL Block
Begin ABCD Block
1   4   1   4   0.1884554000
1   4   1   6   0.0000000077
1   4   2   5   0.0038637082
1   4   3   4   0.0000000077
1   4   3   6   0.0372104904
1   5   1   5   0.1945689198
1   5   2   4   0.0038637082
1   5   2   6   0.0000000179
1   5   3   5   0.0000000005
1   6   1   4   0.0000000077
1   6   1   6   0.1688455299
1   6   2   5   0.0000000179
1   6   3   4   0.0372104904
1   6   3   6   -0.0000000064
2   4   1   5   0.0038637082
2   4   2   4   0.1945689198
2   4   2   6   0.0000000005
2   4   3   5   0.0000000179
2   5   1   4   0.0038637082
2   5   1   6   0.0000000179
2   5   2   5   0.3034461577
2   5   3   4   0.0000000179
2   5   3   6   0.0055334617
2   6   1   5   0.0000000179
2   6   2   4   0.0000000005
2   6   2   6   0.1852988888
2   6   3   5   0.0055334617
3   4   1   4   0.0000000077
3   4   1   6   0.0372104904
3   4   2   5   0.0000000179
3   4   3   4   0.1688455299
3   4   3   6   -0.0000000064
3   5   1   5   0.0000000005
3   5   2   4   0.0000000179
3   5   2   6   0.0055334617
3   5   3   5   0.1852988888
3   6   1   4   0.0372104904
3   6   1   6   -0.0000000064
3   6   2   5   0.0055334617
3   6   3   4   -0.0000000064
3   6   3   6   0.1784180850

End ABCD Block
Begin AIJB Block
1   9   1   4   0.0022924592
1   9   2   6   0.0022782382
1   9   3   4   0.0000072491
1   9   4   6   -0.0000849886
1   9   6   4   -0.0003225548
1   10   1   6   0.0022982751
1   10   2   4   0.0022575531
1   10   3   6   0.0002420799
1   10   4   4   0.0003914714
1   10   6   6   -0.0000092233
1   10   8   5   0.0013401150
1   11   1   4   0.0000072491
1   11   2   6   0.0002365374
1   11   3   4   0.0047773106
1   11   4   4   0.0000000000
1   11   4   6   -0.0065423962
1   11   5   4   0.0000000000
1   11   5   6   -0.0000000000
1   11   6   4   0.0060879927
1   11   7   4   -0.0000000000
1   11   8   5   -0.0000000000
1   12   1   6   -0.0001479431
1   12   2   4   0.0003914714
1   12   3   4   0.0000000000
1   12   3   6   -0.0059062592
1   12   4   4   0.0114699561
1   12   6   6   -0.0083935985
1   12   7   4   0.0000000000
1   12   7   6   -0.0000000000
1   12   8   5   0.0031914705
1   13   3   4   0.0000000000
1   13   3   6   0.0000000000
1   13   4   6   -0.0000000000
1   13   5   4   0.0064130946
1   13   5   6   -0.0000000000
1   13   6   6   -0.0000000000
1   13   7   4   0.0000000000
1   13   7   6   0.0033219711
1   13   8   5   0.0000000000
1   14   1   4   -0.0003225548
1   14   2   6   -0.0004014054
1   14   3   4   0.0060879927
1   14   3   6   -0.0000000000
1   14   4   6   -0.0048452498
1   14   5   6   0.0000000000
1   14   6   4   0.0090579353
1   14   6   6   -0.0000000000
1   14   7   4   0.0000000000
1   14   7   6   -0.0000000000
1   14   8   5   -0.0000000000
1   15   3   4   -0.0000000000
1   15   3   6   0.0000000000
1   15   4   4   0.0000000000
1   15   4   6   0.0000000000
1   15   5   4   0.0000000000
1   15   5   6   0.0041646473
1   15   6   4   0.0000000000
1   15   6   6   0.0000000000
1   15   7   4   0.0045001074
1   15   7   6   0.0000000000
1   15   8   5   0.0000000000
1   16   2   5   0.0002313887
1   16   4   5   0.0198769093
1   16   7   5   0.0000000000
1   16   8   4   0.0027133514
1   16   8   6   0.0000000004
2   9   1   5   0.0050450840
2   9   3   5   -0.0048587430
2   9   6   5   -0.0011214794
2   9   8   6   -0.0002393243
2   10   2   5   0.0051968131
2   10   4   5   0.0055064925
2   10   8   4   0.0002313887
2   11   1   5   -0.0048587430
2   11   3   5   0.0215021528
2   11   4   5   -0.0000000000
2   11   6   5   0.0087568703
2   11   8   6   -0.0156687663
2   12   2   5   0.0055064925
2   12   3   5   -0.0000000000
2   12   4   5   0.0331058628
2   12   8   4   0.0198769093
2   12   8   6   0.0000000000
2   13   5   5   0.0084030293
2   13   8   6   -0.0000000000
2   14   1   5   -0.0011214794
2   14   3   5   0.0087568703
2   14   6   5   0.0111711452
2   14   8   6   -0.0015439921
2   15   7   5   0.0096817547
2   15   8   4   0.0000000000
2   15   8   6   0.0000000000
2   16   1   6   0.0018252444
2   16   2   4   0.0013401150
2   16   2   6   -0.0000000000
2   16   3   4   -0.0000000000
2   16   3   6   -0.0058380469
2   16   4   4   0.0031914705
2   16   4   6   0.0000000001
2   16   5   4   0.0000000000
2   16   5   6   -0.0000000000
2   16   6   4   -0.0000000000
2   16   6   6   -0.0012613216
2   16   7   4   0.0000000000
2   16   8   5   0.0797772778
3   9   1   6   0.0024835072
3   9   2   4   0.0022982751
3   9   3   6   0.0004071439
3   9   4   4   -0.0001479431
3   9   6   6   -0.0001400895
3   9   8   5   0.0018252444
3   10   1   4   0.0022782382
3   10   2   6   0.0024961724
3   10   3   4   0.0002365374
3   10   4   6   -0.0003545075
3   10   6   4   -0.0004014054
3   10   8   5   -0.0000000000
3   11   1   6   0.0004071439
3   11   2   4   0.0002420799
3   11   3   6   0.0052832442
3   11   4   4   -0.0059062592
3   11   4   6   -0.0000000000
3   11   5   4   0.0000000000
3   11   6   4   -0.0000000000
3   11   6   6   0.0027433468
3   11   7   4   0.0000000000
3   11   7   6   -0.0000000000
3   11   8   5   -0.0058380469
3   12   1   4   -0.0000849886
3   12   2   6   -0.0003545075
3   12   3   4   -0.0065423962
3   12   3   6   -0.0000000000
3   12   4   6   0.0102034089
3   12   5   4   -0.0000000000
3   12   5   6   0.0000000000
3   12   6   4   -0.0048452498
3   12   6   6   0.0000000000
3   12   7   4   0.0000000000
3   12   7   6   -0.0000000000
3   12   8   5   0.0000000001
3   13   3   4   -0.0000000000
3   13   4   6   0.0000000000
3   13   5   4   -0.0000000000
3   13   5   6   0.0034543445
3   13   6   4   0.0000000000
3   13   6   6   0.0000000000
3   13   7   4   0.0041646473
3   13   7   6   0.0000000000
3   13   8   5   -0.0000000000
3   14   1   6   -0.0001400895
3   14   2   4   -0.0000092233
3   14   3   6   0.0027433468
3   14   4   4   -0.0083935985
3   14   4   6   0.0000000000
3   14   5   4   -0.0000000000
3   14   5   6   0.0000000000
3   14   6   4   -0.0000000000
3   14   6   6   0.0049151195
3   14   7   4   0.0000000000
3   14   7   6   0.0000000000
3   14   8   5   -0.0012613216
3   15   3   6   -0.0000000000
3   15   4   4   -0.0000000000
3   15   4   6   -0.0000000000
3   15   5   4   0.0033219711
3   15   5   6   0.0000000000
3   15   6   4   -0.0000000000
3   15   6   6   0.0000000000
3   15   7   4   0.0000000000
3   15   7   6   0.0049686009
3   16   1   5   -0.0002393243
3   16   3   5   -0.0156687663
3   16   4   5   0.0000000000
3   16   5   5   -0.0000000000
3   16   6   5   -0.0015439921
3   16   7   5   0.0000000000
3   16   8   4   0.0000000004
3   16   8   6   0.0025631442

1   9   9   1   -0.2264615385
1   9   9   3   0.0000000000
1   9   10   1   -0.0000000000
1   9   10   3   -0.0395727614
1   9   11   1   -0.0008764602
1   9   11   3   -0.0000000000
1   9   12   1   0.0000000000
1   9   12   3   -0.0004301160
1   9   13   3   0.0000000000
1   9   14   1   0.0007556662
1   9   14   3   0.0000000000
1   10   9   1   -0.0000000000
1   10   9   3   -0.0395727614
1   10   10   1   -0.2264677963
1   10   11   1   -0.0000000000
1   10   11   3   -0.0013345284
1   10   12   1   0.0002206880
1   10   12   3   0.0000000000
1   10   14   1   -0.0000000000
1   10   14   3   0.0023037826
1   10   16   2   -0.0015035043
1   11   9   1   -0.0008764602
1   11   9   3   -0.0000000000
1   11   10   1   -0.0000000000
1   11   10   3   -0.0013345284
1   11   11   1   -0.2140292066
1   11   11   3   0.0000000000
1   11   12   1   -0.0000000000
1   11   12   3   0.0292146047
1   11   13   1   -0.0000000000
1   11   13   3   0.0000000000
1   11   14   1   0.0015976459
1   11   14   3   0.0000000000
1   11   15   1   -0.0000000000
1   11   15   3   -0.0000000000
1   11   16   2   0.0000000000
1   12   9   1   0.0000000000
1   12   9   3   -0.0004301160
1   12   10   1   0.0002206880
1   12   10   3   0.0000000000
1   12   11   1   -0.0000000000
1   12   11   3   0.0292146047
1   12   12   1   -0.2120027317
1   12   12   3   0.0000000000
1   12   13   1   0.0000000000
1   12   13   3   0.0000000000
1   12   14   1   -0.0000000000
1   12   14   3   0.0348917601
1   12   15   1   -0.0000000000
1   12   15   3   0.0000000000
1   12   16   2   -0.0035058815
1   13   9   3   0.0000000000
1   13   11   1   -0.0000000000
1   13   11   3   0.0000000000
1   13   12   1   0.0000000000
1   13   12   3   0.0000000000
1   13   13   1   -0.2140289311
1   13   13   3   0.0000000000
1   13   14   1   -0.0000000000
1   13   14   3   -0.0000000000
1   13   15   1   0.0000000000
1   13   15   3   -0.0381313982
1   13   16   2   -0.0000000000
1   14   9   1   0.0007556662
1   14   9   3   0.0000000000
1   14   10   1   -0.0000000000
1   14   10   3   0.0023037826
1   14   11   1   0.0015976459
1   14   11   3   0.0000000000
1   14   12   1   -0.0000000000
1   14   12   3   0.0348917601
1   14   13   1   -0.0000000000
1   14   13   3   -0.0000000000
1   14   14   1   -0.2120731195
1   14   14   3   0.0000000001
1   14   15   1   0.0000000000
1   14   15   3   0.0000000000
1   14   16   2   0.0000000000
1   15   11   1   -0.0000000000
1   15   11   3   -0.0000000000
1   15   12   1   -0.0000000000
1   15   12   3   0.0000000000
1   15   13   1   0.0000000000
1   15   13   3   -0.0381313982
1   15   14   1   0.0000000000
1   15   14   3   0.0000000000
1   15   15   1   -0.2120439017
1   15   15   3   -0.0000000001
1   15   16   2   0.0000000000
1   16   10   2   -0.0015035043
1   16   11   2   0.0000000000
1   16   12   2   -0.0035058815
1   16   13   2   -0.0000000000
1   16   14   2   0.0000000000
1   16   15   2   0.0000000000
1   16   16   1   -0.2066982230
1   16   16   3   0.0000000000
2   9   9   2   -0.4060383572
2   9   11   2   -0.0021983025
2   9   14   2   -0.0000026576
2   9   16   3   -0.0018270655
2   10   10   2   -0.4060501014
2   10   12   2   0.0017166552
2   10   16   1   -0.0015035043
2   10   16   3   -0.0000000000
2   11   9   2   -0.0021983025
2   11   11   2   -0.3488514741
2   11   12   2   -0.0000000000
2   11   14   2   0.0215785785
2   11   16   1   0.0000000000
2   11   16   3   0.0053486715
2   12   10   2   0.0017166552
2   12   11   2   -0.0000000000
2   12   12   2   -0.3245656865
2   12   14   2   -0.0000000000
2   12   16   1   -0.0035058815
2   12   16   3   -0.0000000001
2   13   13   2   -0.3144465897
2   13   16   1   -0.0000000000
2   13   16   3   -0.0000000000
2   14   9   2   -0.0000026576
2   14   11   2   0.0215785785
2   14   12   2   -0.0000000000
2   14   14   2   -0.3344005048
2   14   16   1   0.0000000000
2   14   16   3   -0.0013676615
2   15   15   2   -0.3058190145
2   15   16   1   0.0000000000
2   15   16   3   -0.0000000000
2   16   9   3   -0.0018270655
2   16   10   1   -0.0015035043
2   16   10   3   -0.0000000000
2   16   11   1   0.0000000000
2   16   11   3   0.0053486715
2   16   12   1   -0.0035058815
2   16   12   3   -0.0000000001
2   16   13   1   -0.0000000000
2   16   13   3   -0.0000000000
2   16   14   1   0.0000000000
2   16   14   3   -0.0013676615
2   16   15   1   0.0000000000
2   16   15   3   -0.0000000000
2   16   16   2   -0.3446252207
3   9   9   1   0.0000000000
3   9   9   3   -0.2075168430
3   9   10   1   -0.0395727614
3   9   10   3   0.0000000000
3   9   11   1   -0.0000000000
3   9   11   3   -0.0008847736
3   9   12   1   -0.0004301160
3   9   12   3   0.0000000000
3   9   13   1   0.0000000000
3   9   13   3   0.0000000000
3   9   14   1   0.0000000000
3   9   14   3   0.0007728390
3   9   16   2   -0.0018270655
3   10   9   1   -0.0395727614
3   10   9   3   0.0000000000
3   10   10   3   -0.2075234278
3   10   11   1   -0.0013345284
3   10   11   3   -0.0000000000
3   10   12   1   0.0000000000
3   10   12   3   0.0002110805
3   10   14   1   0.0023037826
3   10   14   3   0.0000000000
3   10   16   2   -0.0000000000
3   11   9   1   -0.0000000000
3   11   9   3   -0.0008847736
3   11   10   1   -0.0013345284
3   11   10   3   -0.0000000000
3   11   11   1   0.0000000000
3   11   11   3   -0.1949514364
3   11   12   1   0.0292146047
3   11   12   3   0.0000000000
3   11   13   1   0.0000000000
3   11   13   3   0.0000000000
3   11   14   1   0.0000000000
3   11   14   3   -0.0023232647
3   11   15   1   -0.0000000000
3   11   15   3   -0.0000000000
3   11   16   2   0.0053486715
3   12   9   1   -0.0004301160
3   12   9   3   0.0000000000
3   12   10   1   0.0000000000
3   12   10   3   0.0002110805
3   12   11   1   0.0292146047
3   12   11   3   0.0000000000
3   12   12   1   0.0000000000
3   12   12   3   -0.1994527931
3   12   13   1   0.0000000000
3   12   13   3   0.0000000000
3   12   14   1   0.0348917601
3   12   14   3   -0.0000000000
3   12   15   1   0.0000000000
3   12   15   3   -0.0000000000
3   12   16   2   -0.0000000001
3   13   9   1   0.0000000000
3   13   9   3   0.0000000000
3   13   11   1   0.0000000000
3   13   11   3   0.0000000000
3   13   12   1   0.0000000000
3   13   12   3   0.0000000000
3   13   13   1   0.0000000000
3   13   13   3   -0.1948519529
3   13   14   1   -0.0000000000
3   13   14   3   -0.0000000000
3   13   15   1   -0.0381313982
3   13   15   3   0.0000000000
3   13   16   2   -0.0000000000
3   14   9   1   0.0000000000
3   14   9   3   0.0007728390
3   14   10   1   0.0023037826
3   14   10   3   0.0000000000
3   14   11   1   0.0000000000
3   14   11   3   -0.0023232647
3   14   12   1   0.0348917601
3   14   12   3   -0.0000000000
3   14   13   1   -0.0000000000
3   14   13   3   -0.0000000000
3   14   14   1   0.0000000001
3   14   14   3   -0.1991741866
3   14   15   1   0.0000000000
3   14   15   3   0.0000000000
3   14   16   2   -0.0013676615
3   15   11   1   -0.0000000000
3   15   11   3   -0.0000000000
3   15   12   1   0.0000000000
3   15   12   3   -0.0000000000
3   15   13   1   -0.0381313982
3   15   13   3   0.0000000000
3   15   14   1   0.0000000000
3   15   14   3   0.0000000000
3   15   15   1   -0.0000000001
3   15   15   3   -0.1965684653
3   15   16   2   -0.0000000000
3   16   9   2   -0.0018270655
3   16   10   2   -0.0000000000
3   16   11   2   0.0053486715
3   16   12   2   -0.0000000001
3   16   13   2   -0.0000000000
3   16   14   2   -0.0013676615
3   16   15   2   -0.0000000000
3   16   16   1   0.0000000000
3   16   16   3   -0.1890188980

End AIJB Block
Begin IJKA Block
1   9   1   4   -0.0443303924
1   9   1   6   0.0000000000
1   9   2   6   -0.0494569691
1   9   3   4   -0.0058046637
1   9   4   6   0.0062657351
1   9   6   4   -0.0019832223
1   10   1   4   -0.0000000000
1   10   1   6   -0.0509020072
1   10   2   4   -0.0416595804
1   10   2   6   0.0000000000
1   10   3   6   -0.0072513090
1   10   4   4   0.0058749598
1   10   6   6   -0.0007011169
1   10   8   5   0.0064450189
1   11   1   4   -0.0468624886
1   11   1   6   0.0000000000
1   11   2   4   -0.0000000000
1   11   2   6   -0.0500245135
1   11   3   4   -0.0018514015
1   11   4   6   0.0009761691
1   11   6   4   0.0015582536
1   12   1   4   0.0000000000
1   12   1   6   0.0767775828
1   12   2   4   0.0594717125
1   12   2   6   -0.0000000000
1   12   3   6   0.0020321894
1   12   4   4   0.0001202666
1   12   6   6   -0.0012193815
1   12   8   5   0.0067806651
1   13   5   4   0.0008254524
1   13   7   6   0.0016975004
1   14   1   4   -0.0599359718
1   14   1   6   0.0000000000
1   14   2   6   -0.0152811417
1   14   3   4   -0.0014475128
1   14   4   6   -0.0005557004
1   14   6   4   0.0021562094
1   15   5   6   0.0017270913
1   15   7   4   0.0012259227
1   16   1   5   -0.0000000000
1   16   2   5   0.1507757005
1   16   4   5   -0.0004813543
1   16   8   4   0.0016016845
2   9   1   6   -0.0494569691
2   9   2   4   -0.0443486851
2   9   2   6   0.0000000000
2   9   3   6   -0.0072845531
2   9   4   4   0.0059444283
2   9   6   6   -0.0006023332
2   9   8   5   0.0062108769
2   10   1   4   -0.0416595804
2   10   1   6   0.0000000000
2   10   2   4   -0.0000000000
2   10   2   6   -0.0509300378
2   10   3   4   -0.0058685169
2   10   4   6   0.0063079375
2   10   6   4   -0.0018054839
2   11   1   4   -0.0000000000
2   11   1   6   -0.0500245135
2   11   2   4   -0.0468763758
2   11   2   6   0.0000000000
2   11   3   6   -0.0021773200
2   11   4   4   0.0004841110
2   11   6   6   0.0011414583
2   11   8   5   -0.0059871704
2   12   1   4   0.0594717125
2   12   1   6   -0.0000000000
2   12   2   4   0.0000000000
2   12   2   6   0.0767907657
2   12   3   4   0.0027287079
2   12   4   6   -0.0008451265
2   12   6   4   -0.0035680479
2   13   5   6   0.0017952265
2   13   7   4   0.0008231979
2   14   1   6   -0.0152811417
2   14   2   4   -0.0599488798
2   14   2   6   0.0000000000
2   14   3   6   -0.0009438903
2   14   4   4   -0.0002196334
2   14   6   6   0.0020578619
2   14   8   5   -0.0011061326
2   15   5   4   0.0012689603
2   15   7   6   0.0016170381
2   16   1   5   0.1507757005
2   16   2   5   0.0000000000
2   16   3   5   0.0040237853
2   16   6   5   -0.0040162031
2   16   8   4   0.0000000000
2   16   8   6   0.0022275436
3   9   1   4   -0.0058046637
3   9   2   6   -0.0072845531
3   9   3   4   -0.0044207316
3   9   4   6   0.0005400734
3   9   6   4   0.0039133905
3   10   1   6   -0.0072513090
3   10   2   4   -0.0058685169
3   10   3   6   -0.0033259899
3   10   4   4   -0.0002944354
3   10   6   6   0.0022540602
3   10   8   5   -0.0086023959
3   11   1   4   -0.0018514015
3   11   2   6   -0.0021773200
3   11   3   4   -0.0227823512
3   11   4   6   0.0171576067
3   11   6   4   -0.0011144096
3   11   8   5   -0.0000000000
3   12   1   6   0.0020321894
3   12   2   4   0.0027287079
3   12   3   6   0.0454513979
3   12   4   4   -0.0243585933
3   12   6   6   -0.0061015857
3   12   8   5   -0.0381817817
3   13   4   6   0.0000000000
3   13   5   4   0.0044512670
3   13   5   6   0.0000000000
3   13   7   6   -0.0049817230
3   14   1   4   -0.0014475128
3   14   2   6   -0.0009438903
3   14   3   4   -0.0343178891
3   14   3   6   0.0000000000
3   14   4   6   0.0035226838
3   14   6   4   -0.0007024725
3   14   6   6   -0.0000000000
3   14   8   5   -0.0000000000
3   15   3   6   -0.0000000000
3   15   5   6   -0.0044849164
3   15   7   4   -0.0014806285
3   16   2   5   0.0040237853
3   16   3   5   0.0000000000
3   16   4   5   -0.0730378765
3   16   8   4   -0.0033014086
3   16   8   6   -0.0000000000
4   9   1   6   0.0062657351
4   9   2   4   0.0059444283
4   9   3   6   0.0005400734
4   9   4   4   0.0002789773
4   9   6   6   -0.0008244483
4   9   8   5   0.0049702786
4   10   1   4   0.0058749598
4   10   2   6   0.0063079375
4   10   3   4   -0.0002944354
4   10   4   6   -0.0005890649
4   10   6   4   -0.0021013912
4   11   1   6   0.0009761691
4   11   2   4   0.0004841110
4   11   3   6   0.0171576067
4   11   4   4   -0.0255784772
4   11   6   6   0.0139399442
4   11   8   5   -0.0220068706
4   12   1   4   0.0001202666
4   12   2   6   -0.0008451265
4   12   3   4   -0.0243585933
4   12   4   6   0.0389196295
4   12   6   4   -0.0268349631
4   12   8   5   -0.0000000000
4   13   3   6   0.0000000000
4   13   5   6   0.0051213987
4   13   6   6   0.0000000000
4   13   7   4   -0.0039173880
4   14   1   6   -0.0005557004
4   14   2   4   -0.0002196334
4   14   3   6   0.0035226838
4   14   4   4   -0.0376363883
4   14   6   6   0.0039357651
4   14   8   5   -0.0111566311
4   15   4   6   -0.0000000000
4   15   5   4   0.0016596878
4   15   5   6   0.0000000000
4   15   7   6   0.0023208405
4   16   1   5   -0.0004813543
4   16   3   5   -0.0730378765
4   16   6   5   -0.0677509549
4   16   8   4   0.0000000000
4   16   8   6   0.0061497141
5   9   5   4   -0.0010108477
5   9   7   6   0.0001120839
5   10   5   6   -0.0008324170
5   10   7   4   0.0007837746
5   11   5   4   -0.0182727338
5   11   7   4   -0.0000000000
5   11   7   6   -0.0181266760
5   12   5   4   0.0000000000
5   12   5   6   0.0357090251
5   12   7   4   0.0235868983
5   13   1   4   0.0008254524
5   13   2   6   0.0017952265
5   13   3   4   0.0044512670
5   13   3   6   0.0000000000
5   13   4   6   0.0051213987
5   13   6   4   0.0015861242
5   13   6   6   -0.0000000000
5   14   5   4   -0.0280993277
5   14   5   6   -0.0000000000
5   14   6   6   0.0000000000
5   14   7   6   -0.0011269840
5   15   1   6   0.0017270913
5   15   2   4   0.0012689603
5   15   3   6   -0.0044849164
5   15   4   4   0.0016596878
5   15   4   6   0.0000000000
5   15   6   6   0.0010899278
5   15   8   5   0.0099057993
5   16   7   5   0.0795605281
5   16   8   4   -0.0000000000
5   16   8   6   0.0000000000
6   9   1   4   -0.0019832223
6   9   2   6   -0.0006023332
6   9   3   4   0.0039133905
6   9   4   6   -0.0008244483
6   9   6   4   -0.0023047840
6   10   1   6   -0.0007011169
6   10   2   4   -0.0018054839
6   10   3   6   0.0022540602
6   10   4   4   -0.0021013912
6   10   6   6   -0.0019030984
6   10   8   5   0.0010840668
6   11   1   4   0.0015582536
6   11   2   6   0.0011414583
6   11   3   4   -0.0011144096
6   11   4   6   0.0139399442
6   11   6   4   -0.0247099033
6   12   1   6   -0.0012193815
6   12   2   4   -0.0035680479
6   12   3   6   -0.0061015857
6   12   4   4   -0.0268349631
6   12   6   6   0.0414223542
6   12   8   5   -0.0038335542
6   13   4   6   0.0000000000
6   13   5   4   0.0015861242
6   13   5   6   -0.0000000000
6   13   7   6   -0.0010944288
6   14   1   4   0.0021562094
6   14   2   6   0.0020578619
6   14   3   4   -0.0007024725
6   14   3   6   -0.0000000000
6   14   4   6   0.0039357651
6   14   5   6   0.0000000000
6   14   6   4   -0.0383333576
6   14   6   6   0.0000000000
6   15   5   6   0.0010899278
6   15   6   6   -0.0000000000
6   15   7   4   -0.0001244959
6   15   7   6   -0.0000000000
6   16   2   5   -0.0040162031
6   16   4   5   -0.0677509549
6   16   6   5   0.0000000000
6   16   8   4   -0.0009859677
6   16   8   6   -0.0000000000
7   9   5   6   0.0001120839
7   9   7   4   -0.0002590905
7   10   5   4   0.0007837746
7   10   7   6   -0.0004189620
7   11   5   4   -0.0000000000
7   11   5   6   -0.0181266760
7   11   7   4   -0.0183958959
7   12   5   4   0.0235868983
7   12   7   6   0.0321706757
7   13   1   6   0.0016975004
7   13   2   4   0.0008231979
7   13   3   6   -0.0049817230
7   13   4   4   -0.0039173880
7   13   6   6   -0.0010944288
7   13   7   6   -0.0000000000
7   13   8   5   0.0080455452
7   14   5   6   -0.0011269840
7   14   7   4   -0.0273415406
7   14   7   6   0.0000000000
7   15   1   4   0.0012259227
7   15   2   6   0.0016170381
7   15   3   4   -0.0014806285
7   15   4   6   0.0023208405
7   15   6   4   -0.0001244959
7   15   6   6   -0.0000000000
7   16   5   5   0.0795605281
8   9   2   5   0.0062108769
8   9   4   5   0.0049702786
8   9   8   4   -0.0020858583
8   10   1   5   0.0064450189
8   10   3   5   -0.0086023959
8   10   6   5   0.0010840668
8   10   8   6   -0.0015241326
8   11   2   5   -0.0059871704
8   11   3   5   -0.0000000000
8   11   4   5   -0.0220068706
8   11   8   4   -0.0209855828
8   11   8   6   -0.0000000000
8   12   1   5   0.0067806651
8   12   3   5   -0.0381817817
8   12   4   5   -0.0000000000
8   12   6   5   -0.0038335542
8   12   8   4   -0.0000000000
8   12   8   6   0.0399463317
8   13   7   5   0.0080455452
8   13   8   4   -0.0000000000
8   13   8   6   -0.0000000000
8   14   2   5   -0.0011061326
8   14   3   5   -0.0000000000
8   14   4   5   -0.0111566311
8   14   8   4   -0.0298362038
8   14   8   6   0.0000000000
8   15   5   5   0.0099057993
8   15   8   6   -0.0000000000
8   16   1   4   0.0016016845
8   16   2   4   0.0000000000
8   16   2   6   0.0022275436
8   16   3   4   -0.0033014086
8   16   3   6   -0.0000000000
8   16   4   4   0.0000000000
8   16   4   6   0.0061497141
8   16   5   4   -0.0000000000
8   16   5   6   0.0000000000
8   16   6   4   -0.0009859677
8   16   6   6   -0.0000000000
8   16   8   5   0.0000000000

End IJKA Block
Begin IABC Block
1   4   1   4   0.0000058967
1   4   1   6   -0.0000000000
1   4   2   5   0.0012703614
1   4   3   4   -0.0000000000
1   4   3   6   0.0000683475
1   5   1   5   -0.0004759228
1   5   2   4   0.0012703614
1   5   2   6   -0.0000000000
1   6   1   4   -0.0000000000
1   6   1   6   0.0000071177
1   6   2   5   -0.0000000000
1   6   3   4   0.0000683475
1   6   3   6   -0.0000000000
2   4   1   4   -0.0000000000
2   4   1   6   0.0003478177
2   4   2   5   -0.0000000000
2   4   3   4   -0.0001089249
2   5   2   4   -0.0000000000
2   5   2   6   0.0014778240
2   5   3   5   -0.0005525603
2   6   1   4   0.0003478177
2   6   2   5   0.0014778240
2   6   3   6   -0.0001127598
3   4   1   4   -0.0016015281
3   4   1   6   -0.0000000002
3   4   2   5   -0.0027416426
3   4   3   4   0.0000000001
3   4   3   6   -0.0013818078
3   5   1   5   -0.0163183724
3   5   2   4   -0.0027416426
3   5   2   6   -0.0000000004
3   5   3   5   0.0000000000
3   6   1   4   -0.0000000002
3   6   1   6   -0.0029616650
3   6   2   5   -0.0000000004
3   6   3   4   -0.0013818078
3   6   3   6   0.0000000000
4   4   1   4   0.0000000000
4   4   1   6   0.0025339676
4   4   2   5   0.0000000003
4   4   3   4   0.0059133074
4   4   3   6   -0.0000000003
4   5   1   5   0.0000000000
4   5   2   4   0.0000000003
4   5   2   6   0.0018010601
4   5   3   5   0.0267142344
4   6   1   4   0.0025339676
4   6   1   6   -0.0000000000
4   6   2   5   0.0018010601
4   6   3   4   -0.0000000003
4   6   3   6   0.0017485866
5   4   1   4   0.0000000001
5   4   1   6   0.0000000002
5   4   2   5   -0.0000000000
5   4   3   4   -0.0000000001
5   4   3   6   0.0000000006
5   5   1   5   -0.0000000000
5   5   2   4   -0.0000000000
5   5   2   6   0.0000000000
5   5   3   5   -0.0000000000
5   6   1   4   0.0000000002
5   6   1   6   0.0000000001
5   6   2   5   0.0000000000
5   6   3   4   0.0000000006
5   6   3   6   0.0000000003
6   4   1   4   -0.0040059482
6   4   1   6   0.0000000001
6   4   2   5   -0.0008625326
6   4   3   4   -0.0000000006
6   4   3   6   0.0066499505
6   5   1   5   -0.0230804287
6   5   2   4   -0.0008625326
6   5   2   6   -0.0000000001
6   5   3   5   -0.0000000000
6   6   1   4   0.0000000001
6   6   1   6   -0.0034485873
6   6   2   5   -0.0000000001
6   6   3   4   0.0066499505
6   6   3   6   -0.0000000002
7   4   1   4   0.0000000000
7   4   1   6   -0.0000000002
7   4   2   5   0.0000000000
7   4   3   4   0.0000000004
7   4   3   6   -0.0000000001
7   5   1   5   0.0000000000
7   5   2   4   0.0000000000
7   5   2   6   -0.0000000000
7   5   3   5   0.0000000000
7   6   1   4   -0.0000000002
7   6   1   6   -0.0000000001
7   6   2   5   -0.0000000000
7   6   3   4   -0.0000000001
7   6   3   6   -0.0000000000
8   4   1   5   0.0000000010
8   4   2   4   -0.0000000001
8   4   2   6   0.0263564586
8   4   3   5   0.0023266319
8   5   1   4   0.0000000010
8   5   1   6   0.0027668419
8   5   2   5   -0.0000000000
8   5   3   4   0.0023266319
8   5   3   6   0.0000000079
8   6   1   5   0.0027668419
8   6   2   4   0.0263564586
8   6   2   6   0.0000000001
8   6   3   5   0.0000000079

End IABC Block
