Begin IJ Block
1   1   -33.0267020102
1   2   -0.5833639984
1   4   0.1847156273
2   2   -7.8702774599
2   4   0.2155680622
3   3   -6.7562083856
4   4   -6.8932844633
5   5   -7.0194605317

End IJ Block
Begin IA Block
1   1   0.1363987849
2   1   0.6374448296
3   1   -0.0000000000
4   1   0.3094094940

End IA Block
Begin AB Block
1   1   -2.7940411934

End AB Block
Begin IJAB Block
1   6   1   2   0.0062973411
1   7   1   2   -0.0009222083
1   9   1   2   -0.0011515015
2   6   1   2   -0.0009222083
2   7   1   2   0.0235136479
2   9   1   2   0.0130825418
3   8   1   2   0.0147541932
4   6   1   2   -0.0011515015
4   7   1   2   0.0130825418
4   9   1   2   0.0130238611
5   10   1   2   0.0104380669

End IJAB Block
Begin IJKL Block
1   6   1   6   4.7196037126
1   6   1   7   0.4296678629
1   6   1   9   -0.1363900692
1   6   2   6   0.4296678629
1   6   2   7   0.0600743790
1   6   2   9   -0.0161036766
1   6   3   8   0.0169733710
1   6   4   6   -0.1363900692
1   6   4   7   -0.0161036766
1   6   4   9   0.0263653528
1   6   5   10   0.0257942864
1   7   1   6   0.4296678629
1   7   1   7   1.0482982987
1   7   1   9   -0.0830127225
1   7   2   6   0.0634515673
1   7   2   7   0.0145109272
1   7   2   9   -0.0075615282
1   7   3   8   -0.0230927511
1   7   4   6   -0.0160746109
1   7   4   7   -0.0145444388
1   7   4   9   -0.0220998300
1   7   5   10   -0.0284971024
1   8   1   8   0.8922220447
1   8   2   8   0.0070759109
1   8   3   6   0.0210036587
1   8   3   7   -0.0238229277
1   8   3   9   0.0030121977
1   8   4   8   -0.0075770023
1   9   1   6   -0.1363900692
1   9   1   7   -0.0830127225
1   9   1   9   0.9802124991
1   9   2   6   -0.0160746109
1   9   2   7   -0.0078101935
1   9   2   9   0.0129968023
1   9   3   8   0.0026519068
1   9   4   6   0.0307431834
1   9   4   7   -0.0226762060
1   9   4   9   0.0081633358
1   9   5   10   0.0085854633
1   10   1   10   1.0244177338
1   10   2   10   0.0116384818
1   10   4   10   -0.0047456443
1   10   5   6   0.0305608400
1   10   5   7   -0.0287535939
1   10   5   9   0.0088784318
2   6   1   6   0.4296678629
2   6   1   7   0.0634515673
2   6   1   9   -0.0160746109
2   6   2   6   1.0482982987
2   6   2   7   0.0145109272
2   6   2   9   -0.0145444388
2   6   3   8   -0.0230927511
2   6   4   6   -0.0830127225
2   6   4   7   -0.0075615282
2   6   4   9   -0.0220998300
2   6   5   10   -0.0284971024
2   7   1   6   0.0600743790
2   7   1   7   0.0145109272
2   7   1   9   -0.0078101935
2   7   2   6   0.0145109272
2   7   2   7   0.7444315509
2   7   2   9   0.0176977884
2   7   3   8   0.1424498629
2   7   4   6   -0.0078101935
2   7   4   7   0.0176977884
2   7   4   9   0.1137775190
2   7   5   10   0.1166272417
2   8   1   8   0.0070759109
2   8   2   8   0.6751477021
2   8   3   6   -0.0238229277
2   8   3   7   0.1468041690
2   8   3   9   0.0137591499
2   8   4   8   0.0119656201
2   9   1   6   -0.0161036766
2   9   1   7   -0.0075615282
2   9   1   9   0.0129968023
2   9   2   6   -0.0145444388
2   9   2   7   0.0176977884
2   9   2   9   0.6680786134
2   9   3   8   0.0142374968
2   9   4   6   -0.0226762060
2   9   4   7   0.1179575678
2   9   4   9   -0.0623562309
2   9   5   10   -0.0270246228
2   10   1   10   0.0116384818
2   10   2   10   0.6964660126
2   10   4   10   -0.0312482491
2   10   5   6   -0.0287535939
2   10   5   7   0.1202014448
2   10   5   9   -0.0269877757
3   6   1   8   0.0210036587
3   6   2   8   -0.0238229277
3   6   3   6   0.8922220447
3   6   3   7   0.0070759109
3   6   3   9   -0.0075770023
3   6   4   8   0.0030121977
3   7   1   8   -0.0238229277
3   7   2   8   0.1468041690
3   7   3   6   0.0070759109
3   7   3   7   0.6751477021
3   7   3   9   0.0119656201
3   7   4   8   0.0137591499
3   8   1   6   0.0169733710
3   8   1   7   -0.0230927511
3   8   1   9   0.0026519068
3   8   2   6   -0.0230927511
3   8   2   7   0.1424498629
3   8   2   9   0.0142374968
3   8   3   8   0.6492285539
3   8   4   6   0.0026519068
3   8   4   7   0.0142374968
3   8   4   9   0.0304952587
3   8   5   10   0.0221272436
3   9   1   8   0.0030121977
3   9   2   8   0.0137591499
3   9   3   6   -0.0075770023
3   9   3   7   0.0119656201
3   9   3   9   0.5962677612
3   9   4   8   0.0361103529
3   10   3   10   0.6099551458
3   10   5   8   0.0275096044
4   6   1   6   -0.1363900692
4   6   1   7   -0.0160746109
4   6   1   9   0.0307431834
4   6   2   6   -0.0830127225
4   6   2   7   -0.0078101935
4   6   2   9   -0.0226762060
4   6   3   8   0.0026519068
4   6   4   6   0.9802124991
4   6   4   7   0.0129968023
4   6   4   9   0.0081633358
4   6   5   10   0.0085854633
4   7   1   6   -0.0161036766
4   7   1   7   -0.0145444388
4   7   1   9   -0.0226762060
4   7   2   6   -0.0075615282
4   7   2   7   0.0176977884
4   7   2   9   0.1179575678
4   7   3   8   0.0142374968
4   7   4   6   0.0129968023
4   7   4   7   0.6680786134
4   7   4   9   -0.0623562309
4   7   5   10   -0.0270246228
4   8   1   8   -0.0075770023
4   8   2   8   0.0119656201
4   8   3   6   0.0030121977
4   8   3   7   0.0137591499
4   8   3   9   0.0361103529
4   8   4   8   0.5962677612
4   9   1   6   0.0263653528
4   9   1   7   -0.0220998300
4   9   1   9   0.0081633358
4   9   2   6   -0.0220998300
4   9   2   7   0.1137775190
4   9   2   9   -0.0623562309
4   9   3   8   0.0304952587
4   9   4   6   0.0081633358
4   9   4   7   -0.0623562309
4   9   4   9   0.6917846323
4   9   5   10   0.0320733342
4   10   1   10   -0.0047456443
4   10   2   10   -0.0312482491
4   10   4   10   0.6382655401
4   10   5   6   0.0088784318
4   10   5   7   -0.0269877757
4   10   5   9   0.0372146304
5   6   1   10   0.0305608400
5   6   2   10   -0.0287535939
5   6   4   10   0.0088784318
5   6   5   6   1.0244177338
5   6   5   7   0.0116384818
5   6   5   9   -0.0047456443
5   7   1   10   -0.0287535939
5   7   2   10   0.1202014448
5   7   4   10   -0.0269877757
5   7   5   6   0.0116384818
5   7   5   7   0.6964660126
5   7   5   9   -0.0312482491
5   8   3   10   0.0275096044
5   8   5   8   0.6099551458
5   9   1   10   0.0088784318
5   9   2   10   -0.0269877757
5   9   4   10   0.0372146304
5   9   5   6   -0.0047456443
5   9   5   7   -0.0312482491
5   9   5   9   0.6382655401
5   10   1   6   0.0257942864
5   10   1   7   -0.0284971024
5   10   1   9   0.0085854633
5   10   2   6   -0.0284971024
5   10   2   7   0.1166272417
5   10   2   9   -0.0270246228
5   10   3   8   0.0221272436
5   10   4   6   0.0085854633
5   10   4   7   -0.0270246228
5   10   4   9   0.0320733342
5   10   5   10   0.7136906564

End IJKL Block
Begin ABCD Block
1   2   1   2   0.2446607356

End ABCD Block
Begin AIJB Block
1   6   1   2   0.0056653131
1   6   2   2   -0.0004966108
1   6   4   2   -0.0007278389
1   7   1   2   -0.0004966108
1   7   2   2   0.0184722000
1   7   4   2   0.0098867563
1   8   3   2   0.0112329515
1   9   1   2   -0.0007278389
1   9   2   2   0.0098867563
1   9   4   2   0.0112861720
1   10   5   2   0.0076139926

1   6   6   1   -0.3208899033
1   6   7   1   -0.0009816288
1   6   9   1   0.0039421260
1   7   6   1   -0.0009816288
1   7   7   1   -0.2994731558
1   7   9   1   -0.0201594663
1   8   8   1   -0.2951878025
1   9   6   1   0.0039421260
1   9   7   1   -0.0201594663
1   9   9   1   -0.2830426643
1   10   10   1   -0.2868128393

End AIJB Block
Begin IJKA Block
1   6   1   2   -0.1108654599
1   6   2   2   -0.0180240552
1   6   4   2   -0.0002641535
1   7   1   2   -0.1279602103
1   7   2   2   -0.0019149287
1   7   4   2   0.0066536385
1   8   3   2   0.0036228829
1   9   1   2   -0.0532248046
1   9   2   2   0.0009589546
1   9   4   2   0.0027467020
1   10   5   2   0.0057102604
2   6   1   2   -0.0189809857
2   6   2   2   -0.0011555178
2   6   4   2   0.0065168768
2   7   1   2   -0.0009461973
2   7   2   2   -0.0749987936
2   7   4   2   -0.0131398247
2   8   3   2   -0.0039420807
2   9   1   2   0.0010968106
2   9   2   2   -0.0356913264
2   9   4   2   -0.0005434404
2   10   5   2   -0.0155787366
3   6   3   2   -0.0005690469
3   7   3   2   -0.0557892594
3   8   1   2   0.0034865910
3   8   2   2   -0.0040305640
3   8   4   2   0.0017561759
3   9   3   2   -0.0247391264
4   6   1   2   -0.0005905443
4   6   2   2   0.0067900970
4   6   4   2   -0.0053044676
4   7   1   2   0.0065163507
4   7   2   2   -0.0135847998
4   7   4   2   -0.0512437015
4   8   3   2   0.0012333241
4   9   1   2   0.0023650333
4   9   2   2   -0.0008906583
4   9   4   2   -0.0349723361
4   10   5   2   -0.0008260038
5   6   5   2   -0.0020275345
5   7   5   2   -0.0658510872
5   9   5   2   -0.0310318553
5   10   1   2   0.0050718935
5   10   2   2   -0.0150032023
5   10   4   2   -0.0012041888

End IJKA Block
Begin IABC Block
1   2   1   2   0.0003976556
2   2   1   2   -0.0074025540
4   2   1   2   0.0022667540

End IABC Block
