Number of strings: 21 21, CI size = 441
String addressing array alpha: 5 7
0 5 6 6 6 6 6
0 0 4 5 5 5 5
0 0 0 3 4 4 4
0 0 0 0 2 3 3
0 0 0 0 0 1 2

Alpha strings 21 5
1 2 3 4 5
1 2 3 4 6
1 2 3 4 7
1 2 3 5 6
1 2 3 5 7
1 2 3 6 7
1 2 4 5 6
1 2 4 5 7
1 2 4 6 7
1 2 5 6 7
1 3 4 5 6
1 3 4 5 7
1 3 4 6 7
1 3 5 6 7
1 4 5 6 7
2 3 4 5 6
2 3 4 5 7
2 3 4 6 7
2 3 5 6 7
2 4 5 6 7
3 4 5 6 7

Is hamiltonian hermitian? 1
Implicit Hamiltonian constructed
E(core)= 9.189534427600
H(1,1) + E(core) energy = -76.392646670900
Davidson: iter=0 dim=0 root=0 eigenvalue=-85.582181098500
Davidson: iter=1 dim=1 root=0 eigenvalue=-85.583868744892
Davidson: iter=2 dim=2 root=0 eigenvalue=-85.583910865169
Davidson: iter=3 dim=3 root=0 eigenvalue=-85.583911298032
Davidson: iter=4 dim=4 root=0 eigenvalue=-85.583911302617
Davidson: iter=5 dim=5 root=0 eigenvalue=-85.583911302669
Davidson: iter=6 dim=6 root=0 eigenvalue=-85.583911302670
root no. 0 converged
Davidson converged in 6 iterations.
E(core)= 9.189534427600
E(0)= -76.394376875070
FCI Excitation energies = 1
0.000000000000

Vacuum coefficients in CI state 0 = -0.999540120582
Eigenvector 0 in string basis
0: -0.999540120582 seniority 0 ... 5
1 2 3 4 5
 | 5
1 2 3 4 5

Seniority vectors for all roots (nroots/seniority)
1 6
0.999571845450 0.000103021130 -0.999245425250 0.029303553366 1.000000000000 0.000000000000

Calculating transition densities
Root 0 MO occupations numbers (density matrix diagonal)
7
1.999999885928 1.999606136380 1.999146408413 1.999544825060 1.999872945751 0.001046636595 0.000783161873
Transition densities done:
Trandens between roots 0 0
7 7
1.999999885928 0.000001448235 0.000000000000 -0.000000248994 0.000000000000 -0.000229870878 0.000000000000
0.000001448235 1.999606136380 0.000000000000 0.000375264204 0.000000000000 -0.000895602730 0.000000000000
0.000000000000 0.000000000000 1.999146408413 0.000000000000 0.000000000000 0.000000000000 0.001188751128
-0.000000248994 0.000375264204 0.000000000000 1.999544825060 0.000000000000 0.004907967123 0.000000000000
0.000000000000 0.000000000000 0.000000000000 0.000000000000 1.999872945751 0.000000000000 0.000000000000
-0.000229870878 -0.000895602730 0.000000000000 0.004907967123 0.000000000000 0.001046636595 0.000000000000
0.000000000000 0.000000000000 0.001188751128 0.000000000000 0.000000000000 0.000000000000 0.000783161873

State 0 :
Natural orbital occupations
7
1.999999923326 1.999955589830 1.999872945751 1.999207815857 1.999147115556 0.001034154951 0.000782454730
Natural orbitals (in MO basis)
7 7
0.999913104855 -0.013015737455 0.000000000000 0.002088083696 -0.000000000000 -0.000114993917 0.000000000000
0.010930673673 0.730127503541 0.000000000000 -0.683223351270 -0.000000000000 -0.000448580978 0.000000000000
0.000000000000 0.000000000000 0.000000000000 0.000000000000 -0.999999823070 -0.000000000000 0.000594862070
0.007368361427 0.683185620288 0.000000000000 0.730203453903 -0.000000000000 0.002455888866 0.000000000000
0.000000000000 0.000000000000 1.000000000000 0.000000000000 -0.000000000000 -0.000000000000 0.000000000000
-0.000101791658 0.001351807601 0.000000000000 0.002099545971 -0.000000000000 -0.999996877076 0.000000000000
0.000000000000 0.000000000000 0.000000000000 0.000000000000 -0.000594862070 -0.000000000000 -0.999999823070

