Begin IJ Block
1   1   -2.1872700232
1   3   0.1382303997
2   2   -1.9528627918
3   3   -1.8127127575

End IJ Block
Begin IA Block
1   1   -0.0000000000
1   2   0.0715820644
1   3   -0.0000000000
1   4   -0.1223514578
2   1   0.2095877972
2   3   0.0472851822
2   4   -0.0000000000
3   1   0.0000000000
3   2   0.1897793631
3   3   0.0000000000
3   4   0.0577426023

End IA Block
Begin AB Block
1   1   -1.4912600426
1   2   0.0000000000
1   3   0.2948862207
1   4   0.0000000000
2   2   -1.0004060061
2   3   -0.0000000000
2   4   0.0051992158
3   3   -0.9268681186
3   4   0.0000000000
4   4   -1.0983014957

End AB Block
Begin IJAB Block
1   4   1   5   0.0545914124
1   4   1   7   -0.0208942254
1   4   1   8   0.0000000000
1   4   2   6   0.0176681759
1   4   2   7   0.0000000000
1   4   2   8   0.0025872638
1   4   3   5   -0.0208942254
1   4   3   6   0.0000000000
1   4   3   7   0.0142850060
1   4   3   8   0.0000000000
1   4   4   5   0.0000000000
1   4   4   6   0.0025872638
1   4   4   7   0.0000000000
1   4   4   8   0.0157972884
1   5   1   6   0.0221238004
1   5   1   7   -0.0000000000
1   5   1   8   -0.0032867363
1   5   2   5   0.0085086157
1   5   2   7   0.0078639212
1   5   2   8   0.0000000000
1   5   3   5   0.0000000000
1   5   3   6   0.0008963643
1   5   3   7   -0.0000000000
1   5   3   8   -0.0017540299
1   5   4   5   -0.0097793355
1   5   4   6   0.0000000000
1   5   4   7   -0.0001661254
1   5   4   8   0.0000000000
1   6   1   5   -0.0071379271
1   6   1   6   0.0000000000
1   6   1   7   0.0107041421
1   6   2   6   0.0053277071
1   6   2   7   -0.0000000000
1   6   2   8   -0.0052625463
1   6   3   5   -0.0017653770
1   6   3   6   0.0000000000
1   6   3   7   0.0045307266
1   6   4   5   -0.0000000000
1   6   4   6   -0.0094846686
1   6   4   7   -0.0000000001
1   6   4   8   -0.0088342352
2   4   1   6   0.0085086157
2   4   1   7   0.0000000000
2   4   1   8   -0.0097793355
2   4   2   5   0.0221238004
2   4   2   7   0.0008963643
2   4   2   8   0.0000000000
2   4   3   5   -0.0000000000
2   4   3   6   0.0078639212
2   4   3   7   -0.0000000000
2   4   3   8   -0.0001661254
2   4   4   5   -0.0032867363
2   4   4   6   0.0000000000
2   4   4   7   -0.0017540299
2   4   4   8   0.0000000000
2   5   1   5   0.0566876087
2   5   1   7   -0.0207579688
2   5   1   8   0.0000000000
2   5   2   6   0.0254970667
2   5   2   8   -0.0028727426
2   5   3   5   -0.0207579688
2   5   3   7   0.0219359718
2   5   3   8   -0.0000000000
2   5   4   5   0.0000000000
2   5   4   6   -0.0028727426
2   5   4   7   -0.0000000000
2   5   4   8   0.0055126215
2   6   1   6   0.0271585412
2   6   1   7   -0.0000000000
2   6   1   8   0.0169612957
2   6   2   5   -0.0000360022
2   6   2   7   0.0127360178
2   6   3   6   -0.0010675996
2   6   3   7   0.0000000000
2   6   3   8   -0.0101033610
2   6   4   5   0.0107628585
2   6   4   6   0.0000000000
2   6   4   7   -0.0084673953
3   4   1   5   -0.0071379271
3   4   1   7   -0.0017653770
3   4   1   8   -0.0000000000
3   4   2   5   0.0000000000
3   4   2   6   0.0053277071
3   4   2   7   0.0000000000
3   4   2   8   -0.0094846686
3   4   3   5   0.0107041421
3   4   3   6   -0.0000000000
3   4   3   7   0.0045307266
3   4   3   8   -0.0000000001
3   4   4   6   -0.0052625463
3   4   4   8   -0.0088342352
3   5   1   6   -0.0000360022
3   5   1   8   0.0107628585
3   5   2   5   0.0271585412
3   5   2   7   -0.0010675996
3   5   2   8   0.0000000000
3   5   3   5   -0.0000000000
3   5   3   6   0.0127360178
3   5   3   7   0.0000000000
3   5   3   8   -0.0084673953
3   5   4   5   0.0169612957
3   5   4   7   -0.0101033610
3   6   1   5   0.0602234969
3   6   1   6   -0.0000000000
3   6   1   7   -0.0319105946
3   6   2   5   -0.0000000000
3   6   2   6   0.0241609610
3   6   2   7   -0.0000000000
3   6   2   8   0.0095001888
3   6   3   5   -0.0319105946
3   6   3   6   -0.0000000000
3   6   3   7   0.0278242748
3   6   4   6   0.0095001888
3   6   4   8   0.0124777340

End IJAB Block
Begin IJKL Block
1   4   1   4   0.4083643848
1   4   1   6   -0.0745940811
1   4   2   5   0.1240924041
1   4   3   4   -0.0745940811
1   4   3   6   0.0929240166
1   5   1   5   0.3250857452
1   5   2   4   0.1240924041
1   5   2   6   0.0930952106
1   5   3   5   0.0253808475
1   6   1   4   -0.0745940811
1   6   1   6   0.3363696663
1   6   2   5   0.0930952106
1   6   3   4   0.0929240166
1   6   3   6   -0.0213028030
2   4   1   5   0.1240924041
2   4   2   4   0.3250857452
2   4   2   6   0.0253808475
2   4   3   5   0.0930952106
2   5   1   4   0.1240924041
2   5   1   6   0.0930952106
2   5   2   5   0.3497406191
2   5   3   4   0.0930952106
2   5   3   6   0.1107334222
2   6   1   5   0.0930952106
2   6   2   4   0.0253808475
2   6   2   6   0.3137866629
2   6   3   5   0.1107334222
3   4   1   4   -0.0745940811
3   4   1   6   0.0929240166
3   4   2   5   0.0930952106
3   4   3   4   0.3363696663
3   4   3   6   -0.0213028030
3   5   1   5   0.0253808475
3   5   2   4   0.0930952106
3   5   2   6   0.1107334222
3   5   3   5   0.3137866629
3   6   1   4   0.0929240166
3   6   1   6   -0.0213028030
3   6   2   5   0.1107334222
3   6   3   4   -0.0213028030
3   6   3   6   0.3261496463

End IJKL Block
Begin ABCD Block
1   5   1   5   0.2610291172
1   5   1   6   0.0000000000
1   5   1   7   -0.0413644815
1   5   1   8   0.0000000001
1   5   2   5   0.0000000000
1   5   2   6   0.0543821098
1   5   2   7   0.0000000000
1   5   2   8   0.0109840634
1   5   3   5   -0.0413644815
1   5   3   6   0.0000000000
1   5   3   7   0.0298206618
1   5   3   8   0.0000000004
1   5   4   5   0.0000000001
1   5   4   6   0.0109840634
1   5   4   7   0.0000000004
1   5   4   8   0.0077723450
1   6   1   5   0.0000000000
1   6   1   6   0.2036410692
1   6   1   7   -0.0000000000
1   6   1   8   0.0042097647
1   6   2   5   0.0543821098
1   6   2   6   0.0000000000
1   6   2   7   0.0473322579
1   6   2   8   0.0000000000
1   6   3   5   0.0000000000
1   6   3   6   -0.0046018577
1   6   3   7   -0.0000000004
1   6   3   8   0.0023830052
1   6   4   5   0.0109840634
1   6   4   6   0.0000000002
1   6   4   7   0.0090247147
1   6   4   8   0.0000000003
1   7   1   5   -0.0413644815
1   7   1   6   -0.0000000000
1   7   1   7   0.1989341220
1   7   1   8   0.0000000001
1   7   2   5   0.0000000000
1   7   2   6   0.0473322579
1   7   2   7   0.0000000001
1   7   2   8   -0.0086602048
1   7   3   5   0.0298206618
1   7   3   6   -0.0000000004
1   7   3   7   -0.0123185880
1   7   3   8   0.0000000006
1   7   4   5   0.0000000004
1   7   4   6   0.0090247147
1   7   4   7   0.0000000021
1   7   4   8   -0.0048991471
1   8   1   5   0.0000000001
1   8   1   6   0.0042097647
1   8   1   7   0.0000000001
1   8   1   8   0.2036644989
1   8   2   5   0.0109840634
1   8   2   6   0.0000000000
1   8   2   7   -0.0086602048
1   8   2   8   0.0000000000
1   8   3   5   0.0000000004
1   8   3   6   0.0023830052
1   8   3   7   0.0000000006
1   8   3   8   -0.0361797850
1   8   4   5   0.0077723450
1   8   4   6   0.0000000003
1   8   4   7   -0.0048991471
1   8   4   8   0.0000000005
2   5   1   5   0.0000000000
2   5   1   6   0.0543821098
2   5   1   7   0.0000000000
2   5   1   8   0.0109840634
2   5   2   5   0.2036410692
2   5   2   6   0.0000000000
2   5   2   7   -0.0046018577
2   5   2   8   0.0000000002
2   5   3   5   -0.0000000000
2   5   3   6   0.0473322579
2   5   3   7   -0.0000000004
2   5   3   8   0.0090247147
2   5   4   5   0.0042097647
2   5   4   6   0.0000000000
2   5   4   7   0.0023830052
2   5   4   8   0.0000000003
2   6   1   5   0.0543821098
2   6   1   6   0.0000000000
2   6   1   7   0.0473322579
2   6   1   8   0.0000000000
2   6   2   5   0.0000000000
2   6   2   6   0.1950401707
2   6   2   7   -0.0000000003
2   6   2   8   0.0061301669
2   6   3   5   0.0473322579
2   6   3   6   -0.0000000003
2   6   3   7   0.0520802427
2   6   3   8   -0.0000000004
2   6   4   5   0.0000000000
2   6   4   6   0.0061301669
2   6   4   7   -0.0000000004
2   6   4   8   0.0035773656
2   7   1   5   0.0000000000
2   7   1   6   0.0473322579
2   7   1   7   0.0000000001
2   7   1   8   -0.0086602048
2   7   2   5   -0.0046018577
2   7   2   6   -0.0000000003
2   7   2   7   0.1824093400
2   7   2   8   0.0000000003
2   7   3   5   -0.0000000004
2   7   3   6   0.0520802427
2   7   3   7   -0.0000000019
2   7   3   8   -0.0054678752
2   7   4   5   0.0023830052
2   7   4   6   -0.0000000004
2   7   4   7   0.0043004611
2   7   4   8   0.0000000004
2   8   1   5   0.0109840634
2   8   1   6   0.0000000000
2   8   1   7   -0.0086602048
2   8   1   8   0.0000000000
2   8   2   5   0.0000000002
2   8   2   6   0.0061301669
2   8   2   7   0.0000000003
2   8   2   8   0.1603949182
2   8   3   5   0.0090247147
2   8   3   6   -0.0000000004
2   8   3   7   -0.0054678752
2   8   3   8   -0.0000000004
2   8   4   5   0.0000000003
2   8   4   6   0.0035773656
2   8   4   7   0.0000000004
2   8   4   8   -0.0049215100
3   5   1   5   -0.0413644815
3   5   1   6   0.0000000000
3   5   1   7   0.0298206618
3   5   1   8   0.0000000004
3   5   2   5   -0.0000000000
3   5   2   6   0.0473322579
3   5   2   7   -0.0000000004
3   5   2   8   0.0090247147
3   5   3   5   0.1989341220
3   5   3   6   0.0000000001
3   5   3   7   -0.0123185880
3   5   3   8   0.0000000021
3   5   4   5   0.0000000001
3   5   4   6   -0.0086602048
3   5   4   7   0.0000000006
3   5   4   8   -0.0048991471
3   6   1   5   0.0000000000
3   6   1   6   -0.0046018577
3   6   1   7   -0.0000000004
3   6   1   8   0.0023830052
3   6   2   5   0.0473322579
3   6   2   6   -0.0000000003
3   6   2   7   0.0520802427
3   6   2   8   -0.0000000004
3   6   3   5   0.0000000001
3   6   3   6   0.1824093400
3   6   3   7   -0.0000000019
3   6   3   8   0.0043004611
3   6   4   5   -0.0086602048
3   6   4   6   0.0000000003
3   6   4   7   -0.0054678752
3   6   4   8   0.0000000004
3   7   1   5   0.0298206618
3   7   1   6   -0.0000000004
3   7   1   7   -0.0123185880
3   7   1   8   0.0000000006
3   7   2   5   -0.0000000004
3   7   2   6   0.0520802427
3   7   2   7   -0.0000000019
3   7   2   8   -0.0054678752
3   7   3   5   -0.0123185880
3   7   3   6   -0.0000000019
3   7   3   7   0.1793464741
3   7   3   8   0.0000000029
3   7   4   5   0.0000000006
3   7   4   6   -0.0054678752
3   7   4   7   0.0000000029
3   7   4   8   0.0094235579
3   8   1   5   0.0000000004
3   8   1   6   0.0023830052
3   8   1   7   0.0000000006
3   8   1   8   -0.0361797850
3   8   2   5   0.0090247147
3   8   2   6   -0.0000000004
3   8   2   7   -0.0054678752
3   8   2   8   -0.0000000004
3   8   3   5   0.0000000021
3   8   3   6   0.0043004611
3   8   3   7   0.0000000029
3   8   3   8   0.1654209049
3   8   4   5   -0.0048991471
3   8   4   6   0.0000000004
3   8   4   7   0.0094235579
3   8   4   8   0.0000000007
4   5   1   5   0.0000000001
4   5   1   6   0.0109840634
4   5   1   7   0.0000000004
4   5   1   8   0.0077723450
4   5   2   5   0.0042097647
4   5   2   6   0.0000000000
4   5   2   7   0.0023830052
4   5   2   8   0.0000000003
4   5   3   5   0.0000000001
4   5   3   6   -0.0086602048
4   5   3   7   0.0000000006
4   5   3   8   -0.0048991471
4   5   4   5   0.2036644989
4   5   4   6   0.0000000000
4   5   4   7   -0.0361797850
4   5   4   8   0.0000000005
4   6   1   5   0.0109840634
4   6   1   6   0.0000000002
4   6   1   7   0.0090247147
4   6   1   8   0.0000000003
4   6   2   5   0.0000000000
4   6   2   6   0.0061301669
4   6   2   7   -0.0000000004
4   6   2   8   0.0035773656
4   6   3   5   -0.0086602048
4   6   3   6   0.0000000003
4   6   3   7   -0.0054678752
4   6   3   8   0.0000000004
4   6   4   5   0.0000000000
4   6   4   6   0.1603949182
4   6   4   7   -0.0000000004
4   6   4   8   -0.0049215100
4   7   1   5   0.0000000004
4   7   1   6   0.0090247147
4   7   1   7   0.0000000021
4   7   1   8   -0.0048991471
4   7   2   5   0.0023830052
4   7   2   6   -0.0000000004
4   7   2   7   0.0043004611
4   7   2   8   0.0000000004
4   7   3   5   0.0000000006
4   7   3   6   -0.0054678752
4   7   3   7   0.0000000029
4   7   3   8   0.0094235579
4   7   4   5   -0.0361797850
4   7   4   6   -0.0000000004
4   7   4   7   0.1654209049
4   7   4   8   0.0000000007
4   8   1   5   0.0077723450
4   8   1   6   0.0000000003
4   8   1   7   -0.0048991471
4   8   1   8   0.0000000005
4   8   2   5   0.0000000003
4   8   2   6   0.0035773656
4   8   2   7   0.0000000004
4   8   2   8   -0.0049215100
4   8   3   5   -0.0048991471
4   8   3   6   0.0000000004
4   8   3   7   0.0094235579
4   8   3   8   0.0000000007
4   8   4   5   0.0000000005
4   8   4   6   -0.0049215100
4   8   4   7   0.0000000007
4   8   4   8   0.2230243884

End ABCD Block
Begin AIJB Block
1   4   1   5   0.0545914124
1   4   1   7   -0.0208942254
1   4   1   8   0.0000000000
1   4   2   6   0.0085086157
1   4   2   7   0.0000000000
1   4   2   8   -0.0097793355
1   4   3   5   -0.0071379271
1   4   3   7   -0.0017653770
1   4   3   8   -0.0000000000
1   5   1   6   0.0221238004
1   5   1   7   -0.0000000000
1   5   1   8   -0.0032867363
1   5   2   5   0.0566876087
1   5   2   7   -0.0207579688
1   5   2   8   0.0000000000
1   5   3   6   -0.0000360022
1   5   3   8   0.0107628585
1   6   1   5   -0.0071379271
1   6   1   6   0.0000000000
1   6   1   7   0.0107041421
1   6   2   6   0.0271585412
1   6   2   7   -0.0000000000
1   6   2   8   0.0169612957
1   6   3   5   0.0602234969
1   6   3   6   -0.0000000000
1   6   3   7   -0.0319105946
2   4   1   6   0.0176681759
2   4   1   7   0.0000000000
2   4   1   8   0.0025872638
2   4   2   5   0.0221238004
2   4   2   7   0.0008963643
2   4   2   8   0.0000000000
2   4   3   5   0.0000000000
2   4   3   6   0.0053277071
2   4   3   7   0.0000000000
2   4   3   8   -0.0094846686
2   5   1   5   0.0085086157
2   5   1   7   0.0078639212
2   5   1   8   0.0000000000
2   5   2   6   0.0254970667
2   5   2   8   -0.0028727426
2   5   3   5   0.0271585412
2   5   3   7   -0.0010675996
2   5   3   8   0.0000000000
2   6   1   6   0.0053277071
2   6   1   7   -0.0000000000
2   6   1   8   -0.0052625463
2   6   2   5   -0.0000360022
2   6   2   7   0.0127360178
2   6   3   5   -0.0000000000
2   6   3   6   0.0241609610
2   6   3   7   -0.0000000000
2   6   3   8   0.0095001888
3   4   1   5   -0.0208942254
3   4   1   6   0.0000000000
3   4   1   7   0.0142850060
3   4   1   8   0.0000000000
3   4   2   5   -0.0000000000
3   4   2   6   0.0078639212
3   4   2   7   -0.0000000000
3   4   2   8   -0.0001661254
3   4   3   5   0.0107041421
3   4   3   6   -0.0000000000
3   4   3   7   0.0045307266
3   4   3   8   -0.0000000001
3   5   1   5   0.0000000000
3   5   1   6   0.0008963643
3   5   1   7   -0.0000000000
3   5   1   8   -0.0017540299
3   5   2   5   -0.0207579688
3   5   2   7   0.0219359718
3   5   2   8   -0.0000000000
3   5   3   5   -0.0000000000
3   5   3   6   0.0127360178
3   5   3   7   0.0000000000
3   5   3   8   -0.0084673953
3   6   1   5   -0.0017653770
3   6   1   6   0.0000000000
3   6   1   7   0.0045307266
3   6   2   6   -0.0010675996
3   6   2   7   0.0000000000
3   6   2   8   -0.0101033610
3   6   3   5   -0.0319105946
3   6   3   6   -0.0000000000
3   6   3   7   0.0278242748
4   4   1   5   0.0000000000
4   4   1   6   0.0025872638
4   4   1   7   0.0000000000
4   4   1   8   0.0157972884
4   4   2   5   -0.0032867363
4   4   2   6   0.0000000000
4   4   2   7   -0.0017540299
4   4   2   8   0.0000000000
4   4   3   6   -0.0052625463
4   4   3   8   -0.0088342352
4   5   1   5   -0.0097793355
4   5   1   6   0.0000000000
4   5   1   7   -0.0001661254
4   5   1   8   0.0000000000
4   5   2   5   0.0000000000
4   5   2   6   -0.0028727426
4   5   2   7   -0.0000000000
4   5   2   8   0.0055126215
4   5   3   5   0.0169612957
4   5   3   7   -0.0101033610
4   6   1   5   -0.0000000000
4   6   1   6   -0.0094846686
4   6   1   7   -0.0000000001
4   6   1   8   -0.0088342352
4   6   2   5   0.0107628585
4   6   2   6   0.0000000000
4   6   2   7   -0.0084673953
4   6   3   6   0.0095001888
4   6   3   8   0.0124777340

1   4   4   1   -0.2935186038
1   4   4   2   0.0000000000
1   4   4   3   0.0720787256
1   4   4   4   -0.0000000000
1   4   5   2   -0.0532892721
1   4   5   3   0.0000000000
1   4   5   4   -0.0042352189
1   4   6   1   0.0130805435
1   4   6   2   -0.0000000000
1   4   6   3   -0.0160751172
1   4   6   4   0.0000000000
1   5   4   2   -0.0532892721
1   5   4   3   0.0000000000
1   5   4   4   -0.0042352189
1   5   5   1   -0.2781309578
1   5   5   2   -0.0000000000
1   5   5   3   0.0542755216
1   5   5   4   0.0000000000
1   5   6   1   0.0000000000
1   5   6   2   -0.0551137535
1   5   6   3   0.0000000000
1   5   6   4   -0.0170764293
1   6   4   1   0.0130805435
1   6   4   2   -0.0000000000
1   6   4   3   -0.0160751172
1   6   4   4   0.0000000000
1   6   5   1   0.0000000000
1   6   5   2   -0.0551137535
1   6   5   3   0.0000000000
1   6   5   4   -0.0170764293
1   6   6   1   -0.2762898158
1   6   6   2   0.0000000000
1   6   6   3   0.0578702575
1   6   6   4   0.0000000000
2   4   4   1   0.0000000000
2   4   4   2   -0.2025212686
2   4   4   3   0.0000000000
2   4   4   4   -0.0003035544
2   4   5   1   -0.0532892721
2   4   5   3   -0.0362846453
2   4   5   4   -0.0000000000
2   4   6   1   -0.0000000000
2   4   6   2   -0.0096547822
2   4   6   3   -0.0000000000
2   4   6   4   0.0026062245
2   5   4   1   -0.0532892721
2   5   4   3   -0.0362846453
2   5   4   4   -0.0000000000
2   5   5   1   -0.0000000000
2   5   5   2   -0.2125380882
2   5   5   3   -0.0000000000
2   5   5   4   0.0020417166
2   5   6   1   -0.0551137535
2   5   6   2   0.0000000000
2   5   6   3   -0.0405237848
2   5   6   4   0.0000000000
2   6   4   1   -0.0000000000
2   6   4   2   -0.0096547822
2   6   4   3   -0.0000000000
2   6   4   4   0.0026062245
2   6   5   1   -0.0551137535
2   6   5   2   0.0000000000
2   6   5   3   -0.0405237848
2   6   5   4   0.0000000000
2   6   6   1   0.0000000000
2   6   6   2   -0.2058353877
2   6   6   3   -0.0000000000
2   6   6   4   -0.0037459093
3   4   4   1   0.0720787256
3   4   4   2   0.0000000000
3   4   4   3   -0.2014390468
3   4   5   1   0.0000000000
3   4   5   2   -0.0362846453
3   4   5   3   0.0000000000
3   4   5   4   0.0173469679
3   4   6   1   -0.0160751172
3   4   6   2   -0.0000000000
3   4   6   3   -0.0065902060
3   4   6   4   -0.0000000000
3   5   4   1   0.0000000000
3   5   4   2   -0.0362846453
3   5   4   3   0.0000000000
3   5   4   4   0.0173469679
3   5   5   1   0.0542755216
3   5   5   2   -0.0000000000
3   5   5   3   -0.2087063504
3   5   5   4   -0.0000000000
3   5   6   1   0.0000000000
3   5   6   2   -0.0405237848
3   5   6   3   0.0000000001
3   5   6   4   0.0204059509
3   6   4   1   -0.0160751172
3   6   4   2   -0.0000000000
3   6   4   3   -0.0065902060
3   6   4   4   -0.0000000000
3   6   5   1   0.0000000000
3   6   5   2   -0.0405237848
3   6   5   3   0.0000000001
3   6   5   4   0.0204059509
3   6   6   1   0.0578702575
3   6   6   2   -0.0000000000
3   6   6   3   -0.2077370147
3   6   6   4   0.0000000000
4   4   4   1   -0.0000000000
4   4   4   2   -0.0003035544
4   4   4   4   -0.2535312824
4   4   5   1   -0.0042352189
4   4   5   2   -0.0000000000
4   4   5   3   0.0173469679
4   4   5   4   -0.0000000000
4   4   6   1   0.0000000000
4   4   6   2   0.0026062245
4   4   6   3   -0.0000000000
4   4   6   4   0.0338407805
4   5   4   1   -0.0042352189
4   5   4   2   -0.0000000000
4   5   4   3   0.0173469679
4   5   4   4   -0.0000000000
4   5   5   1   0.0000000000
4   5   5   2   0.0020417166
4   5   5   3   -0.0000000000
4   5   5   4   -0.2162693647
4   5   6   1   -0.0170764293
4   5   6   2   0.0000000000
4   5   6   3   0.0204059509
4   5   6   4   0.0000000000
4   6   4   1   0.0000000000
4   6   4   2   0.0026062245
4   6   4   3   -0.0000000000
4   6   4   4   0.0338407805
4   6   5   1   -0.0170764293
4   6   5   2   0.0000000000
4   6   5   3   0.0204059509
4   6   5   4   0.0000000000
4   6   6   1   0.0000000000
4   6   6   2   -0.0037459093
4   6   6   3   0.0000000000
4   6   6   4   -0.2239810852

End AIJB Block
Begin IJKA Block
1   4   1   6   -0.0098510333
1   4   1   7   -0.0000000000
1   4   1   8   0.0461326423
1   4   2   5   -0.0456047726
1   4   2   7   0.0000972222
1   4   3   6   -0.0238251010
1   4   3   7   0.0000000000
1   4   3   8   -0.0200672870
1   5   1   5   -0.0725260375
1   5   1   7   -0.0007220321
1   5   1   8   -0.0000000000
1   5   2   6   -0.0393368692
1   5   2   8   0.0138058381
1   5   3   5   0.0439903853
1   5   3   7   -0.0327969553
1   5   3   8   0.0000000000
1   6   1   6   -0.0623814083
1   6   1   7   0.0000000000
1   6   1   8   -0.0295794132
1   6   2   5   0.0605826278
1   6   2   7   -0.0484215399
1   6   3   6   0.0224702032
1   6   3   7   -0.0000000000
1   6   3   8   0.0289762292
2   4   1   5   -0.0456047726
2   4   1   7   0.0000972222
2   4   2   6   -0.0336148245
2   4   2   8   0.0244916295
2   4   3   5   0.0050584226
2   4   3   7   -0.0220309520
2   4   3   8   0.0000000000
2   5   1   6   -0.0393368692
2   5   1   8   0.0138058381
2   5   2   5   -0.0217287000
2   5   2   7   -0.0368285504
2   5   3   6   -0.0225779726
2   5   3   8   0.0120620893
2   6   1   5   0.0605826278
2   6   1   7   -0.0484215399
2   6   2   6   -0.0371427034
2   6   2   7   -0.0000000000
2   6   2   8   0.0018654212
2   6   3   5   0.0598524910
2   6   3   6   0.0000000000
2   6   3   7   -0.0438557701
3   4   1   6   -0.0238251010
3   4   1   7   0.0000000000
3   4   1   8   -0.0200672870
3   4   2   5   0.0050584226
3   4   2   7   -0.0220309520
3   4   2   8   0.0000000000
3   4   3   5   0.0000000000
3   4   3   6   -0.0056840241
3   4   3   7   0.0000000000
3   4   3   8   0.0350088118
3   5   1   5   0.0439903853
3   5   1   7   -0.0327969553
3   5   1   8   0.0000000000
3   5   2   6   -0.0225779726
3   5   2   8   0.0120620893
3   5   3   5   -0.0142796519
3   5   3   7   -0.0263855578
3   5   3   8   0.0000000000
3   6   1   6   0.0224702032
3   6   1   7   -0.0000000000
3   6   1   8   0.0289762292
3   6   2   5   0.0598524910
3   6   2   6   0.0000000000
3   6   2   7   -0.0438557701
3   6   3   6   -0.0371342133
3   6   3   7   -0.0000000000
3   6   3   8   -0.0103198160

End IJKA Block
Begin IABC Block
1   5   1   5   -0.0000000000
1   5   1   6   -0.0037251767
1   5   1   7   -0.0000000000
1   5   1   8   0.0120116542
1   5   2   5   -0.0086594907
1   5   2   6   -0.0000000000
1   5   2   7   0.0028204308
1   5   2   8   -0.0000000000
1   5   3   5   -0.0000000000
1   5   3   6   -0.0032513883
1   5   3   7   -0.0000000001
1   5   3   8   -0.0062279108
1   5   4   5   0.0259077118
1   5   4   6   -0.0000000000
1   5   4   7   -0.0107361903
1   5   4   8   -0.0000000001
1   6   1   5   -0.0037251767
1   6   1   6   -0.0000000000
1   6   1   7   0.0005489421
1   6   1   8   -0.0000000000
1   6   2   5   -0.0000000000
1   6   2   6   -0.0062339962
1   6   2   7   0.0000000000
1   6   2   8   0.0035203294
1   6   3   5   -0.0032513883
1   6   3   6   -0.0000000000
1   6   3   7   -0.0013917038
1   6   3   8   -0.0000000001
1   6   4   5   -0.0000000000
1   6   4   6   0.0111016707
1   6   4   7   0.0000000000
1   6   4   8   0.0033321007
1   7   1   5   -0.0000000000
1   7   1   6   0.0005489421
1   7   1   7   -0.0000000001
1   7   1   8   -0.0006483533
1   7   2   5   0.0028204308
1   7   2   6   0.0000000000
1   7   2   7   -0.0034149961
1   7   2   8   -0.0000000000
1   7   3   5   -0.0000000001
1   7   3   6   -0.0013917038
1   7   3   7   -0.0000000004
1   7   3   8   0.0028950923
1   7   4   5   -0.0107361903
1   7   4   6   0.0000000000
1   7   4   7   0.0101350192
1   7   4   8   -0.0000000001
1   8   1   5   0.0120116542
1   8   1   6   -0.0000000000
1   8   1   7   -0.0006483533
1   8   1   8   -0.0000000000
1   8   2   5   -0.0000000000
1   8   2   6   0.0035203294
1   8   2   7   -0.0000000000
1   8   2   8   -0.0008475549
1   8   3   5   -0.0062279108
1   8   3   6   -0.0000000001
1   8   3   7   0.0028950923
1   8   3   8   -0.0000000001
1   8   4   5   -0.0000000001
1   8   4   6   0.0033321007
1   8   4   7   -0.0000000001
1   8   4   8   0.0073423152
2   5   1   5   -0.0177548238
2   5   1   7   0.0149936544
2   5   1   8   -0.0000000000
2   5   2   5   -0.0000000000
2   5   2   6   -0.0039591341
2   5   2   7   -0.0000000000
2   5   2   8   0.0029615475
2   5   3   5   -0.0131685001
2   5   3   6   0.0000000000
2   5   3   7   0.0054031610
2   5   3   8   0.0000000000
2   5   4   5   -0.0000000000
2   5   4   6   0.0059879816
2   5   4   7   -0.0000000001
2   5   4   8   -0.0001935089
2   6   1   6   0.0020412328
2   6   1   7   0.0000000000
2   6   1   8   0.0044877835
2   6   2   5   -0.0039591341
2   6   2   6   -0.0000000000
2   6   2   7   0.0020561610
2   6   2   8   -0.0000000000
2   6   3   5   0.0000000000
2   6   3   6   -0.0098965793
2   6   3   7   -0.0000000000
2   6   3   8   0.0000574739
2   6   4   5   0.0059879816
2   6   4   6   -0.0000000000
2   6   4   7   0.0035027814
2   6   4   8   -0.0000000001
2   7   1   5   0.0149936544
2   7   1   6   0.0000000000
2   7   1   7   0.0049931613
2   7   1   8   -0.0000000000
2   7   2   5   -0.0000000000
2   7   2   6   0.0020561610
2   7   2   7   -0.0000000000
2   7   2   8   0.0043042546
2   7   3   5   0.0054031610
2   7   3   6   -0.0000000000
2   7   3   7   -0.0121673095
2   7   3   8   0.0000000000
2   7   4   5   -0.0000000001
2   7   4   6   0.0035027814
2   7   4   7   -0.0000000004
2   7   4   8   0.0011781152
2   8   1   5   -0.0000000000
2   8   1   6   0.0044877835
2   8   1   7   -0.0000000000
2   8   1   8   -0.0299777924
2   8   2   5   0.0029615475
2   8   2   6   -0.0000000000
2   8   2   7   0.0043042546
2   8   2   8   -0.0000000000
2   8   3   5   0.0000000000
2   8   3   6   0.0000574739
2   8   3   7   0.0000000000
2   8   3   8   0.0030426066
2   8   4   5   -0.0001935089
2   8   4   6   -0.0000000001
2   8   4   7   0.0011781152
2   8   4   8   -0.0000000001
3   5   1   5   0.0000000000
3   5   1   6   0.0410762735
3   5   1   7   0.0000000000
3   5   1   8   0.0088132290
3   5   2   5   -0.0197623995
3   5   2   6   -0.0000000000
3   5   2   7   0.0179956803
3   5   2   8   -0.0000000000
3   5   3   5   0.0000000001
3   5   3   6   -0.0144758621
3   5   3   7   0.0000000004
3   5   3   8   -0.0031305289
3   5   4   5   -0.0056061842
3   5   4   6   0.0000000000
3   5   4   7   0.0051419380
3   5   4   8   0.0000000000
3   6   1   5   0.0410762735
3   6   1   6   0.0000000000
3   6   1   7   0.0339358678
3   6   1   8   0.0000000000
3   6   2   5   -0.0000000000
3   6   2   6   -0.0013116681
3   6   2   7   0.0000000000
3   6   2   8   0.0030907306
3   6   3   5   -0.0144758621
3   6   3   6   0.0000000002
3   6   3   7   -0.0078685636
3   6   3   8   0.0000000003
3   6   4   5   0.0000000000
3   6   4   6   0.0017411510
3   6   4   7   0.0000000001
3   6   4   8   -0.0012277921
3   7   1   5   0.0000000000
3   7   1   6   0.0339358678
3   7   1   7   0.0000000001
3   7   1   8   -0.0102286047
3   7   2   5   0.0179956803
3   7   2   6   0.0000000000
3   7   2   7   -0.0035805686
3   7   2   8   -0.0000000000
3   7   3   5   0.0000000004
3   7   3   6   -0.0078685636
3   7   3   7   0.0000000020
3   7   3   8   0.0076851398
3   7   4   5   0.0051419380
3   7   4   6   0.0000000001
3   7   4   7   0.0017397825
3   7   4   8   0.0000000000
3   8   1   5   0.0088132290
3   8   1   6   0.0000000000
3   8   1   7   -0.0102286047
3   8   1   8   0.0000000000
3   8   2   5   -0.0000000000
3   8   2   6   0.0030907306
3   8   2   7   -0.0000000000
3   8   2   8   -0.0272664761
3   8   3   5   -0.0031305289
3   8   3   6   0.0000000003
3   8   3   7   0.0076851398
3   8   3   8   0.0000000005
3   8   4   5   0.0000000000
3   8   4   6   -0.0012277921
3   8   4   7   0.0000000000
3   8   4   8   -0.0089876750

End IABC Block
