Begin IJ Block
1   1   -2.1909948000
1   3   0.1384507593
2   2   -1.9578076629
2   3   0.0000000000
3   3   -1.8166500369

End IJ Block
Begin IA Block
1   2   -0.0722174390
1   3   -0.0000000000
1   4   0.1223882003
2   1   0.2047426720
2   2   0.0000000000
2   3   0.0486054994
2   4   0.0000000000
3   1   -0.0000000000
3   2   -0.1816136548
3   3   0.0000000000
3   4   -0.0568045220

End IA Block
Begin AB Block
1   1   -1.5005586406
1   2   0.0000000000
1   3   0.2981595874
1   4   -0.0000000000
2   2   -1.0042794597
2   3   0.0000000000
2   4   0.0044987202
3   3   -0.9293873156
3   4   -0.0000000000
4   4   -1.0996135751

End AB Block
Begin IJAB Block
1   4   1   5   0.0589194597
1   4   1   6   0.0000000000
1   4   1   7   -0.0229137274
1   4   1   8   0.0000000001
1   4   2   5   0.0000000000
1   4   2   6   0.0219352417
1   4   2   7   -0.0000000000
1   4   2   8   0.0034833313
1   4   3   5   -0.0229137274
1   4   3   6   -0.0000000000
1   4   3   7   0.0167787634
1   4   3   8   -0.0000000001
1   4   4   5   0.0000000001
1   4   4   6   0.0034833313
1   4   4   7   -0.0000000001
1   4   4   8   0.0170050436
1   5   1   5   -0.0000000000
1   5   1   6   -0.0237360831
1   5   1   7   0.0000000000
1   5   1   8   0.0040927898
1   5   2   5   -0.0108534362
1   5   2   6   -0.0000000000
1   5   2   7   -0.0089701581
1   5   2   8   -0.0000000001
1   5   3   5   0.0000000000
1   5   3   6   -0.0019911579
1   5   3   7   -0.0000000001
1   5   3   8   0.0011477611
1   5   4   5   0.0103678241
1   5   4   6   -0.0000000001
1   5   4   7   -0.0004098449
1   5   4   8   -0.0000000001
1   6   1   5   -0.0054568309
1   6   1   6   0.0000000000
1   6   1   7   0.0092051117
1   6   1   8   0.0000000000
1   6   2   5   0.0000000000
1   6   2   6   0.0055746274
1   6   2   7   0.0000000001
1   6   2   8   -0.0060319221
1   6   3   5   -0.0026817078
1   6   3   6   0.0000000001
1   6   3   7   0.0058176562
1   6   3   8   0.0000000001
1   6   4   5   0.0000000000
1   6   4   6   -0.0104320394
1   6   4   7   0.0000000001
1   6   4   8   -0.0090624534
2   4   1   5   -0.0000000000
2   4   1   6   -0.0108534362
2   4   1   7   0.0000000000
2   4   1   8   0.0103678241
2   4   2   5   -0.0237360831
2   4   2   6   -0.0000000000
2   4   2   7   -0.0019911579
2   4   2   8   -0.0000000001
2   4   3   5   0.0000000000
2   4   3   6   -0.0089701581
2   4   3   7   -0.0000000001
2   4   3   8   -0.0004098449
2   4   4   5   0.0040927898
2   4   4   6   -0.0000000001
2   4   4   7   0.0011477611
2   4   4   8   -0.0000000001
2   5   1   5   0.0633632676
2   5   1   6   0.0000000000
2   5   1   7   -0.0241517538
2   5   1   8   0.0000000001
2   5   2   5   0.0000000000
2   5   2   6   0.0309488204
2   5   2   7   0.0000000000
2   5   2   8   -0.0021670467
2   5   3   5   -0.0241517538
2   5   3   6   0.0000000000
2   5   3   7   0.0261490282
2   5   3   8   -0.0000000000
2   5   4   5   0.0000000001
2   5   4   6   -0.0021670467
2   5   4   7   -0.0000000000
2   5   4   8   0.0062021690
2   6   1   5   -0.0000000000
2   6   1   6   -0.0313763754
2   6   1   7   -0.0000000000
2   6   1   8   -0.0174642658
2   6   2   5   -0.0042005286
2   6   2   6   -0.0000000000
2   6   2   7   -0.0121671772
2   6   2   8   -0.0000000001
2   6   3   5   -0.0000000000
2   6   3   6   0.0017824448
2   6   3   7   -0.0000000000
2   6   3   8   0.0104264825
2   6   4   5   -0.0122277065
2   6   4   6   -0.0000000000
2   6   4   7   0.0091575501
2   6   4   8   -0.0000000001
3   4   1   5   -0.0054568309
3   4   1   6   0.0000000000
3   4   1   7   -0.0026817078
3   4   1   8   0.0000000000
3   4   2   5   0.0000000000
3   4   2   6   0.0055746274
3   4   2   7   0.0000000001
3   4   2   8   -0.0104320394
3   4   3   5   0.0092051117
3   4   3   6   0.0000000001
3   4   3   7   0.0058176562
3   4   3   8   0.0000000001
3   4   4   5   0.0000000000
3   4   4   6   -0.0060319221
3   4   4   7   0.0000000001
3   4   4   8   -0.0090624534
3   5   1   5   -0.0000000000
3   5   1   6   -0.0042005286
3   5   1   7   -0.0000000000
3   5   1   8   -0.0122277065
3   5   2   5   -0.0313763754
3   5   2   6   -0.0000000000
3   5   2   7   0.0017824448
3   5   2   8   -0.0000000000
3   5   3   5   -0.0000000000
3   5   3   6   -0.0121671772
3   5   3   7   -0.0000000000
3   5   3   8   0.0091575501
3   5   4   5   -0.0174642658
3   5   4   6   -0.0000000001
3   5   4   7   0.0104264825
3   5   4   8   -0.0000000001
3   6   1   5   0.0773261871
3   6   1   6   0.0000000000
3   6   1   7   -0.0407633425
3   6   1   8   0.0000000001
3   6   2   5   0.0000000000
3   6   2   6   0.0265010224
3   6   2   7   0.0000000000
3   6   2   8   0.0104048270
3   6   3   5   -0.0407633425
3   6   3   6   0.0000000000
3   6   3   7   0.0334591103
3   6   3   8   -0.0000000000
3   6   4   5   0.0000000001
3   6   4   6   0.0104048270
3   6   4   7   -0.0000000000
3   6   4   8   0.0129565640

End IJAB Block
Begin IJKL Block
1   4   1   4   0.3958532311
1   4   1   5   -0.0000000000
1   4   1   6   -0.0686489430
1   4   2   4   -0.0000000000
1   4   2   5   0.1152223995
1   4   2   6   -0.0000000000
1   4   3   4   -0.0686489430
1   4   3   5   -0.0000000000
1   4   3   6   0.0806787981
1   5   1   4   -0.0000000000
1   5   1   5   0.3169563919
1   5   2   4   0.1162101516
1   5   2   5   -0.0000000000
1   5   2   6   0.0843558259
1   5   3   5   0.0178539586
1   5   3   6   -0.0000000000
1   6   1   4   -0.0686489430
1   6   1   6   0.3254827337
1   6   2   5   0.0878275403
1   6   2   6   0.0000000000
1   6   3   4   0.0826658374
1   6   3   5   0.0000000000
1   6   3   6   -0.0190739193
2   4   1   4   -0.0000000000
2   4   1   5   0.1162101516
2   4   2   4   0.3169563919
2   4   2   5   -0.0000000000
2   4   2   6   0.0178539586
2   4   3   5   0.0843558259
2   4   3   6   -0.0000000000
2   5   1   4   0.1152223995
2   5   1   5   -0.0000000000
2   5   1   6   0.0878275403
2   5   2   4   -0.0000000000
2   5   2   5   0.3364563442
2   5   2   6   -0.0000000000
2   5   3   4   0.0878275403
2   5   3   5   -0.0000000000
2   5   3   6   0.0993554374
2   6   1   4   -0.0000000000
2   6   1   5   0.0843558259
2   6   1   6   0.0000000000
2   6   2   4   0.0178539586
2   6   2   5   -0.0000000000
2   6   2   6   0.3035652617
2   6   3   4   0.0000000000
2   6   3   5   0.1010180743
2   6   3   6   -0.0000000000
3   4   1   4   -0.0686489430
3   4   1   6   0.0826658374
3   4   2   5   0.0878275403
3   4   2   6   0.0000000000
3   4   3   4   0.3254827337
3   4   3   5   0.0000000000
3   4   3   6   -0.0190739193
3   5   1   4   -0.0000000000
3   5   1   5   0.0178539586
3   5   1   6   0.0000000000
3   5   2   4   0.0843558259
3   5   2   5   -0.0000000000
3   5   2   6   0.1010180743
3   5   3   4   0.0000000000
3   5   3   5   0.3035652617
3   5   3   6   -0.0000000000
3   6   1   4   0.0806787981
3   6   1   5   -0.0000000000
3   6   1   6   -0.0190739193
3   6   2   4   -0.0000000000
3   6   2   5   0.0993554374
3   6   2   6   -0.0000000000
3   6   3   4   -0.0190739193
3   6   3   5   -0.0000000000
3   6   3   6   0.3133736644

End IJKL Block
Begin ABCD Block
1   5   1   5   0.2621421864
1   5   1   6   -0.0000000000
1   5   1   7   -0.0418553325
1   5   1   8   -0.0000000001
1   5   2   5   -0.0000000000
1   5   2   6   0.0545538318
1   5   2   7   -0.0000000000
1   5   2   8   0.0109649328
1   5   3   5   -0.0418553325
1   5   3   6   -0.0000000000
1   5   3   7   0.0300414632
1   5   3   8   -0.0000000004
1   5   4   5   -0.0000000001
1   5   4   6   0.0109649328
1   5   4   7   -0.0000000004
1   5   4   8   0.0078105450
1   6   1   5   -0.0000000000
1   6   1   6   0.2038521363
1   6   1   7   0.0000000000
1   6   1   8   0.0041798285
1   6   2   5   0.0546842136
1   6   2   6   -0.0000000000
1   6   2   7   0.0472389869
1   6   2   8   -0.0000000000
1   6   3   5   -0.0000000000
1   6   3   6   -0.0046166313
1   6   3   7   0.0000000004
1   6   3   8   0.0023637804
1   6   4   5   0.0110149227
1   6   4   6   -0.0000000003
1   6   4   7   0.0089960470
1   6   4   8   -0.0000000003
1   7   1   5   -0.0418553325
1   7   1   6   0.0000000000
1   7   1   7   0.1992296177
1   7   1   8   -0.0000000001
1   7   2   5   -0.0000000000
1   7   2   6   0.0472443315
1   7   2   7   -0.0000000001
1   7   2   8   -0.0086891987
1   7   3   5   0.0301341895
1   7   3   6   0.0000000004
1   7   3   7   -0.0124811338
1   7   3   8   -0.0000000006
1   7   4   5   -0.0000000004
1   7   4   6   0.0090301851
1   7   4   7   -0.0000000021
1   7   4   8   -0.0049320158
1   8   1   5   -0.0000000001
1   8   1   6   0.0041798285
1   8   1   7   -0.0000000001
1   8   1   8   0.2039096467
1   8   2   5   0.0110149227
1   8   2   6   -0.0000000000
1   8   2   7   -0.0087008389
1   8   2   8   -0.0000000000
1   8   3   5   -0.0000000004
1   8   3   6   0.0023849106
1   8   3   7   -0.0000000006
1   8   3   8   -0.0362016670
1   8   4   5   0.0078375698
1   8   4   6   -0.0000000003
1   8   4   7   -0.0049316458
1   8   4   8   -0.0000000005
2   5   1   5   -0.0000000000
2   5   1   6   0.0546842136
2   5   1   7   -0.0000000000
2   5   1   8   0.0110149227
2   5   2   5   0.2038521363
2   5   2   6   -0.0000000000
2   5   2   7   -0.0046166313
2   5   2   8   -0.0000000003
2   5   3   5   0.0000000000
2   5   3   6   0.0472389869
2   5   3   7   0.0000000004
2   5   3   8   0.0089960470
2   5   4   5   0.0041798285
2   5   4   6   -0.0000000000
2   5   4   7   0.0023637804
2   5   4   8   -0.0000000003
2   6   1   5   0.0545538318
2   6   1   6   -0.0000000000
2   6   1   7   0.0472443315
2   6   1   8   -0.0000000000
2   6   2   5   -0.0000000000
2   6   2   6   0.1952589931
2   6   2   7   0.0000000003
2   6   2   8   0.0061286822
2   6   3   5   0.0472443315
2   6   3   6   0.0000000003
2   6   3   7   0.0521581459
2   6   3   8   0.0000000004
2   6   4   5   -0.0000000000
2   6   4   6   0.0061286822
2   6   4   7   0.0000000004
2   6   4   8   0.0036016044
2   7   1   5   -0.0000000000
2   7   1   6   0.0472389869
2   7   1   7   -0.0000000001
2   7   1   8   -0.0087008389
2   7   2   5   -0.0046166313
2   7   2   6   0.0000000003
2   7   2   7   0.1824526185
2   7   2   8   -0.0000000003
2   7   3   5   0.0000000004
2   7   3   6   0.0521385817
2   7   3   7   0.0000000019
2   7   3   8   -0.0054672582
2   7   4   5   0.0023849106
2   7   4   6   0.0000000004
2   7   4   7   0.0042927974
2   7   4   8   -0.0000000004
2   8   1   5   0.0109649328
2   8   1   6   -0.0000000000
2   8   1   7   -0.0086891987
2   8   1   8   -0.0000000000
2   8   2   5   -0.0000000003
2   8   2   6   0.0061286822
2   8   2   7   -0.0000000003
2   8   2   8   0.1605049329
2   8   3   5   0.0090301851
2   8   3   6   0.0000000004
2   8   3   7   -0.0054786581
2   8   3   8   0.0000000004
2   8   4   5   -0.0000000003
2   8   4   6   0.0035943881
2   8   4   7   -0.0000000004
2   8   4   8   -0.0048840617
3   5   1   5   -0.0418553325
3   5   1   6   -0.0000000000
3   5   1   7   0.0301341895
3   5   1   8   -0.0000000004
3   5   2   5   0.0000000000
3   5   2   6   0.0472443315
3   5   2   7   0.0000000004
3   5   2   8   0.0090301851
3   5   3   5   0.1992296177
3   5   3   6   -0.0000000001
3   5   3   7   -0.0124811338
3   5   3   8   -0.0000000021
3   5   4   5   -0.0000000001
3   5   4   6   -0.0086891987
3   5   4   7   -0.0000000006
3   5   4   8   -0.0049320158
3   6   1   5   -0.0000000000
3   6   1   6   -0.0046166313
3   6   1   7   0.0000000004
3   6   1   8   0.0023849106
3   6   2   5   0.0472389869
3   6   2   6   0.0000000003
3   6   2   7   0.0521385817
3   6   2   8   0.0000000004
3   6   3   5   -0.0000000001
3   6   3   6   0.1824526185
3   6   3   7   0.0000000019
3   6   3   8   0.0042927974
3   6   4   5   -0.0087008389
3   6   4   6   -0.0000000003
3   6   4   7   -0.0054672582
3   6   4   8   -0.0000000004
3   7   1   5   0.0300414632
3   7   1   6   0.0000000004
3   7   1   7   -0.0124811338
3   7   1   8   -0.0000000006
3   7   2   5   0.0000000004
3   7   2   6   0.0521581459
3   7   2   7   0.0000000019
3   7   2   8   -0.0054786581
3   7   3   5   -0.0124811338
3   7   3   6   0.0000000019
3   7   3   7   0.1794812369
3   7   3   8   -0.0000000029
3   7   4   5   -0.0000000006
3   7   4   6   -0.0054786581
3   7   4   7   -0.0000000029
3   7   4   8   0.0094433392
3   8   1   5   -0.0000000004
3   8   1   6   0.0023637804
3   8   1   7   -0.0000000006
3   8   1   8   -0.0362016670
3   8   2   5   0.0089960470
3   8   2   6   0.0000000004
3   8   2   7   -0.0054672582
3   8   2   8   0.0000000004
3   8   3   5   -0.0000000021
3   8   3   6   0.0042927974
3   8   3   7   -0.0000000029
3   8   3   8   0.1654559946
3   8   4   5   -0.0049316458
3   8   4   6   -0.0000000004
3   8   4   7   0.0094476579
3   8   4   8   -0.0000000007
4   5   1   5   -0.0000000001
4   5   1   6   0.0110149227
4   5   1   7   -0.0000000004
4   5   1   8   0.0078375698
4   5   2   5   0.0041798285
4   5   2   6   -0.0000000000
4   5   2   7   0.0023849106
4   5   2   8   -0.0000000003
4   5   3   5   -0.0000000001
4   5   3   6   -0.0087008389
4   5   3   7   -0.0000000006
4   5   3   8   -0.0049316458
4   5   4   5   0.2039096467
4   5   4   6   -0.0000000000
4   5   4   7   -0.0362016670
4   5   4   8   -0.0000000005
4   6   1   5   0.0109649328
4   6   1   6   -0.0000000003
4   6   1   7   0.0090301851
4   6   1   8   -0.0000000003
4   6   2   5   -0.0000000000
4   6   2   6   0.0061286822
4   6   2   7   0.0000000004
4   6   2   8   0.0035943881
4   6   3   5   -0.0086891987
4   6   3   6   -0.0000000003
4   6   3   7   -0.0054786581
4   6   3   8   -0.0000000004
4   6   4   5   -0.0000000000
4   6   4   6   0.1605049329
4   6   4   7   0.0000000004
4   6   4   8   -0.0048840617
4   7   1   5   -0.0000000004
4   7   1   6   0.0089960470
4   7   1   7   -0.0000000021
4   7   1   8   -0.0049316458
4   7   2   5   0.0023637804
4   7   2   6   0.0000000004
4   7   2   7   0.0042927974
4   7   2   8   -0.0000000004
4   7   3   5   -0.0000000006
4   7   3   6   -0.0054672582
4   7   3   7   -0.0000000029
4   7   3   8   0.0094476579
4   7   4   5   -0.0362016670
4   7   4   6   0.0000000004
4   7   4   7   0.1654559946
4   7   4   8   -0.0000000007
4   8   1   5   0.0078105450
4   8   1   6   -0.0000000003
4   8   1   7   -0.0049320158
4   8   1   8   -0.0000000005
4   8   2   5   -0.0000000003
4   8   2   6   0.0036016044
4   8   2   7   -0.0000000004
4   8   2   8   -0.0048840617
4   8   3   5   -0.0049320158
4   8   3   6   -0.0000000004
4   8   3   7   0.0094433392
4   8   3   8   -0.0000000007
4   8   4   5   -0.0000000005
4   8   4   6   -0.0048840617
4   8   4   7   -0.0000000007
4   8   4   8   0.2231070806

End ABCD Block
Begin AIJB Block
1   4   1   5   0.0521590378
1   4   1   7   -0.0198569908
1   4   1   8   -0.0000000000
1   4   2   6   -0.0092853387
1   4   2   7   0.0000000000
1   4   2   8   0.0092325019
1   4   3   5   -0.0070605900
1   4   3   6   -0.0000000000
1   4   3   7   -0.0012051671
1   5   1   6   -0.0206011134
1   5   1   7   -0.0000000000
1   5   1   8   0.0036776972
1   5   2   5   0.0555067451
1   5   2   7   -0.0199125866
1   5   2   8   -0.0000000000
1   5   3   6   -0.0016211095
1   5   3   7   0.0000000000
1   5   3   8   -0.0115509720
1   6   1   5   -0.0070605900
1   6   1   7   0.0099435778
1   6   1   8   0.0000000000
1   6   2   6   -0.0261732486
1   6   2   7   -0.0000000000
1   6   2   8   -0.0167357836
1   6   3   5   0.0636021532
1   6   3   7   -0.0339198307
2   4   1   6   0.0173932620
2   4   1   7   -0.0000000000
2   4   1   8   0.0023918103
2   4   2   5   -0.0206011134
2   4   2   7   -0.0015318063
2   4   3   6   0.0055217449
2   4   3   7   -0.0000000000
2   4   3   8   -0.0091301273
2   5   1   5   -0.0092853387
2   5   1   7   -0.0073682463
2   5   1   8   0.0000000000
2   5   2   6   0.0251811233
2   5   2   8   -0.0028745347
2   5   3   5   -0.0261732486
2   5   3   7   0.0005865589
2   5   3   8   0.0000000000
2   6   1   5   -0.0000000000
2   6   1   6   0.0055217449
2   6   1   7   0.0000000000
2   6   1   8   -0.0051684448
2   6   2   5   -0.0016211095
2   6   2   7   -0.0116927403
2   6   2   8   0.0000000000
2   6   3   6   0.0237306691
2   6   3   7   0.0000000000
2   6   3   8   0.0094546159
3   4   1   5   -0.0198569908
3   4   1   6   -0.0000000000
3   4   1   7   0.0138621991
3   4   1   8   -0.0000000000
3   4   2   5   -0.0000000000
3   4   2   6   -0.0073682463
3   4   2   7   -0.0000000000
3   4   2   8   0.0004003178
3   4   3   5   0.0099435778
3   4   3   6   0.0000000000
3   4   3   7   0.0045873220
3   4   3   8   0.0000000000
3   5   1   5   0.0000000000
3   5   1   6   -0.0015318063
3   5   1   7   -0.0000000000
3   5   1   8   0.0016078189
3   5   2   5   -0.0199125866
3   5   2   7   0.0213768739
3   5   2   8   0.0000000000
3   5   3   5   -0.0000000000
3   5   3   6   -0.0116927403
3   5   3   7   0.0000000000
3   5   3   8   0.0089355737
3   6   1   5   -0.0012051671
3   6   1   6   -0.0000000000
3   6   1   7   0.0045873220
3   6   1   8   -0.0000000000
3   6   2   5   0.0000000000
3   6   2   6   0.0005865589
3   6   2   7   0.0000000000
3   6   2   8   0.0100043502
3   6   3   5   -0.0339198307
3   6   3   6   0.0000000000
3   6   3   7   0.0288681147
4   4   1   5   -0.0000000000
4   4   1   6   0.0023918103
4   4   1   7   -0.0000000000
4   4   1   8   0.0156591423
4   4   2   5   0.0036776972
4   4   2   6   0.0000000000
4   4   2   7   0.0016078189
4   4   2   8   0.0000000000
4   4   3   5   0.0000000000
4   4   3   6   -0.0051684448
4   4   3   7   -0.0000000000
4   4   3   8   -0.0087206565
4   5   1   5   0.0092325019
4   5   1   7   0.0004003178
4   5   1   8   0.0000000000
4   5   2   5   -0.0000000000
4   5   2   6   -0.0028745347
4   5   2   7   0.0000000000
4   5   2   8   0.0056887298
4   5   3   5   -0.0167357836
4   5   3   6   0.0000000000
4   5   3   7   0.0100043502
4   6   1   6   -0.0091301273
4   6   1   7   0.0000000000
4   6   1   8   -0.0087206565
4   6   2   5   -0.0115509720
4   6   2   6   0.0000000000
4   6   2   7   0.0089355737
4   6   3   6   0.0094546159
4   6   3   8   0.0127025387

1   4   4   1   -0.2957447797
1   4   4   2   0.0000000000
1   4   4   3   0.0727087864
1   4   4   4   0.0000000000
1   4   5   1   -0.0000000000
1   4   5   2   0.0544400229
1   4   5   3   0.0000000000
1   4   5   4   0.0041660334
1   4   6   1   0.0132384580
1   4   6   2   0.0000000000
1   4   6   3   -0.0166404951
1   4   6   4   -0.0000000000
1   5   4   1   -0.0000000000
1   5   4   2   0.0537494732
1   5   4   3   0.0000000000
1   5   4   4   0.0038197668
1   5   5   1   -0.2811497218
1   5   5   2   0.0000000000
1   5   5   3   0.0550550331
1   5   5   4   0.0000000000
1   5   6   2   0.0569095397
1   5   6   3   0.0000000000
1   5   6   4   0.0179325821
1   6   4   1   0.0132384580
1   6   4   2   0.0000000000
1   6   4   3   -0.0160041744
1   6   4   4   -0.0000000000
1   6   5   2   0.0558254644
1   6   5   3   0.0000000000
1   6   5   4   0.0177135906
1   6   6   1   -0.2816409389
1   6   6   2   0.0000000000
1   6   6   3   0.0601170375
1   6   6   4   -0.0000000000
2   4   4   1   0.0000000000
2   4   4   2   -0.2035106495
2   4   4   3   -0.0000000000
2   4   4   4   -0.0004314816
2   4   5   1   0.0537494732
2   4   5   2   -0.0000000000
2   4   5   3   0.0366159426
2   4   6   1   0.0000000000
2   4   6   2   -0.0100052931
2   4   6   3   0.0000000000
2   4   6   4   0.0027662714
2   5   4   1   0.0544400229
2   5   4   2   -0.0000000000
2   5   4   3   0.0362219349
2   5   5   1   0.0000000000
2   5   5   2   -0.2141937485
2   5   5   3   0.0000000000
2   5   5   4   0.0019495396
2   5   6   1   0.0558254644
2   5   6   2   0.0000000000
2   5   6   3   0.0407034730
2   5   6   4   0.0000000000
2   6   4   1   0.0000000000
2   6   4   2   -0.0100052931
2   6   4   3   0.0000000000
2   6   4   4   0.0028433447
2   6   5   1   0.0569095397
2   6   5   2   0.0000000000
2   6   5   3   0.0399851774
2   6   5   4   0.0000000000
2   6   6   1   0.0000000000
2   6   6   2   -0.2077230343
2   6   6   3   0.0000000000
2   6   6   4   -0.0043538514
3   4   4   1   0.0727087864
3   4   4   2   -0.0000000000
3   4   4   3   -0.2019698323
3   4   4   4   0.0000000000
3   4   5   1   0.0000000000
3   4   5   2   0.0362219349
3   4   5   3   0.0000000000
3   4   5   4   -0.0173243236
3   4   6   1   -0.0160041744
3   4   6   2   0.0000000000
3   4   6   3   -0.0065333262
3   4   6   4   -0.0000000000
3   5   4   1   0.0000000000
3   5   4   2   0.0366159426
3   5   4   3   0.0000000000
3   5   4   4   -0.0171747082
3   5   5   1   0.0550550331
3   5   5   2   0.0000000000
3   5   5   3   -0.2094950090
3   5   6   1   0.0000000000
3   5   6   2   0.0399851774
3   5   6   3   0.0000000001
3   5   6   4   -0.0207846768
3   6   4   1   -0.0166404951
3   6   4   2   0.0000000000
3   6   4   3   -0.0065333262
3   6   4   4   -0.0000000000
3   6   5   1   0.0000000000
3   6   5   2   0.0407034730
3   6   5   3   0.0000000001
3   6   5   4   -0.0206523685
3   6   6   1   0.0601170375
3   6   6   2   0.0000000000
3   6   6   3   -0.2097384109
3   6   6   4   -0.0000000000
4   4   4   1   0.0000000000
4   4   4   2   -0.0004314816
4   4   4   3   0.0000000000
4   4   4   4   -0.2538406832
4   4   5   1   0.0038197668
4   4   5   3   -0.0171747082
4   4   6   1   -0.0000000000
4   4   6   2   0.0028433447
4   4   6   3   -0.0000000000
4   4   6   4   0.0339178303
4   5   4   1   0.0041660334
4   5   4   3   -0.0173243236
4   5   5   1   0.0000000000
4   5   5   2   0.0019495396
4   5   5   4   -0.2166314737
4   5   6   1   0.0177135906
4   5   6   2   0.0000000000
4   5   6   3   -0.0206523685
4   5   6   4   0.0000000000
4   6   4   1   -0.0000000000
4   6   4   2   0.0027662714
4   6   4   3   -0.0000000000
4   6   4   4   0.0339178303
4   6   5   1   0.0179325821
4   6   5   2   0.0000000000
4   6   5   3   -0.0207846768
4   6   5   4   0.0000000000
4   6   6   1   -0.0000000000
4   6   6   2   -0.0043538514
4   6   6   3   -0.0000000000
4   6   6   4   -0.2243496942

End AIJB Block
Begin IJKA Block
1   4   1   5   -0.0000000000
1   4   1   6   0.0101091069
1   4   1   7   -0.0000000000
1   4   1   8   -0.0427953115
1   4   2   5   -0.0406741291
1   4   2   6   -0.0000000000
1   4   2   7   -0.0005388916
1   4   3   5   -0.0000000000
1   4   3   6   0.0209070563
1   4   3   7   0.0000000000
1   4   3   8   0.0177014270
1   5   1   5   -0.0665346704
1   5   1   6   -0.0000000000
1   5   1   7   -0.0016477032
1   5   2   5   0.0000000000
1   5   2   6   0.0352269269
1   5   2   7   0.0000000000
1   5   2   8   -0.0134070768
1   5   3   5   0.0386071714
1   5   3   6   -0.0000000000
1   5   3   7   -0.0280060122
1   5   3   8   0.0000000000
1   6   1   5   0.0000000000
1   6   1   6   0.0568316839
1   6   1   7   0.0000000000
1   6   1   8   0.0269993119
1   6   2   5   0.0562688110
1   6   2   6   -0.0000000000
1   6   2   7   -0.0445429482
1   6   2   8   -0.0000000000
1   6   3   6   -0.0196588466
1   6   3   7   -0.0000000000
1   6   3   8   -0.0258224321
2   4   1   5   -0.0405701150
2   4   1   7   -0.0003188086
2   4   1   8   -0.0000000000
2   4   2   5   0.0000000000
2   4   2   6   0.0306577980
2   4   2   7   0.0000000000
2   4   2   8   -0.0233373128
2   4   3   5   0.0024753091
2   4   3   6   -0.0000000000
2   4   3   7   -0.0186191270
2   4   3   8   -0.0000000000
2   5   1   5   0.0000000000
2   5   1   6   0.0349948331
2   5   1   8   -0.0134985359
2   5   2   5   -0.0212843480
2   5   2   6   -0.0000000000
2   5   2   7   -0.0333192139
2   5   3   5   -0.0000000000
2   5   3   6   0.0207092595
2   5   3   7   0.0000000000
2   5   3   8   -0.0117027777
2   6   1   5   0.0583079297
2   6   1   6   -0.0000000000
2   6   1   7   -0.0451392252
2   6   1   8   -0.0000000000
2   6   2   5   0.0000000000
2   6   2   6   0.0331134251
2   6   2   8   -0.0005484978
2   6   3   5   0.0548500048
2   6   3   6   0.0000000000
2   6   3   7   -0.0390544122
2   6   3   8   0.0000000000
3   4   1   5   0.0000000000
3   4   1   6   0.0201638698
3   4   1   7   0.0000000000
3   4   1   8   0.0175847905
3   4   2   5   0.0015123666
3   4   2   6   -0.0000000000
3   4   2   7   -0.0183846606
3   4   2   8   -0.0000000000
3   4   3   5   0.0000000000
3   4   3   6   0.0066661865
3   4   3   7   0.0000000000
3   4   3   8   -0.0322965427
3   5   1   5   0.0387873228
3   5   1   6   -0.0000000000
3   5   1   7   -0.0281473278
3   5   1   8   -0.0000000000
3   5   2   5   0.0000000000
3   5   2   6   0.0196181756
3   5   2   7   0.0000000000
3   5   2   8   -0.0110315173
3   5   3   5   -0.0168734166
3   5   3   6   0.0000000000
3   5   3   7   -0.0225217407
3   5   3   8   0.0000000000
3   6   1   6   -0.0206211702
3   6   1   7   -0.0000000000
3   6   1   8   -0.0261372157
3   6   2   5   0.0576507539
3   6   2   6   -0.0000000000
3   6   2   7   -0.0414681327
3   6   3   6   0.0334922146
3   6   3   7   0.0000000000
3   6   3   8   0.0089646077

End IJKA Block
Begin IABC Block
1   5   1   5   -0.0000000000
1   5   1   6   0.0033081962
1   5   1   7   -0.0000000000
1   5   1   8   -0.0124809469
1   5   2   5   0.0085081158
1   5   2   7   -0.0021742061
1   5   2   8   -0.0000000000
1   5   3   5   -0.0000000000
1   5   3   6   0.0039416821
1   5   3   7   -0.0000000001
1   5   3   8   0.0064097143
1   5   4   5   -0.0271223209
1   5   4   6   -0.0000000000
1   5   4   7   0.0112078088
1   5   4   8   -0.0000000001
1   6   1   5   0.0035850504
1   6   1   6   -0.0000000000
1   6   1   7   0.0005083217
1   6   1   8   -0.0000000000
1   6   2   5   -0.0000000000
1   6   2   6   0.0072104726
1   6   2   7   0.0000000000
1   6   2   8   -0.0035765371
1   6   3   5   0.0035348086
1   6   3   6   -0.0000000000
1   6   3   7   0.0010886427
1   6   3   8   -0.0000000001
1   6   4   5   -0.0000000000
1   6   4   6   -0.0112964042
1   6   4   7   0.0000000000
1   6   4   8   -0.0033923841
1   7   1   5   -0.0000000000
1   7   1   6   0.0010672856
1   7   1   7   -0.0000000001
1   7   1   8   0.0012836695
1   7   2   5   -0.0019872967
1   7   2   6   0.0000000000
1   7   2   7   0.0032767579
1   7   2   8   -0.0000000000
1   7   3   5   -0.0000000001
1   7   3   6   0.0007028392
1   7   3   7   -0.0000000004
1   7   3   8   -0.0031450399
1   7   4   5   0.0112787718
1   7   4   6   0.0000000000
1   7   4   7   -0.0103951163
1   7   4   8   -0.0000000001
1   8   1   5   -0.0135764758
1   8   1   6   -0.0000000000
1   8   1   7   0.0018420793
1   8   1   8   -0.0000000000
1   8   2   5   -0.0000000000
1   8   2   6   -0.0039924777
1   8   2   7   -0.0000000000
1   8   2   8   0.0008869927
1   8   3   5   0.0070545690
1   8   3   6   -0.0000000001
1   8   3   7   -0.0034473364
1   8   3   8   -0.0000000001
1   8   4   5   -0.0000000001
1   8   4   6   -0.0035285386
1   8   4   7   -0.0000000001
1   8   4   8   -0.0075371531
2   5   1   5   -0.0152117521
2   5   1   7   0.0119201325
2   5   1   8   0.0000000000
2   5   2   6   -0.0048974748
2   5   2   7   0.0000000000
2   5   2   8   0.0025582604
2   5   3   5   -0.0155801892
2   5   3   6   -0.0000000000
2   5   3   7   0.0068497413
2   5   3   8   -0.0000000000
2   5   4   5   0.0000000000
2   5   4   6   0.0060823922
2   5   4   7   0.0000000001
2   5   4   8   -0.0006698290
2   6   1   5   0.0000000000
2   6   1   6   -0.0006343796
2   6   1   7   -0.0000000000
2   6   1   8   0.0041960852
2   6   2   5   -0.0055945197
2   6   2   6   0.0000000000
2   6   2   7   0.0019249407
2   6   2   8   0.0000000000
2   6   3   5   -0.0000000000
2   6   3   6   -0.0095285072
2   6   3   7   0.0000000000
2   6   3   8   0.0002196861
2   6   4   5   0.0064881077
2   6   4   6   0.0000000000
2   6   4   7   0.0038222723
2   6   4   8   0.0000000001
2   7   1   5   0.0106954085
2   7   1   6   -0.0000000000
2   7   1   7   0.0059805001
2   7   1   8   0.0000000000
2   7   2   5   0.0000000000
2   7   2   6   0.0011546835
2   7   2   7   0.0000000001
2   7   2   8   0.0042133770
2   7   3   5   0.0073293569
2   7   3   6   0.0000000000
2   7   3   7   -0.0128053655
2   7   3   8   -0.0000000000
2   7   4   5   0.0000000001
2   7   4   6   0.0038775576
2   7   4   7   0.0000000004
2   7   4   8   0.0011357023
2   8   1   5   0.0000000000
2   8   1   6   0.0045151745
2   8   1   7   0.0000000000
2   8   1   8   -0.0286644980
2   8   2   5   0.0032690267
2   8   2   6   0.0000000000
2   8   2   7   0.0041067026
2   8   2   8   0.0000000000
2   8   3   5   -0.0000000000
2   8   3   6   0.0002143810
2   8   3   7   -0.0000000000
2   8   3   8   0.0024593506
2   8   4   5   -0.0000876636
2   8   4   6   0.0000000001
2   8   4   7   0.0009816732
2   8   4   8   0.0000000001
3   5   1   5   0.0000000000
3   5   1   6   -0.0404867941
3   5   1   7   -0.0000000000
3   5   1   8   -0.0088121071
3   5   2   5   0.0202344238
3   5   2   6   -0.0000000000
3   5   2   7   -0.0175087719
3   5   2   8   -0.0000000000
3   5   3   5   0.0000000001
3   5   3   6   0.0153066145
3   5   3   7   0.0000000004
3   5   3   8   0.0038138355
3   5   4   5   0.0056151010
3   5   4   6   0.0000000000
3   5   4   7   -0.0046930389
3   5   4   8   -0.0000000000
3   6   1   5   -0.0371460407
3   6   1   6   -0.0000000000
3   6   1   7   -0.0343009577
3   6   1   8   -0.0000000000
3   6   2   6   0.0025908967
3   6   2   7   0.0000000000
3   6   2   8   -0.0026465727
3   6   3   5   0.0145023898
3   6   3   6   0.0000000002
3   6   3   7   0.0087196077
3   6   3   8   0.0000000003
3   6   4   5   0.0000000000
3   6   4   6   -0.0015031045
3   6   4   7   0.0000000001
3   6   4   8   0.0014238635
3   7   1   5   0.0000000000
3   7   1   6   -0.0321854861
3   7   1   7   0.0000000000
3   7   1   8   0.0105355736
3   7   2   5   -0.0160042688
3   7   2   6   0.0000000000
3   7   2   7   0.0033453996
3   7   2   8   -0.0000000001
3   7   3   5   0.0000000004
3   7   3   6   0.0082634099
3   7   3   7   0.0000000018
3   7   3   8   -0.0081195869
3   7   4   5   -0.0048189055
3   7   4   6   0.0000000000
3   7   4   7   -0.0020985074
3   7   4   8   0.0000000000
3   8   1   5   -0.0081964532
3   8   1   6   0.0000000000
3   8   1   7   0.0099386426
3   8   1   8   -0.0000000000
3   8   2   5   -0.0000000000
3   8   2   6   -0.0030146653
3   8   2   7   -0.0000000000
3   8   2   8   0.0263225311
3   8   3   5   0.0030033543
3   8   3   6   0.0000000003
3   8   3   7   -0.0077439105
3   8   3   8   0.0000000005
3   8   4   5   0.0000000000
3   8   4   6   0.0014049544
3   8   4   7   0.0000000000
3   8   4   8   0.0092795403

End IABC Block
