Begin IJ Block
1   1   -33.0267020102
1   2   -0.5833639984
1   4   0.1847156273
2   2   -7.8702774599
2   4   0.2155680622
3   3   -6.7581262258
4   4   -6.8932844632
5   5   -7.0194605317

End IJ Block
Begin IA Block
1   1   0.1364224214
2   1   0.6472887328
2   2   0.0000000000
3   1   -0.0000000000
3   2   0.7418165568
4   1   0.3182147932
4   2   -0.0000000000

End IA Block
Begin AB Block
1   1   -2.7937198983
1   2   -0.0000000000
2   2   -2.4326954802

End AB Block
Begin IJAB Block
1   6   1   3   0.0063006406
1   6   2   4   0.0033122822
1   7   1   3   -0.0008807724
1   7   2   4   -0.0027523201
1   8   1   4   -0.0000627329
1   8   2   3   -0.0016482048
1   9   1   3   -0.0011083724
1   9   2   4   0.0009350588
2   6   1   3   -0.0008807724
2   6   2   4   -0.0027523201
2   7   1   3   0.0232938048
2   7   2   4   0.0110083429
2   8   1   4   0.0177762903
2   8   2   3   0.0090249157
2   9   1   3   0.0128732313
2   9   2   4   -0.0019684949
3   6   1   4   -0.0016482048
3   6   2   3   -0.0000627329
3   7   1   4   0.0090249157
3   7   2   3   0.0177762903
3   8   1   3   0.0145380328
3   8   2   4   0.0253374603
3   9   1   4   0.0052291087
3   9   2   3   0.0102968473
4   6   1   3   -0.0011083724
4   6   2   4   0.0009350588
4   7   1   3   0.0128732313
4   7   2   4   -0.0019684949
4   8   1   4   0.0102968473
4   8   2   3   0.0052291087
4   9   1   3   0.0132862038
4   9   2   4   0.0078883920
5   10   1   3   0.0105823607
5   10   2   4   0.0048073548

End IJAB Block
Begin IJKL Block
1   6   1   6   4.7196039253
1   6   1   7   0.4296675923
1   6   1   9   -0.1363899716
1   6   2   6   0.4296675923
1   6   2   7   0.0600795271
1   6   2   9   -0.0161049416
1   6   3   8   0.0170150941
1   6   4   6   -0.1363899716
1   6   4   7   -0.0161049416
1   6   4   9   0.0263726787
1   6   5   10   0.0257985365
1   7   1   6   0.4296675923
1   7   1   7   1.0482985995
1   7   1   9   -0.0830128322
1   7   2   6   0.0634518680
1   7   2   7   0.0145064505
1   7   2   9   -0.0075604337
1   7   3   8   -0.0231308206
1   7   4   6   -0.0160747206
1   7   4   7   -0.0145433443
1   7   4   9   -0.0221059472
1   7   5   10   -0.0285006503
1   8   1   8   0.8925912902
1   8   2   8   0.0070853113
1   8   3   6   0.0210199286
1   8   3   7   -0.0238419812
1   8   3   9   0.0030141161
1   8   4   8   -0.0075759988
1   9   1   6   -0.1363899716
1   9   1   7   -0.0830128322
1   9   1   9   0.9802125390
1   9   2   6   -0.0160747206
1   9   2   7   -0.0078085239
1   9   2   9   0.0129963939
1   9   3   8   0.0026637972
1   9   4   6   0.0307432234
1   9   4   7   -0.0226766144
1   9   4   9   0.0081656269
1   9   5   10   0.0085867921
1   10   1   10   1.0244177338
1   10   2   10   0.0116384818
1   10   4   10   -0.0047456443
1   10   5   6   0.0305608400
1   10   5   7   -0.0287535939
1   10   5   9   0.0088784318
2   6   1   6   0.4296675923
2   6   1   7   0.0634518680
2   6   1   9   -0.0160747206
2   6   2   6   1.0482985995
2   6   2   7   0.0145064505
2   6   2   9   -0.0145433443
2   6   3   8   -0.0231308206
2   6   4   6   -0.0830128322
2   6   4   7   -0.0075604337
2   6   4   9   -0.0221059472
2   6   5   10   -0.0285006503
2   7   1   6   0.0600795271
2   7   1   7   0.0145064505
2   7   1   9   -0.0078085239
2   7   2   6   0.0145064505
2   7   2   7   0.7444574554
2   7   2   9   0.0176916860
2   7   3   8   0.1426114541
2   7   4   6   -0.0078085239
2   7   4   7   0.0176916860
2   7   4   9   0.1138023160
2   7   5   10   0.1166415794
2   8   1   8   0.0070853113
2   8   2   8   0.6754860157
2   8   3   6   -0.0238419812
2   8   3   7   0.1469461777
2   8   3   9   0.0138061037
2   8   4   8   0.0120498800
2   9   1   6   -0.0161049416
2   9   1   7   -0.0075604337
2   9   1   9   0.0129963939
2   9   2   6   -0.0145433443
2   9   2   7   0.0176916860
2   9   2   9   0.6680800476
2   9   3   8   0.0141962279
2   9   4   6   -0.0226766144
2   9   4   7   0.1179590020
2   9   4   9   -0.0623619176
2   9   5   10   -0.0270279100
2   10   1   10   0.0116384818
2   10   2   10   0.6964660126
2   10   4   10   -0.0312482491
2   10   5   6   -0.0287535939
2   10   5   7   0.1202014448
2   10   5   9   -0.0269877757
3   6   1   8   0.0210199286
3   6   2   8   -0.0238419812
3   6   3   6   0.8925912902
3   6   3   7   0.0070853113
3   6   3   9   -0.0075759988
3   6   4   8   0.0030141161
3   7   1   8   -0.0238419812
3   7   2   8   0.1469461777
3   7   3   6   0.0070853113
3   7   3   7   0.6754860157
3   7   3   9   0.0120498800
3   7   4   8   0.0138061037
3   8   1   6   0.0170150941
3   8   1   7   -0.0231308206
3   8   1   9   0.0026637972
3   8   2   6   -0.0231308206
3   8   2   7   0.1426114541
3   8   2   9   0.0141962279
3   8   3   8   0.6499188286
3   8   4   6   0.0026637972
3   8   4   7   0.0141962279
3   8   4   9   0.0305846099
3   8   5   10   0.0221869186
3   9   1   8   0.0030141161
3   9   2   8   0.0138061037
3   9   3   6   -0.0075759988
3   9   3   7   0.0120498800
3   9   3   9   0.5965269191
3   9   4   8   0.0361734808
3   10   3   10   0.6101384834
3   10   5   8   0.0275239443
4   6   1   6   -0.1363899716
4   6   1   7   -0.0160747206
4   6   1   9   0.0307432234
4   6   2   6   -0.0830128322
4   6   2   7   -0.0078085239
4   6   2   9   -0.0226766144
4   6   3   8   0.0026637972
4   6   4   6   0.9802125390
4   6   4   7   0.0129963939
4   6   4   9   0.0081656269
4   6   5   10   0.0085867921
4   7   1   6   -0.0161049416
4   7   1   7   -0.0145433443
4   7   1   9   -0.0226766144
4   7   2   6   -0.0075604337
4   7   2   7   0.0176916860
4   7   2   9   0.1179590020
4   7   3   8   0.0141962279
4   7   4   6   0.0129963939
4   7   4   7   0.6680800476
4   7   4   9   -0.0623619176
4   7   5   10   -0.0270279100
4   8   1   8   -0.0075759988
4   8   2   8   0.0120498800
4   8   3   6   0.0030141161
4   8   3   7   0.0138061037
4   8   3   9   0.0361734808
4   8   4   8   0.5965269191
4   9   1   6   0.0263726787
4   9   1   7   -0.0221059472
4   9   1   9   0.0081656269
4   9   2   6   -0.0221059472
4   9   2   7   0.1138023160
4   9   2   9   -0.0623619176
4   9   3   8   0.0305846099
4   9   4   6   0.0081656269
4   9   4   7   -0.0623619176
4   9   4   9   0.6918012736
4   9   5   10   0.0320829143
4   10   1   10   -0.0047456443
4   10   2   10   -0.0312482491
4   10   4   10   0.6382655401
4   10   5   6   0.0088784318
4   10   5   7   -0.0269877757
4   10   5   9   0.0372146304
5   6   1   10   0.0305608400
5   6   2   10   -0.0287535939
5   6   4   10   0.0088784318
5   6   5   6   1.0244177338
5   6   5   7   0.0116384818
5   6   5   9   -0.0047456443
5   7   1   10   -0.0287535939
5   7   2   10   0.1202014448
5   7   4   10   -0.0269877757
5   7   5   6   0.0116384818
5   7   5   7   0.6964660126
5   7   5   9   -0.0312482491
5   8   3   10   0.0275239443
5   8   5   8   0.6101384834
5   9   1   10   0.0088784318
5   9   2   10   -0.0269877757
5   9   4   10   0.0372146304
5   9   5   6   -0.0047456443
5   9   5   7   -0.0312482491
5   9   5   9   0.6382655401
5   10   1   6   0.0257985365
5   10   1   7   -0.0285006503
5   10   1   9   0.0085867921
5   10   2   6   -0.0285006503
5   10   2   7   0.1166415794
5   10   2   9   -0.0270279100
5   10   3   8   0.0221869186
5   10   4   6   0.0085867921
5   10   4   7   -0.0270279100
5   10   4   9   0.0320829143
5   10   5   10   0.7136961712

End IJKL Block
Begin ABCD Block
1   3   1   3   0.2446607356
1   3   2   4   0.0602852562
1   4   1   4   0.2308623270
1   4   2   3   0.0602852562
2   3   1   4   0.0602852562
2   3   2   3   0.2308623270
2   4   1   3   0.0602852562
2   4   2   4   0.2356572381

End ABCD Block
Begin AIJB Block
1   6   1   3   0.0056654063
1   6   2   3   -0.0004831533
1   6   3   4   -0.0013431224
1   6   4   3   -0.0007160806
1   7   1   3   -0.0004831533
1   7   2   3   0.0186608617
1   7   3   4   0.0057480820
1   7   4   3   0.0100287985
1   8   1   4   0.0002796984
1   8   2   4   0.0151762994
1   8   3   3   0.0110965366
1   8   4   4   0.0094558804
1   9   1   3   -0.0007160806
1   9   2   3   0.0100287985
1   9   3   4   0.0038775143
1   9   4   3   0.0113900261
1   10   5   3   0.0076139926
2   6   1   4   0.0029930297
2   6   2   4   -0.0024876817
2   6   3   3   0.0002796984
2   6   4   4   0.0008876555
2   7   1   4   -0.0024876817
2   7   2   4   0.0085893188
2   7   3   3   0.0151762994
2   7   4   4   -0.0014837364
2   8   1   3   -0.0013431224
2   8   2   3   0.0057480820
2   8   3   4   0.0216349638
2   8   4   3   0.0038775143
2   9   1   4   0.0008876555
2   9   2   4   -0.0014837364
2   9   3   3   0.0094558804
2   9   4   4   0.0053370145
2   10   5   4   0.0030835568

1   6   6   1   -0.3208898206
1   6   7   1   -0.0009838352
1   6   8   2   0.0031996207
1   6   9   1   0.0039400946
1   7   6   1   -0.0009838352
1   7   7   1   -0.2994656999
1   7   8   2   -0.0355382111
1   7   9   1   -0.0201523380
1   8   6   2   0.0032286739
1   8   7   2   -0.0354678340
1   8   8   1   -0.2949875587
1   8   9   2   -0.0106312201
1   9   6   1   0.0039400946
1   9   7   1   -0.0201523380
1   9   8   2   -0.0107343445
1   9   9   1   -0.2830358598
1   10   10   1   -0.2868128393
2   6   6   2   -0.2866027257
2   6   7   2   -0.0009446313
2   6   8   1   0.0032286739
2   6   9   2   0.0012016023
2   7   6   2   -0.0009446313
2   7   7   2   -0.2642740487
2   7   8   1   -0.0354678340
2   7   9   2   -0.0097966676
2   8   6   1   0.0031996207
2   8   7   1   -0.0355382111
2   8   8   2   -0.2684354406
2   8   9   1   -0.0107343445
2   9   6   2   0.0012016023
2   9   7   2   -0.0097966676
2   9   8   1   -0.0106312201
2   9   9   2   -0.2523435168
2   10   10   2   -0.2539406877

End AIJB Block
Begin IJKA Block
1   6   1   3   -0.1108778386
1   6   2   3   -0.0180236906
1   6   3   4   -0.0079837736
1   6   4   3   -0.0002636862
1   7   1   3   -0.1299817102
1   7   2   3   -0.0020053655
1   7   3   4   0.0069061707
1   7   4   3   0.0066828683
1   8   1   4   -0.1334704185
1   8   2   4   -0.0007900875
1   8   3   3   0.0036151905
1   8   4   4   0.0003109347
1   9   1   3   -0.0550047213
1   9   2   3   0.0008810955
1   9   3   4   -0.0023646821
1   9   4   3   0.0027726264
1   10   5   3   0.0057097672
2   6   1   3   -0.0189522373
2   6   2   3   -0.0011877376
2   6   3   4   0.0090513518
2   6   4   3   0.0065257024
2   7   1   3   -0.0010800009
2   7   2   3   -0.0757650303
2   7   3   4   -0.0282515986
2   7   4   3   -0.0131191990
2   8   1   4   -0.0001582979
2   8   2   4   -0.0801343861
2   8   3   3   -0.0032559111
2   8   4   4   0.0107453681
2   9   1   3   0.0010087703
2   9   2   3   -0.0364777138
2   9   3   4   0.0123818474
2   9   4   3   -0.0004930286
2   10   5   3   -0.0155532944
3   6   1   4   -0.0087424384
3   6   2   4   0.0092976439
3   6   3   3   -0.0005613906
3   6   4   4   -0.0014770035
3   7   1   4   0.0070074473
3   7   2   4   -0.0276849477
3   7   3   3   -0.0554939476
3   7   4   4   0.0047825506
3   8   1   3   0.0034164830
3   8   2   3   -0.0037533868
3   8   3   4   -0.0727734177
3   8   4   3   0.0017735821
3   9   1   4   -0.0022693208
3   9   2   4   0.0113511089
3   9   3   3   -0.0245531226
3   9   4   4   -0.0063166419
3   10   5   4   -0.0075992651
4   6   1   3   -0.0005637766
4   6   2   3   0.0067673397
4   6   3   4   -0.0013925756
4   6   4   3   -0.0053015015
4   7   1   3   0.0065055848
4   7   2   3   -0.0133644990
4   7   3   4   0.0049512068
4   7   4   3   -0.0522396650
4   8   1   4   0.0003291752
4   8   2   4   0.0097132526
4   8   3   3   0.0018314481
4   8   4   4   -0.0709231529
4   9   1   3   0.0023922833
4   9   2   3   -0.0007957765
4   9   3   4   -0.0066809812
4   9   4   3   -0.0357451226
4   10   5   3   -0.0008026428
5   6   5   3   -0.0020334442
5   7   5   3   -0.0668322499
5   8   5   4   -0.0743061344
5   9   5   3   -0.0318953008
5   10   1   3   0.0050746363
5   10   2   3   -0.0150014255
5   10   3   4   -0.0076049153
5   10   4   3   -0.0011811397

End IJKA Block
Begin IABC Block
1   3   1   3   0.0003984401
1   3   2   4   0.0011194702
1   4   1   4   -0.0000376321
1   4   2   3   0.0011229042
2   3   1   3   -0.0076518851
2   3   2   4   0.0010093430
2   4   1   4   -0.0044886464
2   4   2   3   0.0008860840
3   3   1   4   0.0149728193
3   3   2   3   -0.0051240930
3   4   1   3   0.0146839447
3   4   2   4   -0.0025128431
4   3   1   3   0.0020439017
4   3   2   4   0.0089652294
4   4   1   4   0.0043696246
4   4   2   3   0.0088405622

End IABC Block
