Number of strings: 462 462, CI size = 213444
String addressing array alpha: 5 11
0 126 196 231 246 251 252 252 252 252 252
0 0 56 91 111 121 125 126 126 126 126
0 0 0 21 36 46 52 55 56 56 56
0 0 0 0 6 11 15 18 20 21 21
0 0 0 0 0 1 2 3 4 5 6

Alpha strings 462 5
1 2 3 4 5
1 2 3 4 6
1 2 3 4 7
1 2 3 4 8
1 2 3 4 9
1 2 3 4 10
1 2 3 4 11
1 2 3 5 6
1 2 3 5 7
1 2 3 5 8
1 2 3 5 9
1 2 3 5 10
1 2 3 5 11
1 2 3 6 7
1 2 3 6 8
1 2 3 6 9
1 2 3 6 10
1 2 3 6 11
1 2 3 7 8
1 2 3 7 9
1 2 3 7 10
1 2 3 7 11
1 2 3 8 9
1 2 3 8 10
1 2 3 8 11
1 2 3 9 10
1 2 3 9 11
1 2 3 10 11
1 2 4 5 6
1 2 4 5 7
1 2 4 5 8
1 2 4 5 9
1 2 4 5 10
1 2 4 5 11
1 2 4 6 7
1 2 4 6 8
1 2 4 6 9
1 2 4 6 10
1 2 4 6 11
1 2 4 7 8
1 2 4 7 9
1 2 4 7 10
1 2 4 7 11
1 2 4 8 9
1 2 4 8 10
1 2 4 8 11
1 2 4 9 10
1 2 4 9 11
1 2 4 10 11
1 2 5 6 7
1 2 5 6 8
1 2 5 6 9
1 2 5 6 10
1 2 5 6 11
1 2 5 7 8
1 2 5 7 9
1 2 5 7 10
1 2 5 7 11
1 2 5 8 9
1 2 5 8 10
1 2 5 8 11
1 2 5 9 10
1 2 5 9 11
1 2 5 10 11
1 2 6 7 8
1 2 6 7 9
1 2 6 7 10
1 2 6 7 11
1 2 6 8 9
1 2 6 8 10
1 2 6 8 11
1 2 6 9 10
1 2 6 9 11
1 2 6 10 11
1 2 7 8 9
1 2 7 8 10
1 2 7 8 11
1 2 7 9 10
1 2 7 9 11
1 2 7 10 11
1 2 8 9 10
1 2 8 9 11
1 2 8 10 11
1 2 9 10 11
1 3 4 5 6
1 3 4 5 7
1 3 4 5 8
1 3 4 5 9
1 3 4 5 10
1 3 4 5 11
1 3 4 6 7
1 3 4 6 8
1 3 4 6 9
1 3 4 6 10
1 3 4 6 11
1 3 4 7 8
1 3 4 7 9
1 3 4 7 10
1 3 4 7 11
1 3 4 8 9
1 3 4 8 10
1 3 4 8 11
1 3 4 9 10
1 3 4 9 11
1 3 4 10 11
1 3 5 6 7
1 3 5 6 8
1 3 5 6 9
1 3 5 6 10
1 3 5 6 11
1 3 5 7 8
1 3 5 7 9
1 3 5 7 10
1 3 5 7 11
1 3 5 8 9
1 3 5 8 10
1 3 5 8 11
1 3 5 9 10
1 3 5 9 11
1 3 5 10 11
1 3 6 7 8
1 3 6 7 9
1 3 6 7 10
1 3 6 7 11
1 3 6 8 9
1 3 6 8 10
1 3 6 8 11
1 3 6 9 10
1 3 6 9 11
1 3 6 10 11
1 3 7 8 9
1 3 7 8 10
1 3 7 8 11
1 3 7 9 10
1 3 7 9 11
1 3 7 10 11
1 3 8 9 10
1 3 8 9 11
1 3 8 10 11
1 3 9 10 11
1 4 5 6 7
1 4 5 6 8
1 4 5 6 9
1 4 5 6 10
1 4 5 6 11
1 4 5 7 8
1 4 5 7 9
1 4 5 7 10
1 4 5 7 11
1 4 5 8 9
1 4 5 8 10
1 4 5 8 11
1 4 5 9 10
1 4 5 9 11
1 4 5 10 11
1 4 6 7 8
1 4 6 7 9
1 4 6 7 10
1 4 6 7 11
1 4 6 8 9
1 4 6 8 10
1 4 6 8 11
1 4 6 9 10
1 4 6 9 11
1 4 6 10 11
1 4 7 8 9
1 4 7 8 10
1 4 7 8 11
1 4 7 9 10
1 4 7 9 11
1 4 7 10 11
1 4 8 9 10
1 4 8 9 11
1 4 8 10 11
1 4 9 10 11
1 5 6 7 8
1 5 6 7 9
1 5 6 7 10
1 5 6 7 11
1 5 6 8 9
1 5 6 8 10
1 5 6 8 11
1 5 6 9 10
1 5 6 9 11
1 5 6 10 11
1 5 7 8 9
1 5 7 8 10
1 5 7 8 11
1 5 7 9 10
1 5 7 9 11
1 5 7 10 11
1 5 8 9 10
1 5 8 9 11
1 5 8 10 11
1 5 9 10 11
1 6 7 8 9
1 6 7 8 10
1 6 7 8 11
1 6 7 9 10
1 6 7 9 11
1 6 7 10 11
1 6 8 9 10
1 6 8 9 11
1 6 8 10 11
1 6 9 10 11
1 7 8 9 10
1 7 8 9 11
1 7 8 10 11
1 7 9 10 11
1 8 9 10 11
2 3 4 5 6
2 3 4 5 7
2 3 4 5 8
2 3 4 5 9
2 3 4 5 10
2 3 4 5 11
2 3 4 6 7
2 3 4 6 8
2 3 4 6 9
2 3 4 6 10
2 3 4 6 11
2 3 4 7 8
2 3 4 7 9
2 3 4 7 10
2 3 4 7 11
2 3 4 8 9
2 3 4 8 10
2 3 4 8 11
2 3 4 9 10
2 3 4 9 11
2 3 4 10 11
2 3 5 6 7
2 3 5 6 8
2 3 5 6 9
2 3 5 6 10
2 3 5 6 11
2 3 5 7 8
2 3 5 7 9
2 3 5 7 10
2 3 5 7 11
2 3 5 8 9
2 3 5 8 10
2 3 5 8 11
2 3 5 9 10
2 3 5 9 11
2 3 5 10 11
2 3 6 7 8
2 3 6 7 9
2 3 6 7 10
2 3 6 7 11
2 3 6 8 9
2 3 6 8 10
2 3 6 8 11
2 3 6 9 10
2 3 6 9 11
2 3 6 10 11
2 3 7 8 9
2 3 7 8 10
2 3 7 8 11
2 3 7 9 10
2 3 7 9 11
2 3 7 10 11
2 3 8 9 10
2 3 8 9 11
2 3 8 10 11
2 3 9 10 11
2 4 5 6 7
2 4 5 6 8
2 4 5 6 9
2 4 5 6 10
2 4 5 6 11
2 4 5 7 8
2 4 5 7 9
2 4 5 7 10
2 4 5 7 11
2 4 5 8 9
2 4 5 8 10
2 4 5 8 11
2 4 5 9 10
2 4 5 9 11
2 4 5 10 11
2 4 6 7 8
2 4 6 7 9
2 4 6 7 10
2 4 6 7 11
2 4 6 8 9
2 4 6 8 10
2 4 6 8 11
2 4 6 9 10
2 4 6 9 11
2 4 6 10 11
2 4 7 8 9
2 4 7 8 10
2 4 7 8 11
2 4 7 9 10
2 4 7 9 11
2 4 7 10 11
2 4 8 9 10
2 4 8 9 11
2 4 8 10 11
2 4 9 10 11
2 5 6 7 8
2 5 6 7 9
2 5 6 7 10
2 5 6 7 11
2 5 6 8 9
2 5 6 8 10
2 5 6 8 11
2 5 6 9 10
2 5 6 9 11
2 5 6 10 11
2 5 7 8 9
2 5 7 8 10
2 5 7 8 11
2 5 7 9 10
2 5 7 9 11
2 5 7 10 11
2 5 8 9 10
2 5 8 9 11
2 5 8 10 11
2 5 9 10 11
2 6 7 8 9
2 6 7 8 10
2 6 7 8 11
2 6 7 9 10
2 6 7 9 11
2 6 7 10 11
2 6 8 9 10
2 6 8 9 11
2 6 8 10 11
2 6 9 10 11
2 7 8 9 10
2 7 8 9 11
2 7 8 10 11
2 7 9 10 11
2 8 9 10 11
3 4 5 6 7
3 4 5 6 8
3 4 5 6 9
3 4 5 6 10
3 4 5 6 11
3 4 5 7 8
3 4 5 7 9
3 4 5 7 10
3 4 5 7 11
3 4 5 8 9
3 4 5 8 10
3 4 5 8 11
3 4 5 9 10
3 4 5 9 11
3 4 5 10 11
3 4 6 7 8
3 4 6 7 9
3 4 6 7 10
3 4 6 7 11
3 4 6 8 9
3 4 6 8 10
3 4 6 8 11
3 4 6 9 10
3 4 6 9 11
3 4 6 10 11
3 4 7 8 9
3 4 7 8 10
3 4 7 8 11
3 4 7 9 10
3 4 7 9 11
3 4 7 10 11
3 4 8 9 10
3 4 8 9 11
3 4 8 10 11
3 4 9 10 11
3 5 6 7 8
3 5 6 7 9
3 5 6 7 10
3 5 6 7 11
3 5 6 8 9
3 5 6 8 10
3 5 6 8 11
3 5 6 9 10
3 5 6 9 11
3 5 6 10 11
3 5 7 8 9
3 5 7 8 10
3 5 7 8 11
3 5 7 9 10
3 5 7 9 11
3 5 7 10 11
3 5 8 9 10
3 5 8 9 11
3 5 8 10 11
3 5 9 10 11
3 6 7 8 9
3 6 7 8 10
3 6 7 8 11
3 6 7 9 10
3 6 7 9 11
3 6 7 10 11
3 6 8 9 10
3 6 8 9 11
3 6 8 10 11
3 6 9 10 11
3 7 8 9 10
3 7 8 9 11
3 7 8 10 11
3 7 9 10 11
3 8 9 10 11
4 5 6 7 8
4 5 6 7 9
4 5 6 7 10
4 5 6 7 11
4 5 6 8 9
4 5 6 8 10
4 5 6 8 11
4 5 6 9 10
4 5 6 9 11
4 5 6 10 11
4 5 7 8 9
4 5 7 8 10
4 5 7 8 11
4 5 7 9 10
4 5 7 9 11
4 5 7 10 11
4 5 8 9 10
4 5 8 9 11
4 5 8 10 11
4 5 9 10 11
4 6 7 8 9
4 6 7 8 10
4 6 7 8 11
4 6 7 9 10
4 6 7 9 11
4 6 7 10 11
4 6 8 9 10
4 6 8 9 11
4 6 8 10 11
4 6 9 10 11
4 7 8 9 10
4 7 8 9 11
4 7 8 10 11
4 7 9 10 11
4 8 9 10 11
5 6 7 8 9
5 6 7 8 10
5 6 7 8 11
5 6 7 9 10
5 6 7 9 11
5 6 7 10 11
5 6 8 9 10
5 6 8 9 11
5 6 8 10 11
5 6 9 10 11
5 7 8 9 10
5 7 8 9 11
5 7 8 10 11
5 7 9 10 11
5 8 9 10 11
6 7 8 9 10
6 7 8 9 11
6 7 8 10 11
6 7 9 10 11
6 8 9 10 11
7 8 9 10 11

Is hamiltonian hermitian? 0
Implicit Hamiltonian constructed
E(core)= 9.189534427600
H(1,1) + E(core) energy = -76.398779283500
Davidson: iter=0 dim=0 root=0 eigenvalue=-85.588313711100
Davidson: iter=1 dim=1 root=0 eigenvalue=-85.596259822737
Davidson: iter=2 dim=2 root=0 eigenvalue=-85.596833932630
Davidson: iter=3 dim=3 root=0 eigenvalue=-85.596850207444
Davidson: iter=4 dim=4 root=0 eigenvalue=-85.596850909393
Davidson: iter=5 dim=5 root=0 eigenvalue=-85.596850933198
Davidson: iter=6 dim=6 root=0 eigenvalue=-85.596850934075
Davidson: iter=7 dim=7 root=0 eigenvalue=-85.596850934109
Davidson: iter=8 dim=8 root=0 eigenvalue=-85.596850934110
root no. 0 converged
Davidson converged in 8 iterations.
E(core)= 9.189534427600
E(0)= -76.407316506510
FCI Excitation energies = 1
0.000000000000

Vacuum coefficients in CI state 0 = 0.997423521056
Eigenvector 0 in string basis
0: 0.997423521056 seniority 0 ... 5
1 2 3 4 5
 | 5
1 2 3 4 5

Seniority vectors for all roots (nroots/seniority)
1 6
0.996239326923 0.001098003506 0.002637440971 0.000025135424 0.000000093176 0.000000000001

Calculating transition densities
Root 0 MO occupations numbers (density matrix diagonal)
11
1.999999526442 1.998617373375 1.998121636475 1.996414290771 1.996775250517 0.001214756661 0.000844771040 0.001069256828 0.003040756391 0.000635740392 0.003266641111
Transition densities done:
Trandens between roots 0 0
11 11
1.999999526442 0.000003599525 -0.000000000000 -0.000002928810 0.000000000000 -0.000149186097 0.000000000000 -0.000191602093 0.000000000000 -0.000000000000 -0.000140128792
0.000003599525 1.998617373375 -0.000000000001 0.001237050465 0.000000000000 0.000015591889 -0.000000000148 -0.005305507231 0.000000000000 0.000000000133 0.003654428838
-0.000000000000 -0.000000000001 1.998121636475 0.000000000000 0.000000000000 0.000000000012 -0.001325041297 0.000000000019 0.000000000000 0.001196241132 0.000000000254
-0.000002928810 0.001237050465 0.000000000000 1.996414290771 0.000000000000 0.003952291252 0.000000000005 -0.006828668463 0.000000000000 -0.000000000005 0.004608373899
0.000000000000 0.000000000000 0.000000000000 0.000000000000 1.996775250517 0.000000000000 0.000000000000 0.000000000000 0.019728776722 0.000000000000 0.000000000000
-0.000149186097 0.000015591889 0.000000000012 0.003952291252 0.000000000000 0.001214756661 0.000000000001 -0.000125060385 0.000000000000 -0.000000000002 0.001890834361
0.000000000000 -0.000000000148 -0.001325041297 0.000000000005 0.000000000000 0.000000000001 0.000844771040 -0.000000000001 0.000000000000 0.000582976365 0.000000000003
-0.000191602093 -0.005305507231 0.000000000019 -0.006828668463 0.000000000000 -0.000125060385 -0.000000000001 0.001069256828 0.000000000000 -0.000000000001 -0.000672901351
0.000000000000 0.000000000000 0.000000000000 0.000000000000 0.019728776722 0.000000000000 0.000000000000 0.000000000000 0.003040756391 0.000000000000 0.000000000000
-0.000000000000 0.000000000133 0.001196241132 -0.000000000005 0.000000000000 -0.000000000002 0.000582976365 -0.000000000001 0.000000000000 0.000635740392 -0.000000000006
-0.000140128792 0.003654428838 0.000000000254 0.004608373899 0.000000000000 0.001890834361 0.000000000003 -0.000672901351 0.000000000000 -0.000000000006 0.003266641111

State 0 :
Natural orbital occupations
11
1.999999576869 1.999216615254 1.998123231471 1.996970455308 1.995877677784 0.004478546055 0.002845551599 0.001332495760 0.000982508731 0.000146420675 0.000026920494
Natural orbitals (in MO basis)
11 11
-0.999995160821 -0.002933220200 -0.000000000020 0.000000000000 0.001027064531 0.000079885959 -0.000000000000 -0.000000000001 0.000115370741 0.000000000000 -0.000000159849
-0.003094407885 0.909244455495 -0.000000000025 -0.000000000000 -0.416238569597 -0.002028488987 -0.000000000000 -0.000000000001 0.002489062074 -0.000000000096 -0.000296265219
0.000000000020 -0.000000000177 -0.999999600842 -0.000000000001 -0.000000000326 -0.000000000108 0.000000000000 0.000124356057 -0.000000000012 -0.000884788490 -0.000000000077
-0.000287006633 0.416225407646 -0.000000000370 0.000000000000 0.909249874526 -0.003552387995 -0.000000000000 -0.000000000017 0.002610880929 -0.000000000018 0.001247867195
-0.000000000000 0.000000000000 0.000000000001 -0.999951053826 0.000000000000 0.000000000000 -0.009893935119 0.000000000000 -0.000000000000 -0.000000000000 0.000000000000
0.000074100253 0.000833386403 -0.000000000007 0.000000000000 0.001799685103 0.495288177939 -0.000000000000 -0.000000001205 0.303363861016 0.000000012941 -0.814036884750
0.000000000000 -0.000000000066 0.000663248404 0.000000000000 0.000000000034 0.000000000869 0.000000000000 0.766844184915 0.000000005059 -0.641832965938 -0.000000008924
0.000105019261 -0.003837344102 -0.000000000008 -0.000000000000 -0.002006174582 -0.175814226625 -0.000000000000 -0.000000005719 0.952652157915 -0.000000003010 0.248041252136
-0.000000000000 0.000000000000 0.000000000000 -0.009893935119 0.000000000000 -0.000000000000 0.999951053826 -0.000000000000 0.000000000000 0.000000000000 -0.000000000000
-0.000000000000 0.000000000059 -0.000598679092 -0.000000000000 -0.000000000030 -0.000000001592 0.000000000000 0.641833296580 0.000000003015 0.766843961302 0.000000011396
0.000063887678 0.002628052061 -0.000000000128 0.000000000000 0.001341786255 0.850742168874 0.000000000000 -0.000000000064 0.020278274339 -0.000000006066 0.525183627468

