Number of strings: 21 21, CI size = 441
String addressing array alpha: 5 7
0 5 6 6 6 6 6
0 0 4 5 5 5 5
0 0 0 3 4 4 4
0 0 0 0 2 3 3
0 0 0 0 0 1 2

Alpha strings 21 5
1 2 3 4 5
1 2 3 4 6
1 2 3 4 7
1 2 3 5 6
1 2 3 5 7
1 2 3 6 7
1 2 4 5 6
1 2 4 5 7
1 2 4 6 7
1 2 5 6 7
1 3 4 5 6
1 3 4 5 7
1 3 4 6 7
1 3 5 6 7
1 4 5 6 7
2 3 4 5 6
2 3 4 5 7
2 3 4 6 7
2 3 5 6 7
2 4 5 6 7
3 4 5 6 7

Is hamiltonian hermitian? 1
Implicit Hamiltonian constructed
E(core)= 9.189534427600
H(1,1) + E(core) energy = -76.408304262500
Davidson: iter=0 dim=0 root=0 eigenvalue=-85.597838690100
Davidson: iter=1 dim=1 root=0 eigenvalue=-85.598719886276
Davidson: iter=2 dim=2 root=0 eigenvalue=-85.598737062226
Davidson: iter=3 dim=3 root=0 eigenvalue=-85.598737212437
Davidson: iter=4 dim=4 root=0 eigenvalue=-85.598737213672
Davidson: iter=5 dim=5 root=0 eigenvalue=-85.598737213682
Davidson: iter=6 dim=6 root=0 eigenvalue=-85.598737213683
root no. 0 converged
Davidson converged in 6 iterations.
E(core)= 9.189534427600
E(0)= -76.409202786083
FCI Excitation energies = 1
0.000000000000

Vacuum coefficients in CI state 0 = -0.999764066751
Eigenvector 0 in string basis
0: -0.999764066751 seniority 0 ... 5
1 2 3 4 5
 | 5
1 2 3 4 5

Seniority vectors for all roots (nroots/seniority)
1 6
0.999777106403 0.000060832046 -0.999615290809 0.021100846169 1.000000000000 0.000000000000

Calculating transition densities
Root 0 MO occupations numbers (density matrix diagonal)
7
1.999999943092 1.999794599339 1.999597887948 1.999750248841 1.999921960481 0.000577747690 0.000357612609
Transition densities done:
Trandens between roots 0 0
7 7
1.999999943092 0.000000779783 0.000000000000 0.000000176048 0.000000000000 -0.000186677677 0.000000000000
0.000000779783 1.999794599339 0.000000000000 -0.000204712807 0.000000000000 -0.000337316580 0.000000000000
0.000000000000 0.000000000000 1.999597887948 0.000000000000 0.000000000000 0.000000000000 0.001590659934
0.000000176048 -0.000204712807 0.000000000000 1.999750248841 0.000000000000 -0.004115958947 0.000000000000
0.000000000000 0.000000000000 0.000000000000 0.000000000000 1.999921960481 0.000000000000 0.000000000000
-0.000186677677 -0.000337316580 0.000000000000 -0.004115958947 0.000000000000 0.000577747690 0.000000000000
0.000000000000 0.000000000000 0.001590659934 0.000000000000 0.000000000000 0.000000000000 0.000357612609

State 0 :
Natural orbital occupations
7
1.999999965296 1.999981494502 1.999921960481 1.999599153527 1.999571879987 0.000569199176 0.000356347030
Natural orbitals (in MO basis)
7 7
-0.999926626801 -0.011903379863 0.000000000004 0.000000000000 0.002245405292 0.000093364966 0.000000000000
-0.010294781851 0.737399256414 -0.000000000000 -0.000000000000 -0.675378653474 0.000168934056 0.000000000000
0.000000000000 0.000000000000 -0.000000000000 0.999999683485 -0.000000000000 -0.000000000000 -0.000795631442
0.006383710850 -0.675351050161 0.000000000000 -0.000000000000 -0.737465910046 0.002058835399 0.000000000000
0.000000000004 0.000000000000 1.000000000000 0.000000000000 0.000000000000 -0.000000000000 -0.000000000000
0.000081954420 0.001266978869 -0.000000000000 0.000000000000 0.001632209224 0.999997861968 0.000000000000
0.000000000000 0.000000000000 -0.000000000000 0.000795631442 -0.000000000000 -0.000000000000 0.999999683485

