Begin IJ Block
1   1   -2.1872700232
1   3   0.1382303997
2   2   -1.9528627918
3   3   -1.8127127575

End IJ Block
Begin IA Block
1   1   -0.0000000000
1   2   -0.0715820644
1   3   -0.0000000000
1   4   -0.1223514578
1   5   0.0000000000
2   1   -0.2095877972
2   3   -0.0472851822
2   4   0.0000000000
2   5   0.1015342278
3   1   0.0000000000
3   2   -0.1897793631
3   3   0.0000000000
3   4   0.0577426023
3   5   -0.0000000000

End IA Block
Begin AB Block
1   1   -1.4912600426
1   2   -0.0000000000
1   3   0.2948862207
1   4   0.0000000000
1   5   0.1878329822
2   2   -1.0004060061
2   3   0.0000000000
2   4   -0.0051992158
2   5   -0.0000000000
3   3   -0.9268681186
3   4   0.0000000000
3   5   0.0345805334
4   4   -1.0983014957
4   5   -0.0000000001
5   5   -0.8691251960
6   6   -1.3007013875
7   7   -1.3007013875

End AB Block
Begin IJAB Block
1   4   1   8   0.0545914124
1   4   1   10   -0.0208942254
1   4   1   11   0.0000000000
1   4   1   12   -0.0217984643
1   4   2   9   0.0176681759
1   4   2   10   -0.0000000000
1   4   2   11   -0.0025872638
1   4   2   12   0.0000000000
1   4   3   8   -0.0208942254
1   4   3   9   -0.0000000000
1   4   3   10   0.0142850060
1   4   3   11   0.0000000000
1   4   3   12   0.0067334229
1   4   4   8   0.0000000000
1   4   4   9   -0.0025872638
1   4   4   10   0.0000000000
1   4   4   11   0.0157972884
1   4   4   12   -0.0000000000
1   4   5   8   -0.0217984643
1   4   5   9   0.0000000000
1   4   5   10   0.0067334229
1   4   5   11   -0.0000000000
1   4   5   12   0.0116703430
1   4   6   13   0.0356971549
1   4   7   14   0.0356971549
1   5   1   9   0.0221238004
1   5   1   10   0.0000000000
1   5   1   11   0.0032867363
1   5   1   12   -0.0000000000
1   5   2   8   0.0085086157
1   5   2   10   0.0078639212
1   5   2   11   0.0000000000
1   5   2   12   -0.0039596559
1   5   3   8   -0.0000000000
1   5   3   9   0.0008963643
1   5   3   10   0.0000000000
1   5   3   11   0.0017540299
1   5   3   12   -0.0000000000
1   5   4   8   0.0097793355
1   5   4   9   0.0000000000
1   5   4   10   0.0001661254
1   5   4   11   -0.0000000000
1   5   4   12   -0.0081925279
1   5   5   8   0.0000000000
1   5   5   9   -0.0089468796
1   5   5   10   -0.0000000000
1   5   5   11   -0.0051927758
1   5   5   12   0.0000000000
1   5   6   13   -0.0000000000
1   5   7   14   -0.0000000000
1   6   1   8   -0.0071379271
1   6   1   9   -0.0000000000
1   6   1   10   0.0107041421
1   6   1   12   0.0099355510
1   6   2   9   0.0053277071
1   6   2   10   0.0000000000
1   6   2   11   0.0052625463
1   6   2   12   -0.0000000000
1   6   3   8   -0.0017653770
1   6   3   9   -0.0000000000
1   6   3   10   0.0045307266
1   6   3   12   -0.0051161920
1   6   4   8   -0.0000000000
1   6   4   9   0.0094846686
1   6   4   10   -0.0000000001
1   6   4   11   -0.0088342352
1   6   4   12   0.0000000001
1   6   5   8   0.0098724259
1   6   5   9   0.0000000000
1   6   5   10   -0.0088561235
1   6   5   11   0.0000000000
1   6   5   12   -0.0033048976
1   6   6   13   -0.0092397113
1   6   7   14   -0.0092397113
2   4   1   9   0.0085086157
2   4   1   10   -0.0000000000
2   4   1   11   0.0097793355
2   4   1   12   0.0000000000
2   4   2   8   0.0221238004
2   4   2   10   0.0008963643
2   4   2   11   0.0000000000
2   4   2   12   -0.0089468796
2   4   3   8   0.0000000000
2   4   3   9   0.0078639212
2   4   3   10   0.0000000000
2   4   3   11   0.0001661254
2   4   3   12   -0.0000000000
2   4   4   8   0.0032867363
2   4   4   9   0.0000000000
2   4   4   10   0.0017540299
2   4   4   11   -0.0000000000
2   4   4   12   -0.0051927758
2   4   5   8   -0.0000000000
2   4   5   9   -0.0039596559
2   4   5   10   -0.0000000000
2   4   5   11   -0.0081925279
2   4   5   12   0.0000000000
2   4   6   13   -0.0000000000
2   4   7   14   -0.0000000000
2   5   1   8   0.0566876087
2   5   1   10   -0.0207579688
2   5   1   11   0.0000000000
2   5   1   12   -0.0125686691
2   5   2   9   0.0254970667
2   5   2   11   0.0028727426
2   5   2   12   -0.0000000000
2   5   3   8   -0.0207579688
2   5   3   10   0.0219359718
2   5   3   11   -0.0000000000
2   5   3   12   0.0003703106
2   5   4   8   0.0000000000
2   5   4   9   0.0028727426
2   5   4   10   -0.0000000000
2   5   4   11   0.0055126215
2   5   4   12   0.0000000000
2   5   5   8   -0.0125686691
2   5   5   9   -0.0000000000
2   5   5   10   0.0003703106
2   5   5   11   0.0000000000
2   5   5   12   0.0082447916
2   5   6   13   0.0187840418
2   5   7   14   0.0187840418
2   6   1   9   0.0271585412
2   6   1   10   0.0000000000
2   6   1   11   -0.0169612957
2   6   1   12   -0.0000000000
2   6   2   8   -0.0000360022
2   6   2   10   0.0127360178
2   6   2   12   0.0014497431
2   6   3   9   -0.0010675996
2   6   3   10   -0.0000000000
2   6   3   11   0.0101033610
2   6   3   12   0.0000000000
2   6   4   8   -0.0107628585
2   6   4   9   0.0000000000
2   6   4   10   0.0084673953
2   6   4   12   -0.0001652332
2   6   5   8   0.0000000000
2   6   5   9   -0.0071126262
2   6   5   10   0.0000000001
2   6   5   11   0.0027485038
2   6   5   12   -0.0000000001
2   6   6   13   0.0000000000
2   6   7   14   0.0000000000
3   4   1   8   -0.0071379271
3   4   1   10   -0.0017653770
3   4   1   11   -0.0000000000
3   4   1   12   0.0098724259
3   4   2   8   -0.0000000000
3   4   2   9   0.0053277071
3   4   2   10   -0.0000000000
3   4   2   11   0.0094846686
3   4   2   12   0.0000000000
3   4   3   8   0.0107041421
3   4   3   9   0.0000000000
3   4   3   10   0.0045307266
3   4   3   11   -0.0000000001
3   4   3   12   -0.0088561235
3   4   4   9   0.0052625463
3   4   4   11   -0.0088342352
3   4   4   12   0.0000000000
3   4   5   8   0.0099355510
3   4   5   9   -0.0000000000
3   4   5   10   -0.0051161920
3   4   5   11   0.0000000001
3   4   5   12   -0.0033048976
3   4   6   13   -0.0092397113
3   4   7   14   -0.0092397113
3   5   1   9   -0.0000360022
3   5   1   11   -0.0107628585
3   5   1   12   0.0000000000
3   5   2   8   0.0271585412
3   5   2   10   -0.0010675996
3   5   2   11   0.0000000000
3   5   2   12   -0.0071126262
3   5   3   8   0.0000000000
3   5   3   9   0.0127360178
3   5   3   10   -0.0000000000
3   5   3   11   0.0084673953
3   5   3   12   0.0000000001
3   5   4   8   -0.0169612957
3   5   4   10   0.0101033610
3   5   4   12   0.0027485038
3   5   5   8   -0.0000000000
3   5   5   9   0.0014497431
3   5   5   10   0.0000000000
3   5   5   11   -0.0001652332
3   5   5   12   -0.0000000001
3   5   6   13   0.0000000000
3   5   7   14   0.0000000000
3   6   1   8   0.0602234969
3   6   1   9   0.0000000000
3   6   1   10   -0.0319105946
3   6   1   12   -0.0065782503
3   6   2   8   0.0000000000
3   6   2   9   0.0241609610
3   6   2   10   0.0000000000
3   6   2   11   -0.0095001888
3   6   2   12   -0.0000000000
3   6   3   8   -0.0319105946
3   6   3   9   0.0000000000
3   6   3   10   0.0278242748
3   6   3   12   0.0040721407
3   6   4   9   -0.0095001888
3   6   4   11   0.0124777340
3   6   4   12   -0.0000000000
3   6   5   8   -0.0065782503
3   6   5   9   -0.0000000000
3   6   5   10   0.0040721407
3   6   5   11   -0.0000000000
3   6   5   12   0.0049996679
3   6   6   13   0.0164208183
3   6   7   14   0.0164208183

End IJAB Block
Begin IJKL Block
1   4   1   4   0.4083643848
1   4   1   6   -0.0745940811
1   4   2   5   0.1240924041
1   4   3   4   -0.0745940811
1   4   3   6   0.0929240166
1   5   1   5   0.3250857452
1   5   2   4   0.1240924041
1   5   2   6   0.0930952106
1   5   3   5   0.0253808475
1   6   1   4   -0.0745940811
1   6   1   6   0.3363696663
1   6   2   5   0.0930952106
1   6   3   4   0.0929240166
1   6   3   6   -0.0213028030
2   4   1   5   0.1240924041
2   4   2   4   0.3250857452
2   4   2   6   0.0253808475
2   4   3   5   0.0930952106
2   5   1   4   0.1240924041
2   5   1   6   0.0930952106
2   5   2   5   0.3497406191
2   5   3   4   0.0930952106
2   5   3   6   0.1107334222
2   6   1   5   0.0930952106
2   6   2   4   0.0253808475
2   6   2   6   0.3137866629
2   6   3   5   0.1107334222
3   4   1   4   -0.0745940811
3   4   1   6   0.0929240166
3   4   2   5   0.0930952106
3   4   3   4   0.3363696663
3   4   3   6   -0.0213028030
3   5   1   5   0.0253808475
3   5   2   4   0.0930952106
3   5   2   6   0.1107334222
3   5   3   5   0.3137866629
3   6   1   4   0.0929240166
3   6   1   6   -0.0213028030
3   6   2   5   0.1107334222
3   6   3   4   -0.0213028030
3   6   3   6   0.3261496463

End IJKL Block
Begin ABCD Block
1   8   1   8   0.2610291172
1   8   1   9   -0.0000000000
1   8   1   10   -0.0413644815
1   8   1   11   0.0000000001
1   8   1   12   -0.0238029243
1   8   2   8   -0.0000000000
1   8   2   9   0.0543821098
1   8   2   10   -0.0000000000
1   8   2   11   -0.0109840634
1   8   2   12   0.0000000000
1   8   3   8   -0.0413644815
1   8   3   9   -0.0000000000
1   8   3   10   0.0298206618
1   8   3   11   0.0000000004
1   8   3   12   0.0165579333
1   8   4   8   0.0000000001
1   8   4   9   -0.0109840634
1   8   4   10   0.0000000004
1   8   4   11   0.0077723450
1   8   4   12   -0.0000000002
1   8   5   8   -0.0238029243
1   8   5   9   0.0000000000
1   8   5   10   0.0165579333
1   8   5   11   -0.0000000002
1   8   5   12   0.0154327062
1   8   6   13   0.0114588473
1   8   7   14   0.0114588473
1   9   1   8   -0.0000000000
1   9   1   9   0.2036410692
1   9   1   10   0.0000000000
1   9   1   11   -0.0042097647
1   9   1   12   0.0000000001
1   9   2   8   0.0543821098
1   9   2   9   -0.0000000000
1   9   2   10   0.0473322579
1   9   2   11   0.0000000000
1   9   2   12   0.0161947708
1   9   3   8   -0.0000000000
1   9   3   9   -0.0046018577
1   9   3   10   0.0000000004
1   9   3   11   -0.0023830052
1   9   3   12   0.0000000006
1   9   4   8   -0.0109840634
1   9   4   9   0.0000000002
1   9   4   10   -0.0090247147
1   9   4   11   -0.0000000003
1   9   4   12   -0.0047754479
1   9   5   8   0.0000000000
1   9   5   9   -0.0021272928
1   9   5   10   -0.0000000001
1   9   5   11   -0.0025761450
1   9   5   12   0.0000000002
1   9   6   13   0.0000000000
1   9   7   14   0.0000000000
1   10   1   8   -0.0413644815
1   10   1   9   0.0000000000
1   10   1   10   0.1989341220
1   10   1   11   0.0000000001
1   10   1   12   0.0041295805
1   10   2   8   -0.0000000000
1   10   2   9   0.0473322579
1   10   2   10   -0.0000000001
1   10   2   11   0.0086602048
1   10   2   12   0.0000000000
1   10   3   8   0.0298206618
1   10   3   9   0.0000000004
1   10   3   10   -0.0123185880
1   10   3   11   0.0000000006
1   10   3   12   0.0076260606
1   10   4   8   0.0000000004
1   10   4   9   -0.0090247147
1   10   4   10   0.0000000021
1   10   4   11   -0.0048991471
1   10   4   12   0.0000000017
1   10   5   8   0.0165579333
1   10   5   9   -0.0000000001
1   10   5   10   -0.0037870221
1   10   5   11   -0.0000000001
1   10   5   12   0.0041909326
1   10   6   13   -0.0057064918
1   10   7   14   -0.0057064918
1   11   1   8   0.0000000001
1   11   1   9   -0.0042097647
1   11   1   10   0.0000000001
1   11   1   11   0.2036644989
1   11   1   12   -0.0000000001
1   11   2   8   -0.0109840634
1   11   2   9   0.0000000000
1   11   2   10   0.0086602048
1   11   2   11   -0.0000000000
1   11   2   12   -0.0270497604
1   11   3   8   0.0000000004
1   11   3   9   -0.0023830052
1   11   3   10   0.0000000006
1   11   3   11   -0.0361797850
1   11   3   12   -0.0000000010
1   11   4   8   0.0077723450
1   11   4   9   -0.0000000003
1   11   4   10   -0.0048991471
1   11   4   11   0.0000000005
1   11   4   12   0.0048140330
1   11   5   8   -0.0000000002
1   11   5   9   -0.0025761450
1   11   5   10   -0.0000000001
1   11   5   11   -0.0205866471
1   11   5   12   0.0000000004
1   11   6   13   -0.0000000000
1   11   7   14   -0.0000000000
1   12   1   8   -0.0238029243
1   12   1   9   0.0000000001
1   12   1   10   0.0041295805
1   12   1   11   -0.0000000001
1   12   1   12   0.1887594978
1   12   2   8   0.0000000000
1   12   2   9   0.0161947708
1   12   2   10   0.0000000000
1   12   2   11   -0.0270497604
1   12   2   12   -0.0000000001
1   12   3   8   0.0165579333
1   12   3   9   0.0000000006
1   12   3   10   0.0076260606
1   12   3   11   -0.0000000010
1   12   3   12   -0.0178919771
1   12   4   8   -0.0000000002
1   12   4   9   -0.0047754479
1   12   4   10   0.0000000017
1   12   4   11   0.0048140330
1   12   4   12   0.0000000023
1   12   5   8   0.0154327062
1   12   5   9   0.0000000002
1   12   5   10   0.0041909326
1   12   5   11   0.0000000004
1   12   5   12   -0.0118527004
1   12   6   13   -0.0010607272
1   12   7   14   -0.0010607272
1   13   1   13   0.2511987545
1   13   3   13   -0.0538643237
1   13   4   13   -0.0000000000
1   13   5   13   -0.0343346870
1   13   6   8   0.0114588473
1   13   6   9   0.0000000000
1   13   6   10   -0.0057064918
1   13   6   11   -0.0000000000
1   13   6   12   -0.0010607272
1   14   1   14   0.2511987545
1   14   3   14   -0.0538643237
1   14   4   14   -0.0000000000
1   14   5   14   -0.0343346870
1   14   7   8   0.0114588473
1   14   7   9   0.0000000000
1   14   7   10   -0.0057064918
1   14   7   11   -0.0000000000
1   14   7   12   -0.0010607272
2   8   1   8   -0.0000000000
2   8   1   9   0.0543821098
2   8   1   10   -0.0000000000
2   8   1   11   -0.0109840634
2   8   1   12   0.0000000000
2   8   2   8   0.2036410692
2   8   2   9   -0.0000000000
2   8   2   10   -0.0046018577
2   8   2   11   0.0000000002
2   8   2   12   -0.0021272928
2   8   3   8   0.0000000000
2   8   3   9   0.0473322579
2   8   3   10   0.0000000004
2   8   3   11   -0.0090247147
2   8   3   12   -0.0000000001
2   8   4   8   -0.0042097647
2   8   4   9   0.0000000000
2   8   4   10   -0.0023830052
2   8   4   11   -0.0000000003
2   8   4   12   -0.0025761450
2   8   5   8   0.0000000001
2   8   5   9   0.0161947708
2   8   5   10   0.0000000006
2   8   5   11   -0.0047754479
2   8   5   12   0.0000000002
2   8   6   13   0.0000000000
2   8   7   14   0.0000000000
2   9   1   8   0.0543821098
2   9   1   9   -0.0000000000
2   9   1   10   0.0473322579
2   9   1   11   0.0000000000
2   9   1   12   0.0161947708
2   9   2   8   -0.0000000000
2   9   2   9   0.1950401707
2   9   2   10   0.0000000003
2   9   2   11   -0.0061301669
2   9   2   12   0.0000000004
2   9   3   8   0.0473322579
2   9   3   9   0.0000000003
2   9   3   10   0.0520802427
2   9   3   11   -0.0000000004
2   9   3   12   0.0208671873
2   9   4   8   0.0000000000
2   9   4   9   -0.0061301669
2   9   4   10   -0.0000000004
2   9   4   11   0.0035773656
2   9   4   12   -0.0000000004
2   9   5   8   0.0161947708
2   9   5   9   0.0000000004
2   9   5   10   0.0208671873
2   9   5   11   -0.0000000004
2   9   5   12   0.0139428278
2   9   6   13   0.0040898195
2   9   7   14   0.0040898195
2   10   1   8   -0.0000000000
2   10   1   9   0.0473322579
2   10   1   10   -0.0000000001
2   10   1   11   0.0086602048
2   10   1   12   0.0000000000
2   10   2   8   -0.0046018577
2   10   2   9   0.0000000003
2   10   2   10   0.1824093400
2   10   2   11   0.0000000003
2   10   2   12   0.0115543322
2   10   3   8   0.0000000004
2   10   3   9   0.0520802427
2   10   3   10   0.0000000019
2   10   3   11   0.0054678752
2   10   3   12   0.0000000023
2   10   4   8   -0.0023830052
2   10   4   9   -0.0000000004
2   10   4   10   -0.0043004611
2   10   4   11   -0.0000000004
2   10   4   12   -0.0051223900
2   10   5   8   0.0000000006
2   10   5   9   0.0208671873
2   10   5   10   0.0000000027
2   10   5   11   -0.0018423475
2   10   5   12   0.0000000039
2   10   6   13   0.0000000002
2   10   7   14   0.0000000002
2   11   1   8   -0.0109840634
2   11   1   9   0.0000000000
2   11   1   10   0.0086602048
2   11   1   11   -0.0000000000
2   11   1   12   -0.0270497604
2   11   2   8   0.0000000002
2   11   2   9   -0.0061301669
2   11   2   10   0.0000000003
2   11   2   11   0.1603949182
2   11   2   12   -0.0000000006
2   11   3   8   -0.0090247147
2   11   3   9   -0.0000000004
2   11   3   10   0.0054678752
2   11   3   11   0.0000000004
2   11   3   12   -0.0243504481
2   11   4   8   -0.0000000003
2   11   4   9   0.0035773656
2   11   4   10   -0.0000000004
2   11   4   11   0.0049215100
2   11   4   12   0.0000000007
2   11   5   8   -0.0047754479
2   11   5   9   -0.0000000004
2   11   5   10   -0.0018423475
2   11   5   11   0.0000000004
2   11   5   12   -0.0039902538
2   11   6   13   0.0009567970
2   11   7   14   0.0009567970
2   12   1   8   0.0000000000
2   12   1   9   0.0161947708
2   12   1   10   0.0000000000
2   12   1   11   -0.0270497604
2   12   1   12   -0.0000000001
2   12   2   8   -0.0021272928
2   12   2   9   0.0000000004
2   12   2   10   0.0115543322
2   12   2   11   -0.0000000006
2   12   2   12   0.1651780206
2   12   3   8   -0.0000000001
2   12   3   9   0.0208671873
2   12   3   10   0.0000000023
2   12   3   11   -0.0243504481
2   12   3   12   0.0000000025
2   12   4   8   -0.0025761450
2   12   4   9   -0.0000000004
2   12   4   10   -0.0051223900
2   12   4   11   0.0000000007
2   12   4   12   0.0007461362
2   12   5   8   0.0000000002
2   12   5   9   0.0139428278
2   12   5   10   0.0000000039
2   12   5   11   -0.0039902538
2   12   5   12   0.0000000039
2   12   6   13   0.0000000003
2   12   7   14   0.0000000003
2   13   2   13   0.1849243739
2   13   3   13   -0.0000000000
2   13   3   14   -0.0000000000
2   13   4   13   0.0032557377
2   13   5   13   -0.0000000000
2   13   5   14   -0.0000000000
2   13   6   8   0.0000000000
2   13   6   9   0.0040898195
2   13   6   10   0.0000000002
2   13   6   11   0.0009567970
2   13   6   12   0.0000000003
2   14   2   14   0.1849243739
2   14   3   13   -0.0000000000
2   14   3   14   -0.0000000000
2   14   4   14   0.0032557377
2   14   5   13   -0.0000000000
2   14   5   14   -0.0000000000
2   14   7   8   0.0000000000
2   14   7   9   0.0040898195
2   14   7   10   0.0000000002
2   14   7   11   0.0009567970
2   14   7   12   0.0000000003
3   8   1   8   -0.0413644815
3   8   1   9   -0.0000000000
3   8   1   10   0.0298206618
3   8   1   11   0.0000000004
3   8   1   12   0.0165579333
3   8   2   8   0.0000000000
3   8   2   9   0.0473322579
3   8   2   10   0.0000000004
3   8   2   11   -0.0090247147
3   8   2   12   -0.0000000001
3   8   3   8   0.1989341220
3   8   3   9   -0.0000000001
3   8   3   10   -0.0123185880
3   8   3   11   0.0000000021
3   8   3   12   -0.0037870221
3   8   4   8   0.0000000001
3   8   4   9   0.0086602048
3   8   4   10   0.0000000006
3   8   4   11   -0.0048991471
3   8   4   12   -0.0000000001
3   8   5   8   0.0041295805
3   8   5   9   0.0000000000
3   8   5   10   0.0076260606
3   8   5   11   0.0000000017
3   8   5   12   0.0041909326
3   8   6   13   -0.0057064918
3   8   7   14   -0.0057064918
3   9   1   8   -0.0000000000
3   9   1   9   -0.0046018577
3   9   1   10   0.0000000004
3   9   1   11   -0.0023830052
3   9   1   12   0.0000000006
3   9   2   8   0.0473322579
3   9   2   9   0.0000000003
3   9   2   10   0.0520802427
3   9   2   11   -0.0000000004
3   9   2   12   0.0208671873
3   9   3   8   -0.0000000001
3   9   3   9   0.1824093400
3   9   3   10   0.0000000019
3   9   3   11   -0.0043004611
3   9   3   12   0.0000000027
3   9   4   8   0.0086602048
3   9   4   9   0.0000000003
3   9   4   10   0.0054678752
3   9   4   11   -0.0000000004
3   9   4   12   -0.0018423475
3   9   5   8   0.0000000000
3   9   5   9   0.0115543322
3   9   5   10   0.0000000023
3   9   5   11   -0.0051223900
3   9   5   12   0.0000000039
3   9   6   13   0.0000000002
3   9   7   14   0.0000000002
3   10   1   8   0.0298206618
3   10   1   9   0.0000000004
3   10   1   10   -0.0123185880
3   10   1   11   0.0000000006
3   10   1   12   0.0076260606
3   10   2   8   0.0000000004
3   10   2   9   0.0520802427
3   10   2   10   0.0000000019
3   10   2   11   0.0054678752
3   10   2   12   0.0000000023
3   10   3   8   -0.0123185880
3   10   3   9   0.0000000019
3   10   3   10   0.1793464741
3   10   3   11   0.0000000029
3   10   3   12   0.0070015588
3   10   4   8   0.0000000006
3   10   4   9   0.0054678752
3   10   4   10   0.0000000029
3   10   4   11   0.0094235579
3   10   4   12   0.0000000026
3   10   5   8   0.0076260606
3   10   5   9   0.0000000023
3   10   5   10   0.0070015588
3   10   5   11   0.0000000026
3   10   5   12   0.0144100690
3   10   6   13   0.0044691109
3   10   7   14   0.0044691109
3   11   1   8   0.0000000004
3   11   1   9   -0.0023830052
3   11   1   10   0.0000000006
3   11   1   11   -0.0361797850
3   11   1   12   -0.0000000010
3   11   2   8   -0.0090247147
3   11   2   9   -0.0000000004
3   11   2   10   0.0054678752
3   11   2   11   0.0000000004
3   11   2   12   -0.0243504481
3   11   3   8   0.0000000021
3   11   3   9   -0.0043004611
3   11   3   10   0.0000000029
3   11   3   11   0.1654209049
3   11   3   12   -0.0000000046
3   11   4   8   -0.0048991471
3   11   4   9   -0.0000000004
3   11   4   10   0.0094235579
3   11   4   11   0.0000000007
3   11   4   12   -0.0129024748
3   11   5   8   0.0000000017
3   11   5   9   -0.0051223900
3   11   5   10   0.0000000026
3   11   5   11   -0.0150342657
3   11   5   12   -0.0000000041
3   11   6   13   -0.0000000002
3   11   7   14   -0.0000000002
3   12   1   8   0.0165579333
3   12   1   9   0.0000000006
3   12   1   10   0.0076260606
3   12   1   11   -0.0000000010
3   12   1   12   -0.0178919771
3   12   2   8   -0.0000000001
3   12   2   9   0.0208671873
3   12   2   10   0.0000000023
3   12   2   11   -0.0243504481
3   12   2   12   0.0000000025
3   12   3   8   -0.0037870221
3   12   3   9   0.0000000027
3   12   3   10   0.0070015588
3   12   3   11   -0.0000000046
3   12   3   12   0.1647414561
3   12   4   8   -0.0000000001
3   12   4   9   -0.0018423475
3   12   4   10   0.0000000026
3   12   4   11   -0.0129024748
3   12   4   12   0.0000000037
3   12   5   8   0.0041909326
3   12   5   9   0.0000000039
3   12   5   10   0.0144100690
3   12   5   11   -0.0000000041
3   12   5   12   -0.0067934990
3   12   6   13   -0.0005558890
3   12   7   14   -0.0005558890
3   13   1   13   -0.0538643237
3   13   2   13   -0.0000000000
3   13   2   14   -0.0000000000
3   13   3   13   0.1866260264
3   13   3   14   0.0000000000
3   13   4   13   -0.0000000000
3   13   5   13   -0.0102057715
3   13   6   8   -0.0057064918
3   13   6   9   0.0000000002
3   13   6   10   0.0044691109
3   13   6   11   -0.0000000002
3   13   6   12   -0.0005558890
3   14   1   14   -0.0538643237
3   14   2   13   -0.0000000000
3   14   2   14   -0.0000000000
3   14   3   13   0.0000000000
3   14   3   14   0.1866260264
3   14   4   14   -0.0000000000
3   14   5   14   -0.0102057715
3   14   7   8   -0.0057064918
3   14   7   9   0.0000000002
3   14   7   10   0.0044691109
3   14   7   11   -0.0000000002
3   14   7   12   -0.0005558890
4   8   1   8   0.0000000001
4   8   1   9   -0.0109840634
4   8   1   10   0.0000000004
4   8   1   11   0.0077723450
4   8   1   12   -0.0000000002
4   8   2   8   -0.0042097647
4   8   2   9   0.0000000000
4   8   2   10   -0.0023830052
4   8   2   11   -0.0000000003
4   8   2   12   -0.0025761450
4   8   3   8   0.0000000001
4   8   3   9   0.0086602048
4   8   3   10   0.0000000006
4   8   3   11   -0.0048991471
4   8   3   12   -0.0000000001
4   8   4   8   0.2036644989
4   8   4   9   -0.0000000000
4   8   4   10   -0.0361797850
4   8   4   11   0.0000000005
4   8   4   12   -0.0205866471
4   8   5   8   -0.0000000001
4   8   5   9   -0.0270497604
4   8   5   10   -0.0000000010
4   8   5   11   0.0048140330
4   8   5   12   0.0000000004
4   8   6   13   -0.0000000000
4   8   7   14   -0.0000000000
4   9   1   8   -0.0109840634
4   9   1   9   0.0000000002
4   9   1   10   -0.0090247147
4   9   1   11   -0.0000000003
4   9   1   12   -0.0047754479
4   9   2   8   0.0000000000
4   9   2   9   -0.0061301669
4   9   2   10   -0.0000000004
4   9   2   11   0.0035773656
4   9   2   12   -0.0000000004
4   9   3   8   0.0086602048
4   9   3   9   0.0000000003
4   9   3   10   0.0054678752
4   9   3   11   -0.0000000004
4   9   3   12   -0.0018423475
4   9   4   8   -0.0000000000
4   9   4   9   0.1603949182
4   9   4   10   0.0000000004
4   9   4   11   0.0049215100
4   9   4   12   0.0000000004
4   9   5   8   -0.0270497604
4   9   5   9   -0.0000000006
4   9   5   10   -0.0243504481
4   9   5   11   0.0000000007
4   9   5   12   -0.0039902538
4   9   6   13   0.0009567970
4   9   7   14   0.0009567970
4   10   1   8   0.0000000004
4   10   1   9   -0.0090247147
4   10   1   10   0.0000000021
4   10   1   11   -0.0048991471
4   10   1   12   0.0000000017
4   10   2   8   -0.0023830052
4   10   2   9   -0.0000000004
4   10   2   10   -0.0043004611
4   10   2   11   -0.0000000004
4   10   2   12   -0.0051223900
4   10   3   8   0.0000000006
4   10   3   9   0.0054678752
4   10   3   10   0.0000000029
4   10   3   11   0.0094235579
4   10   3   12   0.0000000026
4   10   4   8   -0.0361797850
4   10   4   9   0.0000000004
4   10   4   10   0.1654209049
4   10   4   11   0.0000000007
4   10   4   12   -0.0150342657
4   10   5   8   -0.0000000010
4   10   5   9   -0.0243504481
4   10   5   10   -0.0000000046
4   10   5   11   -0.0129024748
4   10   5   12   -0.0000000041
4   10   6   13   -0.0000000002
4   10   7   14   -0.0000000002
4   11   1   8   0.0077723450
4   11   1   9   -0.0000000003
4   11   1   10   -0.0048991471
4   11   1   11   0.0000000005
4   11   1   12   0.0048140330
4   11   2   8   -0.0000000003
4   11   2   9   0.0035773656
4   11   2   10   -0.0000000004
4   11   2   11   0.0049215100
4   11   2   12   0.0000000007
4   11   3   8   -0.0048991471
4   11   3   9   -0.0000000004
4   11   3   10   0.0094235579
4   11   3   11   0.0000000007
4   11   3   12   -0.0129024748
4   11   4   8   0.0000000005
4   11   4   9   0.0049215100
4   11   4   10   0.0000000007
4   11   4   11   0.2230243884
4   11   4   12   -0.0000000011
4   11   5   8   0.0048140330
4   11   5   9   0.0000000007
4   11   5   10   -0.0129024748
4   11   5   11   -0.0000000011
4   11   5   12   0.0310165841
4   11   6   13   0.0123465495
4   11   7   14   0.0123465495
4   12   1   8   -0.0000000002
4   12   1   9   -0.0047754479
4   12   1   10   0.0000000017
4   12   1   11   0.0048140330
4   12   1   12   0.0000000023
4   12   2   8   -0.0025761450
4   12   2   9   -0.0000000004
4   12   2   10   -0.0051223900
4   12   2   11   0.0000000007
4   12   2   12   0.0007461362
4   12   3   8   -0.0000000001
4   12   3   9   -0.0018423475
4   12   3   10   0.0000000026
4   12   3   11   -0.0129024748
4   12   3   12   0.0000000037
4   12   4   8   -0.0205866471
4   12   4   9   0.0000000004
4   12   4   10   -0.0150342657
4   12   4   11   -0.0000000011
4   12   4   12   0.1834257900
4   12   5   8   0.0000000004
4   12   5   9   -0.0039902538
4   12   5   10   -0.0000000041
4   12   5   11   0.0310165841
4   12   5   12   -0.0000000056
4   12   6   13   -0.0000000002
4   12   7   14   -0.0000000002
4   13   1   13   -0.0000000000
4   13   2   13   0.0032557377
4   13   3   13   -0.0000000000
4   13   4   13   0.2417108484
4   13   5   13   0.0000000000
4   13   6   8   -0.0000000000
4   13   6   9   0.0009567970
4   13   6   10   -0.0000000002
4   13   6   11   0.0123465495
4   13   6   12   -0.0000000002
4   14   1   14   -0.0000000000
4   14   2   14   0.0032557377
4   14   3   14   -0.0000000000
4   14   4   14   0.2417108484
4   14   5   14   0.0000000000
4   14   7   8   -0.0000000000
4   14   7   9   0.0009567970
4   14   7   10   -0.0000000002
4   14   7   11   0.0123465495
4   14   7   12   -0.0000000002
5   8   1   8   -0.0238029243
5   8   1   9   0.0000000000
5   8   1   10   0.0165579333
5   8   1   11   -0.0000000002
5   8   1   12   0.0154327062
5   8   2   8   0.0000000001
5   8   2   9   0.0161947708
5   8   2   10   0.0000000006
5   8   2   11   -0.0047754479
5   8   2   12   0.0000000002
5   8   3   8   0.0041295805
5   8   3   9   0.0000000000
5   8   3   10   0.0076260606
5   8   3   11   0.0000000017
5   8   3   12   0.0041909326
5   8   4   8   -0.0000000001
5   8   4   9   -0.0270497604
5   8   4   10   -0.0000000010
5   8   4   11   0.0048140330
5   8   4   12   0.0000000004
5   8   5   8   0.1887594978
5   8   5   9   -0.0000000001
5   8   5   10   -0.0178919771
5   8   5   11   0.0000000023
5   8   5   12   -0.0118527004
5   8   6   13   -0.0010607272
5   8   7   14   -0.0010607272
5   9   1   8   0.0000000000
5   9   1   9   -0.0021272928
5   9   1   10   -0.0000000001
5   9   1   11   -0.0025761450
5   9   1   12   0.0000000002
5   9   2   8   0.0161947708
5   9   2   9   0.0000000004
5   9   2   10   0.0208671873
5   9   2   11   -0.0000000004
5   9   2   12   0.0139428278
5   9   3   8   0.0000000000
5   9   3   9   0.0115543322
5   9   3   10   0.0000000023
5   9   3   11   -0.0051223900
5   9   3   12   0.0000000039
5   9   4   8   -0.0270497604
5   9   4   9   -0.0000000006
5   9   4   10   -0.0243504481
5   9   4   11   0.0000000007
5   9   4   12   -0.0039902538
5   9   5   8   -0.0000000001
5   9   5   9   0.1651780206
5   9   5   10   0.0000000025
5   9   5   11   0.0007461362
5   9   5   12   0.0000000039
5   9   6   13   0.0000000003
5   9   7   14   0.0000000003
5   10   1   8   0.0165579333
5   10   1   9   -0.0000000001
5   10   1   10   -0.0037870221
5   10   1   11   -0.0000000001
5   10   1   12   0.0041909326
5   10   2   8   0.0000000006
5   10   2   9   0.0208671873
5   10   2   10   0.0000000027
5   10   2   11   -0.0018423475
5   10   2   12   0.0000000039
5   10   3   8   0.0076260606
5   10   3   9   0.0000000023
5   10   3   10   0.0070015588
5   10   3   11   0.0000000026
5   10   3   12   0.0144100690
5   10   4   8   -0.0000000010
5   10   4   9   -0.0243504481
5   10   4   10   -0.0000000046
5   10   4   11   -0.0129024748
5   10   4   12   -0.0000000041
5   10   5   8   -0.0178919771
5   10   5   9   0.0000000025
5   10   5   10   0.1647414561
5   10   5   11   0.0000000037
5   10   5   12   -0.0067934990
5   10   6   13   -0.0005558890
5   10   7   14   -0.0005558890
5   11   1   8   -0.0000000002
5   11   1   9   -0.0025761450
5   11   1   10   -0.0000000001
5   11   1   11   -0.0205866471
5   11   1   12   0.0000000004
5   11   2   8   -0.0047754479
5   11   2   9   -0.0000000004
5   11   2   10   -0.0018423475
5   11   2   11   0.0000000004
5   11   2   12   -0.0039902538
5   11   3   8   0.0000000017
5   11   3   9   -0.0051223900
5   11   3   10   0.0000000026
5   11   3   11   -0.0150342657
5   11   3   12   -0.0000000041
5   11   4   8   0.0048140330
5   11   4   9   0.0000000007
5   11   4   10   -0.0129024748
5   11   4   11   -0.0000000011
5   11   4   12   0.0310165841
5   11   5   8   0.0000000023
5   11   5   9   0.0007461362
5   11   5   10   0.0000000037
5   11   5   11   0.1834257900
5   11   5   12   -0.0000000056
5   11   6   13   -0.0000000002
5   11   7   14   -0.0000000002
5   12   1   8   0.0154327062
5   12   1   9   0.0000000002
5   12   1   10   0.0041909326
5   12   1   11   0.0000000004
5   12   1   12   -0.0118527004
5   12   2   8   0.0000000002
5   12   2   9   0.0139428278
5   12   2   10   0.0000000039
5   12   2   11   -0.0039902538
5   12   2   12   0.0000000039
5   12   3   8   0.0041909326
5   12   3   9   0.0000000039
5   12   3   10   0.0144100690
5   12   3   11   -0.0000000041
5   12   3   12   -0.0067934990
5   12   4   8   0.0000000004
5   12   4   9   -0.0039902538
5   12   4   10   -0.0000000041
5   12   4   11   0.0310165841
5   12   4   12   -0.0000000056
5   12   5   8   -0.0118527004
5   12   5   9   0.0000000039
5   12   5   10   -0.0067934990
5   12   5   11   -0.0000000056
5   12   5   12   0.1750112758
5   12   6   13   0.0035747564
5   12   7   14   0.0035747564
5   13   1   13   -0.0343346870
5   13   2   13   -0.0000000000
5   13   2   14   -0.0000000000
5   13   3   13   -0.0102057715
5   13   4   13   0.0000000000
5   13   5   13   0.1989953703
5   13   6   8   -0.0010607272
5   13   6   9   0.0000000003
5   13   6   10   -0.0005558890
5   13   6   11   -0.0000000002
5   13   6   12   0.0035747564
5   14   1   14   -0.0343346870
5   14   2   13   -0.0000000000
5   14   2   14   -0.0000000000
5   14   3   14   -0.0102057715
5   14   4   14   0.0000000000
5   14   5   14   0.1989953703
5   14   7   8   -0.0010607272
5   14   7   9   0.0000000003
5   14   7   10   -0.0005558890
5   14   7   11   -0.0000000002
5   14   7   12   0.0035747564
6   8   1   13   0.0114588473
6   8   2   13   0.0000000000
6   8   3   13   -0.0057064918
6   8   4   13   -0.0000000000
6   8   5   13   -0.0010607272
6   8   6   8   0.2511987545
6   8   6   10   -0.0538643237
6   8   6   11   -0.0000000000
6   8   6   12   -0.0343346870
6   9   1   13   0.0000000000
6   9   2   13   0.0040898195
6   9   3   13   0.0000000002
6   9   4   13   0.0009567970
6   9   5   13   0.0000000003
6   9   6   9   0.1849243739
6   9   6   10   -0.0000000000
6   9   6   11   0.0032557377
6   9   6   12   -0.0000000000
6   9   7   10   -0.0000000000
6   9   7   12   -0.0000000000
6   10   1   13   -0.0057064918
6   10   2   13   0.0000000002
6   10   3   13   0.0044691109
6   10   4   13   -0.0000000002
6   10   5   13   -0.0005558890
6   10   6   8   -0.0538643237
6   10   6   9   -0.0000000000
6   10   6   10   0.1866260264
6   10   6   11   -0.0000000000
6   10   6   12   -0.0102057715
6   10   7   9   -0.0000000000
6   10   7   10   0.0000000000
6   11   1   13   -0.0000000000
6   11   2   13   0.0009567970
6   11   3   13   -0.0000000002
6   11   4   13   0.0123465495
6   11   5   13   -0.0000000002
6   11   6   8   -0.0000000000
6   11   6   9   0.0032557377
6   11   6   10   -0.0000000000
6   11   6   11   0.2417108484
6   11   6   12   0.0000000000
6   12   1   13   -0.0010607272
6   12   2   13   0.0000000003
6   12   3   13   -0.0005558890
6   12   4   13   -0.0000000002
6   12   5   13   0.0035747564
6   12   6   8   -0.0343346870
6   12   6   9   -0.0000000000
6   12   6   10   -0.0102057715
6   12   6   11   0.0000000000
6   12   6   12   0.1989953703
6   12   7   9   -0.0000000000
6   13   1   8   0.0114588473
6   13   1   9   0.0000000000
6   13   1   10   -0.0057064918
6   13   1   11   -0.0000000000
6   13   1   12   -0.0010607272
6   13   2   8   0.0000000000
6   13   2   9   0.0040898195
6   13   2   10   0.0000000002
6   13   2   11   0.0009567970
6   13   2   12   0.0000000003
6   13   3   8   -0.0057064918
6   13   3   9   0.0000000002
6   13   3   10   0.0044691109
6   13   3   11   -0.0000000002
6   13   3   12   -0.0005558890
6   13   4   8   -0.0000000000
6   13   4   9   0.0009567970
6   13   4   10   -0.0000000002
6   13   4   11   0.0123465495
6   13   4   12   -0.0000000002
6   13   5   8   -0.0010607272
6   13   5   9   0.0000000003
6   13   5   10   -0.0005558890
6   13   5   11   -0.0000000002
6   13   5   12   0.0035747564
6   13   6   13   0.3167646929
6   13   7   14   0.0128135770
6   14   6   14   0.2911375389
6   14   7   13   0.0128135770
7   8   1   14   0.0114588473
7   8   2   14   0.0000000000
7   8   3   14   -0.0057064918
7   8   4   14   -0.0000000000
7   8   5   14   -0.0010607272
7   8   7   8   0.2511987545
7   8   7   10   -0.0538643237
7   8   7   11   -0.0000000000
7   8   7   12   -0.0343346870
7   9   1   14   0.0000000000
7   9   2   14   0.0040898195
7   9   3   14   0.0000000002
7   9   4   14   0.0009567970
7   9   5   14   0.0000000003
7   9   6   10   -0.0000000000
7   9   6   12   -0.0000000000
7   9   7   9   0.1849243739
7   9   7   10   -0.0000000000
7   9   7   11   0.0032557377
7   9   7   12   -0.0000000000
7   10   1   14   -0.0057064918
7   10   2   14   0.0000000002
7   10   3   14   0.0044691109
7   10   4   14   -0.0000000002
7   10   5   14   -0.0005558890
7   10   6   9   -0.0000000000
7   10   6   10   0.0000000000
7   10   7   8   -0.0538643237
7   10   7   9   -0.0000000000
7   10   7   10   0.1866260264
7   10   7   11   -0.0000000000
7   10   7   12   -0.0102057715
7   11   1   14   -0.0000000000
7   11   2   14   0.0009567970
7   11   3   14   -0.0000000002
7   11   4   14   0.0123465495
7   11   5   14   -0.0000000002
7   11   7   8   -0.0000000000
7   11   7   9   0.0032557377
7   11   7   10   -0.0000000000
7   11   7   11   0.2417108484
7   11   7   12   0.0000000000
7   12   1   14   -0.0010607272
7   12   2   14   0.0000000003
7   12   3   14   -0.0005558890
7   12   4   14   -0.0000000002
7   12   5   14   0.0035747564
7   12   6   9   -0.0000000000
7   12   7   8   -0.0343346870
7   12   7   9   -0.0000000000
7   12   7   10   -0.0102057715
7   12   7   11   0.0000000000
7   12   7   12   0.1989953703
7   13   6   14   0.0128135770
7   13   7   13   0.2911375389
7   14   1   8   0.0114588473
7   14   1   9   0.0000000000
7   14   1   10   -0.0057064918
7   14   1   11   -0.0000000000
7   14   1   12   -0.0010607272
7   14   2   8   0.0000000000
7   14   2   9   0.0040898195
7   14   2   10   0.0000000002
7   14   2   11   0.0009567970
7   14   2   12   0.0000000003
7   14   3   8   -0.0057064918
7   14   3   9   0.0000000002
7   14   3   10   0.0044691109
7   14   3   11   -0.0000000002
7   14   3   12   -0.0005558890
7   14   4   8   -0.0000000000
7   14   4   9   0.0009567970
7   14   4   10   -0.0000000002
7   14   4   11   0.0123465495
7   14   4   12   -0.0000000002
7   14   5   8   -0.0010607272
7   14   5   9   0.0000000003
7   14   5   10   -0.0005558890
7   14   5   11   -0.0000000002
7   14   5   12   0.0035747564
7   14   6   13   0.0128135770
7   14   7   14   0.3167646929

End ABCD Block
Begin AIJB Block
1   4   1   8   0.0545914124
1   4   1   10   -0.0208942254
1   4   1   11   0.0000000000
1   4   1   12   -0.0217984643
1   4   2   9   0.0085086157
1   4   2   10   -0.0000000000
1   4   2   11   0.0097793355
1   4   2   12   0.0000000000
1   4   3   8   -0.0071379271
1   4   3   10   -0.0017653770
1   4   3   11   -0.0000000000
1   4   3   12   0.0098724259
1   5   1   9   0.0221238004
1   5   1   10   0.0000000000
1   5   1   11   0.0032867363
1   5   1   12   -0.0000000000
1   5   2   8   0.0566876087
1   5   2   10   -0.0207579688
1   5   2   11   0.0000000000
1   5   2   12   -0.0125686691
1   5   3   9   -0.0000360022
1   5   3   11   -0.0107628585
1   5   3   12   0.0000000000
1   6   1   8   -0.0071379271
1   6   1   9   -0.0000000000
1   6   1   10   0.0107041421
1   6   1   12   0.0099355510
1   6   2   9   0.0271585412
1   6   2   10   0.0000000000
1   6   2   11   -0.0169612957
1   6   2   12   -0.0000000000
1   6   3   8   0.0602234969
1   6   3   9   0.0000000000
1   6   3   10   -0.0319105946
1   6   3   12   -0.0065782503
2   4   1   9   0.0176681759
2   4   1   10   -0.0000000000
2   4   1   11   -0.0025872638
2   4   1   12   0.0000000000
2   4   2   8   0.0221238004
2   4   2   10   0.0008963643
2   4   2   11   0.0000000000
2   4   2   12   -0.0089468796
2   4   3   8   -0.0000000000
2   4   3   9   0.0053277071
2   4   3   10   -0.0000000000
2   4   3   11   0.0094846686
2   4   3   12   0.0000000000
2   5   1   8   0.0085086157
2   5   1   10   0.0078639212
2   5   1   11   0.0000000000
2   5   1   12   -0.0039596559
2   5   2   9   0.0254970667
2   5   2   11   0.0028727426
2   5   2   12   -0.0000000000
2   5   3   8   0.0271585412
2   5   3   10   -0.0010675996
2   5   3   11   0.0000000000
2   5   3   12   -0.0071126262
2   6   1   9   0.0053277071
2   6   1   10   0.0000000000
2   6   1   11   0.0052625463
2   6   1   12   -0.0000000000
2   6   2   8   -0.0000360022
2   6   2   10   0.0127360178
2   6   2   12   0.0014497431
2   6   3   8   0.0000000000
2   6   3   9   0.0241609610
2   6   3   10   0.0000000000
2   6   3   11   -0.0095001888
2   6   3   12   -0.0000000000
3   4   1   8   -0.0208942254
3   4   1   9   -0.0000000000
3   4   1   10   0.0142850060
3   4   1   11   0.0000000000
3   4   1   12   0.0067334229
3   4   2   8   0.0000000000
3   4   2   9   0.0078639212
3   4   2   10   0.0000000000
3   4   2   11   0.0001661254
3   4   2   12   -0.0000000000
3   4   3   8   0.0107041421
3   4   3   9   0.0000000000
3   4   3   10   0.0045307266
3   4   3   11   -0.0000000001
3   4   3   12   -0.0088561235
3   5   1   8   -0.0000000000
3   5   1   9   0.0008963643
3   5   1   10   0.0000000000
3   5   1   11   0.0017540299
3   5   1   12   -0.0000000000
3   5   2   8   -0.0207579688
3   5   2   10   0.0219359718
3   5   2   11   -0.0000000000
3   5   2   12   0.0003703106
3   5   3   8   0.0000000000
3   5   3   9   0.0127360178
3   5   3   10   -0.0000000000
3   5   3   11   0.0084673953
3   5   3   12   0.0000000001
3   6   1   8   -0.0017653770
3   6   1   9   -0.0000000000
3   6   1   10   0.0045307266
3   6   1   12   -0.0051161920
3   6   2   9   -0.0010675996
3   6   2   10   -0.0000000000
3   6   2   11   0.0101033610
3   6   2   12   0.0000000000
3   6   3   8   -0.0319105946
3   6   3   9   0.0000000000
3   6   3   10   0.0278242748
3   6   3   12   0.0040721407
4   4   1   8   0.0000000000
4   4   1   9   -0.0025872638
4   4   1   10   0.0000000000
4   4   1   11   0.0157972884
4   4   1   12   -0.0000000000
4   4   2   8   0.0032867363
4   4   2   9   0.0000000000
4   4   2   10   0.0017540299
4   4   2   11   -0.0000000000
4   4   2   12   -0.0051927758
4   4   3   9   0.0052625463
4   4   3   11   -0.0088342352
4   4   3   12   0.0000000000
4   5   1   8   0.0097793355
4   5   1   9   0.0000000000
4   5   1   10   0.0001661254
4   5   1   11   -0.0000000000
4   5   1   12   -0.0081925279
4   5   2   8   0.0000000000
4   5   2   9   0.0028727426
4   5   2   10   -0.0000000000
4   5   2   11   0.0055126215
4   5   2   12   0.0000000000
4   5   3   8   -0.0169612957
4   5   3   10   0.0101033610
4   5   3   12   0.0027485038
4   6   1   8   -0.0000000000
4   6   1   9   0.0094846686
4   6   1   10   -0.0000000001
4   6   1   11   -0.0088342352
4   6   1   12   0.0000000001
4   6   2   8   -0.0107628585
4   6   2   9   0.0000000000
4   6   2   10   0.0084673953
4   6   2   12   -0.0001652332
4   6   3   9   -0.0095001888
4   6   3   11   0.0124777340
4   6   3   12   -0.0000000000
5   4   1   8   -0.0217984643
5   4   1   9   0.0000000000
5   4   1   10   0.0067334229
5   4   1   11   -0.0000000000
5   4   1   12   0.0116703430
5   4   2   8   -0.0000000000
5   4   2   9   -0.0039596559
5   4   2   10   -0.0000000000
5   4   2   11   -0.0081925279
5   4   2   12   0.0000000000
5   4   3   8   0.0099355510
5   4   3   9   -0.0000000000
5   4   3   10   -0.0051161920
5   4   3   11   0.0000000001
5   4   3   12   -0.0033048976
5   5   1   8   0.0000000000
5   5   1   9   -0.0089468796
5   5   1   10   -0.0000000000
5   5   1   11   -0.0051927758
5   5   1   12   0.0000000000
5   5   2   8   -0.0125686691
5   5   2   9   -0.0000000000
5   5   2   10   0.0003703106
5   5   2   11   0.0000000000
5   5   2   12   0.0082447916
5   5   3   8   -0.0000000000
5   5   3   9   0.0014497431
5   5   3   10   0.0000000000
5   5   3   11   -0.0001652332
5   5   3   12   -0.0000000001
5   6   1   8   0.0098724259
5   6   1   9   0.0000000000
5   6   1   10   -0.0088561235
5   6   1   11   0.0000000000
5   6   1   12   -0.0033048976
5   6   2   8   0.0000000000
5   6   2   9   -0.0071126262
5   6   2   10   0.0000000001
5   6   2   11   0.0027485038
5   6   2   12   -0.0000000001
5   6   3   8   -0.0065782503
5   6   3   9   -0.0000000000
5   6   3   10   0.0040721407
5   6   3   11   -0.0000000000
5   6   3   12   0.0049996679
6   4   1   13   0.0356971549
6   4   2   13   -0.0000000000
6   4   3   13   -0.0092397113
6   5   1   13   -0.0000000000
6   5   2   13   0.0187840418
6   5   3   13   0.0000000000
6   6   1   13   -0.0092397113
6   6   2   13   0.0000000000
6   6   3   13   0.0164208183
7   4   1   14   0.0356971549
7   4   2   14   -0.0000000000
7   4   3   14   -0.0092397113
7   5   1   14   -0.0000000000
7   5   2   14   0.0187840418
7   5   3   14   0.0000000000
7   6   1   14   -0.0092397113
7   6   2   14   0.0000000000
7   6   3   14   0.0164208183

1   4   4   1   -0.2935186038
1   4   4   2   -0.0000000000
1   4   4   3   0.0720787256
1   4   4   4   -0.0000000000
1   4   4   5   0.0526813816
1   4   5   2   -0.0532892721
1   4   5   3   -0.0000000000
1   4   5   4   0.0042352189
1   4   5   5   -0.0000000000
1   4   6   1   0.0130805435
1   4   6   2   0.0000000000
1   4   6   3   -0.0160751172
1   4   6   4   0.0000000000
1   4   6   5   -0.0187508199
1   5   4   2   -0.0532892721
1   5   4   3   -0.0000000000
1   5   4   4   0.0042352189
1   5   4   5   -0.0000000000
1   5   5   1   -0.2781309578
1   5   5   2   0.0000000000
1   5   5   3   0.0542755216
1   5   5   4   0.0000000000
1   5   5   5   0.0312728830
1   5   6   1   -0.0000000000
1   5   6   2   -0.0551137535
1   5   6   3   -0.0000000000
1   5   6   4   0.0170764293
1   5   6   5   0.0000000000
1   6   4   1   0.0130805435
1   6   4   2   0.0000000000
1   6   4   3   -0.0160751172
1   6   4   4   0.0000000000
1   6   4   5   -0.0187508199
1   6   5   1   -0.0000000000
1   6   5   2   -0.0551137535
1   6   5   3   -0.0000000000
1   6   5   4   0.0170764293
1   6   5   5   0.0000000000
1   6   6   1   -0.2762898158
1   6   6   2   -0.0000000000
1   6   6   3   0.0578702575
1   6   6   4   0.0000000000
1   6   6   5   0.0304349184
2   4   4   1   -0.0000000000
2   4   4   2   -0.2025212686
2   4   4   3   -0.0000000000
2   4   4   4   0.0003035544
2   4   4   5   -0.0000000000
2   4   5   1   -0.0532892721
2   4   5   3   -0.0362846453
2   4   5   4   -0.0000000000
2   4   5   5   0.0010746875
2   4   6   1   0.0000000000
2   4   6   2   -0.0096547822
2   4   6   3   0.0000000000
2   4   6   4   -0.0026062245
2   4   6   5   0.0000000000
2   5   4   1   -0.0532892721
2   5   4   3   -0.0362846453
2   5   4   4   -0.0000000000
2   5   4   5   0.0010746875
2   5   5   1   0.0000000000
2   5   5   2   -0.2125380882
2   5   5   3   0.0000000000
2   5   5   4   -0.0020417166
2   5   5   5   0.0000000000
2   5   6   1   -0.0551137535
2   5   6   2   -0.0000000000
2   5   6   3   -0.0405237848
2   5   6   4   0.0000000000
2   5   6   5   -0.0055210682
2   6   4   1   0.0000000000
2   6   4   2   -0.0096547822
2   6   4   3   0.0000000000
2   6   4   4   -0.0026062245
2   6   4   5   0.0000000000
2   6   5   1   -0.0551137535
2   6   5   2   -0.0000000000
2   6   5   3   -0.0405237848
2   6   5   4   0.0000000000
2   6   5   5   -0.0055210682
2   6   6   1   -0.0000000000
2   6   6   2   -0.2058353877
2   6   6   3   0.0000000000
2   6   6   4   0.0037459093
3   4   4   1   0.0720787256
3   4   4   2   -0.0000000000
3   4   4   3   -0.2014390468
3   4   4   4   -0.0000000000
3   4   4   5   0.0027744828
3   4   5   1   -0.0000000000
3   4   5   2   -0.0362846453
3   4   5   3   -0.0000000000
3   4   5   4   -0.0173469679
3   4   5   5   -0.0000000000
3   4   6   1   -0.0160751172
3   4   6   2   0.0000000000
3   4   6   3   -0.0065902060
3   4   6   4   -0.0000000000
3   4   6   5   0.0039362761
3   5   4   1   -0.0000000000
3   5   4   2   -0.0362846453
3   5   4   3   -0.0000000000
3   5   4   4   -0.0173469679
3   5   4   5   -0.0000000000
3   5   5   1   0.0542755216
3   5   5   2   0.0000000000
3   5   5   3   -0.2087063504
3   5   5   4   -0.0000000000
3   5   5   5   0.0068541385
3   5   6   1   -0.0000000000
3   5   6   2   -0.0405237848
3   5   6   3   -0.0000000001
3   5   6   4   -0.0204059509
3   5   6   5   -0.0000000001
3   6   4   1   -0.0160751172
3   6   4   2   0.0000000000
3   6   4   3   -0.0065902060
3   6   4   4   -0.0000000000
3   6   4   5   0.0039362761
3   6   5   1   -0.0000000000
3   6   5   2   -0.0405237848
3   6   5   3   -0.0000000001
3   6   5   4   -0.0204059509
3   6   5   5   -0.0000000001
3   6   6   1   0.0578702575
3   6   6   2   0.0000000000
3   6   6   3   -0.2077370147
3   6   6   4   0.0000000000
3   6   6   5   0.0020737083
4   4   4   1   -0.0000000000
4   4   4   2   0.0003035544
4   4   4   3   -0.0000000000
4   4   4   4   -0.2535312824
4   4   4   5   0.0000000000
4   4   5   1   0.0042352189
4   4   5   2   -0.0000000000
4   4   5   3   -0.0173469679
4   4   5   4   0.0000000000
4   4   5   5   0.0418064587
4   4   6   1   0.0000000000
4   4   6   2   -0.0026062245
4   4   6   3   -0.0000000000
4   4   6   4   0.0338407805
4   4   6   5   -0.0000000000
4   5   4   1   0.0042352189
4   5   4   2   -0.0000000000
4   5   4   3   -0.0173469679
4   5   4   4   0.0000000000
4   5   4   5   0.0418064587
4   5   5   1   0.0000000000
4   5   5   2   -0.0020417166
4   5   5   3   -0.0000000000
4   5   5   4   -0.2162693647
4   5   5   5   -0.0000000000
4   5   6   1   0.0170764293
4   5   6   2   0.0000000000
4   5   6   3   -0.0204059509
4   5   6   4   -0.0000000000
4   5   6   5   0.0319828475
4   6   4   1   0.0000000000
4   6   4   2   -0.0026062245
4   6   4   3   -0.0000000000
4   6   4   4   0.0338407805
4   6   4   5   -0.0000000000
4   6   5   1   0.0170764293
4   6   5   2   0.0000000000
4   6   5   3   -0.0204059509
4   6   5   4   -0.0000000000
4   6   5   5   0.0319828475
4   6   6   1   0.0000000000
4   6   6   2   0.0037459093
4   6   6   3   0.0000000000
4   6   6   4   -0.2239810852
4   6   6   5   -0.0000000000
5   4   4   1   0.0526813816
5   4   4   2   -0.0000000000
5   4   4   3   0.0027744828
5   4   4   4   0.0000000000
5   4   4   5   -0.2096372315
5   4   5   1   -0.0000000000
5   4   5   2   0.0010746875
5   4   5   3   -0.0000000000
5   4   5   4   0.0418064587
5   4   5   5   -0.0000000000
5   4   6   1   -0.0187508199
5   4   6   2   0.0000000000
5   4   6   3   0.0039362761
5   4   6   4   -0.0000000000
5   4   6   5   0.0082930399
5   5   4   1   -0.0000000000
5   5   4   2   0.0010746875
5   5   4   3   -0.0000000000
5   5   4   4   0.0418064587
5   5   4   5   -0.0000000000
5   5   5   1   0.0312728830
5   5   5   2   0.0000000000
5   5   5   3   0.0068541385
5   5   5   4   -0.0000000000
5   5   5   5   -0.1998537828
5   5   6   1   0.0000000000
5   5   6   2   -0.0055210682
5   5   6   3   -0.0000000001
5   5   6   4   0.0319828475
5   5   6   5   -0.0000000001
5   6   4   1   -0.0187508199
5   6   4   2   0.0000000000
5   6   4   3   0.0039362761
5   6   4   4   -0.0000000000
5   6   4   5   0.0082930399
5   6   5   1   0.0000000000
5   6   5   2   -0.0055210682
5   6   5   3   -0.0000000001
5   6   5   4   0.0319828475
5   6   5   5   -0.0000000001
5   6   6   1   0.0304349184
5   6   6   3   0.0020737083
5   6   6   4   -0.0000000000
5   6   6   5   -0.1966283686
6   4   4   6   -0.3291097789
6   4   6   6   0.0480133035
6   5   5   6   -0.2755259315
6   6   4   6   0.0480133035
6   6   6   6   -0.2810479963
7   4   4   7   -0.3291097789
7   4   6   7   0.0480133035
7   5   5   7   -0.2755259315
7   6   4   7   0.0480133035
7   6   6   7   -0.2810479963

End AIJB Block
Begin IJKA Block
1   4   1   9   0.0098510333
1   4   1   11   0.0461326423
1   4   1   12   0.0000000000
1   4   2   8   0.0456047726
1   4   2   10   -0.0000972222
1   4   2   12   -0.0244111954
1   4   3   9   0.0238251010
1   4   3   10   0.0000000000
1   4   3   11   -0.0200672870
1   4   3   12   -0.0000000000
1   5   1   8   0.0725260375
1   5   1   10   0.0007220321
1   5   1   11   0.0000000000
1   5   1   12   -0.0322115119
1   5   2   9   0.0393368692
1   5   2   11   0.0138058381
1   5   3   8   -0.0439903853
1   5   3   10   0.0327969553
1   5   3   11   -0.0000000000
1   5   3   12   0.0082052251
1   6   1   9   0.0623814083
1   6   1   10   0.0000000000
1   6   1   11   -0.0295794132
1   6   1   12   -0.0000000000
1   6   2   8   -0.0605826278
1   6   2   10   0.0484215399
1   6   2   12   0.0094701893
1   6   3   9   -0.0224702032
1   6   3   10   -0.0000000000
1   6   3   11   0.0289762292
1   6   3   12   0.0000000000
2   4   1   8   0.0456047726
2   4   1   10   -0.0000972222
2   4   1   12   -0.0244111954
2   4   2   9   0.0336148245
2   4   2   11   0.0244916295
2   4   2   12   -0.0000000000
2   4   3   8   -0.0050584226
2   4   3   10   0.0220309520
2   4   3   11   -0.0000000000
2   4   3   12   -0.0048221261
2   5   1   9   0.0393368692
2   5   1   11   0.0138058381
2   5   2   8   0.0217287000
2   5   2   10   0.0368285504
2   5   2   12   -0.0224317060
2   5   3   9   0.0225779726
2   5   3   11   0.0120620893
2   5   3   12   0.0000000000
2   6   1   8   -0.0605826278
2   6   1   10   0.0484215399
2   6   1   12   0.0094701893
2   6   2   9   0.0371427034
2   6   2   10   -0.0000000000
2   6   2   11   0.0018654212
2   6   2   12   0.0000000000
2   6   3   8   -0.0598524910
2   6   3   9   0.0000000000
2   6   3   10   0.0438557701
2   6   3   12   0.0003151502
3   4   1   9   0.0238251010
3   4   1   10   0.0000000000
3   4   1   11   -0.0200672870
3   4   1   12   -0.0000000000
3   4   2   8   -0.0050584226
3   4   2   10   0.0220309520
3   4   2   11   -0.0000000000
3   4   2   12   -0.0048221261
3   4   3   8   0.0000000000
3   4   3   9   0.0056840241
3   4   3   10   0.0000000000
3   4   3   11   0.0350088118
3   4   3   12   -0.0000000000
3   5   1   8   -0.0439903853
3   5   1   10   0.0327969553
3   5   1   11   -0.0000000000
3   5   1   12   0.0082052251
3   5   2   9   0.0225779726
3   5   2   11   0.0120620893
3   5   2   12   0.0000000000
3   5   3   8   0.0142796519
3   5   3   10   0.0263855578
3   5   3   11   -0.0000000000
3   5   3   12   -0.0193877715
3   6   1   9   -0.0224702032
3   6   1   10   -0.0000000000
3   6   1   11   0.0289762292
3   6   1   12   0.0000000000
3   6   2   8   -0.0598524910
3   6   2   9   0.0000000000
3   6   2   10   0.0438557701
3   6   2   12   0.0003151502
3   6   3   9   0.0371342133
3   6   3   10   -0.0000000000
3   6   3   11   -0.0103198160
3   6   3   12   0.0000000000

End IJKA Block
Begin IABC Block
1   8   1   8   -0.0000000000
1   8   1   9   0.0037251767
1   8   1   10   -0.0000000000
1   8   1   11   0.0120116542
1   8   1   12   0.0000000000
1   8   2   8   0.0086594907
1   8   2   9   -0.0000000000
1   8   2   10   -0.0028204308
1   8   2   11   0.0000000000
1   8   2   12   -0.0039655143
1   8   3   8   -0.0000000000
1   8   3   9   0.0032513883
1   8   3   10   -0.0000000001
1   8   3   11   -0.0062279108
1   8   3   12   0.0000000000
1   8   4   8   0.0259077118
1   8   4   9   0.0000000000
1   8   4   10   -0.0107361903
1   8   4   11   -0.0000000001
1   8   4   12   -0.0092888982
1   8   5   8   0.0000000000
1   8   5   9   -0.0057367288
1   8   5   10   0.0000000002
1   8   5   11   -0.0047330370
1   8   5   12   -0.0000000001
1   8   6   13   -0.0000000000
1   8   7   14   -0.0000000000
1   9   1   8   0.0037251767
1   9   1   9   -0.0000000000
1   9   1   10   -0.0005489421
1   9   1   11   0.0000000000
1   9   1   12   -0.0072001671
1   9   2   8   -0.0000000000
1   9   2   9   0.0062339962
1   9   2   10   0.0000000000
1   9   2   11   0.0035203294
1   9   2   12   -0.0000000000
1   9   3   8   0.0032513883
1   9   3   9   -0.0000000000
1   9   3   10   0.0013917038
1   9   3   11   0.0000000001
1   9   3   12   0.0001453145
1   9   4   8   0.0000000000
1   9   4   9   0.0111016707
1   9   4   10   -0.0000000000
1   9   4   11   -0.0033321007
1   9   5   8   -0.0057367288
1   9   5   9   0.0000000001
1   9   5   10   -0.0027668731
1   9   5   11   -0.0000000002
1   9   5   12   0.0010976591
1   9   6   13   -0.0022079395
1   9   7   14   -0.0022079395
1   10   1   8   -0.0000000000
1   10   1   9   -0.0005489421
1   10   1   10   -0.0000000001
1   10   1   11   -0.0006483533
1   10   1   12   -0.0000000001
1   10   2   8   -0.0028204308
1   10   2   9   0.0000000000
1   10   2   10   0.0034149961
1   10   2   11   0.0000000000
1   10   2   12   -0.0032141040
1   10   3   8   -0.0000000001
1   10   3   9   0.0013917038
1   10   3   10   -0.0000000004
1   10   3   11   0.0028950923
1   10   3   12   -0.0000000003
1   10   4   8   -0.0107361903
1   10   4   9   -0.0000000000
1   10   4   10   0.0101350192
1   10   4   11   -0.0000000001
1   10   4   12   0.0055189767
1   10   5   8   0.0000000002
1   10   5   9   -0.0027668731
1   10   5   10   0.0000000008
1   10   5   11   0.0019059225
1   10   5   12   0.0000000006
1   10   6   13   0.0000000000
1   10   7   14   0.0000000000
1   11   1   8   0.0120116542
1   11   1   9   0.0000000000
1   11   1   10   -0.0006483533
1   11   1   11   -0.0000000000
1   11   1   12   -0.0143090659
1   11   2   8   0.0000000000
1   11   2   9   0.0035203294
1   11   2   10   0.0000000000
1   11   2   11   0.0008475549
1   11   2   12   -0.0000000000
1   11   3   8   -0.0062279108
1   11   3   9   0.0000000001
1   11   3   10   0.0028950923
1   11   3   11   -0.0000000001
1   11   3   12   0.0042819877
1   11   4   8   -0.0000000001
1   11   4   9   -0.0033321007
1   11   4   10   -0.0000000001
1   11   4   11   0.0073423152
1   11   4   12   0.0000000001
1   11   5   8   -0.0047330370
1   11   5   9   -0.0000000002
1   11   5   10   0.0019059225
1   11   5   11   0.0000000002
1   11   5   12   0.0040756954
1   11   6   13   -0.0132382605
1   11   7   14   -0.0132382605
1   12   1   8   0.0000000000
1   12   1   9   -0.0072001671
1   12   1   10   -0.0000000001
1   12   1   11   -0.0143090659
1   12   1   12   -0.0000000001
1   12   2   8   -0.0039655143
1   12   2   9   -0.0000000000
1   12   2   10   -0.0032141040
1   12   2   11   -0.0000000000
1   12   2   12   0.0047436894
1   12   3   8   0.0000000000
1   12   3   9   0.0001453145
1   12   3   10   -0.0000000003
1   12   3   11   0.0042819877
1   12   3   12   -0.0000000004
1   12   4   8   -0.0092888982
1   12   4   10   0.0055189767
1   12   4   11   0.0000000001
1   12   4   12   0.0058980793
1   12   5   8   -0.0000000001
1   12   5   9   0.0010976591
1   12   5   10   0.0000000006
1   12   5   11   0.0040756954
1   12   5   12   0.0000000009
1   12   6   13   -0.0000000000
1   12   7   14   -0.0000000000
1   13   2   13   0.0064286568
1   13   4   13   0.0189628841
1   13   5   13   -0.0000000000
1   13   6   8   -0.0000000000
1   13   6   9   -0.0022079395
1   13   6   10   0.0000000000
1   13   6   11   -0.0132382605
1   13   6   12   -0.0000000000
1   14   2   14   0.0064286568
1   14   3   14   0.0000000000
1   14   4   14   0.0189628841
1   14   5   14   -0.0000000000
1   14   7   8   -0.0000000000
1   14   7   9   -0.0022079395
1   14   7   10   0.0000000000
1   14   7   11   -0.0132382605
1   14   7   12   -0.0000000000
2   8   1   8   0.0177548238
2   8   1   10   -0.0149936544
2   8   1   11   0.0000000000
2   8   1   12   -0.0221358760
2   8   2   8   -0.0000000000
2   8   2   9   0.0039591341
2   8   2   10   -0.0000000000
2   8   2   11   0.0029615475
2   8   2   12   0.0000000000
2   8   3   8   0.0131685001
2   8   3   9   0.0000000000
2   8   3   10   -0.0054031610
2   8   3   11   -0.0000000000
2   8   3   12   0.0031227439
2   8   4   8   0.0000000000
2   8   4   9   0.0059879816
2   8   4   10   0.0000000001
2   8   4   11   0.0001935089
2   8   4   12   -0.0000000000
2   8   5   8   -0.0195545005
2   8   5   10   0.0067334554
2   8   5   11   0.0000000001
2   8   5   12   0.0066325725
2   8   6   13   0.0071103664
2   8   7   14   0.0071103664
2   9   1   9   -0.0020412328
2   9   1   10   0.0000000000
2   9   1   11   0.0044877835
2   9   1   12   0.0000000000
2   9   2   8   0.0039591341
2   9   2   9   -0.0000000000
2   9   2   10   -0.0020561610
2   9   2   11   0.0000000000
2   9   2   12   -0.0092158644
2   9   3   8   0.0000000000
2   9   3   9   0.0098965793
2   9   3   10   -0.0000000000
2   9   3   11   0.0000574739
2   9   3   12   0.0000000000
2   9   4   8   0.0059879816
2   9   4   9   0.0000000000
2   9   4   10   0.0035027814
2   9   4   11   -0.0000000001
2   9   4   12   0.0011414887
2   9   5   9   -0.0099112794
2   9   5   10   0.0000000001
2   9   5   11   0.0007217561
2   9   5   12   0.0000000001
2   9   6   13   -0.0000000000
2   9   7   14   -0.0000000000
2   10   1   8   -0.0149936544
2   10   1   9   0.0000000000
2   10   1   10   -0.0049931613
2   10   1   11   0.0000000000
2   10   1   12   -0.0026115651
2   10   2   8   -0.0000000000
2   10   2   9   -0.0020561610
2   10   2   10   -0.0000000000
2   10   2   11   0.0043042546
2   10   2   12   -0.0000000000
2   10   3   8   -0.0054031610
2   10   3   9   -0.0000000000
2   10   3   10   0.0121673095
2   10   3   11   -0.0000000000
2   10   3   12   -0.0018031922
2   10   4   8   0.0000000001
2   10   4   9   0.0035027814
2   10   4   10   0.0000000004
2   10   4   11   -0.0011781152
2   10   4   12   0.0000000004
2   10   5   8   0.0067334554
2   10   5   9   0.0000000001
2   10   5   10   -0.0070303015
2   10   5   11   0.0000000001
2   10   5   12   -0.0042691960
2   10   6   13   -0.0043754810
2   10   7   14   -0.0043754810
2   11   1   8   0.0000000000
2   11   1   9   0.0044877835
2   11   1   10   0.0000000000
2   11   1   11   0.0299777924
2   11   1   12   -0.0000000000
2   11   2   8   0.0029615475
2   11   2   9   0.0000000000
2   11   2   10   0.0043042546
2   11   2   11   -0.0000000000
2   11   2   12   -0.0068258091
2   11   3   8   -0.0000000000
2   11   3   9   0.0000574739
2   11   3   10   -0.0000000000
2   11   3   11   -0.0030426066
2   11   3   12   0.0000000000
2   11   4   8   0.0001935089
2   11   4   9   -0.0000000001
2   11   4   10   -0.0011781152
2   11   4   11   0.0000000001
2   11   4   12   0.0004322618
2   11   5   8   0.0000000001
2   11   5   9   0.0007217561
2   11   5   10   0.0000000001
2   11   5   11   -0.0060151949
2   11   5   12   -0.0000000001
2   11   6   13   0.0000000000
2   11   7   14   0.0000000000
2   12   1   8   -0.0221358760
2   12   1   9   0.0000000000
2   12   1   10   -0.0026115651
2   12   1   11   -0.0000000000
2   12   1   12   0.0138978186
2   12   2   8   0.0000000000
2   12   2   9   -0.0092158644
2   12   2   10   -0.0000000000
2   12   2   11   -0.0068258091
2   12   2   12   -0.0000000000
2   12   3   8   0.0031227439
2   12   3   9   0.0000000000
2   12   3   10   -0.0018031922
2   12   3   11   0.0000000000
2   12   3   12   0.0011317579
2   12   4   8   -0.0000000000
2   12   4   9   0.0011414887
2   12   4   10   0.0000000004
2   12   4   11   0.0004322618
2   12   4   12   0.0000000005
2   12   5   8   0.0066325725
2   12   5   9   0.0000000001
2   12   5   10   -0.0042691960
2   12   5   11   -0.0000000001
2   12   5   12   -0.0036973689
2   12   6   13   0.0031818064
2   12   7   14   0.0031818064
2   13   1   13   0.0493358124
2   13   3   13   -0.0012739368
2   13   5   13   -0.0156362526
2   13   6   8   0.0071103664
2   13   6   9   -0.0000000000
2   13   6   10   -0.0043754810
2   13   6   11   0.0000000000
2   13   6   12   0.0031818064
2   14   1   14   0.0493358124
2   14   3   14   -0.0012739368
2   14   4   14   -0.0000000000
2   14   5   14   -0.0156362526
2   14   7   8   0.0071103664
2   14   7   9   -0.0000000000
2   14   7   10   -0.0043754810
2   14   7   11   0.0000000000
2   14   7   12   0.0031818064
3   8   1   8   0.0000000000
3   8   1   9   -0.0410762735
3   8   1   10   0.0000000000
3   8   1   11   0.0088132290
3   8   1   12   -0.0000000000
3   8   2   8   0.0197623995
3   8   2   9   -0.0000000000
3   8   2   10   -0.0179956803
3   8   2   11   0.0000000000
3   8   2   12   -0.0151533264
3   8   3   8   0.0000000001
3   8   3   9   0.0144758621
3   8   3   10   0.0000000004
3   8   3   11   -0.0031305289
3   8   3   12   -0.0000000002
3   8   4   8   -0.0056061842
3   8   4   9   -0.0000000000
3   8   4   10   0.0051419380
3   8   4   11   0.0000000000
3   8   4   12   0.0084458529
3   8   5   8   -0.0000000001
3   8   5   9   -0.0001029811
3   8   5   10   -0.0000000006
3   8   5   11   0.0027736004
3   8   5   12   0.0000000003
3   8   6   13   -0.0000000000
3   8   7   14   -0.0000000000
3   9   1   8   -0.0410762735
3   9   1   9   0.0000000000
3   9   1   10   -0.0339358678
3   9   1   11   -0.0000000000
3   9   1   12   -0.0114193480
3   9   2   8   -0.0000000000
3   9   2   9   0.0013116681
3   9   2   10   0.0000000000
3   9   2   11   0.0030907306
3   9   2   12   0.0000000000
3   9   3   8   0.0144758621
3   9   3   9   0.0000000002
3   9   3   10   0.0078685636
3   9   3   11   -0.0000000003
3   9   3   12   -0.0017515155
3   9   4   8   -0.0000000000
3   9   4   9   0.0017411510
3   9   4   10   -0.0000000001
3   9   4   11   0.0012277921
3   9   4   12   -0.0000000001
3   9   5   8   -0.0001029811
3   9   5   9   -0.0000000003
3   9   5   10   0.0002986250
3   9   5   11   0.0000000005
3   9   5   12   -0.0017839454
3   9   6   13   0.0042789111
3   9   7   14   0.0042789111
3   10   1   8   0.0000000000
3   10   1   9   -0.0339358678
3   10   1   10   0.0000000001
3   10   1   11   -0.0102286047
3   10   1   12   0.0000000001
3   10   2   8   -0.0179956803
3   10   2   9   0.0000000000
3   10   2   10   0.0035805686
3   10   2   11   0.0000000000
3   10   2   12   -0.0050836851
3   10   3   8   0.0000000004
3   10   3   9   0.0078685636
3   10   3   10   0.0000000020
3   10   3   11   0.0076851398
3   10   3   12   0.0000000016
3   10   4   8   0.0051419380
3   10   4   9   -0.0000000001
3   10   4   10   0.0017397825
3   10   4   11   0.0000000000
3   10   4   12   -0.0006790585
3   10   5   8   -0.0000000006
3   10   5   9   0.0002986250
3   10   5   10   -0.0000000029
3   10   5   11   0.0014570258
3   10   5   12   -0.0000000021
3   10   6   13   -0.0000000001
3   10   7   14   -0.0000000001
3   11   1   8   0.0088132290
3   11   1   9   -0.0000000000
3   11   1   10   -0.0102286047
3   11   1   11   0.0000000000
3   11   1   12   0.0269051268
3   11   2   8   0.0000000000
3   11   2   9   0.0030907306
3   11   2   10   0.0000000000
3   11   2   11   0.0272664761
3   11   2   12   -0.0000000001
3   11   3   8   -0.0031305289
3   11   3   9   -0.0000000003
3   11   3   10   0.0076851398
3   11   3   11   0.0000000005
3   11   3   12   -0.0127973972
3   11   4   8   0.0000000000
3   11   4   9   0.0012277921
3   11   4   10   0.0000000000
3   11   4   11   -0.0089876750
3   11   4   12   -0.0000000000
3   11   5   8   0.0027736004
3   11   5   9   0.0000000005
3   11   5   10   0.0014570258
3   11   5   11   -0.0000000008
3   11   5   12   -0.0064979456
3   11   6   13   0.0018458948
3   11   7   14   0.0018458948
3   12   1   8   -0.0000000000
3   12   1   9   -0.0114193480
3   12   1   10   0.0000000001
3   12   1   11   0.0269051268
3   12   1   12   0.0000000001
3   12   2   8   -0.0151533264
3   12   2   9   0.0000000000
3   12   2   10   -0.0050836851
3   12   2   11   -0.0000000001
3   12   2   12   0.0118359574
3   12   3   8   -0.0000000002
3   12   3   9   -0.0017515155
3   12   3   10   0.0000000016
3   12   3   11   -0.0127973972
3   12   3   12   0.0000000021
3   12   4   8   0.0084458529
3   12   4   9   -0.0000000001
3   12   4   10   -0.0006790585
3   12   4   11   -0.0000000000
3   12   4   12   -0.0052676340
3   12   5   8   0.0000000003
3   12   5   9   -0.0017839454
3   12   5   10   -0.0000000021
3   12   5   11   -0.0064979456
3   12   5   12   -0.0000000030
3   12   6   13   -0.0000000001
3   12   7   14   -0.0000000001
3   13   2   13   0.0432821902
3   13   3   13   -0.0000000000
3   13   4   13   -0.0153534655
3   13   5   13   0.0000000000
3   13   6   8   -0.0000000000
3   13   6   9   0.0042789111
3   13   6   10   -0.0000000001
3   13   6   11   0.0018458948
3   13   6   12   -0.0000000001
3   14   2   14   0.0432821902
3   14   3   14   -0.0000000000
3   14   4   14   -0.0153534655
3   14   5   14   0.0000000000
3   14   7   8   -0.0000000000
3   14   7   9   0.0042789111
3   14   7   10   -0.0000000001
3   14   7   11   0.0018458948
3   14   7   12   -0.0000000001

End IABC Block
