Begin IJ Block
1   1   -33.0257827628
1   2   -0.5829576064
1   4   -0.1857839129
2   2   -7.8666476743
2   4   -0.2229078487
3   3   -6.7413815341
4   4   -6.9003870924
5   5   -7.0415518267

End IJ Block
Begin IA Block
1   1   0.1547933568
2   1   0.7292800969
3   2   -0.8644764109
4   1   -0.3657040247

End IA Block
Begin AB Block
1   1   -3.0231903469
2   2   -2.7141375043

End AB Block
Begin IJAB Block
1   6   1   3   0.0080201393
1   6   2   4   0.0045924882
1   7   1   3   -0.0011424459
1   7   2   4   -0.0038732125
1   8   1   4   0.0000255591
1   8   2   3   0.0021527133
1   9   1   3   0.0014044378
1   9   2   4   -0.0014097104
2   6   1   3   -0.0011424459
2   6   2   4   -0.0038732125
2   7   1   3   0.0291364414
2   7   2   4   0.0150041481
2   8   1   4   -0.0227354436
2   8   2   3   -0.0114864893
2   9   1   3   -0.0159956259
2   9   2   4   0.0029625646
3   6   1   4   0.0021527133
3   6   2   3   0.0000255591
3   7   1   4   -0.0114864893
3   7   2   3   -0.0227354436
3   8   1   3   0.0179665774
3   8   2   4   0.0339364608
3   9   1   4   0.0069702468
3   9   2   3   0.0135527712
4   6   1   3   0.0014044378
4   6   2   4   -0.0014097104
4   7   1   3   -0.0159956259
4   7   2   4   0.0029625646
4   8   1   4   0.0135527712
4   8   2   3   0.0069702468
4   9   1   3   0.0162849149
4   9   2   4   0.0110247569
5   10   1   3   0.0125973518
5   10   2   4   0.0063668433

End IJAB Block
Begin IJKL Block
1   6   1   6   4.7302010082
1   6   1   7   0.4308548524
1   6   1   9   0.1378700411
1   6   2   6   0.4308548524
1   6   2   7   0.0600018005
1   6   2   9   0.0162290387
1   6   3   8   0.0170120491
1   6   4   6   0.1378700411
1   6   4   7   0.0162290387
1   6   4   9   0.0266452808
1   6   5   10   0.0261753432
1   7   1   6   0.4308548524
1   7   1   7   1.0478606004
1   7   1   9   0.0846400633
1   7   2   6   0.0636563706
1   7   2   7   0.0145091633
1   7   2   9   0.0076267150
1   7   3   8   -0.0229821118
1   7   4   6   0.0163182229
1   7   4   7   0.0145811592
1   7   4   9   -0.0220737959
1   7   5   10   -0.0286833152
1   8   1   8   0.8892367283
1   8   2   8   0.0069966043
1   8   3   6   0.0208418416
1   8   3   7   -0.0237217819
1   8   3   9   -0.0030341890
1   8   4   8   0.0075617803
1   9   1   6   0.1378700411
1   9   1   7   0.0846400633
1   9   1   9   0.9816105365
1   9   2   6   0.0163182229
1   9   2   7   0.0078883785
1   9   2   9   0.0130277370
1   9   3   8   -0.0026783430
1   9   4   6   0.0308420591
1   9   4   7   -0.0226832424
1   9   4   9   -0.0082692686
1   9   5   10   -0.0087197944
1   10   1   10   1.0288107145
1   10   2   10   0.0116916380
1   10   4   10   0.0047679366
1   10   5   6   0.0307146269
1   10   5   7   -0.0289812587
1   10   5   9   -0.0090202716
2   6   1   6   0.4308548524
2   6   1   7   0.0636563706
2   6   1   9   0.0163182229
2   6   2   6   1.0478606004
2   6   2   7   0.0145091633
2   6   2   9   0.0145811592
2   6   3   8   -0.0229821118
2   6   4   6   0.0846400633
2   6   4   7   0.0076267150
2   6   4   9   -0.0220737959
2   6   5   10   -0.0286833152
2   7   1   6   0.0600018005
2   7   1   7   0.0145091633
2   7   1   9   0.0078883785
2   7   2   6   0.0145091633
2   7   2   7   0.7450557644
2   7   2   9   -0.0172924167
2   7   3   8   0.1431817619
2   7   4   6   0.0078883785
2   7   4   7   -0.0172924167
2   7   4   9   0.1148006452
2   7   5   10   0.1180375048
2   8   1   8   0.0069966043
2   8   2   8   0.6750508433
2   8   3   6   -0.0237217819
2   8   3   7   0.1476322999
2   8   3   9   -0.0142041385
2   8   4   8   -0.0120616371
2   9   1   6   0.0162290387
2   9   1   7   0.0076267150
2   9   1   9   0.0130277370
2   9   2   6   0.0145811592
2   9   2   7   -0.0172924167
2   9   2   9   0.6698288982
2   9   3   8   -0.0146084709
2   9   4   6   -0.0226832424
2   9   4   7   0.1191370498
2   9   4   9   0.0638172182
2   9   5   10   0.0276054583
2   10   1   10   0.0116916380
2   10   2   10   0.6999309128
2   10   4   10   0.0325953153
2   10   5   6   -0.0289812587
2   10   5   7   0.1218122213
2   10   5   9   0.0276247981
3   6   1   8   0.0208418416
3   6   2   8   -0.0237217819
3   6   3   6   0.8892367283
3   6   3   7   0.0069966043
3   6   3   9   0.0075617803
3   6   4   8   -0.0030341890
3   7   1   8   -0.0237217819
3   7   2   8   0.1476322999
3   7   3   6   0.0069966043
3   7   3   7   0.6750508433
3   7   3   9   -0.0120616371
3   7   4   8   -0.0142041385
3   8   1   6   0.0170120491
3   8   1   7   -0.0229821118
3   8   1   9   -0.0026783430
3   8   2   6   -0.0229821118
3   8   2   7   0.1431817619
3   8   2   9   -0.0146084709
3   8   3   8   0.6492415622
3   8   4   6   -0.0026783430
3   8   4   7   -0.0146084709
3   8   4   9   0.0310780224
3   8   5   10   0.0225938895
3   9   1   8   -0.0030341890
3   9   2   8   -0.0142041385
3   9   3   6   0.0075617803
3   9   3   7   -0.0120616371
3   9   3   9   0.5968282517
3   9   4   8   0.0367964177
3   10   3   10   0.6116121364
3   10   5   8   0.0281090399
4   6   1   6   0.1378700411
4   6   1   7   0.0163182229
4   6   1   9   0.0308420591
4   6   2   6   0.0846400633
4   6   2   7   0.0078883785
4   6   2   9   -0.0226832424
4   6   3   8   -0.0026783430
4   6   4   6   0.9816105365
4   6   4   7   0.0130277370
4   6   4   9   -0.0082692686
4   6   5   10   -0.0087197944
4   7   1   6   0.0162290387
4   7   1   7   0.0145811592
4   7   1   9   -0.0226832424
4   7   2   6   0.0076267150
4   7   2   7   -0.0172924167
4   7   2   9   0.1191370498
4   7   3   8   -0.0146084709
4   7   4   6   0.0130277370
4   7   4   7   0.6698288982
4   7   4   9   0.0638172182
4   7   5   10   0.0276054583
4   8   1   8   0.0075617803
4   8   2   8   -0.0120616371
4   8   3   6   -0.0030341890
4   8   3   7   -0.0142041385
4   8   3   9   0.0367964177
4   8   4   8   0.5968282517
4   9   1   6   0.0266452808
4   9   1   7   -0.0220737959
4   9   1   9   -0.0082692686
4   9   2   6   -0.0220737959
4   9   2   7   0.1148006452
4   9   2   9   0.0638172182
4   9   3   8   0.0310780224
4   9   4   6   -0.0082692686
4   9   4   7   0.0638172182
4   9   4   9   0.6962046324
4   9   5   10   0.0329159495
4   10   1   10   0.0047679366
4   10   2   10   0.0325953153
4   10   4   10   0.6426592813
4   10   5   6   -0.0090202716
4   10   5   7   0.0276247981
4   10   5   9   0.0382995949
5   6   1   10   0.0307146269
5   6   2   10   -0.0289812587
5   6   4   10   -0.0090202716
5   6   5   6   1.0288107145
5   6   5   7   0.0116916380
5   6   5   9   0.0047679366
5   7   1   10   -0.0289812587
5   7   2   10   0.1218122213
5   7   4   10   0.0276247981
5   7   5   6   0.0116916380
5   7   5   7   0.6999309128
5   7   5   9   0.0325953153
5   8   3   10   0.0281090399
5   8   5   8   0.6116121364
5   9   1   10   -0.0090202716
5   9   2   10   0.0276247981
5   9   4   10   0.0382995949
5   9   5   6   0.0047679366
5   9   5   7   0.0325953153
5   9   5   9   0.6426592813
5   10   1   6   0.0261753432
5   10   1   7   -0.0286833152
5   10   1   9   -0.0087197944
5   10   2   6   -0.0286833152
5   10   2   7   0.1180375048
5   10   2   9   0.0276054583
5   10   3   8   0.0225938895
5   10   4   6   -0.0087197944
5   10   4   7   0.0276054583
5   10   4   9   0.0329159495
5   10   5   10   0.7213617593

End IJKL Block
Begin ABCD Block
1   3   1   3   0.2662831115
1   3   2   4   0.0656745629
1   4   1   4   0.2533277313
1   4   2   3   0.0656745629
2   3   1   4   0.0656745629
2   3   2   3   0.2533277313
2   4   1   3   0.0656745629
2   4   2   4   0.2585412502

End ABCD Block
Begin AIJB Block
1   6   1   3   0.0072878838
1   6   2   3   -0.0006353201
1   6   3   4   0.0017653944
1   6   4   3   0.0009192780
1   7   1   3   -0.0006353201
1   7   2   3   0.0239227089
1   7   3   4   -0.0076025711
1   7   4   3   -0.0129186513
1   8   1   4   -0.0004198413
1   8   2   4   -0.0200020983
1   8   3   3   0.0141644431
1   8   4   4   0.0127370334
1   9   1   3   0.0009192780
1   9   2   3   -0.0129186513
1   9   3   4   0.0053527541
1   9   4   3   0.0141949909
1   10   5   3   0.0091307955
2   6   1   4   0.0042376737
2   6   2   4   -0.0034992020
2   6   3   3   -0.0004198413
2   6   4   4   -0.0013279875
2   7   1   4   -0.0034992020
2   7   2   4   0.0118989841
2   7   3   3   -0.0200020983
2   7   4   4   0.0022332430
2   8   1   3   0.0017653944
2   8   2   3   -0.0076025711
2   8   3   4   0.0298756202
2   8   4   3   0.0053527541
2   9   1   4   -0.0013279875
2   9   2   4   0.0022332430
2   9   3   3   0.0127370334
2   9   4   4   0.0077544284
2   10   5   4   0.0041943298

1   6   6   1   -0.3550814756
1   6   7   1   -0.0012740058
1   6   8   2   -0.0038855581
1   6   9   1   -0.0049500922
1   7   6   1   -0.0012740058
1   7   7   1   -0.3266666861
1   7   8   2   0.0415495871
1   7   9   1   0.0237675486
1   8   6   2   -0.0039214966
1   8   7   2   0.0414653242
1   8   8   1   -0.3204528428
1   8   9   2   -0.0128461492
1   9   6   1   -0.0049500922
1   9   7   1   0.0237675486
1   9   8   2   -0.0129866964
1   9   9   1   -0.3067364095
1   10   10   1   -0.3112839770
2   6   6   2   -0.3295325831
2   6   7   2   -0.0013834931
2   6   8   1   -0.0039214966
2   6   9   2   -0.0014026714
2   7   6   2   -0.0013834931
2   7   7   2   -0.2962203621
2   7   8   1   0.0414653242
2   7   9   2   0.0102874902
2   8   6   1   -0.0038855581
2   8   7   1   0.0415495871
2   8   8   2   -0.3004958373
2   8   9   1   -0.0129866964
2   9   6   2   -0.0014026714
2   9   7   2   0.0102874902
2   9   8   1   -0.0128461492
2   9   9   2   -0.2819672408
2   10   10   2   -0.2836549062

End AIJB Block
Begin IJKA Block
1   6   1   3   -0.1261185171
1   6   2   3   -0.0205002286
1   6   3   4   0.0094375717
1   6   4   3   0.0000771260
1   7   1   3   -0.1472673674
1   7   2   3   -0.0023344760
1   7   3   4   -0.0081044284
1   7   4   3   -0.0077159439
1   8   1   4   0.1574421415
1   8   2   4   0.0010501091
1   8   3   3   0.0039894733
1   8   4   4   0.0002806451
1   9   1   3   0.0636370370
1   9   2   3   -0.0010085907
1   9   3   4   -0.0029475472
1   9   4   3   0.0030537641
1   10   5   3   0.0065929460
2   6   1   3   -0.0216249913
2   6   2   3   -0.0013802413
2   6   3   4   -0.0107766699
2   6   4   3   -0.0074852286
2   7   1   3   -0.0012528986
2   7   2   3   -0.0850856774
2   7   3   4   0.0324810296
2   7   4   3   0.0147544018
2   8   1   4   0.0002859910
2   8   2   4   0.0924083580
2   8   3   3   -0.0028049605
2   8   4   4   0.0139923230
2   9   1   3   -0.0011469280
2   9   2   3   0.0415380958
2   9   3   4   0.0158326656
2   9   4   3   -0.0001404983
2   10   5   3   -0.0185832936
3   6   1   4   0.0103465018
3   6   2   4   -0.0110371409
3   6   3   3   -0.0005671241
3   6   4   4   -0.0017935429
3   7   1   4   -0.0082665963
3   7   2   4   0.0317649048
3   7   3   3   -0.0616645876
3   7   4   4   0.0062010367
3   8   1   3   0.0037971011
3   8   2   3   -0.0032477668
3   8   3   4   0.0827440398
3   8   4   3   -0.0022241563
3   9   1   4   -0.0028235687
3   9   2   4   0.0146724800
3   9   3   3   0.0276900000
3   9   4   4   0.0072724958
3   10   5   4   0.0090078930
4   6   1   3   0.0004085486
4   6   2   3   -0.0077366282
4   6   3   4   -0.0017144461
4   6   4   3   -0.0060195061
4   7   1   3   -0.0075229878
4   7   2   3   0.0148082029
4   7   3   4   0.0063728949
4   7   4   3   -0.0585571071
4   8   1   4   0.0003143741
4   8   2   4   0.0128674531
4   8   3   3   -0.0023287656
4   8   4   4   0.0825555619
4   9   1   3   0.0026720717
4   9   2   3   -0.0002610058
4   9   3   4   0.0075035971
4   9   4   3   0.0409534143
4   10   5   3   0.0007404798
5   6   5   3   -0.0022299034
5   7   5   3   -0.0759142188
5   8   5   4   0.0867712961
5   9   5   3   0.0366424389
5   10   1   3   0.0059367040
5   10   2   3   -0.0176611688
5   10   3   4   0.0088484844
5   10   4   3   0.0010972700

End IJKA Block
Begin IABC Block
1   3   1   3   0.0005626649
1   3   2   4   0.0016377831
1   4   1   4   -0.0001261928
1   4   2   3   0.0016411879
2   3   1   3   -0.0110728346
2   3   2   4   0.0011378622
2   4   1   4   -0.0071951985
2   4   2   3   0.0009646104
3   3   1   4   -0.0179734963
3   3   2   3   0.0076061669
3   4   1   3   -0.0176318560
3   4   2   4   0.0057426561
4   3   1   3   -0.0009070855
4   3   2   4   -0.0117005059
4   4   1   4   -0.0039654702
4   4   2   3   -0.0115327448

End IABC Block
