Begin IJ Block
1   1   -33.0214422946
1   2   -0.5808032342
1   4   -0.1860645672
2   2   -7.8563440284
2   4   -0.2461630568
3   3   -6.6834724833
4   4   -6.9202299355
5   5   -7.0954993223

End IJ Block
Begin IA Block
1   1   0.1804354706
1   4   -0.1612359645
1   5   0.1204653205
2   1   0.9746978370
2   4   -0.6987780889
2   5   0.0658439430
3   2   1.2205549514
3   3   -0.6288558824
3   7   1.4140417325
4   1   -0.5501011532
4   4   0.7182219701
4   5   1.6578352651
5   6   -2.0639788828

End IA Block
Begin AB Block
1   1   -3.3578460253
1   2   0.0000000000
1   4   1.0414187826
1   5   0.4422968046
1   7   -0.0000000000
2   2   -3.1470974316
2   3   1.0071426558
2   4   0.0000000000
2   7   -1.1712521574
3   3   -4.0852011297
3   7   0.3867362880
4   4   -4.0756687790
4   5   -0.4509200390
5   5   -4.7404130552
6   6   -5.3413466203
7   7   -4.3465257914

End AB Block
Begin IJAB Block
1   6   1   8   0.0104049925
1   6   1   9   0.0000000000
1   6   1   10   0.0000000000
1   6   1   11   -0.0114320945
1   6   1   12   -0.0041903241
1   6   1   14   -0.0000000000
1   6   2   8   0.0000000000
1   6   2   9   0.0062284900
1   6   2   10   -0.0059921006
1   6   2   11   0.0000000000
1   6   2   14   0.0135459076
1   6   3   8   0.0000000000
1   6   3   9   -0.0059921006
1   6   3   10   0.0057345795
1   6   3   14   -0.0130383673
1   6   4   8   -0.0114320945
1   6   4   9   0.0000000000
1   6   4   11   0.0138238483
1   6   4   12   0.0109589200
1   6   5   8   -0.0041903241
1   6   5   11   0.0109589200
1   6   5   12   0.0335986456
1   6   6   13   0.0484552596
1   6   7   8   -0.0000000000
1   6   7   9   0.0135459076
1   6   7   10   -0.0130383673
1   6   7   14   0.0295504837
1   7   1   8   -0.0007666799
1   7   1   11   0.0018251620
1   7   1   12   0.0053373538
1   7   2   9   -0.0055863607
1   7   2   10   0.0043916152
1   7   2   14   -0.0076646235
1   7   3   9   0.0053251562
1   7   3   10   -0.0044815658
1   7   3   14   0.0070679567
1   7   4   8   0.0027686952
1   7   4   11   -0.0045777952
1   7   4   12   -0.0081273643
1   7   5   8   0.0091900032
1   7   5   11   -0.0118523283
1   7   5   12   -0.0141457404
1   7   6   13   -0.0230322890
1   7   7   9   -0.0108660556
1   7   7   10   0.0083410714
1   7   7   14   -0.0153504025
1   8   1   9   0.0011485799
1   8   1   10   -0.0029468393
1   8   1   14   0.0014188787
1   8   2   8   -0.0024876226
1   8   2   11   -0.0002135046
1   8   2   12   0.0007034057
1   8   3   8   0.0022321515
1   8   3   11   0.0003406687
1   8   3   12   -0.0000736200
1   8   4   9   -0.0013804839
1   8   4   10   0.0042777038
1   8   4   14   -0.0008899334
1   8   5   9   0.0006231923
1   8   5   10   0.0050140507
1   8   5   14   0.0050814444
1   8   7   8   -0.0050929855
1   8   7   11   -0.0001585484
1   8   7   12   0.0013778735
1   9   1   8   0.0010235662
1   9   1   11   0.0000211440
1   9   1   12   0.0061362098
1   9   2   9   -0.0022097747
1   9   2   10   0.0048049559
1   9   2   14   -0.0010354830
1   9   3   9   0.0024532864
1   9   3   10   -0.0048321220
1   9   3   14   0.0014795977
1   9   4   8   -0.0018656502
1   9   4   11   0.0006235684
1   9   4   12   -0.0078549926
1   9   5   8   -0.0038145324
1   9   5   11   0.0027738469
1   9   5   12   -0.0076300369
1   9   6   13   -0.0083659518
1   9   7   9   -0.0041034925
1   9   7   10   0.0091943973
1   9   7   14   -0.0019453497
1   10   1   13   -0.0037996865
1   10   4   13   0.0029938388
1   10   5   13   -0.0022467330
1   10   6   8   0.0088259888
1   10   6   11   -0.0121334911
1   10   6   12   0.0076746563
2   6   1   8   -0.0007666799
2   6   1   11   0.0027686952
2   6   1   12   0.0091900032
2   6   2   9   -0.0055863607
2   6   2   10   0.0053251562
2   6   2   14   -0.0108660556
2   6   3   9   0.0043916152
2   6   3   10   -0.0044815658
2   6   3   14   0.0083410714
2   6   4   8   0.0018251620
2   6   4   11   -0.0045777952
2   6   4   12   -0.0118523283
2   6   5   8   0.0053373538
2   6   5   11   -0.0081273643
2   6   5   12   -0.0141457404
2   6   6   13   -0.0230322890
2   6   7   9   -0.0076646235
2   6   7   10   0.0070679567
2   6   7   14   -0.0153504025
2   7   1   8   0.0375320383
2   7   1   11   -0.0359935031
2   7   1   12   -0.0088385851
2   7   2   9   0.0199608556
2   7   2   10   -0.0172001070
2   7   2   14   0.0197212805
2   7   3   9   -0.0172001070
2   7   3   10   0.0422690101
2   7   3   14   -0.0076546590
2   7   4   8   -0.0359935031
2   7   4   11   0.0564617481
2   7   4   12   0.0049686100
2   7   5   8   -0.0088385851
2   7   5   11   0.0049686100
2   7   5   12   0.0371999507
2   7   6   13   0.0414328861
2   7   7   9   0.0197212805
2   7   7   10   -0.0076546590
2   7   7   14   0.0364081675
2   8   1   9   0.0323389946
2   8   1   10   -0.0161515887
2   8   1   14   0.0446633568
2   8   2   8   0.0108421237
2   8   2   11   -0.0015537282
2   8   2   12   -0.0057947549
2   8   3   8   -0.0101923618
2   8   3   11   0.0273599273
2   8   3   12   -0.0042943657
2   8   4   9   -0.0236307640
2   8   4   10   0.0303314170
2   8   4   14   -0.0377337977
2   8   5   9   -0.0021927056
2   8   5   10   -0.0053293206
2   8   5   14   0.0025436728
2   8   7   8   0.0181324699
2   8   7   11   -0.0099821879
2   8   7   12   -0.0007169488
2   9   1   8   -0.0197120512
2   9   1   11   0.0266531043
2   9   1   12   0.0378776829
2   9   2   9   0.0049042981
2   9   2   10   -0.0135995136
2   9   2   14   -0.0015897296
2   9   3   9   -0.0054161821
2   9   3   10   -0.0061973605
2   9   3   14   -0.0015728122
2   9   4   8   0.0213317886
2   9   4   11   -0.0376914277
2   9   4   12   -0.0220968532
2   9   5   8   0.0093740275
2   9   5   11   0.0028678518
2   9   5   12   0.0133064274
2   9   6   13   0.0107183712
2   9   7   9   -0.0000721871
2   9   7   10   -0.0064688889
2   9   7   14   0.0028829278
2   10   1   13   -0.0552900735
2   10   4   13   0.0458235029
2   10   5   13   -0.0079131556
2   10   6   8   -0.0180604894
2   10   6   11   0.0162960240
2   10   6   12   -0.0077129972
3   6   1   9   -0.0024876226
3   6   1   10   0.0022321515
3   6   1   14   -0.0050929855
3   6   2   8   0.0011485799
3   6   2   11   -0.0013804839
3   6   2   12   0.0006231923
3   6   3   8   -0.0029468393
3   6   3   11   0.0042777038
3   6   3   12   0.0050140507
3   6   4   9   -0.0002135046
3   6   4   10   0.0003406687
3   6   4   14   -0.0001585484
3   6   5   9   0.0007034057
3   6   5   10   -0.0000736200
3   6   5   14   0.0013778735
3   6   7   8   0.0014188787
3   6   7   11   -0.0008899334
3   6   7   12   0.0050814444
3   7   1   9   0.0108421237
3   7   1   10   -0.0101923618
3   7   1   14   0.0181324699
3   7   2   8   0.0323389946
3   7   2   11   -0.0236307640
3   7   2   12   -0.0021927056
3   7   3   8   -0.0161515887
3   7   3   11   0.0303314170
3   7   3   12   -0.0053293206
3   7   4   9   -0.0015537282
3   7   4   10   0.0273599273
3   7   4   14   -0.0099821879
3   7   5   9   -0.0057947549
3   7   5   10   -0.0042943657
3   7   5   14   -0.0007169488
3   7   7   8   0.0446633568
3   7   7   11   -0.0377337977
3   7   7   12   0.0025436728
3   8   1   8   0.0196929919
3   8   1   11   -0.0245768245
3   8   1   12   0.0018622310
3   8   2   9   0.0490228194
3   8   2   10   -0.0404067339
3   8   2   14   0.0497941675
3   8   3   9   -0.0404067339
3   8   3   10   0.0876482269
3   8   3   14   -0.0273045835
3   8   4   8   -0.0245768245
3   8   4   11   0.0739144759
3   8   4   12   -0.0190647078
3   8   5   8   0.0018622310
3   8   5   11   -0.0190647078
3   8   5   12   0.0239308967
3   8   6   13   0.0129833103
3   8   7   9   0.0497941675
3   8   7   10   -0.0273045835
3   8   7   14   0.0827521101
3   9   1   9   -0.0074027766
3   9   1   10   0.0117391667
3   9   1   14   -0.0003981639
3   9   2   8   -0.0202880827
3   9   2   11   0.0266845497
3   9   2   12   0.0487680862
3   9   3   8   0.0186123237
3   9   3   11   -0.0370875736
3   9   3   12   -0.0400365530
3   9   4   9   0.0160240311
3   9   4   10   -0.0472028772
3   9   4   14   0.0015934357
3   9   5   9   0.0016118774
3   9   5   10   0.0086427925
3   9   5   14   0.0123722682
3   9   7   8   -0.0185441005
3   9   7   11   0.0333522069
3   9   7   12   0.0615988021
3   10   2   13   -0.0579996159
3   10   3   13   0.0418051392
3   10   6   9   -0.0066239528
3   10   6   10   0.0050117521
3   10   6   14   -0.0132028668
3   10   7   13   -0.0819198693
4   6   1   8   0.0010235662
4   6   1   11   -0.0018656502
4   6   1   12   -0.0038145324
4   6   2   9   -0.0022097747
4   6   2   10   0.0024532864
4   6   2   14   -0.0041034925
4   6   3   9   0.0048049559
4   6   3   10   -0.0048321220
4   6   3   14   0.0091943973
4   6   4   8   0.0000211440
4   6   4   11   0.0006235684
4   6   4   12   0.0027738469
4   6   5   8   0.0061362098
4   6   5   11   -0.0078549926
4   6   5   12   -0.0076300369
4   6   6   13   -0.0083659518
4   6   7   9   -0.0010354830
4   6   7   10   0.0014795977
4   6   7   14   -0.0019453497
4   7   1   8   -0.0197120512
4   7   1   11   0.0213317886
4   7   1   12   0.0093740275
4   7   2   9   0.0049042981
4   7   2   10   -0.0054161821
4   7   2   14   -0.0000721871
4   7   3   9   -0.0135995136
4   7   3   10   -0.0061973605
4   7   3   14   -0.0064688889
4   7   4   8   0.0266531043
4   7   4   11   -0.0376914277
4   7   4   12   0.0028678518
4   7   5   8   0.0378776829
4   7   5   11   -0.0220968532
4   7   5   12   0.0133064274
4   7   6   13   0.0107183712
4   7   7   9   -0.0015897296
4   7   7   10   -0.0015728122
4   7   7   14   0.0028829278
4   8   1   9   -0.0202880827
4   8   1   10   0.0186123237
4   8   1   14   -0.0185441005
4   8   2   8   -0.0074027766
4   8   2   11   0.0160240311
4   8   2   12   0.0016118774
4   8   3   8   0.0117391667
4   8   3   11   -0.0472028772
4   8   3   12   0.0086427925
4   8   4   9   0.0266845497
4   8   4   10   -0.0370875736
4   8   4   14   0.0333522069
4   8   5   9   0.0487680862
4   8   5   10   -0.0400365530
4   8   5   14   0.0615988021
4   8   7   8   -0.0003981639
4   8   7   11   0.0015934357
4   8   7   12   0.0123722682
4   9   1   8   0.0207254021
4   9   1   11   -0.0206782234
4   9   1   12   -0.0216904390
4   9   2   9   0.0133264133
4   9   2   10   -0.0224191598
4   9   2   14   0.0028801281
4   9   3   9   -0.0224191598
4   9   3   10   0.0590698401
4   9   3   14   0.0037915906
4   9   4   8   -0.0206782234
4   9   4   11   0.0396424857
4   9   4   12   0.0374498244
4   9   5   8   -0.0216904390
4   9   5   11   0.0374498244
4   9   5   12   0.1123127931
4   9   6   13   0.0182340673
4   9   7   9   0.0028801281
4   9   7   10   0.0037915906
4   9   7   14   0.0154391941
4   10   1   13   0.0238766351
4   10   4   13   -0.0404166515
4   10   5   13   -0.0966795368
4   10   6   8   -0.0012731428
4   10   6   11   -0.0008454971
4   10   6   12   -0.0183398209
5   6   1   13   0.0088259888
5   6   4   13   -0.0121334911
5   6   5   13   0.0076746563
5   6   6   8   -0.0037996865
5   6   6   11   0.0029938388
5   6   6   12   -0.0022467330
5   7   1   13   -0.0180604894
5   7   4   13   0.0162960240
5   7   5   13   -0.0077129972
5   7   6   8   -0.0552900735
5   7   6   11   0.0458235029
5   7   6   12   -0.0079131556
5   8   2   13   -0.0066239528
5   8   3   13   0.0050117521
5   8   6   9   -0.0579996159
5   8   6   10   0.0418051392
5   8   6   14   -0.0819198693
5   8   7   13   -0.0132028668
5   9   1   13   -0.0012731428
5   9   4   13   -0.0008454971
5   9   5   13   -0.0183398209
5   9   6   8   0.0238766351
5   9   6   11   -0.0404166515
5   9   6   12   -0.0966795368
5   10   1   8   0.0133938420
5   10   1   11   -0.0118788955
5   10   1   12   0.0014770558
5   10   2   9   0.0071178874
5   10   2   10   -0.0070961188
5   10   2   14   0.0057188717
5   10   3   9   -0.0070961188
5   10   3   10   0.0106060273
5   10   3   14   -0.0026732047
5   10   4   8   -0.0118788955
5   10   4   11   0.0238309274
5   10   4   12   -0.0050694815
5   10   5   8   0.0014770558
5   10   5   11   -0.0050694815
5   10   5   12   0.0177576223
5   10   6   13   0.1534821166
5   10   7   9   0.0057188717
5   10   7   10   -0.0026732047
5   10   7   14   0.0123416993

End IJAB Block
Begin IJKL Block
1   6   1   6   4.7390608959
1   6   1   7   0.4310502399
1   6   1   9   0.1390749473
1   6   2   6   0.4310502399
1   6   2   7   0.0625560682
1   6   2   9   0.0169035926
1   6   3   8   0.0183178859
1   6   4   6   0.1390749473
1   6   4   7   0.0169035926
1   6   4   9   0.0288216201
1   6   5   10   0.0291883194
1   7   1   6   0.4310502399
1   7   1   7   1.0460351956
1   7   1   9   0.0893647060
1   7   2   6   0.0639247553
1   7   2   7   0.0142891567
1   7   2   9   0.0077920166
1   7   3   8   -0.0228980500
1   7   4   6   0.0168333310
1   7   4   7   0.0146077150
1   7   4   9   -0.0225005064
1   7   5   10   -0.0296194577
1   8   1   8   0.8749554413
1   8   2   8   0.0066164331
1   8   3   6   0.0195471341
1   8   3   7   -0.0229794837
1   8   3   9   -0.0031212437
1   8   4   8   0.0071585499
1   9   1   6   0.1390749473
1   9   1   7   0.0893647060
1   9   1   9   0.9821913440
1   9   2   6   0.0168333310
1   9   2   7   0.0078482777
1   9   2   9   0.0127594983
1   9   3   8   -0.0030425156
1   9   4   6   0.0299955262
1   9   4   7   -0.0225444195
1   9   4   9   -0.0090430416
1   9   5   10   -0.0092766635
1   10   1   10   1.0365165991
1   10   2   10   0.0114238907
1   10   4   10   0.0044885752
1   10   5   6   0.0300574261
1   10   5   7   -0.0294776329
1   10   5   9   -0.0093304964
2   6   1   6   0.4310502399
2   6   1   7   0.0639247553
2   6   1   9   0.0168333310
2   6   2   6   1.0460351956
2   6   2   7   0.0142891567
2   6   2   9   0.0146077150
2   6   3   8   -0.0228980500
2   6   4   6   0.0893647060
2   6   4   7   0.0077920166
2   6   4   9   -0.0225005064
2   6   5   10   -0.0296194577
2   7   1   6   0.0625560682
2   7   1   7   0.0142891567
2   7   1   9   0.0078482777
2   7   2   6   0.0142891567
2   7   2   7   0.7479159116
2   7   2   9   -0.0168653255
2   7   3   8   0.1474707836
2   7   4   6   0.0078482777
2   7   4   7   -0.0168653255
2   7   4   9   0.1204043139
2   7   5   10   0.1226996390
2   8   1   8   0.0066164331
2   8   2   8   0.6736300976
2   8   3   6   -0.0229794837
2   8   3   7   0.1489940245
2   8   3   9   -0.0162765391
2   8   4   8   -0.0133423154
2   9   1   6   0.0169035926
2   9   1   7   0.0077920166
2   9   1   9   0.0127594983
2   9   2   6   0.0146077150
2   9   2   7   -0.0168653255
2   9   2   9   0.6760445958
2   9   3   8   -0.0164848173
2   9   4   6   -0.0225444195
2   9   4   7   0.1231293566
2   9   4   9   0.0682702329
2   9   5   10   0.0295376629
2   10   1   10   0.0114238907
2   10   2   10   0.7099861103
2   10   4   10   0.0362831651
2   10   5   6   -0.0294776329
2   10   5   7   0.1257226881
2   10   5   9   0.0297300172
3   6   1   8   0.0195471341
3   6   2   8   -0.0229794837
3   6   3   6   0.8749554413
3   6   3   7   0.0066164331
3   6   3   9   0.0071585499
3   6   4   8   -0.0031212437
3   7   1   8   -0.0229794837
3   7   2   8   0.1489940245
3   7   3   6   0.0066164331
3   7   3   7   0.6736300976
3   7   3   9   -0.0133423154
3   7   4   8   -0.0162765391
3   8   1   6   0.0183178859
3   8   1   7   -0.0228980500
3   8   1   9   -0.0030425156
3   8   2   6   -0.0228980500
3   8   2   7   0.1474707836
3   8   2   9   -0.0164848173
3   8   3   8   0.6556022026
3   8   4   6   -0.0030425156
3   8   4   7   -0.0164848173
3   8   4   9   0.0361396859
3   8   5   10   0.0259375961
3   9   1   8   -0.0031212437
3   9   2   8   -0.0162765391
3   9   3   6   0.0071585499
3   9   3   7   -0.0133423154
3   9   3   9   0.6020054181
3   9   4   8   0.0396379936
3   10   3   10   0.6187229179
3   10   5   8   0.0301558928
4   6   1   6   0.1390749473
4   6   1   7   0.0168333310
4   6   1   9   0.0299955262
4   6   2   6   0.0893647060
4   6   2   7   0.0078482777
4   6   2   9   -0.0225444195
4   6   3   8   -0.0030425156
4   6   4   6   0.9821913440
4   6   4   7   0.0127594983
4   6   4   9   -0.0090430416
4   6   5   10   -0.0092766635
4   7   1   6   0.0169035926
4   7   1   7   0.0146077150
4   7   1   9   -0.0225444195
4   7   2   6   0.0077920166
4   7   2   7   -0.0168653255
4   7   2   9   0.1231293566
4   7   3   8   -0.0164848173
4   7   4   6   0.0127594983
4   7   4   7   0.6760445958
4   7   4   9   0.0682702329
4   7   5   10   0.0295376629
4   8   1   8   0.0071585499
4   8   2   8   -0.0133423154
4   8   3   6   -0.0031212437
4   8   3   7   -0.0162765391
4   8   3   9   0.0396379936
4   8   4   8   0.6020054181
4   9   1   6   0.0288216201
4   9   1   7   -0.0225005064
4   9   1   9   -0.0090430416
4   9   2   6   -0.0225005064
4   9   2   7   0.1204043139
4   9   2   9   0.0682702329
4   9   3   8   0.0361396859
4   9   4   6   -0.0090430416
4   9   4   7   0.0682702329
4   9   4   9   0.7181728129
4   9   5   10   0.0376938231
4   10   1   10   0.0044885752
4   10   2   10   0.0362831651
4   10   4   10   0.6597800568
4   10   5   6   -0.0093304964
4   10   5   7   0.0297300172
4   10   5   9   0.0421728976
5   6   1   10   0.0300574261
5   6   2   10   -0.0294776329
5   6   4   10   -0.0093304964
5   6   5   6   1.0365165991
5   6   5   7   0.0114238907
5   6   5   9   0.0044885752
5   7   1   10   -0.0294776329
5   7   2   10   0.1257226881
5   7   4   10   0.0297300172
5   7   5   6   0.0114238907
5   7   5   7   0.7099861103
5   7   5   9   0.0362831651
5   8   3   10   0.0301558928
5   8   5   8   0.6187229179
5   9   1   10   -0.0093304964
5   9   2   10   0.0297300172
5   9   4   10   0.0421728976
5   9   5   6   0.0044885752
5   9   5   7   0.0362831651
5   9   5   9   0.6597800568
5   10   1   6   0.0291883194
5   10   1   7   -0.0296194577
5   10   1   9   -0.0092766635
5   10   2   6   -0.0296194577
5   10   2   7   0.1226996390
5   10   2   9   0.0295376629
5   10   3   8   0.0259375961
5   10   4   6   -0.0092766635
5   10   4   7   0.0295376629
5   10   4   9   0.0376938231
5   10   5   10   0.7508719321

End IJKL Block
Begin ABCD Block
1   8   1   8   0.3010368579
1   8   1   11   -0.0359682568
1   8   1   12   -0.0259429237
1   8   2   9   0.0738959117
1   8   2   10   0.0024347698
1   8   2   14   0.0116269614
1   8   3   9   0.0024347698
1   8   3   10   0.0138683329
1   8   3   14   -0.0012241039
1   8   4   8   -0.0359682568
1   8   4   11   0.0381091806
1   8   4   12   0.0108384026
1   8   5   8   -0.0259429237
1   8   5   11   0.0108384026
1   8   5   12   0.0250158410
1   8   6   13   0.0222097686
1   8   7   9   0.0116269614
1   8   7   10   -0.0012241039
1   8   7   14   0.0210480795
1   9   1   9   0.2890387042
1   9   1   10   -0.0300780624
1   9   1   14   0.0276714759
1   9   2   8   0.0739044851
1   9   2   11   -0.0050202446
1   9   2   12   -0.0017844346
1   9   3   8   0.0024331976
1   9   3   11   0.0102753178
1   9   3   12   0.0039865571
1   9   4   9   -0.0338181077
1   9   4   10   0.0239797332
1   9   4   14   -0.0260893826
1   9   5   9   -0.0174853164
1   9   5   10   0.0093503041
1   9   5   14   -0.0086588001
1   9   7   8   0.0116326657
1   9   7   11   -0.0084659426
1   9   7   12   -0.0013262793
1   10   1   9   -0.0300780624
1   10   1   10   0.3320642320
1   10   1   14   -0.0123772068
1   10   2   8   0.0024331976
1   10   2   11   0.0613247143
1   10   2   12   0.0118558724
1   10   3   8   0.0138775898
1   10   3   11   -0.0204528554
1   10   3   12   0.0025277981
1   10   4   9   0.0239814899
1   10   4   10   -0.0793653721
1   10   4   14   0.0124240139
1   10   5   9   0.0093451514
1   10   5   10   -0.0263440563
1   10   5   14   0.0157450068
1   10   7   8   -0.0012166926
1   10   7   11   0.0237288920
1   10   7   12   0.0050548318
1   11   1   8   -0.0359682568
1   11   1   11   0.3468814467
1   11   1   12   -0.0003782990
1   11   2   9   -0.0050172179
1   11   2   10   0.0613305484
1   11   2   14   -0.0341260436
1   11   3   9   0.0102834579
1   11   3   10   -0.0204452208
1   11   3   14   0.0064093304
1   11   4   8   0.0381114736
1   11   4   11   -0.0950026361
1   11   4   12   -0.0049103546
1   11   5   8   0.0108358982
1   11   5   11   -0.0370989795
1   11   5   12   -0.0047066930
1   11   6   13   -0.0025966331
1   11   7   9   -0.0084605555
1   11   7   10   0.0237407695
1   11   7   14   -0.0142508774
1   12   1   8   -0.0259429237
1   12   1   11   -0.0003782990
1   12   1   12   0.3261725437
1   12   2   9   -0.0017907318
1   12   2   10   0.0118590756
1   12   2   14   0.0110892618
1   12   3   9   0.0039796359
1   12   3   10   0.0025426976
1   12   3   14   0.0074401033
1   12   4   8   0.0108358982
1   12   4   11   -0.0049027290
1   12   4   12   -0.0698347375
1   12   5   8   0.0250383662
1   12   5   11   -0.0047202047
1   12   5   12   -0.0263169029
1   12   6   13   -0.0007105539
1   12   7   9   -0.0013408637
1   12   7   10   0.0050710353
1   12   7   14   0.0132109829
1   13   1   13   0.3288705719
1   13   4   13   -0.0761403855
1   13   5   13   -0.0293621838
1   13   6   8   0.0222436751
1   13   6   11   -0.0026204556
1   13   6   12   -0.0006912233
1   14   1   9   0.0276714759
1   14   1   10   -0.0123772068
1   14   1   14   0.3155760066
1   14   2   8   0.0116326657
1   14   2   11   -0.0341285586
1   14   2   12   0.0110956391
1   14   3   8   -0.0012166926
1   14   3   11   0.0063880064
1   14   3   12   0.0074399280
1   14   4   9   -0.0260869652
1   14   4   10   0.0124184029
1   14   4   14   -0.0694924397
1   14   5   9   -0.0086644248
1   14   5   10   0.0157551122
1   14   5   14   -0.0103911296
1   14   7   8   0.0210627716
1   14   7   11   -0.0142660528
1   14   7   12   0.0132209469
2   8   1   9   0.0739044851
2   8   1   10   0.0024331976
2   8   1   14   0.0116326657
2   8   2   8   0.2890387042
2   8   2   11   -0.0338181077
2   8   2   12   -0.0174853164
2   8   3   8   -0.0300780624
2   8   3   11   0.0239797332
2   8   3   12   0.0093503041
2   8   4   9   -0.0050202446
2   8   4   10   0.0102753178
2   8   4   14   -0.0084659426
2   8   5   9   -0.0017844346
2   8   5   10   0.0039865571
2   8   5   14   -0.0013262793
2   8   7   8   0.0276714759
2   8   7   11   -0.0260893826
2   8   7   12   -0.0086588001
2   9   1   8   0.0738959117
2   9   1   11   -0.0050172179
2   9   1   12   -0.0017907318
2   9   2   9   0.2954910443
2   9   2   10   -0.0272331110
2   9   2   14   0.0247303045
2   9   3   9   -0.0272331110
2   9   3   10   0.0288801244
2   9   3   14   -0.0238927202
2   9   4   8   -0.0050172179
2   9   4   11   0.0127375816
2   9   4   12   0.0026587871
2   9   5   8   -0.0017907318
2   9   5   11   0.0026587871
2   9   5   12   0.0051706402
2   9   6   13   0.0051998557
2   9   7   9   0.0247303045
2   9   7   10   -0.0238927202
2   9   7   14   0.0326814319
2   10   1   8   0.0024347698
2   10   1   11   0.0613305484
2   10   1   12   0.0118590756
2   10   2   9   -0.0272331110
2   10   2   10   0.3222605441
2   10   2   14   -0.0182321930
2   10   3   9   0.0289125331
2   10   3   10   -0.0737092599
2   10   3   14   0.0099464617
2   10   4   8   0.0102834579
2   10   4   11   -0.0261961908
2   10   4   12   -0.0005001141
2   10   5   8   0.0039796359
2   10   5   11   -0.0067845990
2   10   5   12   -0.0038463143
2   10   6   13   -0.0020881965
2   10   7   9   -0.0238793684
2   10   7   10   0.0608881113
2   10   7   14   -0.0126489053
2   11   1   9   -0.0050202446
2   11   1   10   0.0613247143
2   11   1   14   -0.0341285586
2   11   2   8   -0.0338181077
2   11   2   11   0.3301722813
2   11   2   12   -0.0001410787
2   11   3   8   0.0239814899
2   11   3   11   -0.0702955026
2   11   3   12   -0.0050899719
2   11   4   9   0.0127509606
2   11   4   10   -0.0261908418
2   11   4   14   0.0120079259
2   11   5   9   0.0026356718
2   11   5   10   -0.0067703743
2   11   5   14   0.0025876856
2   11   7   8   -0.0260869652
2   11   7   11   0.0647577308
2   11   7   12   0.0085382416
2   12   1   9   -0.0017844346
2   12   1   10   0.0118558724
2   12   1   14   0.0110956391
2   12   2   8   -0.0174853164
2   12   2   11   -0.0001410787
2   12   2   12   0.3064567218
2   12   3   8   0.0093451514
2   12   3   11   -0.0050814185
2   12   3   12   -0.0753095662
2   12   4   9   0.0026356718
2   12   4   10   -0.0004606599
2   12   4   14   0.0012696911
2   12   5   9   0.0051897901
2   12   5   10   -0.0038838966
2   12   5   14   0.0047487257
2   12   7   8   -0.0086644248
2   12   7   11   0.0085397877
2   12   7   12   0.0742349534
2   13   2   13   0.3106859632
2   13   3   13   -0.0767911544
2   13   6   9   0.0051937343
2   13   6   10   -0.0020761216
2   13   6   14   0.0076387586
2   13   7   13   0.0889732186
2   14   1   8   0.0116269614
2   14   1   11   -0.0341260436
2   14   1   12   0.0110892618
2   14   2   9   0.0247303045
2   14   2   10   -0.0182321930
2   14   2   14   0.3108494291
2   14   3   9   -0.0238793684
2   14   3   10   0.0099043210
2   14   3   14   -0.0686590780
2   14   4   8   -0.0084605555
2   14   4   11   0.0119924660
2   14   4   12   0.0012810593
2   14   5   8   -0.0013408637
2   14   5   11   0.0026176397
2   14   5   12   0.0047564384
2   14   6   13   0.0076450359
2   14   7   9   0.0327002941
2   14   7   10   -0.0126785305
2   14   7   14   0.0764077526
3   8   1   9   0.0024331976
3   8   1   10   0.0138775898
3   8   1   14   -0.0012166926
3   8   2   8   -0.0300780624
3   8   2   11   0.0239814899
3   8   2   12   0.0093451514
3   8   3   8   0.3320642320
3   8   3   11   -0.0793653721
3   8   3   12   -0.0263440563
3   8   4   9   0.0613247143
3   8   4   10   -0.0204528554
3   8   4   14   0.0237288920
3   8   5   9   0.0118558724
3   8   5   10   0.0025277981
3   8   5   14   0.0050548318
3   8   7   8   -0.0123772068
3   8   7   11   0.0124240139
3   8   7   12   0.0157450068
3   9   1   8   0.0024347698
3   9   1   11   0.0102834579
3   9   1   12   0.0039796359
3   9   2   9   -0.0272331110
3   9   2   10   0.0289125331
3   9   2   14   -0.0238793684
3   9   3   9   0.3222605441
3   9   3   10   -0.0737092599
3   9   3   14   0.0608881113
3   9   4   8   0.0613305484
3   9   4   11   -0.0261961908
3   9   4   12   -0.0067845990
3   9   5   8   0.0118590756
3   9   5   11   -0.0005001141
3   9   5   12   -0.0038463143
3   9   6   13   -0.0020881965
3   9   7   9   -0.0182321930
3   9   7   10   0.0099464617
3   9   7   14   -0.0126489053
3   10   1   8   0.0138683329
3   10   1   11   -0.0204452208
3   10   1   12   0.0025426976
3   10   2   9   0.0288801244
3   10   2   10   -0.0737092599
3   10   2   14   0.0099043210
3   10   3   9   -0.0737092599
3   10   3   10   0.4928979810
3   10   3   14   -0.0156605638
3   10   4   8   -0.0204452208
3   10   4   11   0.1310810081
3   10   4   12   0.0042262094
3   10   5   8   0.0025426976
3   10   5   11   0.0042262094
3   10   5   12   0.0153443939
3   10   6   13   0.0062685439
3   10   7   9   0.0099043210
3   10   7   10   -0.0156605638
3   10   7   14   0.0323448740
3   11   1   9   0.0102753178
3   11   1   10   -0.0204528554
3   11   1   14   0.0063880064
3   11   2   8   0.0239797332
3   11   2   11   -0.0702955026
3   11   2   12   -0.0050814185
3   11   3   8   -0.0793653721
3   11   3   11   0.4888284214
3   11   3   12   -0.0086783607
3   11   4   9   -0.0261908418
3   11   4   10   0.1311120947
3   11   4   14   -0.0469127632
3   11   5   9   -0.0004606599
3   11   5   10   0.0042024107
3   11   5   14   -0.0041761517
3   11   7   8   0.0124184029
3   11   7   11   -0.0307584505
3   11   7   12   -0.0051401709
3   12   1   9   0.0039865571
3   12   1   10   0.0025277981
3   12   1   14   0.0074399280
3   12   2   8   0.0093503041
3   12   2   11   -0.0050899719
3   12   2   12   -0.0753095662
3   12   3   8   -0.0263440563
3   12   3   11   -0.0086783607
3   12   3   12   0.4326799544
3   12   4   9   -0.0067703743
3   12   4   10   0.0042024107
3   12   4   14   0.0087353332
3   12   5   9   -0.0038838966
3   12   5   10   0.0154340527
3   12   5   14   0.0061302733
3   12   7   8   0.0157551122
3   12   7   11   -0.0051550725
3   12   7   12   -0.0082916808
3   13   2   13   -0.0767911544
3   13   3   13   0.4211307358
3   13   6   9   -0.0020761216
3   13   6   10   0.0062585969
3   13   6   14   0.0000417663
3   13   7   13   -0.0189579471
3   14   1   8   -0.0012241039
3   14   1   11   0.0064093304
3   14   1   12   0.0074401033
3   14   2   9   -0.0238927202
3   14   2   10   0.0099464617
3   14   2   14   -0.0686590780
3   14   3   9   0.0608881113
3   14   3   10   -0.0156605638
3   14   3   14   0.4195543269
3   14   4   8   0.0237407695
3   14   4   11   -0.0469437718
3   14   4   12   0.0087337834
3   14   5   8   0.0050710353
3   14   5   11   -0.0042261291
3   14   5   12   0.0061295809
3   14   6   13   0.0000343837
3   14   7   9   -0.0126785305
3   14   7   10   0.0324264199
3   14   7   14   -0.0031293159
4   8   1   8   -0.0359682568
4   8   1   11   0.0381114736
4   8   1   12   0.0108358982
4   8   2   9   -0.0050172179
4   8   2   10   0.0102834579
4   8   2   14   -0.0084605555
4   8   3   9   0.0613305484
4   8   3   10   -0.0204452208
4   8   3   14   0.0237407695
4   8   4   8   0.3468814467
4   8   4   11   -0.0950026361
4   8   4   12   -0.0370989795
4   8   5   8   -0.0003782990
4   8   5   11   -0.0049103546
4   8   5   12   -0.0047066930
4   8   6   13   -0.0025966331
4   8   7   9   -0.0341260436
4   8   7   10   0.0064093304
4   8   7   14   -0.0142508774
4   9   1   9   -0.0338181077
4   9   1   10   0.0239814899
4   9   1   14   -0.0260869652
4   9   2   8   -0.0050202446
4   9   2   11   0.0127509606
4   9   2   12   0.0026356718
4   9   3   8   0.0613247143
4   9   3   11   -0.0261908418
4   9   3   12   -0.0067703743
4   9   4   9   0.3301722813
4   9   4   10   -0.0702955026
4   9   4   14   0.0647577308
4   9   5   9   -0.0001410787
4   9   5   10   -0.0050899719
4   9   5   14   0.0085382416
4   9   7   8   -0.0341285586
4   9   7   11   0.0120079259
4   9   7   12   0.0025876856
4   10   1   9   0.0239797332
4   10   1   10   -0.0793653721
4   10   1   14   0.0124184029
4   10   2   8   0.0102753178
4   10   2   11   -0.0261908418
4   10   2   12   -0.0004606599
4   10   3   8   -0.0204528554
4   10   3   11   0.1311120947
4   10   3   12   0.0042024107
4   10   4   9   -0.0702955026
4   10   4   10   0.4888284214
4   10   4   14   -0.0307584505
4   10   5   9   -0.0050814185
4   10   5   10   -0.0086783607
4   10   5   14   -0.0051401709
4   10   7   8   0.0063880064
4   10   7   11   -0.0469127632
4   10   7   12   -0.0041761517
4   11   1   8   0.0381091806
4   11   1   11   -0.0950026361
4   11   1   12   -0.0049027290
4   11   2   9   0.0127375816
4   11   2   10   -0.0261961908
4   11   2   14   0.0119924660
4   11   3   9   -0.0261961908
4   11   3   10   0.1310810081
4   11   3   14   -0.0469437718
4   11   4   8   -0.0950026361
4   11   4   11   0.5277601007
4   11   4   12   -0.0132570127
4   11   5   8   -0.0049027290
4   11   5   11   -0.0132570127
4   11   5   12   0.0238730673
4   11   6   13   0.0117386933
4   11   7   9   0.0119924660
4   11   7   10   -0.0469437718
4   11   7   14   0.0287199942
4   12   1   8   0.0108384026
4   12   1   11   -0.0049103546
4   12   1   12   -0.0698347375
4   12   2   9   0.0026587871
4   12   2   10   -0.0005001141
4   12   2   14   0.0012810593
4   12   3   9   -0.0067845990
4   12   3   10   0.0042262094
4   12   3   14   0.0087337834
4   12   4   8   -0.0370989795
4   12   4   11   -0.0132570127
4   12   4   12   0.4242738212
4   12   5   8   -0.0047202047
4   12   5   11   0.0239043308
4   12   5   12   0.0245116002
4   12   6   13   0.0016081708
4   12   7   9   0.0026176397
4   12   7   10   -0.0042261291
4   12   7   14   -0.0053147676
4   13   1   13   -0.0761403855
4   13   4   13   0.4243925082
4   13   5   13   0.0303153713
4   13   6   8   -0.0026204556
4   13   6   11   0.0117944231
4   13   6   12   0.0015862019
4   14   1   9   -0.0260893826
4   14   1   10   0.0124240139
4   14   1   14   -0.0694924397
4   14   2   8   -0.0084659426
4   14   2   11   0.0120079259
4   14   2   12   0.0012696911
4   14   3   8   0.0237288920
4   14   3   11   -0.0469127632
4   14   3   12   0.0087353332
4   14   4   9   0.0647577308
4   14   4   10   -0.0307584505
4   14   4   14   0.4108495113
4   14   5   9   0.0085397877
4   14   5   10   -0.0051550725
4   14   5   14   0.0166559180
4   14   7   8   -0.0142660528
4   14   7   11   0.0287655366
4   14   7   12   -0.0053309112
5   8   1   8   -0.0259429237
5   8   1   11   0.0108358982
5   8   1   12   0.0250383662
5   8   2   9   -0.0017907318
5   8   2   10   0.0039796359
5   8   2   14   -0.0013408637
5   8   3   9   0.0118590756
5   8   3   10   0.0025426976
5   8   3   14   0.0050710353
5   8   4   8   -0.0003782990
5   8   4   11   -0.0049027290
5   8   4   12   -0.0047202047
5   8   5   8   0.3261725437
5   8   5   11   -0.0698347375
5   8   5   12   -0.0263169029
5   8   6   13   -0.0007105539
5   8   7   9   0.0110892618
5   8   7   10   0.0074401033
5   8   7   14   0.0132109829
5   9   1   9   -0.0174853164
5   9   1   10   0.0093451514
5   9   1   14   -0.0086644248
5   9   2   8   -0.0017844346
5   9   2   11   0.0026356718
5   9   2   12   0.0051897901
5   9   3   8   0.0118558724
5   9   3   11   -0.0004606599
5   9   3   12   -0.0038838966
5   9   4   9   -0.0001410787
5   9   4   10   -0.0050814185
5   9   4   14   0.0085397877
5   9   5   9   0.3064567218
5   9   5   10   -0.0753095662
5   9   5   14   0.0742349534
5   9   7   8   0.0110956391
5   9   7   11   0.0012696911
5   9   7   12   0.0047487257
5   10   1   9   0.0093503041
5   10   1   10   -0.0263440563
5   10   1   14   0.0157551122
5   10   2   8   0.0039865571
5   10   2   11   -0.0067703743
5   10   2   12   -0.0038838966
5   10   3   8   0.0025277981
5   10   3   11   0.0042024107
5   10   3   12   0.0154340527
5   10   4   9   -0.0050899719
5   10   4   10   -0.0086783607
5   10   4   14   -0.0051550725
5   10   5   9   -0.0753095662
5   10   5   10   0.4326799544
5   10   5   14   -0.0082916808
5   10   7   8   0.0074399280
5   10   7   11   0.0087353332
5   10   7   12   0.0061302733
5   11   1   8   0.0108384026
5   11   1   11   -0.0370989795
5   11   1   12   -0.0047202047
5   11   2   9   0.0026587871
5   11   2   10   -0.0067845990
5   11   2   14   0.0026176397
5   11   3   9   -0.0005001141
5   11   3   10   0.0042262094
5   11   3   14   -0.0042261291
5   11   4   8   -0.0049103546
5   11   4   11   -0.0132570127
5   11   4   12   0.0239043308
5   11   5   8   -0.0698347375
5   11   5   11   0.4242738212
5   11   5   12   0.0245116002
5   11   6   13   0.0016081708
5   11   7   9   0.0012810593
5   11   7   10   0.0087337834
5   11   7   14   -0.0053147676
5   12   1   8   0.0250158410
5   12   1   11   -0.0047066930
5   12   1   12   -0.0263169029
5   12   2   9   0.0051706402
5   12   2   10   -0.0038463143
5   12   2   14   0.0047564384
5   12   3   9   -0.0038463143
5   12   3   10   0.0153443939
5   12   3   14   0.0061295809
5   12   4   8   -0.0047066930
5   12   4   11   0.0238730673
5   12   4   12   0.0245116002
5   12   5   8   -0.0263169029
5   12   5   11   0.0245116002
5   12   5   12   0.5189568423
5   12   6   13   0.0239509218
5   12   7   9   0.0047564384
5   12   7   10   0.0061295809
5   12   7   14   0.0293345950
5   13   1   13   -0.0293621838
5   13   4   13   0.0303153713
5   13   5   13   0.5074664911
5   13   6   8   -0.0006912233
5   13   6   11   0.0015862019
5   13   6   12   0.0239784563
5   14   1   9   -0.0086588001
5   14   1   10   0.0157450068
5   14   1   14   -0.0103911296
5   14   2   8   -0.0013262793
5   14   2   11   0.0025876856
5   14   2   12   0.0047487257
5   14   3   8   0.0050548318
5   14   3   11   -0.0041761517
5   14   3   12   0.0061302733
5   14   4   9   0.0085382416
5   14   4   10   -0.0051401709
5   14   4   14   0.0166559180
5   14   5   9   0.0742349534
5   14   5   10   -0.0082916808
5   14   5   14   0.4590771814
5   14   7   8   0.0132209469
5   14   7   11   -0.0053309112
5   14   7   12   0.0293351173
6   8   1   13   0.0222436751
6   8   4   13   -0.0026204556
6   8   5   13   -0.0006912233
6   8   6   8   0.3288705719
6   8   6   11   -0.0761403855
6   8   6   12   -0.0293621838
6   9   2   13   0.0051937343
6   9   3   13   -0.0020761216
6   9   6   9   0.3106859632
6   9   6   10   -0.0767911544
6   9   6   14   0.0889732186
6   9   7   13   0.0076387586
6   10   2   13   -0.0020761216
6   10   3   13   0.0062585969
6   10   6   9   -0.0767911544
6   10   6   10   0.4211307358
6   10   6   14   -0.0189579471
6   10   7   13   0.0000417663
6   11   1   13   -0.0026204556
6   11   4   13   0.0117944231
6   11   5   13   0.0015862019
6   11   6   8   -0.0761403855
6   11   6   11   0.4243925082
6   11   6   12   0.0303153713
6   12   1   13   -0.0006912233
6   12   4   13   0.0015862019
6   12   5   13   0.0239784563
6   12   6   8   -0.0293621838
6   12   6   11   0.0303153713
6   12   6   12   0.5074664911
6   13   1   8   0.0222097686
6   13   1   11   -0.0025966331
6   13   1   12   -0.0007105539
6   13   2   9   0.0051998557
6   13   2   10   -0.0020881965
6   13   2   14   0.0076450359
6   13   3   9   -0.0020881965
6   13   3   10   0.0062685439
6   13   3   14   0.0000343837
6   13   4   8   -0.0025966331
6   13   4   11   0.0117386933
6   13   4   12   0.0016081708
6   13   5   8   -0.0007105539
6   13   5   11   0.0016081708
6   13   5   12   0.0239509218
6   13   6   13   0.6078277164
6   13   7   9   0.0076450359
6   13   7   10   0.0000343837
6   13   7   14   0.0204632920
6   14   2   13   0.0076387586
6   14   3   13   0.0000417663
6   14   6   9   0.0889732186
6   14   6   10   -0.0189579471
6   14   6   14   0.4815897647
6   14   7   13   0.0204771475
7   8   1   9   0.0116326657
7   8   1   10   -0.0012166926
7   8   1   14   0.0210627716
7   8   2   8   0.0276714759
7   8   2   11   -0.0260869652
7   8   2   12   -0.0086644248
7   8   3   8   -0.0123772068
7   8   3   11   0.0124184029
7   8   3   12   0.0157551122
7   8   4   9   -0.0341285586
7   8   4   10   0.0063880064
7   8   4   14   -0.0142660528
7   8   5   9   0.0110956391
7   8   5   10   0.0074399280
7   8   5   14   0.0132209469
7   8   7   8   0.3155760066
7   8   7   11   -0.0694924397
7   8   7   12   -0.0103911296
7   9   1   8   0.0116269614
7   9   1   11   -0.0084605555
7   9   1   12   -0.0013408637
7   9   2   9   0.0247303045
7   9   2   10   -0.0238793684
7   9   2   14   0.0327002941
7   9   3   9   -0.0182321930
7   9   3   10   0.0099043210
7   9   3   14   -0.0126785305
7   9   4   8   -0.0341260436
7   9   4   11   0.0119924660
7   9   4   12   0.0026176397
7   9   5   8   0.0110892618
7   9   5   11   0.0012810593
7   9   5   12   0.0047564384
7   9   6   13   0.0076450359
7   9   7   9   0.3108494291
7   9   7   10   -0.0686590780
7   9   7   14   0.0764077526
7   10   1   8   -0.0012241039
7   10   1   11   0.0237407695
7   10   1   12   0.0050710353
7   10   2   9   -0.0238927202
7   10   2   10   0.0608881113
7   10   2   14   -0.0126785305
7   10   3   9   0.0099464617
7   10   3   10   -0.0156605638
7   10   3   14   0.0324264199
7   10   4   8   0.0064093304
7   10   4   11   -0.0469437718
7   10   4   12   -0.0042261291
7   10   5   8   0.0074401033
7   10   5   11   0.0087337834
7   10   5   12   0.0061295809
7   10   6   13   0.0000343837
7   10   7   9   -0.0686590780
7   10   7   10   0.4195543269
7   10   7   14   -0.0031293159
7   11   1   9   -0.0084659426
7   11   1   10   0.0237288920
7   11   1   14   -0.0142660528
7   11   2   8   -0.0260893826
7   11   2   11   0.0647577308
7   11   2   12   0.0085397877
7   11   3   8   0.0124240139
7   11   3   11   -0.0307584505
7   11   3   12   -0.0051550725
7   11   4   9   0.0120079259
7   11   4   10   -0.0469127632
7   11   4   14   0.0287655366
7   11   5   9   0.0012696911
7   11   5   10   0.0087353332
7   11   5   14   -0.0053309112
7   11   7   8   -0.0694924397
7   11   7   11   0.4108495113
7   11   7   12   0.0166559180
7   12   1   9   -0.0013262793
7   12   1   10   0.0050548318
7   12   1   14   0.0132209469
7   12   2   8   -0.0086588001
7   12   2   11   0.0085382416
7   12   2   12   0.0742349534
7   12   3   8   0.0157450068
7   12   3   11   -0.0051401709
7   12   3   12   -0.0082916808
7   12   4   9   0.0025876856
7   12   4   10   -0.0041761517
7   12   4   14   -0.0053309112
7   12   5   9   0.0047487257
7   12   5   10   0.0061302733
7   12   5   14   0.0293351173
7   12   7   8   -0.0103911296
7   12   7   11   0.0166559180
7   12   7   12   0.4590771814
7   13   2   13   0.0889732186
7   13   3   13   -0.0189579471
7   13   6   9   0.0076387586
7   13   6   10   0.0000417663
7   13   6   14   0.0204771475
7   13   7   13   0.4815897647
7   14   1   8   0.0210480795
7   14   1   11   -0.0142508774
7   14   1   12   0.0132109829
7   14   2   9   0.0326814319
7   14   2   10   -0.0126489053
7   14   2   14   0.0764077526
7   14   3   9   -0.0126489053
7   14   3   10   0.0323448740
7   14   3   14   -0.0031293159
7   14   4   8   -0.0142508774
7   14   4   11   0.0287199942
7   14   4   12   -0.0053147676
7   14   5   8   0.0132109829
7   14   5   11   -0.0053147676
7   14   5   12   0.0293345950
7   14   6   13   0.0204632920
7   14   7   9   0.0764077526
7   14   7   10   -0.0031293159
7   14   7   14   0.4779795096

End ABCD Block
Begin AIJB Block
1   6   1   8   0.0100687449
1   6   1   9   0.0000000000
1   6   1   10   0.0000000000
1   6   1   11   -0.0110747626
1   6   1   12   -0.0041066494
1   6   1   14   -0.0000000000
1   6   2   8   -0.0006917943
1   6   2   11   0.0025578564
1   6   2   12   0.0090187401
1   6   3   9   -0.0023797838
1   6   3   10   0.0020787401
1   6   3   14   -0.0049202335
1   6   4   8   0.0008978492
1   6   4   11   -0.0016863267
1   6   4   12   -0.0037604993
1   6   5   13   0.0086608587
1   7   1   8   -0.0006917943
1   7   1   11   0.0016493015
1   7   1   12   0.0049917981
1   7   2   8   0.0356867674
1   7   2   11   -0.0344199408
1   7   2   12   -0.0084159746
1   7   3   9   0.0105927427
1   7   3   10   -0.0102855818
1   7   3   14   0.0174158153
1   7   4   8   -0.0198275941
1   7   4   11   0.0212746981
1   7   4   12   0.0091604943
1   7   5   13   -0.0172253862
1   8   1   9   0.0012534587
1   8   1   10   -0.0030232519
1   8   1   14   0.0015150816
1   8   2   9   0.0319195741
1   8   2   10   -0.0160483931
1   8   2   14   0.0438746367
1   8   3   8   0.0189360660
1   8   3   11   -0.0242877946
1   8   3   12   0.0017625837
1   8   4   9   -0.0212430906
1   8   4   10   0.0191318861
1   8   4   14   -0.0191694170
1   9   1   8   0.0008978492
1   9   1   11   0.0001239922
1   9   1   12   0.0061293527
1   9   2   8   -0.0198275941
1   9   2   11   0.0262000049
1   9   2   12   0.0369316862
1   9   3   9   -0.0080364932
1   9   3   10   0.0123792860
1   9   3   14   -0.0006908638
1   9   4   8   0.0198440036
1   9   4   11   -0.0203747501
1   9   4   12   -0.0226864914
1   9   5   13   -0.0009654580
1   10   1   13   -0.0040939564
1   10   2   13   -0.0536507785
1   10   4   13   0.0250948012
1   10   5   8   0.0112351009
1   10   5   11   -0.0103938624
1   10   5   12   0.0013879185
2   6   1   8   0.0000000000
2   6   1   9   0.0060816841
2   6   1   10   -0.0058313336
2   6   1   11   0.0000000000
2   6   1   14   0.0132417690
2   6   2   9   -0.0052443415
2   6   2   10   0.0049886327
2   6   2   14   -0.0105472034
2   6   3   8   0.0012534587
2   6   3   11   -0.0014633034
2   6   3   12   0.0005978883
2   6   4   9   -0.0020983700
2   6   4   10   0.0023364249
2   6   4   14   -0.0040576615
2   7   1   9   -0.0052443415
2   7   1   10   0.0040561482
2   7   1   14   -0.0071604381
2   7   2   9   0.0184192581
2   7   2   10   -0.0153574871
2   7   2   14   0.0180810843
2   7   3   8   0.0319195741
2   7   3   11   -0.0244074837
2   7   3   12   -0.0022217165
2   7   4   9   0.0041869239
2   7   4   10   -0.0042207672
2   7   4   14   -0.0005416919
2   8   1   8   -0.0023797838
2   8   1   11   -0.0002591014
2   8   1   12   0.0006522345
2   8   2   8   0.0105927427
2   8   2   11   -0.0019852677
2   8   2   12   -0.0061002098
2   8   3   9   0.0495465209
2   8   3   10   -0.0404105952
2   8   3   14   0.0498738448
2   8   4   8   -0.0080364932
2   8   4   11   0.0163212135
2   8   4   12   0.0012382019
2   8   5   13   -0.0064781058
2   9   1   9   -0.0020983700
2   9   1   10   0.0046701365
2   9   1   14   -0.0008985511
2   9   2   9   0.0041869239
2   9   2   10   -0.0127670641
2   9   2   14   -0.0024026751
2   9   3   8   -0.0212430906
2   9   3   11   0.0270236573
2   9   3   12   0.0490507249
2   9   4   9   0.0123992177
2   9   4   10   -0.0212268532
2   9   4   14   0.0023756116
2   10   3   13   -0.0587311647
2   10   5   9   0.0060591674
2   10   5   10   -0.0059869656
2   10   5   14   0.0051377036
3   6   1   8   0.0000000000
3   6   1   9   -0.0058313336
3   6   1   10   0.0056399730
3   6   1   14   -0.0126712594
3   6   2   9   0.0040561482
3   6   2   10   -0.0041540228
3   6   2   14   0.0080419270
3   6   3   8   -0.0030232519
3   6   3   11   0.0043504339
3   6   3   12   0.0051555653
3   6   4   9   0.0046701365
3   6   4   10   -0.0047511517
3   6   4   14   0.0091475710
3   7   1   9   0.0049886327
3   7   1   10   -0.0041540228
3   7   1   14   0.0066186628
3   7   2   9   -0.0153574871
3   7   2   10   0.0391277777
3   7   2   14   -0.0059788082
3   7   3   8   -0.0160483931
3   7   3   11   0.0310653193
3   7   3   12   -0.0058486821
3   7   4   9   -0.0127670641
3   7   4   10   -0.0070358707
3   7   4   14   -0.0059115556
3   8   1   8   0.0020787401
3   8   1   11   0.0004285658
3   8   1   12   -0.0001381566
3   8   2   8   -0.0102855818
3   8   2   11   0.0280804420
3   8   2   12   -0.0042396709
3   8   3   9   -0.0404105952
3   8   3   10   0.0870500783
3   8   3   14   -0.0261840671
3   8   4   8   0.0123792860
3   8   4   11   -0.0478072888
3   8   4   12   0.0102132989
3   8   5   13   0.0045819839
3   9   1   9   0.0023364249
3   9   1   10   -0.0047511517
3   9   1   14   0.0013083925
3   9   2   9   -0.0042207672
3   9   2   10   -0.0070358707
3   9   2   14   -0.0005929383
3   9   3   8   0.0191318861
3   9   3   11   -0.0374113668
3   9   3   12   -0.0395056361
3   9   4   9   -0.0212268532
3   9   4   10   0.0573591304
3   9   4   14   0.0047992630
3   10   3   13   0.0418428285
3   10   5   9   -0.0059869656
3   10   5   10   0.0097053711
3   10   5   14   -0.0015527115
4   6   1   8   -0.0110747626
4   6   1   9   0.0000000000
4   6   1   11   0.0134545089
4   6   1   12   0.0107266030
4   6   2   8   0.0016493015
4   6   2   11   -0.0042339995
4   6   2   12   -0.0115133011
4   6   3   9   -0.0002591014
4   6   3   10   0.0004285658
4   6   3   14   -0.0002948355
4   6   4   8   0.0001239922
4   6   4   11   0.0004857740
4   6   4   12   0.0028793256
4   6   5   13   -0.0122266138
4   7   1   8   0.0025578564
4   7   1   11   -0.0042339995
4   7   1   12   -0.0076675985
4   7   2   8   -0.0344199408
4   7   2   11   0.0532740171
4   7   2   12   0.0039426420
4   7   3   9   -0.0019852677
4   7   3   10   0.0280804420
4   7   3   14   -0.0093195010
4   7   4   8   0.0262000049
4   7   4   11   -0.0375453816
4   7   4   12   0.0025384584
4   7   5   13   0.0157209987
4   8   1   9   -0.0014633034
4   8   1   10   0.0043504339
4   8   1   14   -0.0009443079
4   8   2   9   -0.0244074837
4   8   2   10   0.0310653193
4   8   2   14   -0.0377259351
4   8   3   8   -0.0242877946
4   8   3   11   0.0725304761
4   8   3   12   -0.0194171794
4   8   4   9   0.0270236573
4   8   4   10   -0.0374113668
4   8   4   14   0.0330789593
4   9   1   8   -0.0016863267
4   9   1   11   0.0004857740
4   9   1   12   -0.0077437185
4   9   2   8   0.0212746981
4   9   2   11   -0.0375453816
4   9   2   12   -0.0226299670
4   9   3   9   0.0163212135
4   9   3   10   -0.0478072888
4   9   3   14   0.0011280492
4   9   4   8   -0.0203747501
4   9   4   11   0.0386730177
4   9   4   12   0.0365743331
4   9   5   13   -0.0007908436
4   10   1   13   0.0032448799
4   10   2   13   0.0452466120
4   10   4   13   -0.0407102923
4   10   5   8   -0.0103938624
4   10   5   11   0.0216198649
4   10   5   12   -0.0052603355
5   6   1   8   -0.0041066494
5   6   1   11   0.0107266030
5   6   1   12   0.0333216848
5   6   2   8   0.0049917981
5   6   2   11   -0.0076675985
5   6   2   12   -0.0134755926
5   6   3   9   0.0006522345
5   6   3   10   -0.0001381566
5   6   3   14   0.0013712692
5   6   4   8   0.0061293527
5   6   4   11   -0.0077437185
5   6   4   12   -0.0072971077
5   6   5   13   0.0077580633
5   7   1   8   0.0090187401
5   7   1   11   -0.0115133011
5   7   1   12   -0.0134755926
5   7   2   8   -0.0084159746
5   7   2   11   0.0039426420
5   7   2   12   0.0344579620
5   7   3   9   -0.0061002098
5   7   3   10   -0.0042396709
5   7   3   14   -0.0009337485
5   7   4   8   0.0369316862
5   7   4   11   -0.0226299670
5   7   4   12   0.0114708664
5   7   5   13   -0.0071406477
5   8   1   9   0.0005978883
5   8   1   10   0.0051555653
5   8   1   14   0.0051455345
5   8   2   9   -0.0022217165
5   8   2   10   -0.0058486821
5   8   2   14   0.0023573596
5   8   3   8   0.0017625837
5   8   3   11   -0.0194171794
5   8   3   12   0.0247250830
5   8   4   9   0.0490507249
5   8   4   10   -0.0395056361
5   8   4   14   0.0616887677
5   9   1   8   -0.0037604993
5   9   1   11   0.0028793256
5   9   1   12   -0.0072971077
5   9   2   8   0.0091604943
5   9   2   11   0.0025384584
5   9   2   12   0.0114708664
5   9   3   9   0.0012382019
5   9   3   10   0.0102132989
5   9   3   14   0.0121958051
5   9   4   8   -0.0226864914
5   9   4   11   0.0365743331
5   9   4   12   0.1108177706
5   9   5   13   -0.0167353444
5   10   1   13   -0.0025414380
5   10   2   13   -0.0072036679
5   10   4   13   -0.0964099253
5   10   5   8   0.0013879185
5   10   5   11   -0.0052603355
5   10   5   12   0.0191043173
6   6   1   13   0.0487170146
6   6   2   13   -0.0222070760
6   6   4   13   -0.0080818807
6   6   5   8   -0.0040939564
6   6   5   11   0.0032448799
6   6   5   12   -0.0025414380
6   7   1   13   -0.0222070760
6   7   2   13   0.0381113502
6   7   4   13   0.0095972181
6   7   5   8   -0.0536507785
6   7   5   11   0.0452466120
6   7   5   12   -0.0072036679
6   8   3   13   0.0135990039
6   8   5   9   -0.0587311647
6   8   5   10   0.0418428285
6   8   5   14   -0.0818074693
6   9   1   13   -0.0080818807
6   9   2   13   0.0095972181
6   9   4   13   0.0189110166
6   9   5   8   0.0250948012
6   9   5   11   -0.0407102923
6   9   5   12   -0.0964099253
6   10   1   8   0.0086608587
6   10   1   11   -0.0122266138
6   10   1   12   0.0077580633
6   10   2   8   -0.0172253862
6   10   2   11   0.0157209987
6   10   2   12   -0.0071406477
6   10   3   9   -0.0064781058
6   10   3   10   0.0045819839
6   10   3   14   -0.0121253826
6   10   4   8   -0.0009654580
6   10   4   11   -0.0007908436
6   10   4   12   -0.0167353444
6   10   5   13   0.1543804853
7   6   1   8   -0.0000000000
7   6   1   9   0.0132417690
7   6   1   10   -0.0126712594
7   6   1   14   0.0289816371
7   6   2   9   -0.0071604381
7   6   2   10   0.0066186628
7   6   2   14   -0.0147252841
7   6   3   8   0.0015150816
7   6   3   11   -0.0009443079
7   6   3   12   0.0051455345
7   6   4   9   -0.0008985511
7   6   4   10   0.0013083925
7   6   4   14   -0.0017814490
7   7   1   9   -0.0105472034
7   7   1   10   0.0080419270
7   7   1   14   -0.0147252841
7   7   2   9   0.0180810843
7   7   2   10   -0.0059788082
7   7   2   14   0.0343801154
7   7   3   8   0.0438746367
7   7   3   11   -0.0377259351
7   7   3   12   0.0023573596
7   7   4   9   -0.0024026751
7   7   4   10   -0.0005929383
7   7   4   14   0.0027432197
7   8   1   8   -0.0049202335
7   8   1   11   -0.0002948355
7   8   1   12   0.0013712692
7   8   2   8   0.0174158153
7   8   2   11   -0.0093195010
7   8   2   12   -0.0009337485
7   8   3   9   0.0498738448
7   8   3   10   -0.0261840671
7   8   3   14   0.0825919683
7   8   4   8   -0.0006908638
7   8   4   11   0.0011280492
7   8   4   12   0.0121958051
7   8   5   13   -0.0121253826
7   9   1   9   -0.0040576615
7   9   1   10   0.0091475710
7   9   1   14   -0.0017814490
7   9   2   9   -0.0005416919
7   9   2   10   -0.0059115556
7   9   2   14   0.0027432197
7   9   3   8   -0.0191694170
7   9   3   11   0.0330789593
7   9   3   12   0.0616887677
7   9   4   9   0.0023756116
7   9   4   10   0.0047992630
7   9   4   14   0.0164601770
7   10   3   13   -0.0818074693
7   10   5   9   0.0051377036
7   10   5   10   -0.0015527115
7   10   5   14   0.0129861413

1   6   6   1   -0.4093349242
1   6   6   4   0.1717390205
1   6   6   5   0.0888773368
1   6   7   1   -0.0019078825
1   6   7   4   0.0023501983
1   6   7   5   0.0011327884
1   6   8   2   0.0048745440
1   6   8   3   -0.0017223946
1   6   8   7   0.0066814705
1   6   9   1   -0.0065268605
1   6   9   4   0.0068912172
1   6   9   5   0.0060792351
1   6   10   6   -0.0089587030
1   7   6   1   -0.0019078825
1   7   6   4   0.0023137988
1   7   6   5   0.0011494336
1   7   7   1   -0.3671861045
1   7   7   4   0.1132340603
1   7   7   5   0.0489332553
1   7   8   2   -0.0507351277
1   7   8   3   0.0102407978
1   7   8   7   -0.0429624754
1   7   9   1   0.0295898761
1   7   9   4   -0.0207481730
1   7   9   5   -0.0294698722
1   7   10   6   0.0410857547
1   8   6   2   0.0048648634
1   8   6   3   -0.0017740334
1   8   6   7   0.0066681060
1   8   7   2   -0.0505752368
1   8   7   3   0.0101957830
1   8   7   7   -0.0428308930
1   8   8   1   -0.3567546177
1   8   8   4   0.1025558038
1   8   8   5   0.0365753696
1   8   9   2   0.0166861014
1   8   9   3   -0.0091857179
1   8   9   7   0.0036412456
1   9   6   1   -0.0065268605
1   9   6   4   0.0069058724
1   9   6   5   0.0060706645
1   9   7   1   0.0295898761
1   9   7   4   -0.0206659778
1   9   7   5   -0.0292837991
1   9   8   2   0.0168737038
1   9   8   3   -0.0093085625
1   9   8   7   0.0037867233
1   9   9   1   -0.3403482470
1   9   9   4   0.0891370305
1   9   9   5   0.0291864452
1   9   10   6   0.0056378711
1   10   6   6   -0.0090012796
1   10   7   6   0.0407766626
1   10   9   6   0.0058909347
1   10   10   1   -0.3470573584
1   10   10   4   0.0953880691
1   10   10   5   0.0341489739
2   6   6   2   -0.3987379855
2   6   6   3   0.1604218177
2   6   6   7   -0.2198067998
2   6   7   2   -0.0020999598
2   6   7   3   0.0024291776
2   6   7   7   -0.0047068446
2   6   8   1   0.0048648634
2   6   8   4   -0.0019038428
2   6   8   5   0.0004184830
2   6   9   2   -0.0017631879
2   6   9   3   -0.0006547025
2   6   9   7   -0.0026584683
2   7   6   2   -0.0020999598
2   7   6   3   0.0024107577
2   7   6   7   -0.0047031536
2   7   7   2   -0.3461812345
2   7   7   3   0.1009306961
2   7   7   7   -0.1116207228
2   7   8   1   -0.0505752368
2   7   8   4   0.0165807568
2   7   8   5   0.0057726011
2   7   9   2   0.0099209159
2   7   9   3   0.0083495333
2   7   9   7   -0.0012445233
2   8   6   1   0.0048745440
2   8   6   4   -0.0019412690
2   8   6   5   0.0004714553
2   8   7   1   -0.0507351277
2   8   7   4   0.0166982262
2   8   7   5   0.0057959997
2   8   8   2   -0.3484742168
2   8   8   3   0.0965341764
2   8   8   7   -0.1031040689
2   8   9   1   0.0168737038
2   8   9   4   -0.0110738824
2   8   9   5   -0.0088303189
2   8   10   6   0.0096188532
2   9   6   2   -0.0017631879
2   9   6   3   -0.0006336899
2   9   6   7   -0.0026693715
2   9   7   2   0.0099209159
2   9   7   3   0.0081689111
2   9   7   7   -0.0013549814
2   9   8   1   0.0166861014
2   9   8   4   -0.0109065248
2   9   8   5   -0.0085341196
2   9   9   2   -0.3269787017
2   9   9   3   0.0982160256
2   9   9   7   -0.0940247742
2   10   8   6   0.0092476728
2   10   10   2   -0.3290447122
2   10   10   3   0.0931997517
2   10   10   7   -0.1024165455
3   6   6   2   0.1604218177
3   6   6   3   -0.5600921341
3   6   6   7   0.1213644844
3   6   7   2   0.0024107577
3   6   7   3   -0.0020335817
3   6   7   7   0.0046125677
3   6   8   1   -0.0017740334
3   6   8   4   0.0044629135
3   6   8   5   -0.0019200102
3   6   9   2   -0.0006336899
3   6   9   3   -0.0014057750
3   6   9   7   0.0015404219
3   7   6   2   0.0024291776
3   7   6   3   -0.0020335817
3   7   6   7   0.0046485183
3   7   7   2   0.1009306961
3   7   7   3   -0.5121076441
3   7   7   7   0.0283906074
3   7   8   1   0.0101957830
3   7   8   4   -0.0818855873
3   7   8   5   -0.0007892551
3   7   9   2   0.0081689111
3   7   9   3   0.0259185824
3   7   9   7   -0.0087564913
3   8   6   1   -0.0017223946
3   8   6   4   0.0044181820
3   8   6   5   -0.0020029590
3   8   7   1   0.0102407978
3   8   7   4   -0.0818070513
3   8   7   5   -0.0009035065
3   8   8   2   0.0965341764
3   8   8   3   -0.5196258917
3   8   8   7   0.0278986264
3   8   9   1   -0.0093085625
3   8   9   4   0.0440655901
3   8   9   5   0.0041181070
3   8   10   6   -0.0048127521
3   9   6   2   -0.0006547025
3   9   6   3   -0.0014057750
3   9   6   7   0.0015248421
3   9   7   2   0.0083495333
3   9   7   3   0.0259185824
3   9   7   7   -0.0085355369
3   9   8   1   -0.0091857179
3   9   8   4   0.0442763472
3   9   8   5   0.0036151637
3   9   9   2   0.0982160256
3   9   9   3   -0.4835091320
3   9   9   7   0.0146394687
3   10   8   6   -0.0044384821
3   10   10   2   0.0931997517
3   10   10   3   -0.4642526622
3   10   10   7   0.0223066831
4   6   6   1   0.1717390205
4   6   6   4   -0.5883781998
4   6   6   5   -0.1329051993
4   6   7   1   0.0023137988
4   6   7   4   -0.0025558640
4   6   7   5   -0.0042305164
4   6   8   2   -0.0019412690
4   6   8   3   0.0044181820
4   6   8   7   -0.0050321982
4   6   9   1   0.0069058724
4   6   9   4   -0.0115803127
4   6   9   5   -0.0026705695
4   6   10   6   0.0075414852
4   7   6   1   0.0023501983
4   7   6   4   -0.0025558640
4   7   6   5   -0.0042570782
4   7   7   1   0.1132340603
4   7   7   4   -0.5237923944
4   7   7   5   -0.0282845858
4   7   8   2   0.0166982262
4   7   8   3   -0.0818070513
4   7   8   7   0.0423414121
4   7   9   1   -0.0206659778
4   7   9   4   0.0642703723
4   7   9   5   -0.0122397984
4   7   10   6   -0.0174371627
4   8   6   2   -0.0019038428
4   8   6   3   0.0044629135
4   8   6   7   -0.0049645977
4   8   7   2   0.0165807568
4   8   7   3   -0.0818855873
4   8   7   7   0.0422581717
4   8   8   1   0.1025558038
4   8   8   4   -0.5233564601
4   8   8   5   -0.0061155199
4   8   9   2   -0.0109065248
4   8   9   3   0.0442763472
4   8   9   7   -0.0151452822
4   9   6   1   0.0068912172
4   9   6   4   -0.0115803127
4   9   6   5   -0.0026412202
4   9   7   1   -0.0207481730
4   9   7   4   0.0642703723
4   9   7   5   -0.0122795689
4   9   8   2   -0.0110738824
4   9   8   3   0.0440655901
4   9   8   7   -0.0154603834
4   9   9   1   0.0891370305
4   9   9   4   -0.4629980109
4   9   9   5   -0.0403763285
4   9   10   6   0.0034563043
4   10   6   6   0.0075620474
4   10   7   6   -0.0174365871
4   10   9   6   0.0030046883
4   10   10   1   0.0953880691
4   10   10   4   -0.4683665703
4   10   10   5   -0.0312352649
5   6   6   1   0.0888773368
5   6   6   4   -0.1329051993
5   6   6   5   -0.8283494617
5   6   7   1   0.0011494336
5   6   7   4   -0.0042570782
5   6   7   5   -0.0131230367
5   6   8   2   0.0004714553
5   6   8   3   -0.0020029590
5   6   8   7   0.0027452967
5   6   9   1   0.0060706645
5   6   9   4   -0.0026412202
5   6   9   5   0.0026974042
5   6   10   6   -0.0052909389
5   7   6   1   0.0011327884
5   7   6   4   -0.0042305164
5   7   6   5   -0.0131230367
5   7   7   1   0.0489332553
5   7   7   4   -0.0282845858
5   7   7   5   -0.5713036930
5   7   8   2   0.0057959997
5   7   8   3   -0.0009035065
5   7   8   7   -0.0207221757
5   7   9   1   -0.0292837991
5   7   9   4   -0.0122795689
5   7   9   5   -0.0291679355
5   7   10   6   0.0087950531
5   8   6   2   0.0004184830
5   8   6   3   -0.0019200102
5   8   6   7   0.0026773799
5   8   7   2   0.0057726011
5   8   7   3   -0.0007892551
5   8   7   7   -0.0207726915
5   8   8   1   0.0365753696
5   8   8   4   -0.0061155199
5   8   8   5   -0.5237210904
5   8   9   2   -0.0085341196
5   8   9   3   0.0036151637
5   8   9   7   -0.0155625722
5   9   6   1   0.0060792351
5   9   6   4   -0.0026705695
5   9   6   5   0.0026974042
5   9   7   1   -0.0294698722
5   9   7   4   -0.0122397984
5   9   7   5   -0.0291679355
5   9   8   2   -0.0088303189
5   9   8   3   0.0041181070
5   9   8   7   -0.0154844826
5   9   9   1   0.0291864452
5   9   9   4   -0.0403763285
5   9   9   5   -0.5883256674
5   9   10   6   0.0257968712
5   10   6   6   -0.0052443720
5   10   7   6   0.0089297350
5   10   9   6   0.0256709355
5   10   10   1   0.0341489739
5   10   10   4   -0.0312352649
5   10   10   5   -0.5541733355
6   6   6   6   -0.9975360356
6   6   7   6   -0.0181854398
6   6   9   6   -0.0054773782
6   6   10   1   -0.0090012796
6   6   10   4   0.0075620474
6   6   10   5   -0.0052443720
6   7   6   6   -0.0181854398
6   7   7   6   -0.6192687482
6   7   9   6   -0.0339346409
6   7   10   1   0.0407766626
6   7   10   4   -0.0174365871
6   7   10   5   0.0089297350
6   8   8   6   -0.5489473061
6   8   10   2   0.0092476728
6   8   10   3   -0.0044384821
6   8   10   7   0.0202665309
6   9   6   6   -0.0054773782
6   9   7   6   -0.0339346409
6   9   9   6   -0.5868677897
6   9   10   1   0.0058909347
6   9   10   4   0.0030046883
6   9   10   5   0.0256709355
6   10   6   1   -0.0089587030
6   10   6   4   0.0075414852
6   10   6   5   -0.0052909389
6   10   7   1   0.0410857547
6   10   7   4   -0.0174371627
6   10   7   5   0.0087950531
6   10   8   2   0.0096188532
6   10   8   3   -0.0048127521
6   10   8   7   0.0204007944
6   10   9   1   0.0056378711
6   10   9   4   0.0034563043
6   10   9   5   0.0257968712
6   10   10   6   -0.6585158802
7   6   6   2   -0.2198067998
7   6   6   3   0.1213644844
7   6   6   7   -0.7762070391
7   6   7   2   -0.0047031536
7   6   7   3   0.0046485183
7   6   7   7   -0.0105709863
7   6   8   1   0.0066681060
7   6   8   4   -0.0049645977
7   6   8   5   0.0026773799
7   6   9   2   -0.0026693715
7   6   9   3   0.0015248421
7   6   9   7   -0.0038780399
7   7   6   2   -0.0047068446
7   7   6   3   0.0046125677
7   7   6   7   -0.0105709863
7   7   7   2   -0.1116207228
7   7   7   3   0.0283906074
7   7   7   7   -0.5432798606
7   7   8   1   -0.0428308930
7   7   8   4   0.0422581717
7   7   8   5   -0.0207726915
7   7   9   2   -0.0013549814
7   7   9   3   -0.0085355369
7   7   9   7   -0.0272691359
7   8   6   1   0.0066814705
7   8   6   4   -0.0050321982
7   8   6   5   0.0027452967
7   8   7   1   -0.0429624754
7   8   7   4   0.0423414121
7   8   7   5   -0.0207221757
7   8   8   2   -0.1031040689
7   8   8   3   0.0278986264
7   8   8   7   -0.5256803678
7   8   9   1   0.0037867233
7   8   9   4   -0.0154603834
7   8   9   5   -0.0154844826
7   8   10   6   0.0204007944
7   9   6   2   -0.0026584683
7   9   6   3   0.0015404219
7   9   6   7   -0.0038780399
7   9   7   2   -0.0012445233
7   9   7   3   -0.0087564913
7   9   7   7   -0.0272691359
7   9   8   1   0.0036412456
7   9   8   4   -0.0151452822
7   9   8   5   -0.0155625722
7   9   9   2   -0.0940247742
7   9   9   3   0.0146394687
7   9   9   7   -0.5198587232
7   10   8   6   0.0202665309
7   10   10   2   -0.1024165455
7   10   10   3   0.0223066831
7   10   10   7   -0.5241168704

End AIJB Block
Begin IJKA Block
1   6   1   8   -0.1452073537
1   6   1   11   0.1308721681
1   6   1   12   -0.0928924620
1   6   2   8   -0.0230970903
1   6   2   11   0.0216432304
1   6   2   12   -0.0098390077
1   6   3   9   -0.0108481853
1   6   3   10   0.0104187334
1   6   3   14   -0.0236824761
1   6   4   8   0.0006841050
1   6   4   11   -0.0068220650
1   6   4   12   -0.0310463856
1   6   5   13   0.0381106116
1   7   1   8   -0.2038694728
1   7   1   11   0.1682851243
1   7   1   12   -0.0273156594
1   7   2   8   -0.0044428082
1   7   2   11   0.0037552021
1   7   2   12   -0.0041813435
1   7   3   9   0.0096649871
1   7   3   10   -0.0072686924
1   7   3   14   0.0131430978
1   7   4   8   -0.0094792505
1   7   4   11   0.0118512022
1   7   4   12   0.0125903176
1   7   5   13   -0.0190278395
1   8   1   9   -0.2364983931
1   8   1   10   0.1615161842
1   8   1   14   -0.3260340605
1   8   2   9   -0.0039045520
1   8   2   10   0.0046522387
1   8   2   14   -0.0079058791
1   8   3   8   0.0043618964
1   8   3   11   0.0006224858
1   8   3   12   -0.0014707306
1   8   4   9   -0.0008546774
1   8   4   10   -0.0049493633
1   8   4   14   -0.0059020288
1   9   1   8   0.1042875728
1   9   1   11   -0.1627211065
1   9   1   12   -0.3888620918
1   9   2   8   0.0004321209
1   9   2   11   -0.0027298738
1   9   2   12   -0.0120502134
1   9   3   9   0.0037788375
1   9   3   10   -0.0085727876
1   9   3   14   0.0014512485
1   9   4   8   0.0037973093
1   9   4   11   -0.0032436594
1   9   4   12   0.0055129006
1   9   5   13   -0.0068635445
1   10   1   13   0.4912421617
1   10   2   13   0.0136287927
1   10   4   13   0.0042582513
1   10   5   8   0.0075551708
1   10   5   11   -0.0106620411
1   10   5   12   0.0066597649
2   6   1   8   -0.0235148317
2   6   1   11   0.0220169825
2   6   1   12   -0.0101028248
2   6   2   8   -0.0018751637
2   6   2   11   -0.0007132223
2   6   2   12   -0.0131378129
2   6   3   9   0.0128647032
2   6   3   10   -0.0119678889
2   6   3   14   0.0255083340
2   6   4   8   -0.0093310470
2   6   4   11   0.0143081515
2   6   4   12   0.0240242431
2   6   5   13   -0.0346168208
2   7   1   8   -0.0044159655
2   7   1   11   0.0035603668
2   7   1   12   -0.0039455102
2   7   2   8   -0.1064378027
2   7   2   11   0.0691027942
2   7   2   12   0.0046048868
2   7   3   9   -0.0381808373
2   7   3   10   0.0033213491
2   7   3   14   -0.0356914254
2   7   4   8   0.0154902330
2   7   4   11   -0.0148277338
2   7   4   12   -0.0280316004
2   7   5   13   0.0387150409
2   8   1   9   -0.0039585116
2   8   1   10   0.0044559299
2   8   1   14   -0.0079695621
2   8   2   9   -0.1232914443
2   8   2   10   0.0350358861
2   8   2   14   -0.1343456978
2   8   3   8   0.0007872337
2   8   3   11   -0.0564969206
2   8   3   12   0.0334466186
2   8   4   9   -0.0224611459
2   8   4   10   0.0678575821
2   8   4   14   0.0047062786
2   9   1   8   0.0004694271
2   9   1   11   -0.0027226275
2   9   1   12   -0.0120055310
2   9   2   8   0.0580658748
2   9   2   11   -0.0654383057
2   9   2   12   -0.1427778127
2   9   3   9   -0.0230962248
2   9   3   10   0.0725074472
2   9   3   14   0.0115059179
2   9   4   8   0.0034659194
2   9   4   11   -0.0086145185
2   9   4   12   -0.0426666841
2   9   5   13   0.0145270744
2   10   1   13   0.0137073342
2   10   2   13   0.1845136472
2   10   4   13   0.0240591934
2   10   5   8   -0.0203156232
2   10   5   11   0.0426074447
2   10   5   12   -0.0244131197
3   6   1   9   -0.0111957477
3   6   1   10   0.0109800468
3   6   1   14   -0.0239823016
3   6   2   9   0.0125699864
3   6   2   10   -0.0118086217
3   6   2   14   0.0252717164
3   6   3   8   -0.0004190571
3   6   3   11   -0.0000764430
3   6   3   12   -0.0065452837
3   6   4   9   0.0019008566
3   6   4   10   -0.0026245603
3   6   4   14   0.0036048489
3   7   1   9   0.0090472653
3   7   1   10   -0.0070977912
3   7   1   14   0.0123489303
3   7   2   9   -0.0371174527
3   7   2   10   0.0029207082
3   7   2   14   -0.0343550796
3   7   3   8   -0.0764786449
3   7   3   11   0.0229547833
3   7   3   12   0.0133868237
3   7   4   9   -0.0079708874
3   7   4   10   0.0333301363
3   7   4   14   0.0037425111
3   8   1   8   0.0041761943
3   8   1   11   0.0004624826
3   8   1   12   -0.0012456959
3   8   2   8   0.0005384878
3   8   2   11   -0.0565804228
3   8   2   12   0.0327238291
3   8   3   9   -0.1039811059
3   8   3   10   0.0139641552
3   8   3   14   -0.1059461414
3   8   4   8   -0.0055856730
3   8   4   11   0.0228298316
3   8   4   12   -0.0129597865
3   8   5   13   0.0059119265
3   9   1   9   0.0035339846
3   9   1   10   -0.0080689459
3   9   1   14   0.0013166483
3   9   2   9   -0.0227918497
3   9   2   10   0.0716130011
3   9   2   14   0.0111218668
3   9   3   8   0.0369146346
3   9   3   11   -0.0300137416
3   9   3   12   -0.1142594428
3   9   4   9   -0.0060057122
3   9   4   10   -0.0056943077
3   9   4   14   -0.0063700792
3   10   3   13   0.1383036578
3   10   5   9   -0.0101524606
3   10   5   10   0.0114336493
3   10   5   14   -0.0055326965
4   6   1   8   0.0006771289
4   6   1   11   -0.0071141752
4   6   1   12   -0.0315180190
4   6   2   8   -0.0091379086
4   6   2   11   0.0141211550
4   6   2   12   0.0236862526
4   6   3   9   0.0020293404
4   6   3   10   -0.0026367660
4   6   3   14   0.0036601812
4   6   4   8   -0.0071287062
4   6   4   11   0.0096359114
4   6   4   12   0.0116183904
4   6   5   13   -0.0111256783
4   7   1   8   -0.0090901905
4   7   1   11   0.0114613160
4   7   1   12   0.0117238353
4   7   2   8   0.0146843532
4   7   2   11   -0.0141372391
4   7   2   12   -0.0272005743
4   7   3   9   -0.0080797609
4   7   3   10   0.0334465516
4   7   3   14   0.0033911602
4   7   4   8   -0.0753372813
4   7   4   11   0.0443583050
4   7   4   12   -0.0274239413
4   7   5   13   0.0120952421
4   8   1   9   -0.0009277549
4   8   1   10   -0.0045364209
4   8   1   14   -0.0058964507
4   8   2   9   -0.0222564674
4   8   2   10   0.0664247009
4   8   2   14   0.0037849050
4   8   3   8   -0.0051241877
4   8   3   11   0.0225266402
4   8   3   12   -0.0125982011
4   8   4   9   -0.1104314420
4   8   4   10   0.0551865610
4   8   4   14   -0.1064600909
4   9   1   8   0.0037472043
4   9   1   11   -0.0033477568
4   9   1   12   0.0048974760
4   9   2   8   0.0029585612
4   9   2   11   -0.0085443252
4   9   2   12   -0.0423494306
4   9   3   9   -0.0056607256
4   9   3   10   -0.0065728144
4   9   3   14   -0.0061887172
4   9   4   8   0.0558638326
4   9   4   11   -0.0683900421
4   9   4   12   -0.1566951902
4   9   5   13   0.0130728958
4   10   1   13   0.0045220155
4   10   2   13   0.0239103063
4   10   4   13   0.1649798773
4   10   5   8   0.0008751054
4   10   5   11   0.0022597308
4   10   5   12   -0.0139110687
5   6   1   13   0.0385209561
5   6   2   13   -0.0340661412
5   6   4   13   -0.0109701298
5   6   5   8   -0.0026397832
5   6   5   11   0.0016513379
5   6   5   12   -0.0025905752
5   7   1   13   -0.0177635967
5   7   2   13   0.0376638800
5   7   4   13   0.0123150123
5   7   5   8   -0.0957464274
5   7   5   11   0.0772743189
5   7   5   12   -0.0164815853
5   8   3   13   0.0055689848
5   8   5   9   -0.1178935498
5   8   5   10   0.0635574226
5   8   5   14   -0.1189008710
5   9   1   13   -0.0062995035
5   9   2   13   0.0143753170
5   9   4   13   0.0127262382
5   9   5   8   0.0528990361
5   9   5   11   -0.0635671575
5   9   5   12   -0.1448729395
5   10   1   8   0.0071386144
5   10   1   11   -0.0102317162
5   10   1   12   0.0064123493
5   10   2   8   -0.0205745952
5   10   2   11   0.0415043733
5   10   2   12   -0.0236262917
5   10   3   9   -0.0100520804
5   10   3   10   0.0115296459
5   10   3   14   -0.0054450886
5   10   4   8   0.0005753103
5   10   4   11   0.0019714028
5   10   4   12   -0.0144118043
5   10   5   13   0.1987042166

End IJKA Block
Begin IABC Block
1   8   1   8   0.0009546447
1   8   1   11   -0.0008949146
1   8   1   12   -0.0011751998
1   8   2   9   0.0025586712
1   8   2   10   -0.0009284098
1   8   2   14   0.0035993230
1   8   3   9   -0.0023432525
1   8   3   10   0.0008118137
1   8   3   14   -0.0032624394
1   8   4   8   -0.0022429748
1   8   4   11   0.0022770132
1   8   4   12   0.0023855981
1   8   5   8   -0.0063034250
1   8   5   11   0.0066492917
1   8   5   12   0.0059124378
1   8   6   13   0.0103756916
1   8   7   9   0.0052546590
1   8   7   10   -0.0019425234
1   8   7   14   0.0073253407
1   9   1   9   -0.0003466128
1   9   1   10   0.0010839090
1   9   1   14   -0.0011087082
1   9   2   8   0.0025660900
1   9   2   11   -0.0010085571
1   9   2   12   0.0003005143
1   9   3   8   -0.0023524591
1   9   3   11   0.0007960769
1   9   3   12   -0.0005498964
1   9   4   9   0.0002183094
1   9   4   10   -0.0014483566
1   9   4   14   0.0009414735
1   9   5   9   -0.0015547127
1   9   5   10   -0.0008647980
1   9   5   14   -0.0022118470
1   9   7   8   0.0052678994
1   9   7   11   -0.0021285915
1   9   7   12   0.0005396973
1   10   1   9   0.0010713138
1   10   1   10   -0.0004066982
1   10   1   14   0.0014278196
1   10   2   8   -0.0009503937
1   10   2   11   0.0022627642
1   10   2   12   -0.0011317471
1   10   3   8   0.0008215987
1   10   3   11   -0.0018925265
1   10   3   12   0.0012854971
1   10   4   9   -0.0014334797
1   10   4   10   0.0004926368
1   10   4   14   -0.0014620192
1   10   5   9   -0.0008426875
1   10   5   10   -0.0011343927
1   10   5   14   0.0009666645
1   10   7   8   -0.0019740041
1   10   7   11   0.0046284472
1   10   7   12   -0.0022677630
1   11   1   8   -0.0009035427
1   11   1   11   0.0020148380
1   11   1   12   -0.0008930704
1   11   2   9   -0.0010175498
1   11   2   10   0.0022514660
1   11   2   14   -0.0026370577
1   11   3   9   0.0007993817
1   11   3   10   -0.0018931659
1   11   3   14   0.0022426067
1   11   4   8   0.0022774574
1   11   4   11   -0.0042283269
1   11   4   12   0.0004637332
1   11   5   8   0.0066578890
1   11   5   11   -0.0111627598
1   11   5   12   -0.0021584911
1   11   6   13   -0.0088827632
1   11   7   9   -0.0021383864
1   11   7   10   0.0046116296
1   11   7   14   -0.0054420952
1   12   1   8   -0.0011863696
1   12   1   11   -0.0008834686
1   12   1   12   -0.0057523143
1   12   2   9   0.0003104172
1   12   2   10   -0.0011454753
1   12   2   14   0.0015475734
1   12   3   9   -0.0005597474
1   12   3   10   0.0012961893
1   12   3   14   -0.0019795271
1   12   4   8   0.0024033387
1   12   4   11   0.0004404341
1   12   4   12   0.0069057802
1   12   5   8   0.0059201759
1   12   5   11   -0.0021738737
1   12   5   12   0.0047236056
1   12   6   13   0.0063221955
1   12   7   9   0.0005606965
1   12   7   10   -0.0022969394
1   12   7   14   0.0028919103
1   13   1   13   -0.0054482784
1   13   4   13   0.0044928677
1   13   5   13   -0.0030882920
1   13   6   8   0.0103972599
1   13   6   11   -0.0089214188
1   13   6   12   0.0063185680
1   14   1   9   -0.0011046312
1   14   1   10   0.0014347994
1   14   1   14   -0.0030239842
1   14   2   8   0.0036025258
1   14   2   11   -0.0026332506
1   14   2   12   0.0015377287
1   14   3   8   -0.0032680268
1   14   3   11   0.0022509296
1   14   3   12   -0.0019709140
1   14   4   9   0.0009411842
1   14   4   10   -0.0014628723
1   14   4   14   0.0030547648
1   14   5   9   -0.0022013459
1   14   5   10   0.0009437340
1   14   5   14   -0.0029712142
1   14   7   8   0.0073278555
1   14   7   11   -0.0054404267
1   14   7   12   0.0028776364
2   8   1   8   -0.0189224811
2   8   1   11   0.0228409026
2   8   1   12   0.0135239692
2   8   2   9   0.0012127200
2   8   2   10   0.0004421224
2   8   2   14   -0.0099980994
2   8   3   9   -0.0093944084
2   8   3   10   0.0103306165
2   8   3   14   0.0036576916
2   8   4   8   0.0102971241
2   8   4   11   -0.0097098248
2   8   4   12   -0.0135601186
2   8   5   8   0.0001680911
2   8   5   11   -0.0089982343
2   8   5   12   0.0041932387
2   8   6   13   -0.0055991955
2   8   7   9   0.0006877267
2   8   7   10   0.0060768075
2   8   7   14   -0.0044461512
2   9   1   9   -0.0138313735
2   9   1   10   0.0145859789
2   9   1   14   -0.0236523807
2   9   2   8   0.0011509496
2   9   2   11   0.0002961312
2   9   2   12   -0.0001259806
2   9   3   8   -0.0092926301
2   9   3   11   0.0091822431
2   9   3   12   0.0056156517
2   9   4   9   -0.0000398654
2   9   4   10   -0.0027423260
2   9   4   14   0.0135362930
2   9   5   9   -0.0023593404
2   9   5   10   0.0041980285
2   9   5   14   0.0016880034
2   9   7   8   0.0004560333
2   9   7   11   0.0026060335
2   9   7   12   0.0015136023
2   10   1   9   0.0145185084
2   10   1   10   -0.0295993489
2   10   1   14   0.0102262815
2   10   2   8   0.0004758173
2   10   2   11   0.0025468410
2   10   2   12   0.0037468283
2   10   3   8   0.0105605192
2   10   3   11   -0.0441634166
2   10   3   12   -0.0009569591
2   10   4   9   -0.0024579050
2   10   4   10   -0.0195399947
2   10   4   14   -0.0040406731
2   10   5   9   0.0045643337
2   10   5   10   0.0008184963
2   10   5   14   0.0083084607
2   10   7   8   0.0060510169
2   10   7   11   0.0005432105
2   10   7   12   0.0086127442
2   11   1   8   0.0227534104
2   11   1   11   -0.0396392636
2   11   1   12   -0.0149977452
2   11   2   9   0.0002741112
2   11   2   10   0.0026142310
2   11   2   14   0.0028479939
2   11   3   9   0.0095644414
2   11   3   10   -0.0444047081
2   11   3   14   0.0082820325
2   11   4   8   -0.0094398753
2   11   4   11   -0.0089615950
2   11   4   12   0.0229199283
2   11   5   8   -0.0090843048
2   11   5   11   0.0149952869
2   11   5   12   -0.0019567443
2   11   6   13   0.0161496308
2   11   7   9   0.0023135303
2   11   7   10   0.0004146658
2   11   7   14   0.0020106581
2   12   1   8   0.0132710941
2   12   1   11   -0.0149427445
2   12   1   12   -0.0539559565
2   12   2   9   -0.0002107150
2   12   2   10   0.0035664473
2   12   2   14   -0.0043649532
2   12   3   9   0.0056562056
2   12   3   10   -0.0004608090
2   12   3   14   0.0119716372
2   12   4   8   -0.0135678694
2   12   4   11   0.0230192412
2   12   4   12   0.0319926623
2   12   5   8   0.0038498265
2   12   5   11   -0.0016203679
2   12   5   12   -0.0154052296
2   12   6   13   -0.0084006959
2   12   7   9   0.0018460049
2   12   7   10   0.0079079315
2   12   7   14   0.0112414339
2   13   1   13   -0.0755950648
2   13   4   13   0.0628082430
2   13   5   13   -0.0134338378
2   13   6   8   -0.0058067954
2   13   6   11   0.0158540681
2   13   6   12   -0.0081614240
2   14   1   9   -0.0234098236
2   14   1   10   0.0101736026
2   14   1   14   -0.0523223497
2   14   2   8   -0.0100034840
2   14   2   11   0.0029400128
2   14   2   12   -0.0042849955
2   14   3   8   0.0036865029
2   14   3   11   0.0080206194
2   14   3   12   0.0118847361
2   14   4   9   0.0133995148
2   14   4   10   -0.0043487935
2   14   4   14   0.0258339826
2   14   5   9   0.0019864799
2   14   5   10   0.0075905071
2   14   5   14   0.0107813322
2   14   7   8   -0.0047444493
2   14   7   11   0.0027214816
2   14   7   12   0.0112295869
3   8   1   9   0.0239813909
3   8   1   10   0.0004407576
3   8   1   14   0.0025571935
3   8   2   8   -0.0128459879
3   8   2   11   0.0174088890
3   8   2   12   0.0052119730
3   8   3   8   -0.0153834429
3   8   3   11   0.0100984917
3   8   3   12   0.0124349133
3   8   4   9   -0.0367206254
3   8   4   10   0.0124165387
3   8   4   14   -0.0167392699
3   8   5   9   0.0118959183
3   8   5   10   0.0015339557
3   8   5   14   0.0140855511
3   8   7   8   -0.0224796949
3   8   7   11   0.0223572045
3   8   7   12   0.0230718750
3   9   1   8   0.0238426445
3   9   1   11   -0.0031641224
3   9   1   12   0.0006133508
3   9   2   9   -0.0133185986
3   9   2   10   0.0243216065
3   9   2   14   -0.0306449088
3   9   3   9   -0.0056837839
3   9   3   10   -0.0054218443
3   9   3   14   0.0133686615
3   9   4   8   -0.0366742145
3   9   4   11   0.0161430618
3   9   4   12   0.0019225163
3   9   5   8   0.0118464847
3   9   5   11   -0.0046164626
3   9   5   12   -0.0030148155
3   9   6   13   -0.0026675401
3   9   7   9   -0.0234517924
3   9   7   10   0.0244412238
3   9   7   14   -0.0373960250
3   10   1   8   0.0003402993
3   10   1   11   0.0284456296
3   10   1   12   0.0065258346
3   10   2   9   0.0241253527
3   10   2   10   -0.0416858021
3   10   2   14   0.0065168953
3   10   3   9   -0.0048060874
3   10   3   10   -0.0450375024
3   10   3   14   0.0056046908
3   10   4   8   0.0130656126
3   10   4   11   -0.0867845259
3   10   4   12   0.0008176422
3   10   5   8   0.0017418684
3   10   5   11   0.0240614283
3   10   5   12   0.0016120592
3   10   6   13   0.0060506219
3   10   7   9   0.0242298468
3   10   7   10   -0.0406135111
3   10   7   14   0.0301591831
3   11   1   9   -0.0033039059
3   11   1   10   0.0282505781
3   11   1   14   -0.0113465261
3   11   2   8   0.0172840274
3   11   2   11   -0.0319525591
3   11   2   12   -0.0143195840
3   11   3   8   0.0104332658
3   11   3   11   -0.0645383367
3   11   3   12   0.0226899025
3   11   4   9   0.0167506041
3   11   4   10   -0.0863679892
3   11   4   14   0.0312969510
3   11   5   9   -0.0045434104
3   11   5   10   0.0239691881
3   11   5   14   -0.0141027531
3   11   7   8   0.0220136510
3   11   7   11   -0.0406075271
3   11   7   12   -0.0229893149
3   12   1   9   0.0006094786
3   12   1   10   0.0064074767
3   12   1   14   0.0103335706
3   12   2   8   0.0050847911
3   12   2   11   -0.0143936765
3   12   2   12   -0.0782242062
3   12   3   8   0.0123830367
3   12   3   11   0.0229945207
3   12   3   12   0.0299185486
3   12   4   9   0.0017853331
3   12   4   10   0.0011864288
3   12   4   14   -0.0150567424
3   12   5   9   -0.0030328335
3   12   5   10   0.0020336080
3   12   5   14   0.0044751303
3   12   7   8   0.0228331597
3   12   7   11   -0.0229553391
3   12   7   12   -0.0757226290
3   13   2   13   -0.0961675455
3   13   3   13   0.0558395689
3   13   6   9   -0.0026313283
3   13   6   10   0.0062949290
3   13   6   14   -0.0031983182
3   13   7   13   -0.1000369391
3   14   1   8   0.0024752766
3   14   1   11   -0.0110674405
3   14   1   12   0.0102958586
3   14   2   9   -0.0304778758
3   14   2   10   0.0065306061
3   14   2   14   -0.0810601899
3   14   3   9   0.0132258905
3   14   3   10   0.0051049967
3   14   3   14   0.0472007362
3   14   4   8   -0.0166810897
3   14   4   11   0.0305330125
3   14   4   12   -0.0148011663
3   14   5   8   0.0140267844
3   14   5   11   -0.0139697219
3   14   5   12   0.0045630952
3   14   6   13   -0.0030986572
3   14   7   9   -0.0370094582
3   14   7   10   0.0301306256
3   14   7   14   -0.0675042449
4   8   1   8   0.0020320813
4   8   1   11   -0.0114339309
4   8   1   12   0.0011182182
4   8   2   9   -0.0177879642
4   8   2   10   0.0013933513
4   8   2   14   -0.0056312493
4   8   3   9   0.0311669247
4   8   3   10   -0.0076839846
4   8   3   14   0.0207266104
4   8   4   8   -0.0073897654
4   8   4   11   0.0064200965
4   8   4   12   0.0100319753
4   8   5   8   -0.0202539039
4   8   5   11   0.0296399956
4   8   5   12   0.0128644231
4   8   6   13   -0.0008855743
4   8   7   9   0.0038479606
4   8   7   10   0.0047574106
4   8   7   14   0.0076067909
4   9   1   9   -0.0018133486
4   9   1   10   -0.0062779855
4   9   1   14   0.0120725919
4   9   2   8   -0.0178845829
4   9   2   11   0.0019429456
4   9   2   12   -0.0012968315
4   9   3   8   0.0313028076
4   9   3   11   -0.0102199163
4   9   3   12   -0.0016343333
4   9   4   9   -0.0022389092
4   9   4   10   0.0059916993
4   9   4   14   -0.0130484819
4   9   5   9   -0.0283798891
4   9   5   10   0.0268795174
4   9   5   14   -0.0385692285
4   9   7   8   0.0037135092
4   9   7   11   0.0002804712
4   9   7   12   -0.0046096570
4   10   1   9   -0.0061462704
4   10   1   10   0.0091889189
4   10   1   14   0.0052388652
4   10   2   8   0.0016803715
4   10   2   11   -0.0182962132
4   10   2   12   -0.0016099343
4   10   3   8   -0.0081927873
4   10   3   11   0.0620577175
4   10   3   12   0.0037871162
4   10   4   9   0.0057404480
4   10   4   10   0.0119720404
4   10   4   14   0.0026021196
4   10   5   9   0.0269610589
4   10   5   10   -0.0507859312
4   10   5   14   0.0261126792
4   10   7   8   0.0051200952
4   10   7   11   0.0034013893
4   10   7   12   0.0094021216
4   11   1   8   -0.0114149123
4   11   1   11   0.0102493145
4   11   1   12   0.0127745248
4   11   2   9   0.0020403887
4   11   2   10   -0.0182341777
4   11   2   14   0.0086545597
4   11   3   9   -0.0105972401
4   11   3   10   0.0621793608
4   11   3   14   -0.0218569314
4   11   4   8   0.0061248739
4   11   4   11   0.0097075802
4   11   4   12   -0.0217724283
4   11   5   8   0.0294432208
4   11   5   11   -0.0569359224
4   11   5   12   -0.0270264986
4   11   6   13   0.0003464408
4   11   7   9   0.0003365320
4   11   7   10   0.0035733238
4   11   7   14   -0.0025352590
4   12   1   8   0.0010223490
4   12   1   11   0.0127886964
4   12   1   12   0.0385659239
4   12   2   9   -0.0014785066
4   12   2   10   -0.0013259480
4   12   2   14   -0.0115173013
4   12   3   9   -0.0012392082
4   12   3   10   0.0027082555
4   12   3   14   0.0208076335
4   12   4   8   0.0098323214
4   12   4   11   -0.0216985891
4   12   4   12   -0.0461780234
4   12   5   8   0.0122997842
4   12   5   11   -0.0268215951
4   12   5   12   -0.0996193459
4   12   6   13   -0.0069583026
4   12   7   9   -0.0043812023
4   12   7   10   0.0089123600
4   12   7   14   0.0036055833
4   13   1   13   0.0434178569
4   13   4   13   -0.0535543524
4   13   5   13   -0.1234902996
4   13   6   8   -0.0009919953
4   13   6   11   0.0000151187
4   13   6   12   -0.0068074051
4   14   1   9   0.0121430395
4   14   1   10   0.0049710738
4   14   1   14   0.0360394176
4   14   2   8   -0.0056199770
4   14   2   11   0.0085450226
4   14   2   12   -0.0115413027
4   14   3   8   0.0207845540
4   14   3   11   -0.0215805785
4   14   3   12   0.0209087736
4   14   4   9   -0.0128694907
4   14   4   10   0.0028815148
4   14   4   14   -0.0324693271
4   14   5   9   -0.0381413018
4   14   5   10   0.0254774076
4   14   5   14   -0.0866908724
4   14   7   8   0.0075320729
4   14   7   11   -0.0025453817
4   14   7   12   0.0036389968
5   8   1   13   0.0014048200
5   8   4   13   -0.0152665062
5   8   5   13   0.0047145502
5   8   6   8   0.0325164417
5   8   6   11   -0.0394264248
5   8   6   12   -0.0187741892
5   9   2   13   0.0024831183
5   9   3   13   -0.0037150337
5   9   6   9   0.0354649964
5   9   6   10   -0.0343472071
5   9   6   14   0.0463632907
5   9   7   13   0.0036197887
5   10   2   13   -0.0029283880
5   10   3   13   -0.0001050363
5   10   6   9   -0.0343623717
5   10   6   10   0.0623886628
5   10   6   14   -0.0321476533
5   10   7   13   -0.0079040656
5   11   1   13   -0.0095920703
5   11   4   13   0.0075220054
5   11   5   13   0.0020064119
5   11   6   8   -0.0395267868
5   11   6   11   0.0706917379
5   11   6   12   0.0304136341
5   12   1   13   -0.0009478362
5   12   4   13   0.0032391324
5   12   5   13   0.0044394154
5   12   6   8   -0.0182881873
5   12   6   11   0.0301847493
5   12   6   12   0.1153554807
5   13   1   8   0.0016806172
5   13   1   11   -0.0096386234
5   13   1   12   -0.0010676770
5   13   2   9   0.0026073311
5   13   2   10   -0.0029809946
5   13   2   14   0.0067141691
5   13   3   9   -0.0038178793
5   13   3   10   0.0000931655
5   13   3   14   -0.0107887525
5   13   4   8   -0.0154228995
5   13   4   11   0.0078375733
5   13   4   12   0.0032959681
5   13   5   8   0.0048084698
5   13   5   11   0.0019083481
5   13   5   12   0.0045002551
5   13   6   13   0.1644661497
5   13   7   9   0.0035905754
5   13   7   10   -0.0076987755
5   13   7   14   0.0016186968
5   14   2   13   0.0066926400
5   14   3   13   -0.0109090732
5   14   6   9   0.0460410542
5   14   6   10   -0.0318465750
5   14   6   14   0.1051461103
5   14   7   13   0.0014802988

End IABC Block
