Begin IJ Block
1   1   -2.1909928914
1   3   -0.1383911441
2   2   -1.9559268627
2   3   -0.0000000000
3   3   -1.8168181964

End IJ Block
Begin IA Block
1   2   -0.0719954124
1   3   -0.0000000000
1   4   0.1228869968
1   5   0.0000000000
2   1   -0.2031129105
2   2   -0.0000000000
2   3   0.0482933507
2   4   -0.0000000000
2   5   -0.1021811581
3   2   0.1826287012
3   3   -0.0000000000
3   4   0.0572021849
3   5   0.0000000000

End IA Block
Begin AB Block
1   1   -1.4997585958
1   2   0.0000000000
1   3   -0.2979066459
1   4   0.0000000000
1   5   -0.1895614241
2   2   -1.0040619409
2   3   0.0000000000
2   4   0.0045053135
2   5   -0.0000000000
3   3   -0.9292669618
3   4   0.0000000000
3   5   0.0341107586
4   4   -1.0995523071
4   5   0.0000000000
5   5   -0.8697676770

End AB Block
Begin IJAB Block
1   4   1   6   0.0568517001
1   4   1   7   -0.0000000000
1   4   1   8   0.0227964152
1   4   1   9   -0.0000000000
1   4   1   10   0.0230961808
1   4   2   6   -0.0000000000
1   4   2   7   0.0217237839
1   4   2   8   0.0000000000
1   4   2   9   0.0034830944
1   4   2   10   0.0000000002
1   4   3   6   0.0227964152
1   4   3   7   0.0000000000
1   4   3   8   0.0167956568
1   4   3   9   -0.0000000000
1   4   3   10   0.0080112317
1   4   4   6   -0.0000000000
1   4   4   7   0.0034830944
1   4   4   8   -0.0000000000
1   4   4   9   0.0163008899
1   4   4   10   0.0000000002
1   4   5   6   0.0230961808
1   4   5   7   0.0000000002
1   4   5   8   0.0080112317
1   4   5   9   0.0000000002
1   4   5   10   0.0130007635
1   5   1   6   -0.0000000000
1   5   1   7   0.0235325630
1   5   1   8   -0.0000000000
1   5   1   9   -0.0031168450
1   5   1   10   0.0000000000
1   5   2   6   0.0106208507
1   5   2   7   -0.0000000000
1   5   2   8   -0.0088178767
1   5   2   9   -0.0000000000
1   5   2   10   0.0040534561
1   5   3   6   -0.0000000000
1   5   3   7   -0.0017244486
1   5   3   8   -0.0000000000
1   5   3   9   0.0014133296
1   5   3   10   -0.0000000000
1   5   4   6   -0.0093872919
1   5   4   7   -0.0000000000
1   5   4   8   -0.0001240073
1   5   4   9   -0.0000000001
1   5   4   10   -0.0082877492
1   5   5   6   0.0000000000
1   5   5   7   0.0090735451
1   5   5   8   -0.0000000000
1   5   5   9   -0.0051186590
1   5   5   10   -0.0000000006
1   6   1   6   0.0039312041
1   6   1   7   0.0000000000
1   6   1   8   0.0090425080
1   6   1   9   0.0000000000
1   6   1   10   0.0095909576
1   6   2   6   0.0000000000
1   6   2   7   -0.0057162370
1   6   2   8   -0.0000000000
1   6   2   9   0.0057338259
1   6   2   10   -0.0000000000
1   6   3   6   -0.0029512599
1   6   3   7   -0.0000000000
1   6   3   8   -0.0057058385
1   6   3   9   -0.0000000000
1   6   3   10   0.0049375613
1   6   4   6   -0.0000000000
1   6   4   7   0.0100351275
1   6   4   8   -0.0000000000
1   6   4   9   0.0090954939
1   6   4   10   0.0000000001
1   6   5   6   0.0105295776
1   6   5   7   -0.0000000001
1   6   5   8   0.0089924447
1   6   5   9   -0.0000000000
1   6   5   10   0.0039299984
2   4   1   6   -0.0000000000
2   4   1   7   0.0106208507
2   4   1   8   -0.0000000000
2   4   1   9   -0.0093872919
2   4   1   10   0.0000000000
2   4   2   6   0.0235325630
2   4   2   7   -0.0000000000
2   4   2   8   -0.0017244486
2   4   2   9   -0.0000000000
2   4   2   10   0.0090735451
2   4   3   6   -0.0000000000
2   4   3   7   -0.0088178767
2   4   3   8   -0.0000000000
2   4   3   9   -0.0001240073
2   4   3   10   -0.0000000000
2   4   4   6   -0.0031168450
2   4   4   7   -0.0000000000
2   4   4   8   0.0014133296
2   4   4   9   -0.0000000001
2   4   4   10   -0.0051186590
2   4   5   6   0.0000000000
2   4   5   7   0.0040534561
2   4   5   8   -0.0000000000
2   4   5   9   -0.0082877492
2   4   5   10   -0.0000000006
2   5   1   6   0.0625002596
2   5   1   7   -0.0000000000
2   5   1   8   0.0245220528
2   5   1   9   -0.0000000000
2   5   1   10   0.0138531110
2   5   2   6   -0.0000000000
2   5   2   7   0.0307023549
2   5   2   8   0.0000000000
2   5   2   9   -0.0018893558
2   5   2   10   0.0000000003
2   5   3   6   0.0245220528
2   5   3   7   0.0000000000
2   5   3   8   0.0260462653
2   5   3   9   -0.0000000000
2   5   3   10   0.0015951110
2   5   4   6   -0.0000000000
2   5   4   7   -0.0018893558
2   5   4   8   -0.0000000000
2   5   4   9   0.0057236747
2   5   4   10   0.0000000002
2   5   5   6   0.0138531110
2   5   5   7   0.0000000003
2   5   5   8   0.0015951110
2   5   5   9   0.0000000002
2   5   5   10   0.0087978956
2   6   1   6   0.0000000000
2   6   1   7   -0.0312734022
2   6   1   8   -0.0000000000
2   6   1   9   -0.0175031491
2   6   1   10   -0.0000000001
2   6   2   6   -0.0039607068
2   6   2   7   0.0000000000
2   6   2   8   0.0121270494
2   6   2   9   0.0000000000
2   6   2   10   0.0011217133
2   6   3   6   -0.0000000000
2   6   3   7   -0.0020704667
2   6   3   8   0.0000000001
2   6   3   9   -0.0103732129
2   6   3   10   0.0000000001
2   6   4   6   -0.0120382651
2   6   4   7   0.0000000000
2   6   4   8   -0.0090531616
2   6   4   9   0.0000000001
2   6   4   10   -0.0002091844
2   6   5   6   -0.0000000001
2   6   5   7   -0.0073905062
2   6   5   8   0.0000000002
2   6   5   9   -0.0031573373
2   6   5   10   0.0000000004
3   4   1   6   0.0039312041
3   4   1   7   0.0000000000
3   4   1   8   -0.0029512599
3   4   1   9   -0.0000000000
3   4   1   10   0.0105295776
3   4   2   6   0.0000000000
3   4   2   7   -0.0057162370
3   4   2   8   -0.0000000000
3   4   2   9   0.0100351275
3   4   2   10   -0.0000000001
3   4   3   6   0.0090425080
3   4   3   7   -0.0000000000
3   4   3   8   -0.0057058385
3   4   3   9   -0.0000000000
3   4   3   10   0.0089924447
3   4   4   6   0.0000000000
3   4   4   7   0.0057338259
3   4   4   8   -0.0000000000
3   4   4   9   0.0090954939
3   4   4   10   -0.0000000000
3   4   5   6   0.0095909576
3   4   5   7   -0.0000000000
3   4   5   8   0.0049375613
3   4   5   9   0.0000000001
3   4   5   10   0.0039299984
3   5   1   6   0.0000000000
3   5   1   7   -0.0039607068
3   5   1   8   -0.0000000000
3   5   1   9   -0.0120382651
3   5   1   10   -0.0000000001
3   5   2   6   -0.0312734022
3   5   2   7   0.0000000000
3   5   2   8   -0.0020704667
3   5   2   9   0.0000000000
3   5   2   10   -0.0073905062
3   5   3   6   -0.0000000000
3   5   3   7   0.0121270494
3   5   3   8   0.0000000001
3   5   3   9   -0.0090531616
3   5   3   10   0.0000000002
3   5   4   6   -0.0175031491
3   5   4   7   0.0000000000
3   5   4   8   -0.0103732129
3   5   4   9   0.0000000001
3   5   4   10   -0.0031573373
3   5   5   6   -0.0000000001
3   5   5   7   0.0011217133
3   5   5   8   0.0000000001
3   5   5   9   -0.0002091844
3   5   5   10   0.0000000004
3   6   1   6   0.0761625313
3   6   1   7   -0.0000000000
3   6   1   8   0.0407573805
3   6   1   9   -0.0000000001
3   6   1   10   0.0104933962
3   6   2   6   -0.0000000000
3   6   2   7   0.0265892475
3   6   2   8   0.0000000001
3   6   2   9   0.0104558523
3   6   2   10   0.0000000003
3   6   3   6   0.0407573805
3   6   3   7   0.0000000001
3   6   3   8   0.0335427007
3   6   3   9   -0.0000000000
3   6   3   10   0.0063535345
3   6   4   6   -0.0000000001
3   6   4   7   0.0104558523
3   6   4   8   -0.0000000000
3   6   4   9   0.0131249246
3   6   4   10   0.0000000003
3   6   5   6   0.0104933962
3   6   5   7   0.0000000003
3   6   5   8   0.0063535345
3   6   5   9   0.0000000003
3   6   5   10   0.0065479683

End IJAB Block
Begin IJKL Block
1   4   1   4   0.3967007166
1   4   1   5   -0.0000000000
1   4   1   6   0.0691641621
1   4   2   4   -0.0000000000
1   4   2   5   0.1152887215
1   4   2   6   0.0000000000
1   4   3   4   0.0691641621
1   4   3   5   0.0000000000
1   4   3   6   0.0812467405
1   5   1   4   -0.0000000000
1   5   1   5   0.3164647044
1   5   1   6   -0.0000000000
1   5   2   4   0.1158305368
1   5   2   5   -0.0000000000
1   5   2   6   -0.0844377625
1   5   3   4   -0.0000000000
1   5   3   5   -0.0180426390
1   5   3   6   -0.0000000000
1   6   1   4   0.0691641621
1   6   1   5   -0.0000000000
1   6   1   6   0.3257886951
1   6   2   4   -0.0000000000
1   6   2   5   -0.0875475410
1   6   2   6   0.0000000000
1   6   3   4   0.0829455666
1   6   3   5   0.0000000000
1   6   3   6   0.0193630537
2   4   1   4   -0.0000000000
2   4   1   5   0.1158305368
2   4   1   6   -0.0000000000
2   4   2   4   0.3164647044
2   4   2   5   -0.0000000000
2   4   2   6   -0.0180426390
2   4   3   4   -0.0000000000
2   4   3   5   -0.0844377625
2   4   3   6   -0.0000000000
2   5   1   4   0.1152887215
2   5   1   5   -0.0000000000
2   5   1   6   -0.0875475410
2   5   2   4   -0.0000000000
2   5   2   5   0.3359871571
2   5   2   6   0.0000000000
2   5   3   4   -0.0875475410
2   5   3   5   0.0000000000
2   5   3   6   0.0997123180
2   6   1   4   0.0000000000
2   6   1   5   -0.0844377625
2   6   1   6   0.0000000000
2   6   2   4   -0.0180426390
2   6   2   5   0.0000000000
2   6   2   6   0.3032783955
2   6   3   4   0.0000000000
2   6   3   5   0.1009844130
2   6   3   6   0.0000000000
3   4   1   4   0.0691641621
3   4   1   5   -0.0000000000
3   4   1   6   0.0829455666
3   4   2   4   -0.0000000000
3   4   2   5   -0.0875475410
3   4   2   6   0.0000000000
3   4   3   4   0.3257886951
3   4   3   5   0.0000000000
3   4   3   6   0.0193630537
3   5   1   4   0.0000000000
3   5   1   5   -0.0180426390
3   5   1   6   0.0000000000
3   5   2   4   -0.0844377625
3   5   2   5   0.0000000000
3   5   2   6   0.1009844130
3   5   3   4   0.0000000000
3   5   3   5   0.3032783955
3   5   3   6   0.0000000000
3   6   1   4   0.0812467405
3   6   1   5   -0.0000000000
3   6   1   6   0.0193630537
3   6   2   4   -0.0000000000
3   6   2   5   0.0997123180
3   6   2   6   0.0000000000
3   6   3   4   0.0193630537
3   6   3   5   0.0000000000
3   6   3   6   0.3137358490

End IJKL Block
Begin ABCD Block
1   6   1   6   0.2620015748
1   6   1   7   0.0000000000
1   6   1   8   0.0418009937
1   6   1   9   0.0000000001
1   6   1   10   0.0240688467
1   6   2   6   0.0000000000
1   6   2   7   0.0545508556
1   6   2   8   -0.0000000000
1   6   2   9   0.0109895995
1   6   2   10   0.0000000000
1   6   3   6   0.0418009937
1   6   3   7   -0.0000000000
1   6   3   8   0.0300199772
1   6   3   9   -0.0000000004
1   6   3   10   0.0165960474
1   6   4   6   0.0000000001
1   6   4   7   0.0109895995
1   6   4   8   -0.0000000004
1   6   4   9   0.0078034722
1   6   4   10   0.0000000002
1   6   5   6   0.0240688467
1   6   5   7   0.0000000000
1   6   5   8   0.0165960474
1   6   5   9   0.0000000002
1   6   5   10   0.0154695468
1   7   1   6   0.0000000000
1   7   1   7   0.2037996836
1   7   1   8   0.0000000000
1   7   1   9   0.0041763711
1   7   1   10   0.0000000001
1   7   2   6   0.0547070272
1   7   2   7   0.0000000000
1   7   2   8   -0.0472442312
1   7   2   9   0.0000000000
1   7   2   10   -0.0160865688
1   7   3   6   -0.0000000000
1   7   3   7   0.0046213973
1   7   3   8   -0.0000000004
1   7   3   9   -0.0023626534
1   7   3   10   -0.0000000006
1   7   4   6   0.0110253538
1   7   4   7   0.0000000003
1   7   4   8   -0.0090113551
1   7   4   9   0.0000000003
1   7   4   10   -0.0047602848
1   7   5   6   0.0000000000
1   7   5   7   0.0021783212
1   7   5   8   0.0000000001
1   7   5   9   -0.0025725768
1   7   5   10   -0.0000000002
1   8   1   6   0.0418009937
1   8   1   7   0.0000000000
1   8   1   8   0.1992044835
1   8   1   9   -0.0000000001
1   8   1   10   0.0041550113
1   8   2   6   -0.0000000000
1   8   2   7   -0.0472371172
1   8   2   8   0.0000000001
1   8   2   9   0.0087143144
1   8   2   10   -0.0000000000
1   8   3   6   0.0301197633
1   8   3   7   -0.0000000004
1   8   3   8   0.0124813434
1   8   3   9   0.0000000006
1   8   3   10   -0.0075955938
1   8   4   6   -0.0000000004
1   8   4   7   -0.0090256548
1   8   4   8   0.0000000021
1   8   4   9   0.0049340712
1   8   4   10   0.0000000017
1   8   5   6   0.0166614434
1   8   5   7   0.0000000001
1   8   5   8   0.0038216846
1   8   5   9   -0.0000000001
1   8   5   10   -0.0041513261
1   9   1   6   0.0000000001
1   9   1   7   0.0041763711
1   9   1   8   -0.0000000001
1   9   1   9   0.2038501765
1   9   1   10   0.0000000001
1   9   2   6   0.0110253538
1   9   2   7   0.0000000000
1   9   2   8   0.0087056571
1   9   2   9   0.0000000000
1   9   2   10   -0.0270759871
1   9   3   6   -0.0000000004
1   9   3   7   -0.0023866152
1   9   3   8   0.0000000006
1   9   3   9   0.0361923925
1   9   3   10   -0.0000000010
1   9   4   6   0.0078066343
1   9   4   7   0.0000000003
1   9   4   8   0.0049251761
1   9   4   9   0.0000000006
1   9   4   10   -0.0048276174
1   9   5   6   0.0000000002
1   9   5   7   -0.0025699749
1   9   5   8   -0.0000000001
1   9   5   9   0.0205840147
1   9   5   10   0.0000000003
1   10   1   6   0.0240688467
1   10   1   7   0.0000000001
1   10   1   8   0.0041550113
1   10   1   9   0.0000000001
1   10   1   10   0.1889435309
1   10   2   6   0.0000000000
1   10   2   7   -0.0161041355
1   10   2   8   -0.0000000000
1   10   2   9   -0.0270737783
1   10   2   10   0.0000000000
1   10   3   6   0.0166614434
1   10   3   7   -0.0000000006
1   10   3   8   -0.0075792332
1   10   3   9   -0.0000000010
1   10   3   10   0.0179228610
1   10   4   6   0.0000000002
1   10   4   7   -0.0047516227
1   10   4   8   0.0000000017
1   10   4   9   -0.0048094621
1   10   4   10   0.0000000023
1   10   5   6   0.0155004968
1   10   5   7   -0.0000000002
1   10   5   8   -0.0041631366
1   10   5   9   0.0000000003
1   10   5   10   0.0118759846
2   6   1   6   0.0000000000
2   6   1   7   0.0547070272
2   6   1   8   -0.0000000000
2   6   1   9   0.0110253538
2   6   1   10   0.0000000000
2   6   2   6   0.2037996836
2   6   2   7   0.0000000000
2   6   2   8   0.0046213973
2   6   2   9   0.0000000003
2   6   2   10   0.0021783212
2   6   3   6   0.0000000000
2   6   3   7   -0.0472442312
2   6   3   8   -0.0000000004
2   6   3   9   -0.0090113551
2   6   3   10   0.0000000001
2   6   4   6   0.0041763711
2   6   4   7   0.0000000000
2   6   4   8   -0.0023626534
2   6   4   9   0.0000000003
2   6   4   10   -0.0025725768
2   6   5   6   0.0000000001
2   6   5   7   -0.0160865688
2   6   5   8   -0.0000000006
2   6   5   9   -0.0047602848
2   6   5   10   -0.0000000002
2   7   1   6   0.0545508556
2   7   1   7   0.0000000000
2   7   1   8   -0.0472371172
2   7   1   9   0.0000000000
2   7   1   10   -0.0161041355
2   7   2   6   0.0000000000
2   7   2   7   0.1952385562
2   7   2   8   0.0000000003
2   7   2   9   0.0061361044
2   7   2   10   0.0000000004
2   7   3   6   -0.0472371172
2   7   3   7   0.0000000003
2   7   3   8   0.0521635906
2   7   3   9   0.0000000004
2   7   3   10   0.0208643902
2   7   4   6   0.0000000000
2   7   4   7   0.0061361044
2   7   4   8   0.0000000004
2   7   4   9   0.0035954038
2   7   4   10   0.0000000004
2   7   5   6   -0.0161041355
2   7   5   7   0.0000000004
2   7   5   8   0.0208643902
2   7   5   9   0.0000000004
2   7   5   10   0.0139612530
2   8   1   6   -0.0000000000
2   8   1   7   -0.0472442312
2   8   1   8   0.0000000001
2   8   1   9   0.0087056571
2   8   1   10   -0.0000000000
2   8   2   6   0.0046213973
2   8   2   7   0.0000000003
2   8   2   8   0.1824501476
2   8   2   9   -0.0000000003
2   8   2   10   0.0115252936
2   8   3   6   -0.0000000004
2   8   3   7   0.0521300164
2   8   3   8   0.0000000019
2   8   3   9   -0.0054705882
2   8   3   10   0.0000000023
2   8   4   6   -0.0023866152
2   8   4   7   0.0000000004
2   8   4   8   0.0042955371
2   8   4   9   -0.0000000004
2   8   4   10   0.0051184420
2   8   5   6   -0.0000000006
2   8   5   7   0.0208782847
2   8   5   8   0.0000000027
2   8   5   9   0.0018543728
2   8   5   10   0.0000000039
2   9   1   6   0.0109895995
2   9   1   7   0.0000000000
2   9   1   8   0.0087143144
2   9   1   9   0.0000000000
2   9   1   10   -0.0270737783
2   9   2   6   0.0000000003
2   9   2   7   0.0061361044
2   9   2   8   -0.0000000003
2   9   2   9   0.1604859040
2   9   2   10   0.0000000005
2   9   3   6   -0.0090256548
2   9   3   7   0.0000000004
2   9   3   8   -0.0054671883
2   9   3   9   0.0000000004
2   9   3   10   0.0243482494
2   9   4   6   0.0000000003
2   9   4   7   0.0035932457
2   9   4   8   -0.0000000004
2   9   4   9   -0.0048876339
2   9   4   10   0.0000000007
2   9   5   6   -0.0047516227
2   9   5   7   0.0000000004
2   9   5   8   0.0018586328
2   9   5   9   0.0000000004
2   9   5   10   0.0039867826
2   10   1   6   0.0000000000
2   10   1   7   -0.0160865688
2   10   1   8   -0.0000000000
2   10   1   9   -0.0270759871
2   10   1   10   0.0000000000
2   10   2   6   0.0021783212
2   10   2   7   0.0000000004
2   10   2   8   0.0115252936
2   10   2   9   0.0000000005
2   10   2   10   0.1652382320
2   10   3   6   0.0000000001
2   10   3   7   0.0208782847
2   10   3   8   0.0000000023
2   10   3   9   0.0243506487
2   10   3   10   0.0000000024
2   10   4   6   -0.0025699749
2   10   4   7   0.0000000004
2   10   4   8   0.0051230233
2   10   4   9   0.0000000007
2   10   4   10   -0.0007414524
2   10   5   6   -0.0000000002
2   10   5   7   0.0139634513
2   10   5   8   0.0000000039
2   10   5   9   0.0039820467
2   10   5   10   0.0000000039
3   6   1   6   0.0418009937
3   6   1   7   -0.0000000000
3   6   1   8   0.0301197633
3   6   1   9   -0.0000000004
3   6   1   10   0.0166614434
3   6   2   6   0.0000000000
3   6   2   7   -0.0472371172
3   6   2   8   -0.0000000004
3   6   2   9   -0.0090256548
3   6   2   10   0.0000000001
3   6   3   6   0.1992044835
3   6   3   7   0.0000000001
3   6   3   8   0.0124813434
3   6   3   9   0.0000000021
3   6   3   10   0.0038216846
3   6   4   6   -0.0000000001
3   6   4   7   0.0087143144
3   6   4   8   0.0000000006
3   6   4   9   0.0049340712
3   6   4   10   -0.0000000001
3   6   5   6   0.0041550113
3   6   5   7   -0.0000000000
3   6   5   8   -0.0075955938
3   6   5   9   0.0000000017
3   6   5   10   -0.0041513261
3   7   1   6   -0.0000000000
3   7   1   7   0.0046213973
3   7   1   8   -0.0000000004
3   7   1   9   -0.0023866152
3   7   1   10   -0.0000000006
3   7   2   6   -0.0472442312
3   7   2   7   0.0000000003
3   7   2   8   0.0521300164
3   7   2   9   0.0000000004
3   7   2   10   0.0208782847
3   7   3   6   0.0000000001
3   7   3   7   0.1824501476
3   7   3   8   0.0000000019
3   7   3   9   0.0042955371
3   7   3   10   0.0000000027
3   7   4   6   0.0087056571
3   7   4   7   -0.0000000003
3   7   4   8   -0.0054705882
3   7   4   9   -0.0000000004
3   7   4   10   0.0018543728
3   7   5   6   -0.0000000000
3   7   5   7   0.0115252936
3   7   5   8   0.0000000023
3   7   5   9   0.0051184420
3   7   5   10   0.0000000039
3   8   1   6   0.0300199772
3   8   1   7   -0.0000000004
3   8   1   8   0.0124813434
3   8   1   9   0.0000000006
3   8   1   10   -0.0075792332
3   8   2   6   -0.0000000004
3   8   2   7   0.0521635906
3   8   2   8   0.0000000019
3   8   2   9   -0.0054671883
3   8   2   10   0.0000000023
3   8   3   6   0.0124813434
3   8   3   7   0.0000000019
3   8   3   8   0.1794829309
3   8   3   9   -0.0000000029
3   8   3   10   0.0070105938
3   8   4   6   0.0000000006
3   8   4   7   -0.0054671883
3   8   4   8   -0.0000000029
3   8   4   9   0.0094486211
3   8   4   10   -0.0000000026
3   8   5   6   -0.0075792332
3   8   5   7   0.0000000023
3   8   5   8   0.0070105938
3   8   5   9   -0.0000000026
3   8   5   10   0.0144416950
3   9   1   6   -0.0000000004
3   9   1   7   -0.0023626534
3   9   1   8   0.0000000006
3   9   1   9   0.0361923925
3   9   1   10   -0.0000000010
3   9   2   6   -0.0090113551
3   9   2   7   0.0000000004
3   9   2   8   -0.0054705882
3   9   2   9   0.0000000004
3   9   2   10   0.0243506487
3   9   3   6   0.0000000021
3   9   3   7   0.0042955371
3   9   3   8   -0.0000000029
3   9   3   9   0.1654500093
3   9   3   10   0.0000000046
3   9   4   6   0.0049251761
3   9   4   7   -0.0000000004
3   9   4   8   0.0094467089
3   9   4   9   -0.0000000007
3   9   4   10   -0.0129019558
3   9   5   6   0.0000000017
3   9   5   7   0.0051230233
3   9   5   8   -0.0000000026
3   9   5   9   -0.0150461089
3   9   5   10   0.0000000041
3   10   1   6   0.0165960474
3   10   1   7   -0.0000000006
3   10   1   8   -0.0075955938
3   10   1   9   -0.0000000010
3   10   1   10   0.0179228610
3   10   2   6   0.0000000001
3   10   2   7   0.0208643902
3   10   2   8   0.0000000023
3   10   2   9   0.0243482494
3   10   2   10   0.0000000024
3   10   3   6   0.0038216846
3   10   3   7   0.0000000027
3   10   3   8   0.0070105938
3   10   3   9   0.0000000046
3   10   3   10   0.1647687390
3   10   4   6   -0.0000000001
3   10   4   7   0.0018586328
3   10   4   8   -0.0000000026
3   10   4   9   -0.0128942335
3   10   4   10   -0.0000000037
3   10   5   6   -0.0041631366
3   10   5   7   0.0000000039
3   10   5   8   0.0144317491
3   10   5   9   0.0000000041
3   10   5   10   -0.0067839223
4   6   1   6   0.0000000001
4   6   1   7   0.0110253538
4   6   1   8   -0.0000000004
4   6   1   9   0.0078066343
4   6   1   10   0.0000000002
4   6   2   6   0.0041763711
4   6   2   7   0.0000000000
4   6   2   8   -0.0023866152
4   6   2   9   0.0000000003
4   6   2   10   -0.0025699749
4   6   3   6   -0.0000000001
4   6   3   7   0.0087056571
4   6   3   8   0.0000000006
4   6   3   9   0.0049251761
4   6   3   10   -0.0000000001
4   6   4   6   0.2038501765
4   6   4   7   0.0000000000
4   6   4   8   0.0361923925
4   6   4   9   0.0000000006
4   6   4   10   0.0205840147
4   6   5   6   0.0000000001
4   6   5   7   -0.0270759871
4   6   5   8   -0.0000000010
4   6   5   9   -0.0048276174
4   6   5   10   0.0000000003
4   7   1   6   0.0109895995
4   7   1   7   0.0000000003
4   7   1   8   -0.0090256548
4   7   1   9   0.0000000003
4   7   1   10   -0.0047516227
4   7   2   6   0.0000000000
4   7   2   7   0.0061361044
4   7   2   8   0.0000000004
4   7   2   9   0.0035932457
4   7   2   10   0.0000000004
4   7   3   6   0.0087143144
4   7   3   7   -0.0000000003
4   7   3   8   -0.0054671883
4   7   3   9   -0.0000000004
4   7   3   10   0.0018586328
4   7   4   6   0.0000000000
4   7   4   7   0.1604859040
4   7   4   8   0.0000000004
4   7   4   9   -0.0048876339
4   7   4   10   0.0000000004
4   7   5   6   -0.0270737783
4   7   5   7   0.0000000005
4   7   5   8   0.0243482494
4   7   5   9   0.0000000007
4   7   5   10   0.0039867826
4   8   1   6   -0.0000000004
4   8   1   7   -0.0090113551
4   8   1   8   0.0000000021
4   8   1   9   0.0049251761
4   8   1   10   0.0000000017
4   8   2   6   -0.0023626534
4   8   2   7   0.0000000004
4   8   2   8   0.0042955371
4   8   2   9   -0.0000000004
4   8   2   10   0.0051230233
4   8   3   6   0.0000000006
4   8   3   7   -0.0054705882
4   8   3   8   -0.0000000029
4   8   3   9   0.0094467089
4   8   3   10   -0.0000000026
4   8   4   6   0.0361923925
4   8   4   7   0.0000000004
4   8   4   8   0.1654500093
4   8   4   9   -0.0000000007
4   8   4   10   -0.0150461089
4   8   5   6   -0.0000000010
4   8   5   7   0.0243506487
4   8   5   8   0.0000000046
4   8   5   9   -0.0129019558
4   8   5   10   0.0000000041
4   9   1   6   0.0078034722
4   9   1   7   0.0000000003
4   9   1   8   0.0049340712
4   9   1   9   0.0000000006
4   9   1   10   -0.0048094621
4   9   2   6   0.0000000003
4   9   2   7   0.0035954038
4   9   2   8   -0.0000000004
4   9   2   9   -0.0048876339
4   9   2   10   0.0000000007
4   9   3   6   0.0049340712
4   9   3   7   -0.0000000004
4   9   3   8   0.0094486211
4   9   3   9   -0.0000000007
4   9   3   10   -0.0128942335
4   9   4   6   0.0000000006
4   9   4   7   -0.0048876339
4   9   4   8   -0.0000000007
4   9   4   9   0.2230893848
4   9   4   10   0.0000000011
4   9   5   6   -0.0048094621
4   9   5   7   0.0000000007
4   9   5   8   -0.0128942335
4   9   5   9   0.0000000011
4   9   5   10   0.0310091826
4   10   1   6   0.0000000002
4   10   1   7   -0.0047602848
4   10   1   8   0.0000000017
4   10   1   9   -0.0048276174
4   10   1   10   0.0000000023
4   10   2   6   -0.0025725768
4   10   2   7   0.0000000004
4   10   2   8   0.0051184420
4   10   2   9   0.0000000007
4   10   2   10   -0.0007414524
4   10   3   6   -0.0000000001
4   10   3   7   0.0018543728
4   10   3   8   -0.0000000026
4   10   3   9   -0.0129019558
4   10   3   10   -0.0000000037
4   10   4   6   0.0205840147
4   10   4   7   0.0000000004
4   10   4   8   -0.0150461089
4   10   4   9   0.0000000011
4   10   4   10   0.1834425896
4   10   5   6   0.0000000003
4   10   5   7   0.0039820467
4   10   5   8   0.0000000041
4   10   5   9   0.0310040481
4   10   5   10   0.0000000056
5   6   1   6   0.0240688467
5   6   1   7   0.0000000000
5   6   1   8   0.0166614434
5   6   1   9   0.0000000002
5   6   1   10   0.0155004968
5   6   2   6   0.0000000001
5   6   2   7   -0.0161041355
5   6   2   8   -0.0000000006
5   6   2   9   -0.0047516227
5   6   2   10   -0.0000000002
5   6   3   6   0.0041550113
5   6   3   7   -0.0000000000
5   6   3   8   -0.0075792332
5   6   3   9   0.0000000017
5   6   3   10   -0.0041631366
5   6   4   6   0.0000000001
5   6   4   7   -0.0270737783
5   6   4   8   -0.0000000010
5   6   4   9   -0.0048094621
5   6   4   10   0.0000000003
5   6   5   6   0.1889435309
5   6   5   7   0.0000000000
5   6   5   8   0.0179228610
5   6   5   9   0.0000000023
5   6   5   10   0.0118759846
5   7   1   6   0.0000000000
5   7   1   7   0.0021783212
5   7   1   8   0.0000000001
5   7   1   9   -0.0025699749
5   7   1   10   -0.0000000002
5   7   2   6   -0.0160865688
5   7   2   7   0.0000000004
5   7   2   8   0.0208782847
5   7   2   9   0.0000000004
5   7   2   10   0.0139634513
5   7   3   6   -0.0000000000
5   7   3   7   0.0115252936
5   7   3   8   0.0000000023
5   7   3   9   0.0051230233
5   7   3   10   0.0000000039
5   7   4   6   -0.0270759871
5   7   4   7   0.0000000005
5   7   4   8   0.0243506487
5   7   4   9   0.0000000007
5   7   4   10   0.0039820467
5   7   5   6   0.0000000000
5   7   5   7   0.1652382320
5   7   5   8   0.0000000024
5   7   5   9   -0.0007414524
5   7   5   10   0.0000000039
5   8   1   6   0.0165960474
5   8   1   7   0.0000000001
5   8   1   8   0.0038216846
5   8   1   9   -0.0000000001
5   8   1   10   -0.0041631366
5   8   2   6   -0.0000000006
5   8   2   7   0.0208643902
5   8   2   8   0.0000000027
5   8   2   9   0.0018586328
5   8   2   10   0.0000000039
5   8   3   6   -0.0075955938
5   8   3   7   0.0000000023
5   8   3   8   0.0070105938
5   8   3   9   -0.0000000026
5   8   3   10   0.0144317491
5   8   4   6   -0.0000000010
5   8   4   7   0.0243482494
5   8   4   8   0.0000000046
5   8   4   9   -0.0128942335
5   8   4   10   0.0000000041
5   8   5   6   0.0179228610
5   8   5   7   0.0000000024
5   8   5   8   0.1647687390
5   8   5   9   -0.0000000037
5   8   5   10   -0.0067839223
5   9   1   6   0.0000000002
5   9   1   7   -0.0025725768
5   9   1   8   -0.0000000001
5   9   1   9   0.0205840147
5   9   1   10   0.0000000003
5   9   2   6   -0.0047602848
5   9   2   7   0.0000000004
5   9   2   8   0.0018543728
5   9   2   9   0.0000000004
5   9   2   10   0.0039820467
5   9   3   6   0.0000000017
5   9   3   7   0.0051184420
5   9   3   8   -0.0000000026
5   9   3   9   -0.0150461089
5   9   3   10   0.0000000041
5   9   4   6   -0.0048276174
5   9   4   7   0.0000000007
5   9   4   8   -0.0129019558
5   9   4   9   0.0000000011
5   9   4   10   0.0310040481
5   9   5   6   0.0000000023
5   9   5   7   -0.0007414524
5   9   5   8   -0.0000000037
5   9   5   9   0.1834425896
5   9   5   10   0.0000000056
5   10   1   6   0.0154695468
5   10   1   7   -0.0000000002
5   10   1   8   -0.0041513261
5   10   1   9   0.0000000003
5   10   1   10   0.0118759846
5   10   2   6   -0.0000000002
5   10   2   7   0.0139612530
5   10   2   8   0.0000000039
5   10   2   9   0.0039867826
5   10   2   10   0.0000000039
5   10   3   6   -0.0041513261
5   10   3   7   0.0000000039
5   10   3   8   0.0144416950
5   10   3   9   0.0000000041
5   10   3   10   -0.0067839223
5   10   4   6   0.0000000003
5   10   4   7   0.0039867826
5   10   4   8   0.0000000041
5   10   4   9   0.0310091826
5   10   4   10   0.0000000056
5   10   5   6   0.0118759846
5   10   5   7   0.0000000039
5   10   5   8   -0.0067839223
5   10   5   9   0.0000000056
5   10   5   10   0.1750246805

End ABCD Block
Begin AIJB Block
1   4   1   6   0.0521912943
1   4   1   7   0.0000000000
1   4   1   8   0.0198384775
1   4   1   9   0.0000000000
1   4   1   10   0.0209135925
1   4   2   7   0.0091835576
1   4   2   8   -0.0000000000
1   4   2   9   -0.0091718849
1   4   2   10   0.0000000000
1   4   3   6   0.0070563267
1   4   3   8   -0.0012542807
1   4   3   9   0.0000000000
1   4   3   10   0.0100809681
1   5   1   7   0.0206962520
1   5   1   9   -0.0034465550
1   5   2   6   0.0550999301
1   5   2   8   0.0199285698
1   5   2   9   0.0000000000
1   5   2   10   0.0121228046
1   5   3   6   0.0000000000
1   5   3   7   -0.0013511664
1   5   3   8   0.0000000000
1   5   3   9   -0.0112034336
1   5   3   10   0.0000000000
1   6   1   6   0.0070563267
1   6   1   8   0.0100090044
1   6   1   10   0.0096942505
1   6   2   6   0.0000000000
1   6   2   7   -0.0261376078
1   6   2   8   -0.0000000000
1   6   2   9   -0.0166840194
1   6   2   10   0.0000000000
1   6   3   6   0.0636419807
1   6   3   8   0.0339711343
1   6   3   10   0.0070719180
2   4   1   6   0.0000000000
2   4   1   7   0.0173687847
2   4   1   8   -0.0000000000
2   4   1   9   0.0024165623
2   4   1   10   0.0000000000
2   4   2   6   0.0206962520
2   4   2   8   -0.0014562126
2   4   2   9   0.0000000000
2   4   2   10   0.0084674893
2   4   3   7   -0.0055140918
2   4   3   8   0.0000000000
2   4   3   9   0.0091927516
2   4   3   10   -0.0000000000
2   5   1   6   0.0091835576
2   5   1   8   -0.0073387368
2   5   1   9   0.0000000000
2   5   1   10   0.0041827068
2   5   2   7   0.0250771579
2   5   2   8   0.0000000000
2   5   2   9   -0.0028153443
2   5   2   10   0.0000000000
2   5   3   6   -0.0261376078
2   5   3   8   -0.0006573666
2   5   3   9   -0.0000000000
2   5   3   10   -0.0068028528
2   6   1   7   -0.0055140918
2   6   1   8   -0.0000000000
2   6   1   9   0.0051816151
2   6   1   10   0.0000000000
2   6   2   6   -0.0013511664
2   6   2   8   0.0118006404
2   6   2   9   0.0000000000
2   6   2   10   0.0009102493
2   6   3   7   0.0238455356
2   6   3   8   0.0000000000
2   6   3   9   0.0094939716
2   6   3   10   -0.0000000000
3   4   1   6   0.0198384775
3   4   1   7   -0.0000000000
3   4   1   8   0.0138289405
3   4   1   9   -0.0000000000
3   4   1   10   0.0063740129
3   4   2   7   -0.0073387368
3   4   2   8   -0.0000000000
3   4   2   9   0.0004562912
3   4   2   10   0.0000000000
3   4   3   6   0.0100090044
3   4   3   7   -0.0000000000
3   4   3   8   -0.0045890211
3   4   3   9   -0.0000000000
3   4   3   10   0.0087732349
3   5   1   6   -0.0000000000
3   5   1   7   -0.0014562126
3   5   1   8   -0.0000000000
3   5   1   9   0.0016879660
3   5   1   10   0.0000000000
3   5   2   6   0.0199285698
3   5   2   7   0.0000000000
3   5   2   8   0.0213484627
3   5   2   9   0.0000000000
3   5   2   10   0.0001242057
3   5   3   6   -0.0000000000
3   5   3   7   0.0118006404
3   5   3   8   -0.0000000000
3   5   3   9   -0.0087730137
3   5   3   10   0.0000000001
3   6   1   6   -0.0012542807
3   6   1   7   0.0000000000
3   6   1   8   -0.0045890211
3   6   1   9   -0.0000000000
3   6   1   10   0.0051917674
3   6   2   6   0.0000000000
3   6   2   7   -0.0006573666
3   6   2   8   -0.0000000000
3   6   2   9   -0.0100001057
3   6   2   10   0.0000000000
3   6   3   6   0.0339711343
3   6   3   7   0.0000000000
3   6   3   8   0.0289382304
3   6   3   9   -0.0000000000
3   6   3   10   0.0041888257
4   4   1   6   0.0000000000
4   4   1   7   0.0024165623
4   4   1   8   -0.0000000000
4   4   1   9   0.0156989353
4   4   1   10   0.0000000000
4   4   2   6   -0.0034465550
4   4   2   7   0.0000000000
4   4   2   8   0.0016879660
4   4   2   9   0.0000000000
4   4   2   10   -0.0052807662
4   4   3   7   0.0051816151
4   4   3   8   -0.0000000000
4   4   3   9   0.0087434822
4   4   3   10   -0.0000000000
4   5   1   6   -0.0091718849
4   5   1   7   0.0000000000
4   5   1   8   0.0004562912
4   5   1   9   0.0000000000
4   5   1   10   -0.0080485440
4   5   2   6   0.0000000000
4   5   2   7   -0.0028153443
4   5   2   8   0.0000000000
4   5   2   9   0.0056647215
4   5   2   10   -0.0000000000
4   5   3   6   -0.0166840194
4   5   3   7   0.0000000000
4   5   3   8   -0.0100001057
4   5   3   9   0.0000000000
4   5   3   10   -0.0025693265
4   6   1   6   0.0000000000
4   6   1   7   0.0091927516
4   6   1   8   -0.0000000000
4   6   1   9   0.0087434822
4   6   1   10   0.0000000001
4   6   2   6   -0.0112034336
4   6   2   7   -0.0000000000
4   6   2   8   -0.0087730137
4   6   2   9   0.0000000000
4   6   2   10   0.0000841327
4   6   3   7   0.0094939716
4   6   3   8   -0.0000000000
4   6   3   9   0.0127129319
4   6   3   10   0.0000000000
5   4   1   6   0.0209135925
5   4   1   7   0.0000000000
5   4   1   8   0.0063740129
5   4   1   9   0.0000000000
5   4   1   10   0.0114519579
5   4   2   7   0.0041827068
5   4   2   8   0.0000000000
5   4   2   9   -0.0080485440
5   4   2   10   -0.0000000000
5   4   3   6   0.0096942505
5   4   3   7   0.0000000000
5   4   3   8   0.0051917674
5   4   3   9   0.0000000001
5   4   3   10   0.0032971005
5   5   1   6   0.0000000000
5   5   1   7   0.0084674893
5   5   1   8   0.0000000000
5   5   1   9   -0.0052807662
5   5   1   10   -0.0000000000
5   5   2   6   0.0121228046
5   5   2   7   0.0000000000
5   5   2   8   0.0001242057
5   5   2   9   -0.0000000000
5   5   2   10   0.0082296321
5   5   3   6   0.0000000000
5   5   3   7   0.0009102493
5   5   3   8   0.0000000000
5   5   3   9   0.0000841327
5   5   3   10   -0.0000000001
5   6   1   6   0.0100809681
5   6   1   7   -0.0000000000
5   6   1   8   0.0087732349
5   6   1   9   -0.0000000000
5   6   1   10   0.0032971005
5   6   2   6   0.0000000000
5   6   2   7   -0.0068028528
5   6   2   8   0.0000000001
5   6   2   9   -0.0025693265
5   6   2   10   -0.0000000001
5   6   3   6   0.0070719180
5   6   3   7   -0.0000000000
5   6   3   8   0.0041888257
5   6   3   9   0.0000000000
5   6   3   10   0.0051404189

1   4   4   1   -0.2953269796
1   4   4   2   0.0000000000
1   4   4   3   -0.0725505356
1   4   4   4   -0.0000000000
1   4   4   5   -0.0532575650
1   4   5   1   -0.0000000000
1   4   5   2   -0.0543126287
1   4   5   3   -0.0000000000
1   4   5   4   -0.0042809278
1   4   5   5   -0.0000000000
1   4   6   1   -0.0129723627
1   4   6   2   0.0000000000
1   4   6   3   -0.0165042491
1   4   6   4   -0.0000000000
1   4   6   5   -0.0189997874
1   5   4   1   -0.0000000000
1   5   4   2   -0.0537014097
1   5   4   3   -0.0000000000
1   5   4   4   -0.0040162861
1   5   4   5   -0.0000000000
1   5   5   1   -0.2806141972
1   5   5   3   -0.0549154589
1   5   5   4   -0.0000000000
1   5   5   5   -0.0315963016
1   5   6   1   -0.0000000000
1   5   6   2   0.0568627593
1   5   6   3   0.0000000000
1   5   6   4   0.0177989181
1   5   6   5   -0.0000000000
1   6   4   1   -0.0129723627
1   6   4   2   0.0000000000
1   6   4   3   -0.0158619805
1   6   4   4   -0.0000000000
1   6   4   5   -0.0192184595
1   6   5   1   -0.0000000000
1   6   5   2   0.0558514523
1   6   5   3   0.0000000000
1   6   5   4   0.0176775701
1   6   5   5   -0.0000000000
1   6   6   1   -0.2814844267
1   6   6   2   0.0000000000
1   6   6   3   -0.0600240075
1   6   6   4   -0.0000000000
1   6   6   5   -0.0311547879
2   4   4   1   0.0000000000
2   4   4   2   -0.2034491231
2   4   4   3   -0.0000000000
2   4   4   4   -0.0004598739
2   4   4   5   -0.0000000000
2   4   5   1   -0.0537014097
2   4   5   3   0.0365538801
2   4   5   4   -0.0000000000
2   4   5   5   -0.0012426790
2   4   6   1   0.0000000000
2   4   6   2   0.0100090924
2   4   6   3   -0.0000000000
2   4   6   4   -0.0027752364
2   4   6   5   -0.0000000001
2   5   4   1   -0.0543126287
2   5   4   3   0.0361974647
2   5   4   4   -0.0000000000
2   5   4   5   -0.0014321958
2   5   5   2   -0.2139422659
2   5   5   3   0.0000000000
2   5   5   4   0.0019690397
2   5   5   5   0.0000000000
2   5   6   1   0.0558514523
2   5   6   2   -0.0000000000
2   5   6   3   -0.0406792819
2   5   6   4   -0.0000000000
2   5   6   5   -0.0055837899
2   6   4   1   0.0000000000
2   6   4   2   0.0100090924
2   6   4   3   -0.0000000000
2   6   4   4   -0.0028534851
2   6   4   5   -0.0000000001
2   6   5   1   0.0568627593
2   6   5   2   -0.0000000000
2   6   5   3   -0.0399995804
2   6   5   4   -0.0000000000
2   6   5   5   -0.0052280144
2   6   6   1   0.0000000000
2   6   6   2   -0.2077347768
2   6   6   3   0.0000000000
2   6   6   4   -0.0043569393
2   6   6   5   0.0000000000
3   4   4   1   -0.0725505356
3   4   4   2   -0.0000000000
3   4   4   3   -0.2018774527
3   4   4   4   0.0000000000
3   4   4   5   0.0026226119
3   4   5   1   -0.0000000000
3   4   5   2   0.0361974647
3   4   5   3   0.0000000000
3   4   5   4   -0.0173715572
3   4   5   5   0.0000000000
3   4   6   1   -0.0158619805
3   4   6   2   -0.0000000000
3   4   6   3   0.0066115511
3   4   6   4   0.0000000000
3   4   6   5   -0.0040428375
3   5   4   1   -0.0000000000
3   5   4   2   0.0365538801
3   5   4   3   0.0000000000
3   5   4   4   -0.0172596730
3   5   4   5   0.0000000000
3   5   5   1   -0.0549154589
3   5   5   2   0.0000000000
3   5   5   3   -0.2093674572
3   5   5   4   0.0000000000
3   5   5   5   0.0067830475
3   5   6   1   0.0000000000
3   5   6   2   -0.0399995804
3   5   6   3   -0.0000000000
3   5   6   4   0.0207372752
3   5   6   5   -0.0000000000
3   6   4   1   -0.0165042491
3   6   4   2   -0.0000000000
3   6   4   3   0.0066115511
3   6   4   4   0.0000000000
3   6   4   5   -0.0042785912
3   6   5   1   0.0000000000
3   6   5   2   -0.0406792819
3   6   5   3   -0.0000000000
3   6   5   4   0.0206505929
3   6   5   5   -0.0000000000
3   6   6   1   -0.0600240075
3   6   6   2   0.0000000000
3   6   6   3   -0.2097030207
3   6   6   4   0.0000000000
3   6   6   5   0.0015602121
4   4   4   1   -0.0000000000
4   4   4   2   -0.0004598739
4   4   4   3   0.0000000000
4   4   4   4   -0.2538537886
4   4   4   5   -0.0000000000
4   4   5   1   -0.0040162861
4   4   5   2   -0.0000000000
4   4   5   3   -0.0172596730
4   4   5   4   -0.0000000000
4   4   5   5   0.0418594280
4   4   6   1   -0.0000000000
4   4   6   2   -0.0028534851
4   4   6   3   0.0000000000
4   4   6   4   -0.0339157792
4   4   6   5   -0.0000000000
4   5   4   1   -0.0042809278
4   5   4   2   -0.0000000000
4   5   4   3   -0.0173715572
4   5   4   4   -0.0000000000
4   5   4   5   0.0417604822
4   5   5   1   -0.0000000000
4   5   5   2   0.0019690397
4   5   5   3   0.0000000000
4   5   5   4   -0.2164717664
4   5   5   5   -0.0000000000
4   5   6   1   0.0176775701
4   5   6   2   -0.0000000000
4   5   6   3   0.0206505929
4   5   6   4   -0.0000000000
4   5   6   5   -0.0317149870
4   6   4   1   -0.0000000000
4   6   4   2   -0.0027752364
4   6   4   3   0.0000000000
4   6   4   4   -0.0339157792
4   6   4   5   -0.0000000000
4   6   5   1   0.0177989181
4   6   5   2   -0.0000000000
4   6   5   3   0.0207372752
4   6   5   4   -0.0000000000
4   6   5   5   -0.0315398916
4   6   6   1   -0.0000000000
4   6   6   2   -0.0043569393
4   6   6   3   0.0000000000
4   6   6   4   -0.2243346571
4   6   6   5   0.0000000000
5   4   4   1   -0.0532575650
5   4   4   2   -0.0000000000
5   4   4   3   0.0026226119
5   4   4   4   -0.0000000000
5   4   4   5   -0.2099493477
5   4   5   1   -0.0000000000
5   4   5   2   -0.0014321958
5   4   5   3   0.0000000000
5   4   5   4   0.0417604822
5   4   5   5   0.0000000001
5   4   6   1   -0.0192184595
5   4   6   2   -0.0000000001
5   4   6   3   -0.0042785912
5   4   6   4   -0.0000000000
5   4   6   5   -0.0085626854
5   5   4   1   -0.0000000000
5   5   4   2   -0.0012426790
5   5   4   3   0.0000000000
5   5   4   4   0.0418594280
5   5   4   5   0.0000000001
5   5   5   1   -0.0315963016
5   5   5   2   0.0000000000
5   5   5   3   0.0067830475
5   5   5   4   -0.0000000000
5   5   5   5   -0.1999315628
5   5   6   1   -0.0000000000
5   5   6   2   -0.0052280144
5   5   6   3   -0.0000000000
5   5   6   4   -0.0315398916
5   5   6   5   -0.0000000001
5   6   4   1   -0.0189997874
5   6   4   2   -0.0000000001
5   6   4   3   -0.0040428375
5   6   4   4   -0.0000000000
5   6   4   5   -0.0085626854
5   6   5   1   -0.0000000000
5   6   5   2   -0.0055837899
5   6   5   3   -0.0000000000
5   6   5   4   -0.0317149870
5   6   5   5   -0.0000000001
5   6   6   1   -0.0311547879
5   6   6   2   0.0000000000
5   6   6   3   0.0015602121
5   6   6   4   0.0000000000
5   6   6   5   -0.1969425564

End AIJB Block
Begin IJKA Block
1   4   1   6   0.0000000000
1   4   1   7   0.0100901507
1   4   1   8   0.0000000000
1   4   1   9   -0.0431931842
1   4   1   10   0.0000000000
1   4   2   6   0.0406267531
1   4   2   7   -0.0000000000
1   4   2   8   -0.0007055705
1   4   2   9   -0.0000000000
1   4   2   10   0.0220353468
1   4   3   6   -0.0000000000
1   4   3   7   -0.0211658226
1   4   3   8   0.0000000000
1   4   3   9   -0.0182477520
1   4   3   10   -0.0000000000
1   5   1   6   0.0658563021
1   5   1   7   -0.0000000000
1   5   1   8   -0.0016686557
1   5   1   9   0.0000000000
1   5   1   10   0.0297864387
1   5   2   6   -0.0000000000
1   5   2   7   0.0351967267
1   5   2   9   -0.0127812697
1   5   2   10   0.0000000000
1   5   3   6   0.0382693057
1   5   3   7   0.0000000000
1   5   3   8   0.0279394505
1   5   3   9   -0.0000000000
1   5   3   10   0.0072260874
1   6   1   6   0.0000000000
1   6   1   7   -0.0569341323
1   6   1   8   -0.0000000000
1   6   1   9   -0.0273818382
1   6   1   10   0.0000000000
1   6   2   6   0.0563745038
1   6   2   7   0.0000000000
1   6   2   8   0.0444360573
1   6   2   9   0.0000000000
1   6   2   10   0.0080824626
1   6   3   6   -0.0000000000
1   6   3   7   -0.0198271422
1   6   3   8   0.0000000000
1   6   3   9   -0.0262619748
1   6   3   10   0.0000000000
2   4   1   6   0.0403895724
2   4   1   7   -0.0000000000
2   4   1   8   -0.0003323003
2   4   1   9   -0.0000000000
2   4   1   10   0.0219946688
2   4   2   6   -0.0000000000
2   4   2   7   0.0305616101
2   4   2   8   0.0000000000
2   4   2   9   -0.0231250174
2   4   2   10   0.0000000000
2   4   3   6   0.0019865052
2   4   3   7   0.0000000000
2   4   3   8   0.0185027190
2   4   3   9   -0.0000000000
2   4   3   10   -0.0052086171
2   5   1   6   -0.0000000000
2   5   1   7   0.0350657073
2   5   1   8   0.0000000000
2   5   1   9   -0.0130467485
2   5   1   10   0.0000000000
2   5   2   6   0.0209574618
2   5   2   7   -0.0000000000
2   5   2   8   -0.0332294519
2   5   2   9   -0.0000000000
2   5   2   10   0.0212341015
2   5   3   6   -0.0000000000
2   5   3   7   -0.0210342178
2   5   3   8   -0.0000000000
2   5   3   9   0.0110757193
2   5   3   10   -0.0000000000
2   6   1   6   0.0584486274
2   6   1   7   0.0000000000
2   6   1   8   0.0452278886
2   6   1   9   0.0000000000
2   6   1   10   0.0090483610
2   6   2   6   0.0000000000
2   6   2   7   -0.0331155579
2   6   2   8   -0.0000000000
2   6   2   9   0.0006322169
2   6   2   10   -0.0000000000
2   6   3   6   -0.0550650731
2   6   3   7   0.0000000000
2   6   3   8   -0.0392299270
2   6   3   9   0.0000000000
2   6   3   10   0.0002185960
3   4   1   6   0.0000000000
3   4   1   7   -0.0200234488
3   4   1   8   -0.0000000000
3   4   1   9   -0.0179040535
3   4   1   10   0.0000000000
3   4   2   6   0.0010583000
3   4   2   7   0.0000000000
3   4   2   8   0.0180960689
3   4   2   9   0.0000000000
3   4   2   10   -0.0054763950
3   4   3   6   -0.0000000000
3   4   3   7   0.0065445924
3   4   3   8   0.0000000000
3   4   3   9   -0.0328579849
3   4   3   10   -0.0000000000
3   5   1   6   0.0385495184
3   5   1   7   0.0000000000
3   5   1   8   0.0280871117
3   5   1   9   0.0000000000
3   5   1   10   0.0078529359
3   5   2   6   0.0000000000
3   5   2   7   -0.0198459912
3   5   2   8   -0.0000000000
3   5   2   9   0.0108103505
3   5   2   10   -0.0000000000
3   5   3   6   0.0167649918
3   5   3   7   0.0000000000
3   5   3   8   -0.0225759103
3   5   3   9   0.0000000000
3   5   3   10   0.0186719212
3   6   1   6   -0.0000000000
3   6   1   7   -0.0206014285
3   6   1   8   -0.0000000000
3   6   1   9   -0.0265214946
3   6   1   10   0.0000000000
3   6   2   6   -0.0578458953
3   6   2   7   -0.0000000000
3   6   2   8   -0.0417636845
3   6   2   9   -0.0000000000
3   6   2   10   -0.0005688449
3   6   3   6   -0.0000000000
3   6   3   7   -0.0338922112
3   6   3   8   -0.0000000000
3   6   3   9   -0.0095647467
3   6   3   10   -0.0000000000

End IJKA Block
Begin IABC Block
1   6   1   6   0.0000000000
1   6   1   7   0.0033171605
1   6   1   8   -0.0000000000
1   6   1   9   -0.0119857536
1   6   1   10   0.0000000000
1   6   2   6   0.0084475347
1   6   2   7   -0.0000000000
1   6   2   8   0.0022305913
1   6   2   9   0.0000000000
1   6   2   10   0.0038698544
1   6   3   6   -0.0000000000
1   6   3   7   -0.0038626972
1   6   3   8   0.0000000001
1   6   3   9   -0.0062466622
1   6   3   10   -0.0000000000
1   6   4   6   -0.0266632104
1   6   4   7   0.0000000000
1   6   4   8   -0.0110164556
1   6   4   9   0.0000000001
1   6   4   10   -0.0093940229
1   6   5   6   0.0000000000
1   6   5   7   0.0058667836
1   6   5   8   -0.0000000002
1   6   5   9   -0.0046922448
1   6   5   10   0.0000000001
1   7   1   6   0.0038622938
1   7   1   7   0.0000000000
1   7   1   8   -0.0005034164
1   7   1   9   0.0000000000
1   7   1   10   0.0062217206
1   7   2   6   0.0000000000
1   7   2   7   0.0071305668
1   7   2   8   0.0000000000
1   7   2   9   -0.0035293503
1   7   2   10   0.0000000000
1   7   3   6   -0.0034580772
1   7   3   7   -0.0000000000
1   7   3   8   0.0010328762
1   7   3   9   -0.0000000001
1   7   3   10   -0.0003947808
1   7   4   6   0.0000000000
1   7   4   7   -0.0112871137
1   7   4   8   0.0000000000
1   7   4   9   -0.0034588156
1   7   4   10   0.0000000000
1   7   5   6   0.0056550688
1   7   5   7   0.0000000001
1   7   5   8   -0.0032623887
1   7   5   9   0.0000000001
1   7   5   10   0.0007901144
1   8   1   6   -0.0000000000
1   8   1   7   -0.0011577522
1   8   1   8   0.0000000002
1   8   1   9   -0.0010621359
1   8   1   10   0.0000000002
1   8   2   6   0.0019595958
1   8   2   7   0.0000000000
1   8   2   8   0.0032608183
1   8   2   9   -0.0000000000
1   8   2   10   -0.0032773478
1   8   3   6   0.0000000001
1   8   3   7   0.0006694414
1   8   3   8   -0.0000000003
1   8   3   9   -0.0030545760
1   8   3   10   -0.0000000003
1   8   4   6   -0.0111191712
1   8   4   7   0.0000000000
1   8   4   8   -0.0103272607
1   8   4   9   -0.0000000001
1   8   4   10   -0.0054700761
1   8   5   6   -0.0000000001
1   8   5   7   -0.0031844865
1   8   5   8   0.0000000009
1   8   5   9   -0.0019309237
1   8   5   10   0.0000000007
1   9   1   6   -0.0132305000
1   9   1   7   0.0000000000
1   9   1   8   -0.0016579843
1   9   1   9   0.0000000000
1   9   1   10   -0.0144001280
1   9   2   6   0.0000000000
1   9   2   7   -0.0039980288
1   9   2   8   -0.0000000000
1   9   2   9   0.0008789850
1   9   2   10   0.0000000000
1   9   3   6   -0.0069154976
1   9   3   7   -0.0000000001
1   9   3   8   -0.0033946362
1   9   3   9   -0.0000000001
1   9   3   10   -0.0045443816
1   9   4   6   0.0000000001
1   9   4   7   -0.0035278850
1   9   4   8   -0.0000000001
1   9   4   9   -0.0075837432
1   9   4   10   0.0000000001
1   9   5   6   -0.0053392049
1   9   5   7   0.0000000002
1   9   5   8   -0.0022862359
1   9   5   9   0.0000000002
1   9   5   10   -0.0043559901
1   10   1   6   0.0000000000
1   10   1   7   0.0067405132
1   10   1   8   0.0000000000
1   10   1   9   -0.0137351445
1   10   1   10   0.0000000000
1   10   2   6   0.0040973687
1   10   2   7   0.0000000000
1   10   2   8   -0.0032793958
1   10   2   9   0.0000000000
1   10   2   10   0.0047055656
1   10   3   6   -0.0000000001
1   10   3   7   -0.0002618564
1   10   3   8   -0.0000000003
1   10   3   9   -0.0042404166
1   10   3   10   -0.0000000005
1   10   4   6   -0.0094709683
1   10   4   7   -0.0000000000
1   10   4   8   -0.0055743734
1   10   4   9   0.0000000001
1   10   4   10   -0.0060307428
1   10   5   6   0.0000000000
1   10   5   7   0.0010126796
1   10   5   8   0.0000000005
1   10   5   9   -0.0040636418
1   10   5   10   0.0000000008
2   6   1   6   0.0146876126
2   6   1   7   -0.0000000000
2   6   1   8   0.0118253346
2   6   1   9   0.0000000000
2   6   1   10   0.0207060210
2   6   2   6   -0.0000000000
2   6   2   7   0.0049649223
2   6   2   8   -0.0000000000
2   6   2   9   -0.0024972204
2   6   2   10   0.0000000000
2   6   3   6   -0.0156127449
2   6   3   7   0.0000000000
2   6   3   8   -0.0067770506
2   6   3   9   0.0000000000
2   6   3   10   0.0026598831
2   6   4   6   0.0000000000
2   6   4   7   -0.0059466839
2   6   4   8   -0.0000000001
2   6   4   9   0.0004715722
2   6   4   10   0.0000000000
2   6   5   6   0.0197311075
2   6   5   8   0.0066863554
2   6   5   9   -0.0000000001
2   6   5   10   0.0065236903
2   7   1   7   0.0005037302
2   7   1   8   0.0000000000
2   7   1   9   -0.0041096957
2   7   1   10   0.0000000000
2   7   2   6   0.0056927460
2   7   2   7   0.0000000000
2   7   2   8   0.0016946748
2   7   2   9   0.0000000000
2   7   2   10   0.0091454484
2   7   3   6   0.0000000000
2   7   3   7   -0.0096061716
2   7   3   8   0.0000000000
2   7   3   9   0.0001697745
2   7   3   10   -0.0000000000
2   7   4   6   -0.0061352259
2   7   4   7   0.0000000000
2   7   4   8   0.0035633441
2   7   4   9   0.0000000001
2   7   4   10   0.0010583345
2   7   5   7   0.0105466556
2   7   5   8   -0.0000000001
2   7   5   9   0.0007823237
2   7   5   10   -0.0000000001
2   8   1   6   0.0105301992
2   8   1   8   -0.0059802190
2   8   1   9   -0.0000000000
2   8   1   10   -0.0029117241
2   8   2   6   -0.0000000000
2   8   2   7   0.0009136454
2   8   2   8   0.0000000001
2   8   2   9   0.0042082546
2   8   2   10   0.0000000000
2   8   3   6   -0.0072751125
2   8   3   7   -0.0000000000
2   8   3   8   -0.0128898187
2   8   3   9   -0.0000000000
2   8   3   10   0.0016488933
2   8   4   6   -0.0000000001
2   8   4   7   0.0035390272
2   8   4   8   0.0000000004
2   8   4   9   0.0011785362
2   8   4   10   0.0000000003
2   8   5   6   0.0063578214
2   8   5   7   -0.0000000001
2   8   5   8   0.0071167427
2   8   5   9   0.0000000001
2   8   5   10   0.0040825218
2   9   1   6   0.0000000000
2   9   1   7   -0.0045219784
2   9   1   8   -0.0000000000
2   9   1   9   0.0284464628
2   9   1   10   0.0000000000
2   9   2   6   -0.0032344869
2   9   2   7   0.0000000000
2   9   2   8   0.0041119016
2   9   2   9   0.0000000000
2   9   2   10   -0.0065574839
2   9   3   6   0.0000000000
2   9   3   7   0.0001725807
2   9   3   8   -0.0000000000
2   9   3   9   0.0025995617
2   9   3   10   0.0000000000
2   9   4   6   0.0001006124
2   9   4   7   0.0000000001
2   9   4   8   0.0011036926
2   9   4   9   0.0000000001
2   9   4   10   -0.0002417667
2   9   5   6   -0.0000000001
2   9   5   7   0.0007117180
2   9   5   8   0.0000000001
2   9   5   9   0.0060856561
2   9   5   10   -0.0000000002
2   10   1   6   0.0213936183
2   10   1   7   0.0000000001
2   10   1   8   -0.0023476430
2   10   1   9   0.0000000001
2   10   1   10   0.0135296729
2   10   2   6   0.0000000000
2   10   2   7   0.0095788898
2   10   2   9   -0.0062330732
2   10   3   6   0.0028517805
2   10   3   7   -0.0000000000
2   10   3   8   0.0018783647
2   10   3   9   0.0000000000
2   10   3   10   -0.0011241255
2   10   4   6   0.0000000000
2   10   4   7   0.0012625388
2   10   4   8   0.0000000003
2   10   4   9   -0.0001229058
2   10   4   10   0.0000000005
2   10   5   6   0.0067912576
2   10   5   7   -0.0000000001
2   10   5   8   0.0043094712
2   10   5   9   -0.0000000001
2   10   5   10   0.0038099392
3   6   1   6   0.0000000000
3   6   1   7   0.0406729234
3   6   1   8   -0.0000000000
3   6   1   9   0.0093084836
3   6   1   10   -0.0000000000
3   6   2   6   -0.0202398924
3   6   2   7   0.0000000000
3   6   2   8   -0.0175890967
3   6   2   9   -0.0000000000
3   6   2   10   -0.0146381999
3   6   3   6   -0.0000000001
3   6   3   7   0.0153813169
3   6   3   8   0.0000000004
3   6   3   9   0.0040088778
3   6   3   10   -0.0000000002
3   6   4   6   -0.0050954721
3   6   4   7   0.0000000000
3   6   4   8   -0.0045214414
3   6   4   9   0.0000000000
3   6   4   10   -0.0084593559
3   6   5   6   0.0000000001
3   6   5   7   -0.0002402907
3   6   5   8   -0.0000000005
3   6   5   9   -0.0028297303
3   6   5   10   0.0000000003
3   7   1   6   0.0375570912
3   7   1   7   0.0000000000
3   7   1   8   -0.0343453258
3   7   1   9   0.0000000000
3   7   1   10   -0.0121865423
3   7   2   6   0.0000000000
3   7   2   7   -0.0026524832
3   7   2   8   -0.0000000000
3   7   2   9   0.0025969533
3   7   2   10   -0.0000000000
3   7   3   6   0.0145679941
3   7   3   7   -0.0000000002
3   7   3   8   -0.0087750164
3   7   3   9   -0.0000000003
3   7   3   10   0.0011904271
3   7   4   6   0.0000000000
3   7   4   7   0.0014709098
3   7   4   8   -0.0000000001
3   7   4   9   -0.0014565562
3   7   4   10   -0.0000000001
3   7   5   6   -0.0015923872
3   7   5   7   0.0000000003
3   7   5   8   -0.0005596051
3   7   5   9   0.0000000004
3   7   5   10   0.0013527490
3   8   1   6   -0.0000000000
3   8   1   7   -0.0322599267
3   8   1   8   0.0000000001
3   8   1   9   0.0107917766
3   8   1   10   0.0000000001
3   8   2   6   -0.0160979588
3   8   2   7   -0.0000000000
3   8   2   8   -0.0034294660
3   8   2   9   0.0000000001
3   8   2   10   0.0050861700
3   8   3   6   0.0000000005
3   8   3   7   -0.0083030594
3   8   3   8   -0.0000000018
3   8   3   9   0.0082187342
3   8   3   10   -0.0000000014
3   8   4   6   -0.0046053781
3   8   4   7   -0.0000000000
3   8   4   8   0.0021589487
3   8   4   9   -0.0000000000
3   8   4   10   -0.0007349171
3   8   5   6   -0.0000000004
3   8   5   7   0.0000580364
3   8   5   8   0.0000000027
3   8   5   9   0.0012115483
3   8   5   10   0.0000000020
3   9   1   6   0.0085441847
3   9   1   7   0.0000000000
3   9   1   8   0.0100924512
3   9   1   9   0.0000000000
3   9   1   10   -0.0273663587
3   9   2   6   -0.0000000000
3   9   2   7   0.0030091573
3   9   2   8   0.0000000000
3   9   2   9   -0.0264074282
3   9   2   10   -0.0000000001
3   9   3   6   0.0031153226
3   9   3   7   -0.0000000003
3   9   3   8   0.0077995628
3   9   3   9   -0.0000000005
3   9   3   10   -0.0133439799
3   9   4   6   0.0000000000
3   9   4   7   -0.0014088524
3   9   4   8   -0.0000000000
3   9   4   9   -0.0093137007
3   9   4   10   0.0000000000
3   9   5   6   -0.0034820394
3   9   5   7   0.0000000004
3   9   5   8   0.0009310891
3   9   5   9   0.0000000007
3   9   5   10   -0.0064219521
3   10   1   6   0.0000000000
3   10   1   7   -0.0116640681
3   10   1   8   -0.0000000001
3   10   1   9   -0.0269994234
3   10   1   10   -0.0000000002
3   10   2   6   -0.0155140714
3   10   2   7   -0.0000000001
3   10   2   8   0.0045821448
3   10   2   9   -0.0000000001
3   10   2   10   -0.0114641765
3   10   3   6   -0.0000000003
3   10   3   7   0.0014115358
3   10   3   8   -0.0000000016
3   10   3   9   -0.0131060679
3   10   3   10   -0.0000000021
3   10   4   6   -0.0086961841
3   10   4   7   -0.0000000001
3   10   4   8   -0.0008094357
3   10   4   9   -0.0000000000
3   10   4   10   -0.0052969490
3   10   5   6   0.0000000001
3   10   5   7   0.0016649715
3   10   5   8   0.0000000018
3   10   5   9   -0.0062025019
3   10   5   10   0.0000000027

End IABC Block
