Begin IJ Block
1   1   -33.0267399987
1   2   -0.5835779638
1   4   0.1849935667
2   2   -7.8694360805
2   4   0.2209131587
3   3   -6.7588073737
4   4   -6.9056704340
5   5   -7.0194605317

End IJ Block
Begin IA Block
1   1   0.1366100659
1   3   0.0000000000
1   4   0.0875102900
1   5   -0.1107880764
2   1   0.6717604498
2   2   0.0000000000
2   3   0.0000000000
2   4   0.1481569468
2   5   -0.5398130892
3   1   -0.0000000000
3   2   0.7810631259
3   3   0.2997727761
3   4   -0.0000000000
3   5   -0.0000000000
4   1   0.3382412026
4   2   -0.0000000000
4   3   -0.0000000001
4   4   -0.8400114835
4   5   -0.7739948158

End IA Block
Begin AB Block
1   1   -2.7927007982
1   2   -0.0000000000
1   3   0.0000000000
1   4   0.0352902074
1   5   0.8167001407
2   2   -2.4315788381
2   3   -0.4667606650
2   4   0.0000000001
2   5   0.0000000000
3   3   -3.1856069917
3   4   0.0000000000
3   5   -0.0000000000
4   4   -2.9791939615
4   5   -0.0783983962
5   5   -3.4530535266

End AB Block
Begin IJAB Block
1   6   1   6   0.0062521833
1   6   1   9   0.0006840882
1   6   1   10   -0.0071541626
1   6   2   7   0.0033102740
1   6   2   8   0.0024828308
1   6   2   9   -0.0000000000
1   6   3   7   0.0024828308
1   6   3   8   0.0018475091
1   6   3   9   0.0000000000
1   6   3   10   0.0000000000
1   6   4   6   0.0006840882
1   6   4   7   -0.0000000000
1   6   4   8   0.0000000000
1   6   4   9   0.0053094050
1   6   4   10   0.0024908939
1   6   5   6   -0.0071541626
1   6   5   8   0.0000000000
1   6   5   9   0.0024908939
1   6   5   10   0.0102014214
1   7   1   6   -0.0007448908
1   7   1   8   0.0000000000
1   7   1   9   0.0019050972
1   7   1   10   0.0018951490
1   7   2   7   -0.0027466388
1   7   2   8   -0.0017086729
1   7   2   9   0.0000000000
1   7   3   6   0.0000000000
1   7   3   7   -0.0020202663
1   7   3   8   -0.0014167591
1   7   3   10   -0.0000000000
1   7   4   6   0.0025791751
1   7   4   7   0.0000000000
1   7   4   9   -0.0021819651
1   7   4   10   -0.0042650633
1   7   5   6   0.0024961174
1   7   5   8   -0.0000000000
1   7   5   9   -0.0036006319
1   7   5   10   -0.0050568392
1   8   1   7   0.0000828228
1   8   1   8   0.0009956273
1   8   2   6   -0.0015801031
1   8   2   9   -0.0001217138
1   8   2   10   0.0002358025
1   8   3   6   -0.0011074480
1   8   3   8   -0.0000000000
1   8   3   9   -0.0003015216
1   8   3   10   0.0000780946
1   8   4   6   0.0000000000
1   8   4   7   0.0002472991
1   8   4   8   -0.0012256737
1   8   4   9   0.0000000000
1   8   5   7   -0.0001488998
1   8   5   8   -0.0020423791
1   8   5   9   0.0000000000
1   9   1   6   -0.0009497872
1   9   1   8   -0.0000000000
1   9   1   9   -0.0015150379
1   9   1   10   0.0002855147
1   9   2   7   0.0009602672
1   9   2   8   0.0020906536
1   9   2   9   -0.0000000000
1   9   3   6   0.0000000000
1   9   3   7   0.0008795656
1   9   3   8   0.0016293344
1   9   4   6   0.0011030578
1   9   4   9   0.0015191780
1   9   4   10   -0.0006394488
1   9   5   6   0.0018729536
1   9   5   8   0.0000000000
1   9   5   9   0.0028357167
1   9   5   10   -0.0008286717
2   6   1   6   -0.0007448908
2   6   1   8   0.0000000000
2   6   1   9   0.0025791751
2   6   1   10   0.0024961174
2   6   2   7   -0.0027466388
2   6   2   8   -0.0020202663
2   6   2   9   0.0000000000
2   6   3   6   0.0000000000
2   6   3   7   -0.0017086729
2   6   3   8   -0.0014167591
2   6   3   10   -0.0000000000
2   6   4   6   0.0019050972
2   6   4   7   0.0000000000
2   6   4   9   -0.0021819651
2   6   4   10   -0.0036006319
2   6   5   6   0.0018951490
2   6   5   8   -0.0000000000
2   6   5   9   -0.0042650633
2   6   5   10   -0.0050568392
2   7   1   6   0.0216777457
2   7   1   8   -0.0000000000
2   7   1   9   -0.0002955861
2   7   1   10   -0.0239479513
2   7   2   7   0.0109537880
2   7   2   8   0.0071150806
2   7   2   9   -0.0000000000
2   7   3   6   -0.0000000000
2   7   3   7   0.0071150806
2   7   3   8   0.0172789216
2   7   3   9   -0.0000000000
2   7   3   10   0.0000000000
2   7   4   6   -0.0002955861
2   7   4   7   -0.0000000000
2   7   4   8   -0.0000000000
2   7   4   9   0.0122409104
2   7   4   10   0.0008774066
2   7   5   6   -0.0239479513
2   7   5   8   0.0000000000
2   7   5   9   0.0008774066
2   7   5   10   0.0369791588
2   8   1   7   0.0174034847
2   8   1   8   0.0069265660
2   8   1   9   -0.0000000000
2   8   2   6   0.0079929106
2   8   2   9   -0.0000196144
2   8   2   10   -0.0032605129
2   8   3   6   0.0061456403
2   8   3   7   0.0000000000
2   8   3   8   0.0000000000
2   8   3   9   0.0053855542
2   8   3   10   -0.0108764186
2   8   4   6   -0.0000000000
2   8   4   7   0.0034875493
2   8   4   8   0.0076677556
2   8   4   9   -0.0000000000
2   8   4   10   0.0000000000
2   8   5   7   -0.0133338875
2   8   5   8   -0.0089874135
2   8   5   9   0.0000000000
2   8   5   10   0.0000000000
2   9   1   6   0.0109023160
2   9   1   8   -0.0000000000
2   9   1   9   -0.0135525629
2   9   1   10   -0.0203599550
2   9   2   7   -0.0019200985
2   9   2   8   -0.0056968077
2   9   2   9   0.0000000000
2   9   3   6   -0.0000000000
2   9   3   7   -0.0019188745
2   9   3   8   0.0022027608
2   9   3   9   -0.0000000000
2   9   3   10   -0.0000000000
2   9   4   6   -0.0029160830
2   9   4   7   0.0000000000
2   9   4   8   -0.0000000000
2   9   4   9   -0.0080545527
2   9   4   10   -0.0056965073
2   9   5   6   -0.0144427598
2   9   5   8   0.0000000000
2   9   5   9   0.0043711776
2   9   5   10   0.0245921116
3   6   1   7   -0.0015801031
3   6   1   8   -0.0011074480
3   6   1   9   0.0000000000
3   6   2   6   0.0000828228
3   6   2   9   0.0002472991
3   6   2   10   -0.0001488998
3   6   3   6   0.0009956273
3   6   3   8   -0.0000000000
3   6   3   9   -0.0012256737
3   6   3   10   -0.0020423791
3   6   4   7   -0.0001217138
3   6   4   8   -0.0003015216
3   6   4   9   0.0000000000
3   6   4   10   0.0000000000
3   6   5   7   0.0002358025
3   6   5   8   0.0000780946
3   7   1   7   0.0079929106
3   7   1   8   0.0061456403
3   7   1   9   -0.0000000000
3   7   2   6   0.0174034847
3   7   2   8   0.0000000000
3   7   2   9   0.0034875493
3   7   2   10   -0.0133338875
3   7   3   6   0.0069265660
3   7   3   8   0.0000000000
3   7   3   9   0.0076677556
3   7   3   10   -0.0089874135
3   7   4   6   -0.0000000000
3   7   4   7   -0.0000196144
3   7   4   8   0.0053855542
3   7   4   9   -0.0000000000
3   7   4   10   0.0000000000
3   7   5   7   -0.0032605129
3   7   5   8   -0.0108764186
3   7   5   9   0.0000000000
3   7   5   10   0.0000000000
3   8   1   6   0.0128406861
3   8   1   8   0.0000000000
3   8   1   9   0.0047394576
3   8   1   10   -0.0172311386
3   8   2   7   0.0259452845
3   8   2   8   0.0171336051
3   8   2   9   -0.0000000000
3   8   2   10   -0.0000000000
3   8   3   6   0.0000000000
3   8   3   7   0.0171336051
3   8   3   8   0.0385315361
3   8   3   9   -0.0000000000
3   8   3   10   -0.0000000000
3   8   4   6   0.0047394576
3   8   4   7   -0.0000000000
3   8   4   8   -0.0000000000
3   8   4   9   0.0124127052
3   8   4   10   -0.0136387658
3   8   5   6   -0.0172311386
3   8   5   7   -0.0000000000
3   8   5   8   -0.0000000000
3   8   5   9   -0.0136387658
3   8   5   10   0.0403604840
3   9   1   7   0.0040688074
3   9   1   8   0.0085957461
3   9   1   9   -0.0000000000
3   9   2   6   0.0094084870
3   9   2   8   -0.0000000000
3   9   2   9   -0.0165891228
3   9   2   10   -0.0188602242
3   9   3   6   0.0103311397
3   9   3   7   -0.0000000000
3   9   3   9   -0.0066453302
3   9   3   10   -0.0171691794
3   9   4   6   -0.0000000000
3   9   4   7   -0.0006826006
3   9   4   8   0.0083718145
3   9   4   9   0.0000000000
3   9   4   10   0.0000000000
3   9   5   7   -0.0101845408
3   9   5   8   -0.0252631043
3   9   5   9   0.0000000000
3   9   5   10   0.0000000000
4   6   1   6   -0.0009497872
4   6   1   8   0.0000000000
4   6   1   9   0.0011030578
4   6   1   10   0.0018729536
4   6   2   7   0.0009602672
4   6   2   8   0.0008795656
4   6   3   6   -0.0000000000
4   6   3   7   0.0020906536
4   6   3   8   0.0016293344
4   6   3   10   0.0000000000
4   6   4   6   -0.0015150379
4   6   4   7   -0.0000000000
4   6   4   9   0.0015191780
4   6   4   10   0.0028357167
4   6   5   6   0.0002855147
4   6   5   9   -0.0006394488
4   6   5   10   -0.0008286717
4   7   1   6   0.0109023160
4   7   1   8   -0.0000000000
4   7   1   9   -0.0029160830
4   7   1   10   -0.0144427598
4   7   2   7   -0.0019200985
4   7   2   8   -0.0019188745
4   7   2   9   0.0000000000
4   7   3   6   -0.0000000000
4   7   3   7   -0.0056968077
4   7   3   8   0.0022027608
4   7   3   9   -0.0000000000
4   7   3   10   0.0000000000
4   7   4   6   -0.0135525629
4   7   4   7   0.0000000000
4   7   4   8   -0.0000000000
4   7   4   9   -0.0080545527
4   7   4   10   0.0043711776
4   7   5   6   -0.0203599550
4   7   5   8   -0.0000000000
4   7   5   9   -0.0056965073
4   7   5   10   0.0245921116
4   8   1   7   0.0094084870
4   8   1   8   0.0103311397
4   8   1   9   -0.0000000000
4   8   2   6   0.0040688074
4   8   2   8   -0.0000000000
4   8   2   9   -0.0006826006
4   8   2   10   -0.0101845408
4   8   3   6   0.0085957461
4   8   3   7   -0.0000000000
4   8   3   9   0.0083718145
4   8   3   10   -0.0252631043
4   8   4   6   -0.0000000000
4   8   4   7   -0.0165891228
4   8   4   8   -0.0066453302
4   8   4   9   0.0000000000
4   8   4   10   0.0000000000
4   8   5   7   -0.0188602242
4   8   5   8   -0.0171691794
4   8   5   9   0.0000000000
4   8   5   10   0.0000000000
4   9   1   6   0.0121070130
4   9   1   8   -0.0000000000
4   9   1   9   -0.0054217864
4   9   1   10   -0.0132834809
4   9   2   7   0.0074852014
4   9   2   8   0.0110861848
4   9   2   9   -0.0000000000
4   9   3   6   -0.0000000000
4   9   3   7   0.0110861848
4   9   3   8   0.0321710082
4   9   3   9   -0.0000000000
4   9   3   10   0.0000000000
4   9   4   6   -0.0054217864
4   9   4   7   -0.0000000000
4   9   4   8   -0.0000000000
4   9   4   9   0.0306101349
4   9   4   10   0.0204404648
4   9   5   6   -0.0132834809
4   9   5   8   0.0000000000
4   9   5   9   0.0204404648
4   9   5   10   0.0316630084
5   10   1   6   0.0098846721
5   10   1   9   0.0007490933
5   10   1   10   -0.0073998010
5   10   2   7   0.0049047071
5   10   2   8   0.0032510110
5   10   2   9   -0.0000000000
5   10   3   7   0.0032510110
5   10   3   8   0.0053363668
5   10   3   9   0.0000000000
5   10   3   10   -0.0000000000
5   10   4   6   0.0007490933
5   10   4   7   -0.0000000000
5   10   4   8   0.0000000000
5   10   4   9   0.0105270196
5   10   4   10   -0.0037140917
5   10   5   6   -0.0073998010
5   10   5   8   -0.0000000000
5   10   5   9   -0.0037140917
5   10   5   10   0.0144007579

End IJAB Block
Begin IJKL Block
1   6   1   6   4.7196683535
1   6   1   7   0.4297811242
1   6   1   9   -0.1365748544
1   6   2   6   0.4297811242
1   6   2   7   0.0602228674
1   6   2   9   -0.0160751981
1   6   3   8   0.0172556245
1   6   4   6   -0.1365748544
1   6   4   7   -0.0160751981
1   6   4   9   0.0267860445
1   6   5   10   0.0258888488
1   7   1   6   0.4297811242
1   7   1   7   1.0481875533
1   7   1   9   -0.0841531213
1   7   2   6   0.0634668500
1   7   2   7   0.0145004918
1   7   2   9   -0.0075855417
1   7   3   8   -0.0232184402
1   7   4   6   -0.0161534196
1   7   4   7   -0.0145389627
1   7   4   9   -0.0223837152
1   7   5   10   -0.0285321703
1   8   1   8   0.8927650439
1   8   2   8   0.0071190680
1   8   3   6   0.0210302645
1   8   3   7   -0.0238437777
1   8   3   9   0.0030476539
1   8   4   8   -0.0075583503
1   9   1   6   -0.1365748544
1   9   1   7   -0.0841531213
1   9   1   9   0.9827498116
1   9   2   6   -0.0161534196
1   9   2   7   -0.0077744485
1   9   2   9   0.0130534524
1   9   3   8   0.0027087568
1   9   4   6   0.0308818355
1   9   4   7   -0.0227905228
1   9   4   9   0.0082777769
1   9   5   10   0.0086123724
1   10   1   10   1.0244183161
1   10   2   10   0.0116511698
1   10   4   10   -0.0047548155
1   10   5   6   0.0305584067
1   10   5   7   -0.0287582847
1   10   5   9   0.0088942776
2   6   1   6   0.4297811242
2   6   1   7   0.0634668500
2   6   1   9   -0.0161534196
2   6   2   6   1.0481875533
2   6   2   7   0.0145004918
2   6   2   9   -0.0145389627
2   6   3   8   -0.0232184402
2   6   4   6   -0.0841531213
2   6   4   7   -0.0075855417
2   6   4   9   -0.0223837152
2   6   5   10   -0.0285321703
2   7   1   6   0.0602228674
2   7   1   7   0.0145004918
2   7   1   9   -0.0077744485
2   7   2   6   0.0145004918
2   7   2   7   0.7448336543
2   7   2   9   0.0174572531
2   7   3   8   0.1436704209
2   7   4   6   -0.0077744485
2   7   4   7   0.0174572531
2   7   4   9   0.1154147468
2   7   5   10   0.1171136315
2   8   1   8   0.0071190680
2   8   2   8   0.6755500484
2   8   3   6   -0.0238437777
2   8   3   7   0.1469793974
2   8   3   9   0.0140334092
2   8   4   8   0.0118595036
2   9   1   6   -0.0160751981
2   9   1   7   -0.0075855417
2   9   1   9   0.0130534524
2   9   2   6   -0.0145389627
2   9   2   7   0.0174572531
2   9   2   9   0.6699547050
2   9   3   8   0.0145910027
2   9   4   6   -0.0227905228
2   9   4   7   0.1188864016
2   9   4   9   -0.0626824245
2   9   5   10   -0.0269836022
2   10   1   10   0.0116511698
2   10   2   10   0.6964237717
2   10   4   10   -0.0317750107
2   10   5   6   -0.0287582847
2   10   5   7   0.1202878497
2   10   5   9   -0.0271097355
3   6   1   8   0.0210302645
3   6   2   8   -0.0238437777
3   6   3   6   0.8927650439
3   6   3   7   0.0071190680
3   6   3   9   -0.0075583503
3   6   4   8   0.0030476539
3   7   1   8   -0.0238437777
3   7   2   8   0.1469793974
3   7   3   6   0.0071190680
3   7   3   7   0.6755500484
3   7   3   9   0.0118595036
3   7   4   8   0.0140334092
3   8   1   6   0.0172556245
3   8   1   7   -0.0232184402
3   8   1   9   0.0027087568
3   8   2   6   -0.0232184402
3   8   2   7   0.1436704209
3   8   2   9   0.0145910027
3   8   3   8   0.6519260716
3   8   4   6   0.0027087568
3   8   4   7   0.0145910027
3   8   4   9   0.0319959242
3   8   5   10   0.0227466916
3   9   1   8   0.0030476539
3   9   2   8   0.0140334092
3   9   3   6   -0.0075583503
3   9   3   7   0.0118595036
3   9   3   9   0.5986137292
3   9   4   8   0.0368400354
3   10   3   10   0.6102068556
3   10   5   8   0.0275358041
4   6   1   6   -0.1365748544
4   6   1   7   -0.0161534196
4   6   1   9   0.0308818355
4   6   2   6   -0.0841531213
4   6   2   7   -0.0077744485
4   6   2   9   -0.0227905228
4   6   3   8   0.0027087568
4   6   4   6   0.9827498116
4   6   4   7   0.0130534524
4   6   4   9   0.0082777769
4   6   5   10   0.0086123724
4   7   1   6   -0.0160751981
4   7   1   7   -0.0145389627
4   7   1   9   -0.0227905228
4   7   2   6   -0.0075855417
4   7   2   7   0.0174572531
4   7   2   9   0.1188864016
4   7   3   8   0.0145910027
4   7   4   6   0.0130534524
4   7   4   7   0.6699547050
4   7   4   9   -0.0626824245
4   7   5   10   -0.0269836022
4   8   1   8   -0.0075583503
4   8   2   8   0.0118595036
4   8   3   6   0.0030476539
4   8   3   7   0.0140334092
4   8   3   9   0.0368400354
4   8   4   8   0.5986137292
4   9   1   6   0.0267860445
4   9   1   7   -0.0223837152
4   9   1   9   0.0082777769
4   9   2   6   -0.0223837152
4   9   2   7   0.1154147468
4   9   2   9   -0.0626824245
4   9   3   8   0.0319959242
4   9   4   6   0.0082777769
4   9   4   7   -0.0626824245
4   9   4   9   0.6968065248
4   9   5   10   0.0326548056
4   10   1   10   -0.0047548155
4   10   2   10   -0.0317750107
4   10   4   10   0.6394250494
4   10   5   6   0.0088942776
4   10   5   7   -0.0271097355
4   10   5   9   0.0373331856
5   6   1   10   0.0305584067
5   6   2   10   -0.0287582847
5   6   4   10   0.0088942776
5   6   5   6   1.0244183161
5   6   5   7   0.0116511698
5   6   5   9   -0.0047548155
5   7   1   10   -0.0287582847
5   7   2   10   0.1202878497
5   7   4   10   -0.0271097355
5   7   5   6   0.0116511698
5   7   5   7   0.6964237717
5   7   5   9   -0.0317750107
5   8   3   10   0.0275358041
5   8   5   8   0.6102068556
5   9   1   10   0.0088942776
5   9   2   10   -0.0271097355
5   9   4   10   0.0373331856
5   9   5   6   -0.0047548155
5   9   5   7   -0.0317750107
5   9   5   9   0.6394250494
5   10   1   6   0.0258888488
5   10   1   7   -0.0285321703
5   10   1   9   0.0086123724
5   10   2   6   -0.0285321703
5   10   2   7   0.1171136315
5   10   2   9   -0.0269836022
5   10   3   8   0.0227466916
5   10   4   6   0.0086123724
5   10   4   7   -0.0269836022
5   10   4   9   0.0326548056
5   10   5   10   0.7138998501

End IJKL Block
Begin ABCD Block
1   6   1   6   0.2446607356
1   6   1   8   -0.0000000000
1   6   1   9   -0.0159758702
1   6   1   10   -0.0300673718
1   6   2   7   0.0602852562
1   6   2   8   0.0009553141
1   6   2   9   -0.0000000000
1   6   3   6   -0.0000000000
1   6   3   7   0.0009553141
1   6   3   8   0.0191148769
1   6   3   9   0.0000000000
1   6   3   10   0.0000000000
1   6   4   6   -0.0159758702
1   6   4   7   -0.0000000000
1   6   4   8   0.0000000000
1   6   4   9   0.0313590876
1   6   4   10   0.0018178143
1   6   5   6   -0.0300673718
1   6   5   8   0.0000000000
1   6   5   9   0.0018178143
1   6   5   10   0.0312458767
1   7   1   7   0.2308623270
1   7   1   8   0.0199255904
1   7   1   9   -0.0000000000
1   7   1   10   -0.0000000000
1   7   2   6   0.0602852562
1   7   2   8   0.0000000000
1   7   2   9   0.0021082657
1   7   2   10   -0.0129949963
1   7   3   6   0.0009553141
1   7   3   7   -0.0000000000
1   7   3   8   -0.0000000000
1   7   3   9   -0.0061359842
1   7   3   10   -0.0087168599
1   7   4   6   -0.0000000000
1   7   4   7   -0.0094382745
1   7   4   8   -0.0102927863
1   7   4   9   0.0000000000
1   7   4   10   0.0000000000
1   7   5   7   -0.0298131010
1   7   5   8   -0.0140325761
1   7   5   9   0.0000000000
1   7   5   10   0.0000000000
1   8   1   6   -0.0000000000
1   8   1   7   0.0199255904
1   8   1   8   0.2526832467
1   8   1   9   -0.0000000000
1   8   1   10   -0.0000000000
1   8   2   6   0.0009553141
1   8   2   7   0.0000000000
1   8   2   8   -0.0000000000
1   8   2   9   -0.0171498200
1   8   2   10   -0.0359749514
1   8   3   6   0.0191148769
1   8   3   7   -0.0000000000
1   8   3   8   0.0000000000
1   8   3   9   0.0128741263
1   8   3   10   -0.0069238840
1   8   4   6   0.0000000000
1   8   4   7   -0.0102927863
1   8   4   8   0.0105942659
1   8   4   9   -0.0000000000
1   8   4   10   0.0000000000
1   8   5   6   0.0000000000
1   8   5   7   -0.0140325761
1   8   5   8   -0.0411064658
1   8   5   9   0.0000000000
1   8   5   10   0.0000000000
1   9   1   6   -0.0159758702
1   9   1   7   -0.0000000000
1   9   1   8   -0.0000000000
1   9   1   9   0.2380536055
1   9   1   10   -0.0143793470
1   9   2   6   -0.0000000000
1   9   2   7   0.0021082657
1   9   2   8   -0.0171498200
1   9   2   9   0.0000000000
1   9   2   10   0.0000000000
1   9   3   6   0.0000000000
1   9   3   7   -0.0061359842
1   9   3   8   0.0128741263
1   9   3   9   0.0000000000
1   9   3   10   0.0000000000
1   9   4   6   0.0313590876
1   9   4   7   0.0000000000
1   9   4   8   -0.0000000000
1   9   4   9   0.0100759771
1   9   4   10   0.0121832720
1   9   5   6   0.0018178143
1   9   5   7   0.0000000000
1   9   5   8   0.0000000000
1   9   5   9   -0.0212127732
1   9   5   10   0.0102443673
1   10   1   6   -0.0300673718
1   10   1   7   -0.0000000000
1   10   1   8   -0.0000000000
1   10   1   9   -0.0143793470
1   10   1   10   0.2663331497
1   10   2   7   -0.0129949963
1   10   2   8   -0.0359749514
1   10   2   9   0.0000000000
1   10   2   10   0.0000000000
1   10   3   6   0.0000000000
1   10   3   7   -0.0087168599
1   10   3   8   -0.0069238840
1   10   3   9   0.0000000000
1   10   4   6   0.0018178143
1   10   4   7   0.0000000000
1   10   4   8   0.0000000000
1   10   4   9   0.0121832720
1   10   4   10   -0.0039095751
1   10   5   6   0.0312458767
1   10   5   7   0.0000000000
1   10   5   8   0.0000000000
1   10   5   9   0.0102443673
1   10   5   10   -0.0638031492
2   6   1   7   0.0602852562
2   6   1   8   0.0009553141
2   6   1   9   -0.0000000000
2   6   2   6   0.2308623270
2   6   2   8   -0.0000000000
2   6   2   9   -0.0094382745
2   6   2   10   -0.0298131010
2   6   3   6   0.0199255904
2   6   3   7   0.0000000000
2   6   3   8   -0.0000000000
2   6   3   9   -0.0102927863
2   6   3   10   -0.0140325761
2   6   4   6   -0.0000000000
2   6   4   7   0.0021082657
2   6   4   8   -0.0061359842
2   6   4   9   0.0000000000
2   6   4   10   0.0000000000
2   6   5   6   -0.0000000000
2   6   5   7   -0.0129949963
2   6   5   8   -0.0087168599
2   6   5   9   0.0000000000
2   6   5   10   0.0000000000
2   7   1   6   0.0602852562
2   7   1   8   0.0000000000
2   7   1   9   0.0021082657
2   7   1   10   -0.0129949963
2   7   2   7   0.2356572381
2   7   2   8   0.0157446625
2   7   2   9   -0.0000000000
2   7   2   10   -0.0000000000
2   7   3   6   0.0000000000
2   7   3   7   0.0157446625
2   7   3   8   0.0147547146
2   7   3   9   -0.0000000000
2   7   4   6   0.0021082657
2   7   4   7   -0.0000000000
2   7   4   8   -0.0000000000
2   7   4   9   0.0056906952
2   7   4   10   -0.0010699618
2   7   5   6   -0.0129949963
2   7   5   7   -0.0000000000
2   7   5   9   -0.0010699618
2   7   5   10   0.0145712985
2   8   1   6   0.0009553141
2   8   1   7   0.0000000000
2   8   1   8   -0.0000000000
2   8   1   9   -0.0171498200
2   8   1   10   -0.0359749514
2   8   2   6   -0.0000000000
2   8   2   7   0.0157446625
2   8   2   8   0.2316726706
2   8   2   9   -0.0000000000
2   8   2   10   -0.0000000000
2   8   3   6   -0.0000000000
2   8   3   7   0.0147547146
2   8   3   8   0.0229608619
2   8   3   9   -0.0000000000
2   8   4   6   -0.0061359842
2   8   4   7   -0.0000000000
2   8   4   8   -0.0000000000
2   8   4   9   -0.0042220638
2   8   4   10   -0.0021184911
2   8   5   6   -0.0087168599
2   8   5   8   0.0000000000
2   8   5   9   0.0004761262
2   8   5   10   0.0174157574
2   9   1   6   -0.0000000000
2   9   1   7   0.0021082657
2   9   1   8   -0.0171498200
2   9   1   9   0.0000000000
2   9   1   10   0.0000000000
2   9   2   6   -0.0094382745
2   9   2   7   -0.0000000000
2   9   2   8   -0.0000000000
2   9   2   9   0.2116088665
2   9   2   10   -0.0148352328
2   9   3   6   -0.0102927863
2   9   3   7   -0.0000000000
2   9   3   8   -0.0000000000
2   9   3   9   0.0147636709
2   9   3   10   -0.0049244605
2   9   4   6   0.0000000000
2   9   4   7   0.0056906952
2   9   4   8   -0.0042220638
2   9   4   9   -0.0000000000
2   9   4   10   -0.0000000000
2   9   5   6   0.0000000000
2   9   5   7   -0.0010699618
2   9   5   8   0.0004761262
2   9   5   9   0.0000000000
2   9   5   10   -0.0000000000
2   10   1   7   -0.0129949963
2   10   1   8   -0.0359749514
2   10   1   9   0.0000000000
2   10   1   10   0.0000000000
2   10   2   6   -0.0298131010
2   10   2   7   -0.0000000000
2   10   2   8   -0.0000000000
2   10   2   9   -0.0148352328
2   10   2   10   0.2484430993
2   10   3   6   -0.0140325761
2   10   3   9   -0.0049244605
2   10   3   10   0.0337647139
2   10   4   6   0.0000000000
2   10   4   7   -0.0010699618
2   10   4   8   -0.0021184911
2   10   4   9   -0.0000000000
2   10   4   10   -0.0000000000
2   10   5   6   0.0000000000
2   10   5   7   0.0145712985
2   10   5   8   0.0174157574
2   10   5   9   -0.0000000000
2   10   5   10   -0.0000000000
3   6   1   6   -0.0000000000
3   6   1   7   0.0009553141
3   6   1   8   0.0191148769
3   6   1   9   0.0000000000
3   6   1   10   0.0000000000
3   6   2   6   0.0199255904
3   6   2   7   0.0000000000
3   6   2   8   -0.0000000000
3   6   2   9   -0.0102927863
3   6   2   10   -0.0140325761
3   6   3   6   0.2526832467
3   6   3   7   -0.0000000000
3   6   3   8   0.0000000000
3   6   3   9   0.0105942659
3   6   3   10   -0.0411064658
3   6   4   6   -0.0000000000
3   6   4   7   -0.0171498200
3   6   4   8   0.0128741263
3   6   4   9   -0.0000000000
3   6   4   10   0.0000000000
3   6   5   6   -0.0000000000
3   6   5   7   -0.0359749514
3   6   5   8   -0.0069238840
3   6   5   9   0.0000000000
3   6   5   10   0.0000000000
3   7   1   6   0.0009553141
3   7   1   7   -0.0000000000
3   7   1   8   -0.0000000000
3   7   1   9   -0.0061359842
3   7   1   10   -0.0087168599
3   7   2   6   0.0000000000
3   7   2   7   0.0157446625
3   7   2   8   0.0147547146
3   7   2   9   -0.0000000000
3   7   3   6   -0.0000000000
3   7   3   7   0.2316726706
3   7   3   8   0.0229608619
3   7   3   9   -0.0000000000
3   7   3   10   0.0000000000
3   7   4   6   -0.0171498200
3   7   4   7   -0.0000000000
3   7   4   8   -0.0000000000
3   7   4   9   -0.0042220638
3   7   4   10   0.0004761262
3   7   5   6   -0.0359749514
3   7   5   7   -0.0000000000
3   7   5   9   -0.0021184911
3   7   5   10   0.0174157574
3   8   1   6   0.0191148769
3   8   1   7   -0.0000000000
3   8   1   8   0.0000000000
3   8   1   9   0.0128741263
3   8   1   10   -0.0069238840
3   8   2   6   -0.0000000000
3   8   2   7   0.0147547146
3   8   2   8   0.0229608619
3   8   2   9   -0.0000000000
3   8   3   6   0.0000000000
3   8   3   7   0.0229608619
3   8   3   8   0.3209327918
3   8   3   9   0.0000000000
3   8   3   10   0.0000000000
3   8   4   6   0.0128741263
3   8   4   7   -0.0000000000
3   8   4   8   0.0000000000
3   8   4   9   0.0257878004
3   8   4   10   0.0125181494
3   8   5   6   -0.0069238840
3   8   5   8   0.0000000000
3   8   5   9   0.0125181494
3   8   5   10   0.0418243594
3   9   1   6   0.0000000000
3   9   1   7   -0.0061359842
3   9   1   8   0.0128741263
3   9   1   9   0.0000000000
3   9   1   10   0.0000000000
3   9   2   6   -0.0102927863
3   9   2   7   -0.0000000000
3   9   2   8   -0.0000000000
3   9   2   9   0.0147636709
3   9   2   10   -0.0049244605
3   9   3   6   0.0105942659
3   9   3   7   -0.0000000000
3   9   3   8   0.0000000000
3   9   3   9   0.2862488133
3   9   3   10   -0.0031998303
3   9   4   6   -0.0000000000
3   9   4   7   -0.0042220638
3   9   4   8   0.0257878004
3   9   4   9   -0.0000000000
3   9   5   6   0.0000000000
3   9   5   7   -0.0021184911
3   9   5   8   0.0125181494
3   9   5   9   0.0000000000
3   9   5   10   0.0000000000
3   10   1   6   0.0000000000
3   10   1   7   -0.0087168599
3   10   1   8   -0.0069238840
3   10   1   9   0.0000000000
3   10   2   6   -0.0140325761
3   10   2   9   -0.0049244605
3   10   2   10   0.0337647139
3   10   3   6   -0.0411064658
3   10   3   7   0.0000000000
3   10   3   8   0.0000000000
3   10   3   9   -0.0031998303
3   10   3   10   0.3072049323
3   10   4   6   0.0000000000
3   10   4   7   0.0004761262
3   10   4   8   0.0125181494
3   10   4   10   -0.0000000000
3   10   5   6   0.0000000000
3   10   5   7   0.0174157574
3   10   5   8   0.0418243594
3   10   5   9   0.0000000000
3   10   5   10   -0.0000000000
4   6   1   6   -0.0159758702
4   6   1   7   -0.0000000000
4   6   1   8   0.0000000000
4   6   1   9   0.0313590876
4   6   1   10   0.0018178143
4   6   2   6   -0.0000000000
4   6   2   7   0.0021082657
4   6   2   8   -0.0061359842
4   6   2   9   0.0000000000
4   6   2   10   0.0000000000
4   6   3   6   -0.0000000000
4   6   3   7   -0.0171498200
4   6   3   8   0.0128741263
4   6   3   9   -0.0000000000
4   6   3   10   0.0000000000
4   6   4   6   0.2380536055
4   6   4   7   0.0000000000
4   6   4   8   0.0000000000
4   6   4   9   0.0100759771
4   6   4   10   -0.0212127732
4   6   5   6   -0.0143793470
4   6   5   7   0.0000000000
4   6   5   8   0.0000000000
4   6   5   9   0.0121832720
4   6   5   10   0.0102443673
4   7   1   6   -0.0000000000
4   7   1   7   -0.0094382745
4   7   1   8   -0.0102927863
4   7   1   9   0.0000000000
4   7   1   10   0.0000000000
4   7   2   6   0.0021082657
4   7   2   7   -0.0000000000
4   7   2   8   -0.0000000000
4   7   2   9   0.0056906952
4   7   2   10   -0.0010699618
4   7   3   6   -0.0171498200
4   7   3   7   -0.0000000000
4   7   3   8   -0.0000000000
4   7   3   9   -0.0042220638
4   7   3   10   0.0004761262
4   7   4   6   0.0000000000
4   7   4   7   0.2116088665
4   7   4   8   0.0147636709
4   7   4   9   -0.0000000000
4   7   4   10   0.0000000000
4   7   5   6   0.0000000000
4   7   5   7   -0.0148352328
4   7   5   8   -0.0049244605
4   7   5   9   -0.0000000000
4   7   5   10   -0.0000000000
4   8   1   6   0.0000000000
4   8   1   7   -0.0102927863
4   8   1   8   0.0105942659
4   8   1   9   -0.0000000000
4   8   1   10   0.0000000000
4   8   2   6   -0.0061359842
4   8   2   7   -0.0000000000
4   8   2   8   -0.0000000000
4   8   2   9   -0.0042220638
4   8   2   10   -0.0021184911
4   8   3   6   0.0128741263
4   8   3   7   -0.0000000000
4   8   3   8   0.0000000000
4   8   3   9   0.0257878004
4   8   3   10   0.0125181494
4   8   4   6   0.0000000000
4   8   4   7   0.0147636709
4   8   4   8   0.2862488133
4   8   4   9   -0.0000000000
4   8   4   10   0.0000000000
4   8   5   6   0.0000000000
4   8   5   7   -0.0049244605
4   8   5   8   -0.0031998303
4   8   5   10   0.0000000000
4   9   1   6   0.0313590876
4   9   1   7   0.0000000000
4   9   1   8   -0.0000000000
4   9   1   9   0.0100759771
4   9   1   10   0.0121832720
4   9   2   6   0.0000000000
4   9   2   7   0.0056906952
4   9   2   8   -0.0042220638
4   9   2   9   -0.0000000000
4   9   2   10   -0.0000000000
4   9   3   6   -0.0000000000
4   9   3   7   -0.0042220638
4   9   3   8   0.0257878004
4   9   3   9   -0.0000000000
4   9   4   6   0.0100759771
4   9   4   7   -0.0000000000
4   9   4   8   -0.0000000000
4   9   4   9   0.2960606263
4   9   4   10   0.0077828571
4   9   5   6   0.0121832720
4   9   5   7   -0.0000000000
4   9   5   9   0.0077828571
4   9   5   10   0.0217360332
4   10   1   6   0.0018178143
4   10   1   7   0.0000000000
4   10   1   8   0.0000000000
4   10   1   9   0.0121832720
4   10   1   10   -0.0039095751
4   10   2   6   0.0000000000
4   10   2   7   -0.0010699618
4   10   2   8   -0.0021184911
4   10   2   9   -0.0000000000
4   10   2   10   -0.0000000000
4   10   3   6   0.0000000000
4   10   3   7   0.0004761262
4   10   3   8   0.0125181494
4   10   3   10   -0.0000000000
4   10   4   6   -0.0212127732
4   10   4   7   0.0000000000
4   10   4   8   0.0000000000
4   10   4   9   0.0077828571
4   10   4   10   0.2728459158
4   10   5   6   0.0102443673
4   10   5   7   -0.0000000000
4   10   5   8   0.0000000000
4   10   5   9   0.0217360332
4   10   5   10   -0.0201855716
5   6   1   6   -0.0300673718
5   6   1   8   0.0000000000
5   6   1   9   0.0018178143
5   6   1   10   0.0312458767
5   6   2   6   -0.0000000000
5   6   2   7   -0.0129949963
5   6   2   8   -0.0087168599
5   6   2   9   0.0000000000
5   6   2   10   0.0000000000
5   6   3   6   -0.0000000000
5   6   3   7   -0.0359749514
5   6   3   8   -0.0069238840
5   6   3   9   0.0000000000
5   6   3   10   0.0000000000
5   6   4   6   -0.0143793470
5   6   4   7   0.0000000000
5   6   4   8   0.0000000000
5   6   4   9   0.0121832720
5   6   4   10   0.0102443673
5   6   5   6   0.2663331497
5   6   5   7   0.0000000000
5   6   5   9   -0.0039095751
5   6   5   10   -0.0638031492
5   7   1   7   -0.0298131010
5   7   1   8   -0.0140325761
5   7   1   9   0.0000000000
5   7   1   10   0.0000000000
5   7   2   6   -0.0129949963
5   7   2   7   -0.0000000000
5   7   2   9   -0.0010699618
5   7   2   10   0.0145712985
5   7   3   6   -0.0359749514
5   7   3   7   -0.0000000000
5   7   3   9   -0.0021184911
5   7   3   10   0.0174157574
5   7   4   6   0.0000000000
5   7   4   7   -0.0148352328
5   7   4   8   -0.0049244605
5   7   4   9   -0.0000000000
5   7   4   10   -0.0000000000
5   7   5   6   0.0000000000
5   7   5   7   0.2484430993
5   7   5   8   0.0337647139
5   7   5   9   -0.0000000000
5   7   5   10   -0.0000000000
5   8   1   6   0.0000000000
5   8   1   7   -0.0140325761
5   8   1   8   -0.0411064658
5   8   1   9   0.0000000000
5   8   1   10   0.0000000000
5   8   2   6   -0.0087168599
5   8   2   8   0.0000000000
5   8   2   9   0.0004761262
5   8   2   10   0.0174157574
5   8   3   6   -0.0069238840
5   8   3   8   0.0000000000
5   8   3   9   0.0125181494
5   8   3   10   0.0418243594
5   8   4   6   0.0000000000
5   8   4   7   -0.0049244605
5   8   4   8   -0.0031998303
5   8   4   10   0.0000000000
5   8   5   7   0.0337647139
5   8   5   8   0.3072049323
5   8   5   9   -0.0000000000
5   8   5   10   -0.0000000000
5   9   1   6   0.0018178143
5   9   1   7   0.0000000000
5   9   1   8   0.0000000000
5   9   1   9   -0.0212127732
5   9   1   10   0.0102443673
5   9   2   6   0.0000000000
5   9   2   7   -0.0010699618
5   9   2   8   0.0004761262
5   9   2   9   0.0000000000
5   9   2   10   -0.0000000000
5   9   3   6   0.0000000000
5   9   3   7   -0.0021184911
5   9   3   8   0.0125181494
5   9   3   9   0.0000000000
5   9   3   10   0.0000000000
5   9   4   6   0.0121832720
5   9   4   7   -0.0000000000
5   9   4   9   0.0077828571
5   9   4   10   0.0217360332
5   9   5   6   -0.0039095751
5   9   5   7   -0.0000000000
5   9   5   8   -0.0000000000
5   9   5   9   0.2728459158
5   9   5   10   -0.0201855716
5   10   1   6   0.0312458767
5   10   1   7   0.0000000000
5   10   1   8   0.0000000000
5   10   1   9   0.0102443673
5   10   1   10   -0.0638031492
5   10   2   6   0.0000000000
5   10   2   7   0.0145712985
5   10   2   8   0.0174157574
5   10   2   9   -0.0000000000
5   10   2   10   -0.0000000000
5   10   3   6   0.0000000000
5   10   3   7   0.0174157574
5   10   3   8   0.0418243594
5   10   3   9   0.0000000000
5   10   3   10   -0.0000000000
5   10   4   6   0.0102443673
5   10   4   7   -0.0000000000
5   10   4   8   0.0000000000
5   10   4   9   0.0217360332
5   10   4   10   -0.0201855716
5   10   5   6   -0.0638031492
5   10   5   7   -0.0000000000
5   10   5   8   -0.0000000000
5   10   5   9   -0.0201855716
5   10   5   10   0.3428816272

End ABCD Block
Begin AIJB Block
1   6   1   6   0.0056661490
1   6   1   9   0.0005810329
1   6   1   10   -0.0065079599
1   6   2   6   -0.0004396128
1   6   2   8   0.0000000000
1   6   2   9   0.0024799462
1   6   2   10   0.0020861869
1   6   3   7   -0.0013461042
1   6   3   8   -0.0009042070
1   6   3   9   0.0000000000
1   6   4   6   -0.0006772678
1   6   4   9   0.0010321797
1   6   4   10   0.0014854683
1   7   1   6   -0.0004396128
1   7   1   8   0.0000000000
1   7   1   9   0.0018131364
1   7   1   10   0.0015121393
1   7   2   6   0.0189429384
1   7   2   8   -0.0000000000
1   7   2   9   -0.0005270266
1   7   2   10   -0.0213446700
1   7   3   7   0.0056160415
1   7   3   8   0.0044842621
1   7   3   9   -0.0000000000
1   7   4   6   0.0101683194
1   7   4   8   -0.0000000000
1   7   4   9   -0.0018657170
1   7   4   10   -0.0128209517
1   8   1   7   0.0003419892
1   8   1   8   0.0011600812
1   8   1   9   -0.0000000000
1   8   2   7   0.0157773021
1   8   2   8   0.0059853960
1   8   2   9   -0.0000000000
1   8   3   6   0.0110482932
1   8   3   8   0.0000000000
1   8   3   9   0.0046701626
1   8   3   10   -0.0161332008
1   8   4   7   0.0097347405
1   8   4   8   0.0104871691
1   8   4   9   -0.0000000000
1   9   1   6   -0.0006772678
1   9   1   8   -0.0000000000
1   9   1   9   -0.0016444155
1   9   1   10   -0.0000888889
1   9   2   6   0.0101683194
1   9   2   8   -0.0000000000
1   9   2   9   -0.0133831790
1   9   2   10   -0.0191202222
1   9   3   7   0.0038060266
1   9   3   8   0.0084860620
1   9   3   9   -0.0000000000
1   9   4   6   0.0112492790
1   9   4   8   -0.0000000000
1   9   4   9   -0.0068594120
1   9   4   10   -0.0135535845
1   10   5   6   0.0076139926
1   10   5   9   0.0001847629
1   10   5   10   -0.0056333968
2   6   1   7   0.0029930944
2   6   1   8   0.0022558666
2   6   1   9   -0.0000000000
2   6   2   7   -0.0024929939
2   6   2   8   -0.0018483756
2   6   2   9   0.0000000000
2   6   3   6   0.0003419892
2   6   3   9   0.0003362968
2   6   3   10   -0.0003625017
2   6   4   7   0.0008887617
2   6   4   8   0.0008221461
2   7   1   7   -0.0024929939
2   7   1   8   -0.0015362344
2   7   1   9   0.0000000000
2   7   2   7   0.0086020099
2   7   2   8   0.0057477449
2   7   2   9   -0.0000000000
2   7   3   6   0.0157773021
2   7   3   8   0.0000000000
2   7   3   9   0.0031492683
2   7   3   10   -0.0129640025
2   7   4   7   -0.0015855785
2   7   4   8   -0.0015509402
2   7   4   9   0.0000000000
2   8   1   6   -0.0013461042
2   8   1   9   -0.0000279806
2   8   1   10   0.0000815427
2   8   2   6   0.0056160415
2   8   2   9   -0.0007732103
2   8   2   10   -0.0017433361
2   8   3   7   0.0224882395
2   8   3   8   0.0155283307
2   8   3   9   -0.0000000000
2   8   3   10   -0.0000000000
2   8   4   6   0.0038060266
2   8   4   9   0.0001713178
2   8   4   10   -0.0088524806
2   9   1   7   0.0008887617
2   9   1   8   0.0019912703
2   9   1   9   -0.0000000000
2   9   2   7   -0.0015855785
2   9   2   8   -0.0055003754
2   9   2   9   0.0000000000
2   9   3   6   0.0097347405
2   9   3   8   -0.0000000000
2   9   3   9   -0.0163837268
2   9   3   10   -0.0187767304
2   9   4   7   0.0052019631
2   9   4   8   0.0095122525
2   9   4   9   -0.0000000000
2   10   5   7   0.0030835568
2   10   5   8   0.0022051972
2   10   5   9   -0.0000000000
3   6   1   7   0.0022558666
3   6   1   8   0.0017159137
3   6   1   9   0.0000000000
3   6   1   10   0.0000000000
3   6   2   6   0.0000000000
3   6   2   7   -0.0015362344
3   6   2   8   -0.0012389146
3   6   2   10   -0.0000000000
3   6   3   6   0.0011600812
3   6   3   8   -0.0000000000
3   6   3   9   -0.0011139330
3   6   3   10   -0.0021977536
3   6   4   6   -0.0000000000
3   6   4   7   0.0019912703
3   6   4   8   0.0016161244
3   6   4   10   0.0000000000
3   7   1   6   0.0000000000
3   7   1   7   -0.0018483756
3   7   1   8   -0.0012389146
3   7   1   10   -0.0000000000
3   7   2   6   -0.0000000000
3   7   2   7   0.0057477449
3   7   2   8   0.0151293023
3   7   2   9   -0.0000000000
3   7   2   10   0.0000000000
3   7   3   6   0.0059853960
3   7   3   8   0.0000000000
3   7   3   9   0.0070799888
3   7   3   10   -0.0082556558
3   7   4   6   -0.0000000000
3   7   4   7   -0.0055003754
3   7   4   8   0.0016050821
3   7   4   9   -0.0000000000
3   7   4   10   0.0000000000
3   8   1   6   -0.0009042070
3   8   1   8   -0.0000000000
3   8   1   9   -0.0001649623
3   8   1   10   -0.0001152766
3   8   2   6   0.0044842621
3   8   2   7   0.0000000000
3   8   2   8   0.0000000000
3   8   2   9   0.0040805850
3   8   2   10   -0.0092773938
3   8   3   6   0.0000000000
3   8   3   7   0.0155283307
3   8   3   8   0.0364956413
3   8   3   9   -0.0000000000
3   8   3   10   -0.0000000000
3   8   4   6   0.0084860620
3   8   4   7   -0.0000000000
3   8   4   8   0.0000000000
3   8   4   9   0.0092367690
3   8   4   10   -0.0241716325
3   9   1   7   0.0008221461
3   9   1   8   0.0016161244
3   9   2   6   -0.0000000000
3   9   2   7   -0.0015509402
3   9   2   8   0.0016050821
3   9   2   9   -0.0000000000
3   9   2   10   -0.0000000000
3   9   3   6   0.0104871691
3   9   3   8   0.0000000000
3   9   3   9   -0.0067563024
3   9   3   10   -0.0169602167
3   9   4   6   -0.0000000000
3   9   4   7   0.0095122525
3   9   4   8   0.0304300942
3   9   4   9   -0.0000000000
3   9   4   10   0.0000000000
3   10   5   7   0.0022051972
3   10   5   8   0.0051610036
3   10   5   9   0.0000000000
3   10   5   10   -0.0000000000
4   6   1   6   0.0005810329
4   6   1   7   -0.0000000000
4   6   1   8   0.0000000000
4   6   1   9   0.0048556234
4   6   1   10   0.0023047397
4   6   2   6   0.0018131364
4   6   2   7   0.0000000000
4   6   2   9   -0.0019260406
4   6   2   10   -0.0033632931
4   6   3   6   -0.0000000000
4   6   3   7   -0.0000279806
4   6   3   8   -0.0001649623
4   6   3   9   0.0000000000
4   6   3   10   0.0000000000
4   6   4   6   -0.0016444155
4   6   4   7   -0.0000000000
4   6   4   9   0.0012227827
4   6   4   10   0.0027369601
4   7   1   6   0.0024799462
4   7   1   7   0.0000000000
4   7   1   9   -0.0019260406
4   7   1   10   -0.0039990498
4   7   2   6   -0.0005270266
4   7   2   7   -0.0000000000
4   7   2   8   -0.0000000000
4   7   2   9   0.0105751705
4   7   2   10   0.0005528438
4   7   3   6   -0.0000000000
4   7   3   7   -0.0007732103
4   7   3   8   0.0040805850
4   7   3   9   -0.0000000000
4   7   3   10   0.0000000000
4   7   4   6   -0.0133831790
4   7   4   7   0.0000000000
4   7   4   8   -0.0000000000
4   7   4   9   -0.0070601010
4   7   4   10   0.0061185752
4   8   1   6   0.0000000000
4   8   1   7   0.0003362968
4   8   1   8   -0.0011139330
4   8   1   9   0.0000000000
4   8   2   6   -0.0000000000
4   8   2   7   0.0031492683
4   8   2   8   0.0070799888
4   8   2   9   -0.0000000000
4   8   2   10   0.0000000000
4   8   3   6   0.0046701626
4   8   3   7   -0.0000000000
4   8   3   8   -0.0000000000
4   8   3   9   0.0117217635
4   8   3   10   -0.0138520826
4   8   4   6   -0.0000000000
4   8   4   7   -0.0163837268
4   8   4   8   -0.0067563024
4   8   4   10   0.0000000000
4   9   1   6   0.0010321797
4   9   1   9   0.0012227827
4   9   1   10   -0.0007639078
4   9   2   6   -0.0018657170
4   9   2   7   0.0000000000
4   9   2   8   -0.0000000000
4   9   2   9   -0.0070601010
4   9   2   10   -0.0053373525
4   9   3   6   -0.0000000000
4   9   3   7   0.0001713178
4   9   3   8   0.0092367690
4   9   3   10   0.0000000000
4   9   4   6   -0.0068594120
4   9   4   7   -0.0000000000
4   9   4   8   -0.0000000000
4   9   4   9   0.0292485447
4   9   4   10   0.0199579791
4   10   5   6   0.0001847629
4   10   5   7   -0.0000000000
4   10   5   8   0.0000000000
4   10   5   9   0.0106713908
4   10   5   10   -0.0040235643
5   6   1   6   -0.0065079599
5   6   1   8   0.0000000000
5   6   1   9   0.0023047397
5   6   1   10   0.0093313495
5   6   2   6   0.0015121393
5   6   2   8   -0.0000000000
5   6   2   9   -0.0039990498
5   6   2   10   -0.0044156930
5   6   3   7   0.0000815427
5   6   3   8   -0.0001152766
5   6   4   6   -0.0000888889
5   6   4   9   -0.0007639078
5   6   4   10   -0.0004079936
5   7   1   6   0.0020861869
5   7   1   8   -0.0000000000
5   7   1   9   -0.0033632931
5   7   1   10   -0.0044156930
5   7   2   6   -0.0213446700
5   7   2   8   0.0000000000
5   7   2   9   0.0005528438
5   7   2   10   0.0330638519
5   7   3   7   -0.0017433361
5   7   3   8   -0.0092773938
5   7   3   9   0.0000000000
5   7   4   6   -0.0191202222
5   7   4   8   -0.0000000000
5   7   4   9   -0.0053373525
5   7   4   10   0.0229789729
5   8   1   7   -0.0003625017
5   8   1   8   -0.0021977536
5   8   1   9   0.0000000000
5   8   2   7   -0.0129640025
5   8   2   8   -0.0082556558
5   8   2   9   0.0000000000
5   8   3   6   -0.0161332008
5   8   3   7   -0.0000000000
5   8   3   8   -0.0000000000
5   8   3   9   -0.0138520826
5   8   3   10   0.0386214145
5   8   4   7   -0.0187767304
5   8   4   8   -0.0169602167
5   8   4   9   0.0000000000
5   8   4   10   0.0000000000
5   9   1   6   0.0014854683
5   9   1   8   0.0000000000
5   9   1   9   0.0027369601
5   9   1   10   -0.0004079936
5   9   2   6   -0.0128209517
5   9   2   8   0.0000000000
5   9   2   9   0.0061185752
5   9   2   10   0.0229789729
5   9   3   7   -0.0088524806
5   9   3   8   -0.0241716325
5   9   3   9   0.0000000000
5   9   3   10   0.0000000000
5   9   4   6   -0.0135535845
5   9   4   8   0.0000000000
5   9   4   9   0.0199579791
5   9   4   10   0.0310014200
5   10   5   6   -0.0056333968
5   10   5   8   -0.0000000000
5   10   5   9   -0.0040235643
5   10   5   10   0.0127055112

1   6   6   1   -0.3208882067
1   6   6   3   0.0000000000
1   6   6   4   0.0068580277
1   6   6   5   0.1215791086
1   6   7   1   -0.0010051501
1   6   7   4   -0.0003196163
1   6   7   5   0.0012535299
1   6   8   2   0.0032116395
1   6   8   3   0.0004736354
1   6   9   1   0.0039213389
1   6   9   3   -0.0000000000
1   6   9   4   -0.0024881022
1   6   9   5   -0.0050239087
1   7   6   1   -0.0010051501
1   7   6   4   -0.0003272520
1   7   6   5   0.0012395652
1   7   7   1   -0.2992243074
1   7   7   3   0.0000000000
1   7   7   4   0.0085425625
1   7   7   5   0.0899985548
1   7   8   2   -0.0354272617
1   7   8   3   -0.0040435035
1   7   8   4   0.0000000000
1   7   8   5   0.0000000000
1   7   9   1   -0.0198384618
1   7   9   3   0.0000000000
1   7   9   4   0.0215115667
1   7   9   5   0.0207359218
1   8   6   2   0.0032249549
1   8   6   3   0.0005399583
1   8   7   2   -0.0353911117
1   8   7   3   -0.0041524790
1   8   7   4   0.0000000000
1   8   7   5   0.0000000000
1   8   8   1   -0.2947649432
1   8   8   3   0.0000000000
1   8   8   4   0.0025883493
1   8   8   5   0.0872995635
1   8   9   2   -0.0104848937
1   8   9   3   -0.0095698841
1   8   9   4   0.0000000000
1   9   6   1   0.0039213389
1   9   6   3   -0.0000000000
1   9   6   4   -0.0025090245
1   9   6   5   -0.0050463753
1   9   7   1   -0.0198384618
1   9   7   3   0.0000000000
1   9   7   4   0.0213962993
1   9   7   5   0.0207142976
1   9   8   2   -0.0105648419
1   9   8   3   -0.0096833073
1   9   8   4   0.0000000000
1   9   9   1   -0.2826832216
1   9   9   4   -0.0021871390
1   9   9   5   0.0699484305
1   10   10   1   -0.2867984553
1   10   10   3   0.0000000000
1   10   10   4   0.0036363793
1   10   10   5   0.0740084297
2   6   6   2   -0.2866024833
2   6   6   3   -0.0672995294
2   6   6   4   0.0000000000
2   6   6   5   0.0000000000
2   6   7   2   -0.0009448398
2   6   7   3   -0.0008490448
2   6   8   1   0.0032249549
2   6   8   4   0.0008807346
2   6   8   5   -0.0014981029
2   6   9   2   0.0012141886
2   6   9   3   0.0001311224
2   7   6   2   -0.0009448398
2   7   6   3   -0.0008390715
2   7   7   2   -0.2641841971
2   7   7   3   -0.0486581109
2   7   7   4   0.0000000000
2   7   7   5   0.0000000000
2   7   8   1   -0.0353911117
2   7   8   3   -0.0000000000
2   7   8   4   -0.0046951554
2   7   8   5   0.0175078104
2   7   9   2   -0.0096642742
2   7   9   3   -0.0039606146
2   7   9   4   0.0000000000
2   8   6   1   0.0032116395
2   8   6   4   0.0009391360
2   8   6   5   -0.0015086496
2   8   7   1   -0.0354272617
2   8   7   3   -0.0000000000
2   8   7   4   -0.0047796989
2   8   7   5   0.0175939878
2   8   8   2   -0.2682589454
2   8   8   3   -0.0491515237
2   8   8   4   0.0000000000
2   8   8   5   0.0000000000
2   8   9   1   -0.0105648419
2   8   9   3   0.0000000000
2   8   9   4   0.0034317235
2   8   9   5   0.0100452111
2   9   6   2   0.0012141886
2   9   6   3   0.0001729099
2   9   7   2   -0.0096642742
2   9   7   3   -0.0041147967
2   9   7   4   0.0000000000
2   9   8   1   -0.0104848937
2   9   8   3   0.0000000000
2   9   8   4   0.0030704307
2   9   8   5   0.0100211789
2   9   9   2   -0.2519611523
2   9   9   3   -0.0455637801
2   9   9   4   0.0000000000
2   9   9   5   0.0000000000
2   10   10   2   -0.2539383675
2   10   10   3   -0.0422132519
2   10   10   4   0.0000000000
2   10   10   5   0.0000000000
3   6   6   1   0.0000000000
3   6   6   2   -0.0672995294
3   6   6   3   -0.3904993113
3   6   6   4   0.0000000000
3   6   6   5   -0.0000000000
3   6   7   2   -0.0008390715
3   6   7   3   -0.0007485964
3   6   7   5   -0.0000000000
3   6   8   1   0.0005399583
3   6   8   4   0.0000506059
3   6   8   5   -0.0017962045
3   6   9   1   -0.0000000000
3   6   9   2   0.0001729099
3   6   9   3   -0.0003471772
3   6   9   4   -0.0000000000
3   7   6   2   -0.0008490448
3   7   6   3   -0.0007485964
3   7   6   5   -0.0000000000
3   7   7   1   0.0000000000
3   7   7   2   -0.0486581109
3   7   7   3   -0.3729678360
3   7   7   4   0.0000000000
3   7   7   5   0.0000000000
3   7   8   1   -0.0041524790
3   7   8   2   -0.0000000000
3   7   8   3   0.0000000000
3   7   8   4   0.0079579650
3   7   8   5   0.0362790494
3   7   9   1   0.0000000000
3   7   9   2   -0.0041147967
3   7   9   3   -0.0006722731
3   7   9   4   0.0000000000
3   7   9   5   0.0000000000
3   8   6   1   0.0004736354
3   8   6   4   0.0001343356
3   8   6   5   -0.0017102347
3   8   7   1   -0.0040435035
3   8   7   2   -0.0000000000
3   8   7   3   0.0000000000
3   8   7   4   0.0078591679
3   8   7   5   0.0360425555
3   8   8   1   0.0000000000
3   8   8   2   -0.0491515237
3   8   8   3   -0.3765989378
3   8   8   4   0.0000000000
3   8   8   5   0.0000000000
3   8   9   1   -0.0096833073
3   8   9   2   0.0000000000
3   8   9   3   -0.0000000000
3   8   9   4   -0.0027144647
3   8   9   5   0.0189464795
3   9   6   1   -0.0000000000
3   9   6   2   0.0001311224
3   9   6   3   -0.0003471772
3   9   6   4   -0.0000000000
3   9   7   1   0.0000000000
3   9   7   2   -0.0039606146
3   9   7   3   -0.0006722731
3   9   7   4   0.0000000000
3   9   7   5   0.0000000000
3   9   8   1   -0.0095698841
3   9   8   2   0.0000000000
3   9   8   3   -0.0000000000
3   9   8   4   -0.0033054920
3   9   8   5   0.0191488625
3   9   9   2   -0.0455637801
3   9   9   3   -0.3698038936
3   9   9   4   0.0000000000
3   9   9   5   -0.0000000000
3   10   10   1   0.0000000000
3   10   10   2   -0.0422132519
3   10   10   3   -0.3546655634
3   10   10   4   0.0000000000
3   10   10   5   -0.0000000000
4   6   6   1   0.0068580277
4   6   6   2   0.0000000000
4   6   6   3   0.0000000000
4   6   6   4   -0.3869348470
4   6   6   5   -0.0371807232
4   6   7   1   -0.0003272520
4   6   7   4   -0.0020909581
4   6   7   5   -0.0013352476
4   6   8   2   0.0009391360
4   6   8   3   0.0001343356
4   6   8   5   0.0000000000
4   6   9   1   -0.0025090245
4   6   9   3   -0.0000000000
4   6   9   4   -0.0021674631
4   6   9   5   -0.0008985227
4   7   6   1   -0.0003196163
4   7   6   4   -0.0020909581
4   7   6   5   -0.0013411943
4   7   7   1   0.0085425625
4   7   7   2   0.0000000000
4   7   7   3   0.0000000000
4   7   7   4   -0.3426440573
4   7   7   5   0.0008750263
4   7   8   1   0.0000000000
4   7   8   2   -0.0047796989
4   7   8   3   0.0078591679
4   7   8   5   -0.0000000000
4   7   9   1   0.0213962993
4   7   9   2   0.0000000000
4   7   9   3   0.0000000000
4   7   9   4   0.0172828721
4   7   9   5   0.0171206635
4   8   6   2   0.0008807346
4   8   6   3   0.0000506059
4   8   6   5   0.0000000000
4   8   7   1   0.0000000000
4   8   7   2   -0.0046951554
4   8   7   3   0.0079579650
4   8   7   5   -0.0000000000
4   8   8   1   0.0025883493
4   8   8   2   0.0000000000
4   8   8   3   0.0000000000
4   8   8   4   -0.3330615871
4   8   8   5   0.0133589098
4   8   9   1   0.0000000000
4   8   9   2   0.0030704307
4   8   9   3   -0.0033054920
4   8   9   4   0.0000000000
4   8   9   5   -0.0000000000
4   9   6   1   -0.0024881022
4   9   6   3   -0.0000000000
4   9   6   4   -0.0021674631
4   9   6   5   -0.0009297876
4   9   7   1   0.0215115667
4   9   7   2   0.0000000000
4   9   7   3   0.0000000000
4   9   7   4   0.0172828721
4   9   7   5   0.0170371573
4   9   8   1   0.0000000000
4   9   8   2   0.0034317235
4   9   8   3   -0.0027144647
4   9   8   4   0.0000000000
4   9   8   5   -0.0000000000
4   9   9   1   -0.0021871390
4   9   9   2   0.0000000000
4   9   9   3   0.0000000000
4   9   9   4   -0.3528967112
4   9   9   5   -0.0160910827
4   10   10   1   0.0036363793
4   10   10   2   0.0000000000
4   10   10   3   0.0000000000
4   10   10   4   -0.3416616507
4   10   10   5   -0.0040223071
5   6   6   1   0.1215791086
5   6   6   2   0.0000000000
5   6   6   3   -0.0000000000
5   6   6   4   -0.0371807232
5   6   6   5   -0.4658074487
5   6   7   1   0.0012395652
5   6   7   3   -0.0000000000
5   6   7   4   -0.0013411943
5   6   7   5   -0.0020890533
5   6   8   2   -0.0015086496
5   6   8   3   -0.0017102347
5   6   8   4   0.0000000000
5   6   9   1   -0.0050463753
5   6   9   4   -0.0009297876
5   6   9   5   0.0071627562
5   7   6   1   0.0012535299
5   7   6   3   -0.0000000000
5   7   6   4   -0.0013352476
5   7   6   5   -0.0020890533
5   7   7   1   0.0899985548
5   7   7   2   0.0000000000
5   7   7   3   0.0000000000
5   7   7   4   0.0008750263
5   7   7   5   -0.4112118832
5   7   8   1   0.0000000000
5   7   8   2   0.0175939878
5   7   8   3   0.0360425555
5   7   8   4   -0.0000000000
5   7   8   5   -0.0000000000
5   7   9   1   0.0207142976
5   7   9   3   0.0000000000
5   7   9   4   0.0170371573
5   7   9   5   -0.0328354548
5   8   6   2   -0.0014981029
5   8   6   3   -0.0017962045
5   8   6   4   0.0000000000
5   8   7   1   0.0000000000
5   8   7   2   0.0175078104
5   8   7   3   0.0362790494
5   8   7   4   -0.0000000000
5   8   7   5   -0.0000000000
5   8   8   1   0.0872995635
5   8   8   2   0.0000000000
5   8   8   3   0.0000000000
5   8   8   4   0.0133589098
5   8   8   5   -0.4083337999
5   8   9   2   0.0100211789
5   8   9   3   0.0191488625
5   8   9   4   -0.0000000000
5   8   9   5   -0.0000000000
5   9   6   1   -0.0050239087
5   9   6   4   -0.0008985227
5   9   6   5   0.0071627562
5   9   7   1   0.0207359218
5   9   7   3   0.0000000000
5   9   7   4   0.0171206635
5   9   7   5   -0.0328354548
5   9   8   2   0.0100452111
5   9   8   3   0.0189464795
5   9   8   4   -0.0000000000
5   9   8   5   -0.0000000000
5   9   9   1   0.0699484305
5   9   9   2   0.0000000000
5   9   9   3   -0.0000000000
5   9   9   4   -0.0160910827
5   9   9   5   -0.3793017048
5   10   10   1   0.0740084297
5   10   10   2   0.0000000000
5   10   10   3   -0.0000000000
5   10   10   4   -0.0040223071
5   10   10   5   -0.3800655429

End AIJB Block
Begin IJKA Block
1   6   1   6   -0.1109287323
1   6   1   8   -0.0000000000
1   6   1   9   -0.0678267534
1   6   1   10   0.0920722319
1   6   2   6   -0.0179827156
1   6   2   8   -0.0000000000
1   6   2   9   -0.0090575568
1   6   2   10   0.0161628789
1   6   3   7   -0.0079695256
1   6   3   8   -0.0060103093
1   6   3   9   0.0000000000
1   6   4   6   -0.0002233371
1   6   4   8   0.0000000000
1   6   4   9   0.0123209151
1   6   4   10   0.0079218661
1   7   1   6   -0.1353109191
1   7   1   8   -0.0000000000
1   7   1   9   -0.0413242619
1   7   1   10   0.1182629997
1   7   2   6   -0.0022866399
1   7   2   8   -0.0000000000
1   7   2   9   -0.0026781647
1   7   2   10   0.0014342426
1   7   3   7   0.0069200702
1   7   3   8   0.0041542387
1   7   3   9   -0.0000000000
1   7   4   6   0.0067335747
1   7   4   8   -0.0000000000
1   7   4   9   -0.0058142631
1   7   4   10   -0.0112700267
1   8   1   7   -0.1420966428
1   8   1   8   -0.0751089629
1   8   1   9   0.0000000000
1   8   1   10   0.0000000000
1   8   2   7   -0.0011891676
1   8   2   8   -0.0016016336
1   8   2   9   0.0000000000
1   8   3   6   0.0036244500
1   8   3   9   -0.0001738262
1   8   3   10   -0.0000496736
1   8   4   7   0.0004194870
1   8   4   8   -0.0038287054
1   8   4   9   0.0000000000
1   9   1   6   -0.0593409764
1   9   1   8   0.0000000000
1   9   1   9   0.1628931130
1   9   1   10   0.1545489567
1   9   2   6   0.0006106028
1   9   2   8   0.0000000000
1   9   2   9   0.0030731798
1   9   2   10   0.0013176739
1   9   3   7   -0.0023758805
1   9   3   8   -0.0055939028
1   9   3   9   0.0000000000
1   9   4   6   0.0028420357
1   9   4   8   0.0000000000
1   9   4   9   0.0039446789
1   9   4   10   -0.0018293418
1   10   5   6   0.0057070579
1   10   5   8   0.0000000000
1   10   5   9   0.0059339389
1   10   5   10   -0.0070255758
2   6   1   6   -0.0187361179
2   6   1   8   -0.0000000000
2   6   1   9   -0.0094544791
2   6   1   10   0.0167232036
2   6   2   6   -0.0013217682
2   6   2   8   -0.0000000000
2   6   2   9   -0.0057783744
2   6   2   10   -0.0019359219
2   6   3   7   0.0090470141
2   6   3   8   0.0065865704
2   6   3   9   -0.0000000000
2   6   4   6   0.0065413863
2   6   4   8   -0.0000000000
2   6   4   9   -0.0081160472
2   6   4   10   -0.0129787287
2   7   1   6   -0.0015172659
2   7   1   8   -0.0000000000
2   7   1   9   -0.0023083297
2   7   1   10   0.0008000421
2   7   2   6   -0.0766962628
2   7   2   8   -0.0000000000
2   7   2   9   -0.0065919474
2   7   2   10   0.0622004684
2   7   3   7   -0.0282317710
2   7   3   8   -0.0033311684
2   7   3   9   0.0000000000
2   7   4   6   -0.0119434117
2   7   4   8   0.0000000000
2   7   4   9   0.0239410612
2   7   4   10   0.0232178827
2   8   1   7   -0.0006350261
2   8   1   8   -0.0010451519
2   8   1   9   0.0000000000
2   8   2   7   -0.0829505449
2   8   2   8   -0.0158584160
2   8   2   9   0.0000000000
2   8   2   10   0.0000000000
2   8   3   6   -0.0032825234
2   8   3   8   0.0000000000
2   8   3   9   0.0206632791
2   8   3   10   -0.0321234563
2   8   4   7   0.0114972072
2   8   4   8   0.0425003513
2   8   4   9   -0.0000000000
2   8   4   10   -0.0000000000
2   9   1   6   0.0006842864
2   9   1   8   0.0000000000
2   9   1   9   0.0024597554
2   9   1   10   0.0008463349
2   9   2   6   -0.0374365315
2   9   2   8   0.0000000000
2   9   2   9   0.0843960556
2   9   2   10   0.0780792397
2   9   3   7   0.0126797385
2   9   3   8   0.0475865635
2   9   3   9   -0.0000000000
2   9   3   10   -0.0000000000
2   9   4   6   0.0008748690
2   9   4   8   -0.0000000000
2   9   4   9   -0.0186592638
2   9   4   10   -0.0067379446
2   10   5   6   -0.0152705528
2   10   5   8   -0.0000000000
2   10   5   9   -0.0244955333
2   10   5   10   0.0286378869
3   6   1   7   -0.0085990337
3   6   1   8   -0.0066485349
3   6   1   9   0.0000000000
3   6   2   7   0.0091865400
3   6   2   8   0.0067974768
3   6   2   9   -0.0000000000
3   6   3   6   -0.0005432941
3   6   3   8   -0.0000000000
3   6   3   9   -0.0030354423
3   6   3   10   -0.0006969926
3   6   4   7   -0.0014296653
3   6   4   8   -0.0016299402
3   6   4   9   0.0000000000
3   7   1   7   0.0068768527
3   7   1   8   0.0044160015
3   7   1   9   -0.0000000000
3   7   2   7   -0.0274839309
3   7   2   8   -0.0034221078
3   7   2   9   0.0000000000
3   7   3   6   -0.0581409596
3   7   3   8   0.0000000000
3   7   3   9   0.0002046553
3   7   3   10   0.0301977720
3   7   4   7   0.0045644393
3   7   4   8   0.0201492315
3   7   4   9   -0.0000000000
3   8   1   6   0.0034355078
3   8   1   9   -0.0000428128
3   8   1   10   -0.0002104932
3   8   2   6   -0.0025662736
3   8   2   8   0.0000000000
3   8   2   9   0.0205230370
3   8   2   10   -0.0318411673
3   8   3   7   -0.0748741925
3   8   3   8   -0.0086068420
3   8   3   9   0.0000000000
3   8   3   10   0.0000000000
3   8   4   6   0.0025440001
3   8   4   8   0.0000000000
3   8   4   9   0.0107548583
3   8   4   10   -0.0089571138
3   9   1   7   -0.0022453209
3   9   1   8   -0.0051081033
3   9   1   9   0.0000000000
3   9   2   7   0.0122294746
3   9   2   8   0.0459796524
3   9   2   9   -0.0000000000
3   9   2   10   -0.0000000000
3   9   3   6   -0.0256764292
3   9   3   8   0.0000000000
3   9   3   9   0.0723947194
3   9   3   10   0.0526082015
3   9   4   7   -0.0048779614
3   9   4   8   0.0022021632
3   9   4   9   -0.0000000000
3   10   5   7   -0.0074544146
3   10   5   8   -0.0067601074
3   10   5   9   0.0000000000
4   6   1   6   -0.0003108350
4   6   1   8   0.0000000000
4   6   1   9   0.0129884284
4   6   1   10   0.0086355493
4   6   2   6   0.0066310575
4   6   2   8   -0.0000000000
4   6   2   9   -0.0081013416
4   6   2   10   -0.0131174985
4   6   3   7   -0.0013661848
4   6   3   8   -0.0015389575
4   6   3   9   0.0000000000
4   6   4   6   -0.0052531383
4   6   4   8   0.0000000000
4   6   4   9   0.0031226896
4   6   4   10   0.0081935171
4   7   1   6   0.0063699255
4   7   1   8   -0.0000000000
4   7   1   9   -0.0055862965
4   7   1   10   -0.0108211714
4   7   2   6   -0.0118458776
4   7   2   8   0.0000000000
4   7   2   9   0.0231762763
4   7   2   10   0.0229315950
4   7   3   7   0.0046139479
4   7   3   8   0.0199659786
4   7   3   9   -0.0000000000
4   7   4   6   -0.0527206049
4   7   4   8   -0.0000000000
4   7   4   9   -0.0242531729
4   7   4   10   0.0327664868
4   8   1   7   0.0004379387
4   8   1   8   -0.0033638861
4   8   1   9   0.0000000000
4   8   2   7   0.0109225586
4   8   2   8   0.0404656405
4   8   2   9   -0.0000000000
4   8   2   10   -0.0000000000
4   8   3   6   0.0021806644
4   8   3   8   0.0000000000
4   8   3   9   0.0107057622
4   8   3   10   -0.0078145941
4   8   4   7   -0.0716622696
4   8   4   8   -0.0295858481
4   8   4   9   0.0000000000
4   8   4   10   0.0000000000
4   9   1   6   0.0024767926
4   9   1   8   0.0000000000
4   9   1   9   0.0036327609
4   9   1   10   -0.0015038327
4   9   2   6   0.0003228789
4   9   2   8   -0.0000000000
4   9   2   9   -0.0180163105
4   9   2   10   -0.0062328561
4   9   3   7   -0.0054029991
4   9   3   8   0.0011389545
4   9   4   6   -0.0356934930
4   9   4   8   0.0000000000
4   9   4   9   0.0920359594
4   9   4   10   0.0796032178
4   10   5   6   -0.0005524990
4   10   5   8   0.0000000000
4   10   5   9   0.0125508398
4   10   5   10   0.0023798769
5   6   5   6   -0.0021029057
5   6   5   8   -0.0000000000
5   6   5   9   -0.0016111209
5   6   5   10   0.0010171802
5   7   5   6   -0.0688304600
5   7   5   8   -0.0000000000
5   7   5   9   -0.0237536437
5   7   5   10   0.0588971279
5   8   5   7   -0.0779372498
5   8   5   8   -0.0313971448
5   8   5   9   0.0000000000
5   8   5   10   0.0000000000
5   9   5   6   -0.0336619319
5   9   5   8   0.0000000000
5   9   5   9   0.0836069816
5   9   5   10   0.0732408103
5   10   1   6   0.0051544879
5   10   1   8   0.0000000000
5   10   1   9   0.0054932533
5   10   1   10   -0.0062353171
5   10   2   6   -0.0145245798
5   10   2   8   -0.0000000000
5   10   2   9   -0.0226595401
5   10   2   10   0.0266138401
5   10   3   7   -0.0071520128
5   10   3   8   -0.0065409114
5   10   3   9   0.0000000000
5   10   4   6   -0.0004242110
5   10   4   8   0.0000000000
5   10   4   9   0.0115090915
5   10   4   10   0.0025343543

End IJKA Block
Begin IABC Block
1   6   1   6   0.0003950145
1   6   1   9   -0.0005430326
1   6   1   10   -0.0005379377
1   6   2   7   0.0011195918
1   6   2   8   0.0001735273
1   6   3   6   -0.0000000000
1   6   3   7   0.0008000579
1   6   3   8   0.0000972291
1   6   3   10   0.0000000000
1   6   4   6   -0.0013897306
1   6   4   9   0.0008262982
1   6   4   10   0.0017859235
1   6   5   6   -0.0013504800
1   6   5   8   0.0000000000
1   6   5   9   0.0011879776
1   6   5   10   0.0017764113
1   7   1   7   -0.0000396193
1   7   1   8   -0.0001952146
1   7   2   6   0.0011236518
1   7   2   9   0.0003325726
1   7   2   10   -0.0005189566
1   7   3   6   0.0008019324
1   7   3   9   0.0002994688
1   7   3   10   -0.0003161784
1   7   4   7   -0.0004659650
1   7   4   8   -0.0000885252
1   7   5   7   -0.0001848747
1   7   5   8   0.0002183294
1   8   1   7   -0.0001902806
1   8   1   8   -0.0002334902
1   8   2   6   0.0001813314
1   8   2   9   0.0000404019
1   8   2   10   -0.0006042069
1   8   3   6   0.0000929578
1   8   3   9   0.0000384266
1   8   3   10   -0.0003811581
1   8   4   7   -0.0000944652
1   8   4   8   0.0000715940
1   8   5   6   0.0000000000
1   8   5   7   0.0002104973
1   8   5   8   0.0003845799
1   8   5   9   0.0000000000
1   9   1   6   -0.0005472868
1   9   1   9   -0.0009316873
1   9   1   10   -0.0004903972
1   9   2   7   0.0003377524
1   9   2   8   0.0000489360
1   9   3   7   0.0003044603
1   9   3   8   0.0000494419
1   9   4   6   0.0008265890
1   9   4   9   0.0006953651
1   9   4   10   0.0002794250
1   9   5   6   0.0011999386
1   9   5   8   0.0000000000
1   9   5   9   0.0015544865
1   9   5   10   0.0007384037
1   10   1   6   -0.0005408376
1   10   1   9   -0.0004963056
1   10   1   10   0.0007080092
1   10   2   7   -0.0005180886
1   10   2   8   -0.0005940882
1   10   3   6   0.0000000000
1   10   3   7   -0.0003138865
1   10   3   8   -0.0003797029
1   10   3   10   -0.0000000000
1   10   4   6   0.0017902218
1   10   4   9   0.0002865404
1   10   4   10   -0.0025399962
1   10   5   6   0.0017735166
1   10   5   9   0.0007516185
1   10   5   10   -0.0024436571
2   6   1   6   -0.0076010094
2   6   1   8   0.0000000000
2   6   1   9   0.0019306134
2   6   1   10   0.0099792319
2   6   2   7   0.0008645365
2   6   2   8   0.0011095211
2   6   3   7   0.0045973303
2   6   3   8   0.0086773154
2   6   3   9   -0.0000000000
2   6   3   10   -0.0000000000
2   6   4   6   0.0002243489
2   6   4   7   -0.0000000000
2   6   4   8   -0.0000000000
2   6   4   9   0.0044269191
2   6   4   10   -0.0038540708
2   6   5   6   0.0050335155
2   6   5   8   -0.0000000000
2   6   5   9   -0.0051026938
2   6   5   10   -0.0047042571
2   7   1   7   -0.0044953819
2   7   1   8   -0.0032409030
2   7   1   9   0.0000000000
2   7   2   6   0.0007724231
2   7   2   9   -0.0007866277
2   7   2   10   -0.0003707750
2   7   3   6   0.0045641424
2   7   3   8   -0.0000000000
2   7   3   9   -0.0024551699
2   7   3   10   -0.0054834617
2   7   4   6   -0.0000000000
2   7   4   7   -0.0001653147
2   7   4   8   -0.0020866412
2   7   4   9   0.0000000000
2   7   4   10   0.0000000000
2   7   5   7   -0.0013568967
2   7   5   8   -0.0004045472
2   8   1   6   0.0000000000
2   8   1   7   -0.0032425218
2   8   1   8   -0.0083734025
2   8   1   10   -0.0000000000
2   8   2   6   0.0010829786
2   8   2   9   -0.0006160944
2   8   2   10   -0.0018802084
2   8   3   6   0.0091062013
2   8   3   7   -0.0000000000
2   8   3   8   0.0000000000
2   8   3   9   0.0047798177
2   8   3   10   -0.0118510726
2   8   4   6   -0.0000000000
2   8   4   7   -0.0021563043
2   8   4   8   0.0032261578
2   8   4   9   -0.0000000000
2   8   4   10   0.0000000000
2   8   5   6   -0.0000000000
2   8   5   7   -0.0005816152
2   8   5   8   -0.0031370630
2   8   5   9   0.0000000000
2   8   5   10   0.0000000000
2   9   1   6   0.0018504835
2   9   1   7   0.0000000000
2   9   1   9   -0.0088937009
2   9   1   10   -0.0042556087
2   9   2   7   -0.0008360848
2   9   2   8   -0.0006136913
2   9   2   9   0.0000000000
2   9   2   10   0.0000000000
2   9   3   6   -0.0000000000
2   9   3   7   -0.0024242669
2   9   3   8   0.0048298673
2   9   3   9   -0.0000000000
2   9   3   10   0.0000000000
2   9   4   6   0.0044078460
2   9   4   7   0.0000000000
2   9   4   8   -0.0000000000
2   9   4   9   -0.0023812530
2   9   4   10   -0.0025511364
2   9   5   6   -0.0053849774
2   9   5   8   0.0000000000
2   9   5   9   0.0048855526
2   9   5   10   0.0088774325
2   10   1   6   0.0099489541
2   10   1   8   -0.0000000000
2   10   1   9   -0.0042264330
2   10   1   10   -0.0184539842
2   10   2   7   -0.0004799584
2   10   2   8   -0.0019694475
2   10   2   9   0.0000000000
2   10   3   6   -0.0000000000
2   10   3   7   -0.0057267515
2   10   3   8   -0.0116247788
2   10   3   9   0.0000000000
2   10   3   10   0.0000000000
2   10   4   6   -0.0041238566
2   10   4   7   0.0000000000
2   10   4   8   0.0000000000
2   10   4   9   -0.0025564989
2   10   4   10   0.0069900151
2   10   5   6   -0.0044115640
2   10   5   8   0.0000000000
2   10   5   9   0.0085815409
2   10   5   10   0.0052017387
3   6   1   7   0.0153521786
3   6   1   8   0.0008088219
3   6   2   6   -0.0054346590
3   6   2   8   -0.0000000000
3   6   2   9   -0.0017801449
3   6   2   10   0.0054241805
3   6   3   6   0.0109988013
3   6   3   7   0.0000000000
3   6   3   8   -0.0000000000
3   6   3   9   -0.0132835069
3   6   3   10   -0.0110360156
3   6   4   6   -0.0000000000
3   6   4   7   0.0107564309
3   6   4   8   -0.0023109015
3   6   4   9   0.0000000000
3   6   4   10   0.0000000000
3   6   5   7   -0.0250733699
3   6   5   8   -0.0066341661
3   6   5   9   0.0000000000
3   6   5   10   0.0000000000
3   7   1   6   0.0152153422
3   7   1   8   0.0000000000
3   7   1   9   0.0014348114
3   7   1   10   -0.0056077043
3   7   2   7   -0.0026352742
3   7   2   8   -0.0044888917
3   7   2   9   0.0000000000
3   7   3   6   0.0000000000
3   7   3   7   0.0082619375
3   7   3   8   0.0068607851
3   7   3   9   -0.0000000000
3   7   3   10   -0.0000000000
3   7   4   6   0.0105767962
3   7   4   7   -0.0000000000
3   7   4   8   -0.0000000000
3   7   4   9   0.0025481834
3   7   4   10   -0.0056781222
3   7   5   6   -0.0249120454
3   7   5   8   -0.0000000000
3   7   5   9   -0.0032481645
3   7   5   10   0.0140397273
3   8   1   6   0.0011135478
3   8   1   7   0.0000000000
3   8   1   8   -0.0000000000
3   8   1   9   -0.0068220957
3   8   1   10   -0.0148175744
3   8   2   6   -0.0000000000
3   8   2   7   -0.0042889771
3   8   2   8   -0.0162546125
3   8   2   9   -0.0000000000
3   8   2   10   -0.0000000000
3   8   3   6   -0.0000000000
3   8   3   7   0.0078098730
3   8   3   8   0.0050847011
3   8   3   9   -0.0000000000
3   8   3   10   -0.0000000000
3   8   4   6   -0.0023008947
3   8   4   7   -0.0000000000
3   8   4   8   -0.0000000000
3   8   4   9   -0.0065838977
3   8   4   10   -0.0128319712
3   8   5   6   -0.0073925715
3   8   5   7   -0.0000000000
3   8   5   8   0.0000000000
3   8   5   9   0.0047464010
3   8   5   10   0.0310754906
3   9   1   7   0.0017721116
3   9   1   8   -0.0063491986
3   9   1   9   0.0000000000
3   9   1   10   0.0000000000
3   9   2   6   -0.0017356507
3   9   2   7   0.0000000000
3   9   2   8   -0.0000000000
3   9   2   9   -0.0183459190
3   9   2   10   -0.0064750236
3   9   3   6   -0.0128854472
3   9   3   7   -0.0000000000
3   9   3   8   -0.0000000000
3   9   3   9   -0.0096392397
3   9   3   10   -0.0139450535
3   9   4   6   0.0000000000
3   9   4   7   0.0030180444
3   9   4   8   -0.0059970331
3   9   4   9   0.0000000000
3   9   4   10   0.0000000000
3   9   5   6   0.0000000000
3   9   5   7   -0.0040589489
3   9   5   8   0.0039151505
3   9   5   9   -0.0000000000
3   9   5   10   -0.0000000000
3   10   1   7   -0.0059241163
3   10   1   8   -0.0143056062
3   10   1   9   0.0000000000
3   10   1   10   0.0000000000
3   10   2   6   0.0053127159
3   10   2   8   -0.0000000000
3   10   2   9   -0.0063333947
3   10   2   10   -0.0154157900
3   10   3   6   -0.0110555557
3   10   3   7   -0.0000000000
3   10   3   8   -0.0000000000
3   10   3   9   -0.0135657814
3   10   3   10   0.0212674264
3   10   4   6   0.0000000000
3   10   4   7   -0.0061660640
3   10   4   8   -0.0127877244
3   10   4   9   0.0000000000
3   10   4   10   -0.0000000000
3   10   5   6   0.0000000000
3   10   5   7   0.0148722630
3   10   5   8   0.0302054551
3   10   5   9   -0.0000000000
3   10   5   10   -0.0000000000
4   6   1   6   0.0020326879
4   6   1   8   -0.0000000000
4   6   1   9   -0.0077623753
4   6   1   10   0.0016816025
4   6   2   7   0.0091228552
4   6   2   8   0.0019566990
4   6   2   9   -0.0000000000
4   6   3   6   0.0000000000
4   6   3   7   0.0212942396
4   6   3   8   0.0012944359
4   6   3   9   -0.0000000000
4   6   3   10   -0.0000000000
4   6   4   6   0.0092779957
4   6   4   7   -0.0000000000
4   6   4   8   -0.0000000000
4   6   4   9   -0.0006841154
4   6   4   10   -0.0137744011
4   6   5   6   0.0061067061
4   6   5   8   -0.0000000000
4   6   5   9   -0.0033845756
4   6   5   10   -0.0053554900
4   7   1   7   0.0043161210
4   7   1   8   0.0028112896
4   7   1   9   -0.0000000000
4   7   2   6   0.0091479928
4   7   2   9   0.0006710239
4   7   2   10   -0.0028769289
4   7   3   6   0.0212784187
4   7   3   7   0.0000000000
4   7   3   8   0.0000000000
4   7   3   9   0.0022925132
4   7   3   10   -0.0087504201
4   7   4   6   -0.0000000000
4   7   4   7   0.0109053407
4   7   4   8   0.0064817545
4   7   4   9   -0.0000000000
4   7   4   10   0.0000000000
4   7   5   7   0.0020453059
4   7   5   8   0.0016935861
4   7   5   9   -0.0000000000
4   8   1   6   -0.0000000000
4   8   1   7   0.0030227705
4   8   1   8   -0.0059506895
4   8   1   9   -0.0000000000
4   8   1   10   -0.0000000000
4   8   2   6   0.0021839209
4   8   2   8   -0.0000000000
4   8   2   9   -0.0021876945
4   8   2   10   -0.0072317431
4   8   3   6   0.0017649094
4   8   3   7   0.0000000000
4   8   3   8   -0.0000000000
4   8   3   9   -0.0113425355
4   8   3   10   -0.0251689848
4   8   4   6   -0.0000000000
4   8   4   7   0.0065944266
4   8   4   8   0.0164877163
4   8   4   9   0.0000000000
4   8   4   10   0.0000000000
4   8   5   6   -0.0000000000
4   8   5   7   0.0014812623
4   8   5   8   0.0042521290
4   8   5   9   0.0000000000
4   8   5   10   0.0000000000
4   9   1   6   -0.0075861577
4   9   1   7   -0.0000000000
4   9   1   8   -0.0000000000
4   9   1   9   -0.0105238021
4   9   1   10   -0.0088279383
4   9   2   6   -0.0000000000
4   9   2   7   0.0008623586
4   9   2   8   -0.0018751057
4   9   2   9   0.0000000000
4   9   2   10   0.0000000000
4   9   3   6   -0.0000000000
4   9   3   7   0.0028060306
4   9   3   8   -0.0103000322
4   9   3   9   0.0000000000
4   9   3   10   0.0000000000
4   9   4   6   -0.0004706926
4   9   4   7   -0.0000000000
4   9   4   8   0.0000000000
4   9   4   9   0.0115095130
4   9   4   10   0.0001237049
4   9   5   6   -0.0034796222
4   9   5   7   -0.0000000000
4   9   5   8   0.0000000000
4   9   5   9   0.0130190338
4   9   5   10   0.0091675251
4   10   1   6   0.0017432341
4   10   1   8   -0.0000000000
4   10   1   9   -0.0087170860
4   10   1   10   -0.0046226506
4   10   2   7   -0.0029620934
4   10   2   8   -0.0070433391
4   10   2   9   0.0000000000
4   10   3   6   -0.0000000000
4   10   3   7   -0.0089617854
4   10   3   8   -0.0244179863
4   10   3   9   0.0000000000
4   10   3   10   0.0000000000
4   10   4   6   -0.0138018395
4   10   4   7   0.0000000000
4   10   4   8   0.0000000000
4   10   4   9   0.0004338599
4   10   4   10   0.0282204286
4   10   5   6   -0.0052228955
4   10   5   8   0.0000000000
4   10   5   9   0.0088023599
4   10   5   10   0.0099806200

End IABC Block
