Number of strings: 462 462, CI size = 213444
String addressing array alpha: 5 11
0 126 196 231 246 251 252 252 252 252 252
0 0 56 91 111 121 125 126 126 126 126
0 0 0 21 36 46 52 55 56 56 56
0 0 0 0 6 11 15 18 20 21 21
0 0 0 0 0 1 2 3 4 5 6

Alpha strings 462 5
1 2 3 4 5
1 2 3 4 6
1 2 3 4 7
1 2 3 4 8
1 2 3 4 9
1 2 3 4 10
1 2 3 4 11
1 2 3 5 6
1 2 3 5 7
1 2 3 5 8
1 2 3 5 9
1 2 3 5 10
1 2 3 5 11
1 2 3 6 7
1 2 3 6 8
1 2 3 6 9
1 2 3 6 10
1 2 3 6 11
1 2 3 7 8
1 2 3 7 9
1 2 3 7 10
1 2 3 7 11
1 2 3 8 9
1 2 3 8 10
1 2 3 8 11
1 2 3 9 10
1 2 3 9 11
1 2 3 10 11
1 2 4 5 6
1 2 4 5 7
1 2 4 5 8
1 2 4 5 9
1 2 4 5 10
1 2 4 5 11
1 2 4 6 7
1 2 4 6 8
1 2 4 6 9
1 2 4 6 10
1 2 4 6 11
1 2 4 7 8
1 2 4 7 9
1 2 4 7 10
1 2 4 7 11
1 2 4 8 9
1 2 4 8 10
1 2 4 8 11
1 2 4 9 10
1 2 4 9 11
1 2 4 10 11
1 2 5 6 7
1 2 5 6 8
1 2 5 6 9
1 2 5 6 10
1 2 5 6 11
1 2 5 7 8
1 2 5 7 9
1 2 5 7 10
1 2 5 7 11
1 2 5 8 9
1 2 5 8 10
1 2 5 8 11
1 2 5 9 10
1 2 5 9 11
1 2 5 10 11
1 2 6 7 8
1 2 6 7 9
1 2 6 7 10
1 2 6 7 11
1 2 6 8 9
1 2 6 8 10
1 2 6 8 11
1 2 6 9 10
1 2 6 9 11
1 2 6 10 11
1 2 7 8 9
1 2 7 8 10
1 2 7 8 11
1 2 7 9 10
1 2 7 9 11
1 2 7 10 11
1 2 8 9 10
1 2 8 9 11
1 2 8 10 11
1 2 9 10 11
1 3 4 5 6
1 3 4 5 7
1 3 4 5 8
1 3 4 5 9
1 3 4 5 10
1 3 4 5 11
1 3 4 6 7
1 3 4 6 8
1 3 4 6 9
1 3 4 6 10
1 3 4 6 11
1 3 4 7 8
1 3 4 7 9
1 3 4 7 10
1 3 4 7 11
1 3 4 8 9
1 3 4 8 10
1 3 4 8 11
1 3 4 9 10
1 3 4 9 11
1 3 4 10 11
1 3 5 6 7
1 3 5 6 8
1 3 5 6 9
1 3 5 6 10
1 3 5 6 11
1 3 5 7 8
1 3 5 7 9
1 3 5 7 10
1 3 5 7 11
1 3 5 8 9
1 3 5 8 10
1 3 5 8 11
1 3 5 9 10
1 3 5 9 11
1 3 5 10 11
1 3 6 7 8
1 3 6 7 9
1 3 6 7 10
1 3 6 7 11
1 3 6 8 9
1 3 6 8 10
1 3 6 8 11
1 3 6 9 10
1 3 6 9 11
1 3 6 10 11
1 3 7 8 9
1 3 7 8 10
1 3 7 8 11
1 3 7 9 10
1 3 7 9 11
1 3 7 10 11
1 3 8 9 10
1 3 8 9 11
1 3 8 10 11
1 3 9 10 11
1 4 5 6 7
1 4 5 6 8
1 4 5 6 9
1 4 5 6 10
1 4 5 6 11
1 4 5 7 8
1 4 5 7 9
1 4 5 7 10
1 4 5 7 11
1 4 5 8 9
1 4 5 8 10
1 4 5 8 11
1 4 5 9 10
1 4 5 9 11
1 4 5 10 11
1 4 6 7 8
1 4 6 7 9
1 4 6 7 10
1 4 6 7 11
1 4 6 8 9
1 4 6 8 10
1 4 6 8 11
1 4 6 9 10
1 4 6 9 11
1 4 6 10 11
1 4 7 8 9
1 4 7 8 10
1 4 7 8 11
1 4 7 9 10
1 4 7 9 11
1 4 7 10 11
1 4 8 9 10
1 4 8 9 11
1 4 8 10 11
1 4 9 10 11
1 5 6 7 8
1 5 6 7 9
1 5 6 7 10
1 5 6 7 11
1 5 6 8 9
1 5 6 8 10
1 5 6 8 11
1 5 6 9 10
1 5 6 9 11
1 5 6 10 11
1 5 7 8 9
1 5 7 8 10
1 5 7 8 11
1 5 7 9 10
1 5 7 9 11
1 5 7 10 11
1 5 8 9 10
1 5 8 9 11
1 5 8 10 11
1 5 9 10 11
1 6 7 8 9
1 6 7 8 10
1 6 7 8 11
1 6 7 9 10
1 6 7 9 11
1 6 7 10 11
1 6 8 9 10
1 6 8 9 11
1 6 8 10 11
1 6 9 10 11
1 7 8 9 10
1 7 8 9 11
1 7 8 10 11
1 7 9 10 11
1 8 9 10 11
2 3 4 5 6
2 3 4 5 7
2 3 4 5 8
2 3 4 5 9
2 3 4 5 10
2 3 4 5 11
2 3 4 6 7
2 3 4 6 8
2 3 4 6 9
2 3 4 6 10
2 3 4 6 11
2 3 4 7 8
2 3 4 7 9
2 3 4 7 10
2 3 4 7 11
2 3 4 8 9
2 3 4 8 10
2 3 4 8 11
2 3 4 9 10
2 3 4 9 11
2 3 4 10 11
2 3 5 6 7
2 3 5 6 8
2 3 5 6 9
2 3 5 6 10
2 3 5 6 11
2 3 5 7 8
2 3 5 7 9
2 3 5 7 10
2 3 5 7 11
2 3 5 8 9
2 3 5 8 10
2 3 5 8 11
2 3 5 9 10
2 3 5 9 11
2 3 5 10 11
2 3 6 7 8
2 3 6 7 9
2 3 6 7 10
2 3 6 7 11
2 3 6 8 9
2 3 6 8 10
2 3 6 8 11
2 3 6 9 10
2 3 6 9 11
2 3 6 10 11
2 3 7 8 9
2 3 7 8 10
2 3 7 8 11
2 3 7 9 10
2 3 7 9 11
2 3 7 10 11
2 3 8 9 10
2 3 8 9 11
2 3 8 10 11
2 3 9 10 11
2 4 5 6 7
2 4 5 6 8
2 4 5 6 9
2 4 5 6 10
2 4 5 6 11
2 4 5 7 8
2 4 5 7 9
2 4 5 7 10
2 4 5 7 11
2 4 5 8 9
2 4 5 8 10
2 4 5 8 11
2 4 5 9 10
2 4 5 9 11
2 4 5 10 11
2 4 6 7 8
2 4 6 7 9
2 4 6 7 10
2 4 6 7 11
2 4 6 8 9
2 4 6 8 10
2 4 6 8 11
2 4 6 9 10
2 4 6 9 11
2 4 6 10 11
2 4 7 8 9
2 4 7 8 10
2 4 7 8 11
2 4 7 9 10
2 4 7 9 11
2 4 7 10 11
2 4 8 9 10
2 4 8 9 11
2 4 8 10 11
2 4 9 10 11
2 5 6 7 8
2 5 6 7 9
2 5 6 7 10
2 5 6 7 11
2 5 6 8 9
2 5 6 8 10
2 5 6 8 11
2 5 6 9 10
2 5 6 9 11
2 5 6 10 11
2 5 7 8 9
2 5 7 8 10
2 5 7 8 11
2 5 7 9 10
2 5 7 9 11
2 5 7 10 11
2 5 8 9 10
2 5 8 9 11
2 5 8 10 11
2 5 9 10 11
2 6 7 8 9
2 6 7 8 10
2 6 7 8 11
2 6 7 9 10
2 6 7 9 11
2 6 7 10 11
2 6 8 9 10
2 6 8 9 11
2 6 8 10 11
2 6 9 10 11
2 7 8 9 10
2 7 8 9 11
2 7 8 10 11
2 7 9 10 11
2 8 9 10 11
3 4 5 6 7
3 4 5 6 8
3 4 5 6 9
3 4 5 6 10
3 4 5 6 11
3 4 5 7 8
3 4 5 7 9
3 4 5 7 10
3 4 5 7 11
3 4 5 8 9
3 4 5 8 10
3 4 5 8 11
3 4 5 9 10
3 4 5 9 11
3 4 5 10 11
3 4 6 7 8
3 4 6 7 9
3 4 6 7 10
3 4 6 7 11
3 4 6 8 9
3 4 6 8 10
3 4 6 8 11
3 4 6 9 10
3 4 6 9 11
3 4 6 10 11
3 4 7 8 9
3 4 7 8 10
3 4 7 8 11
3 4 7 9 10
3 4 7 9 11
3 4 7 10 11
3 4 8 9 10
3 4 8 9 11
3 4 8 10 11
3 4 9 10 11
3 5 6 7 8
3 5 6 7 9
3 5 6 7 10
3 5 6 7 11
3 5 6 8 9
3 5 6 8 10
3 5 6 8 11
3 5 6 9 10
3 5 6 9 11
3 5 6 10 11
3 5 7 8 9
3 5 7 8 10
3 5 7 8 11
3 5 7 9 10
3 5 7 9 11
3 5 7 10 11
3 5 8 9 10
3 5 8 9 11
3 5 8 10 11
3 5 9 10 11
3 6 7 8 9
3 6 7 8 10
3 6 7 8 11
3 6 7 9 10
3 6 7 9 11
3 6 7 10 11
3 6 8 9 10
3 6 8 9 11
3 6 8 10 11
3 6 9 10 11
3 7 8 9 10
3 7 8 9 11
3 7 8 10 11
3 7 9 10 11
3 8 9 10 11
4 5 6 7 8
4 5 6 7 9
4 5 6 7 10
4 5 6 7 11
4 5 6 8 9
4 5 6 8 10
4 5 6 8 11
4 5 6 9 10
4 5 6 9 11
4 5 6 10 11
4 5 7 8 9
4 5 7 8 10
4 5 7 8 11
4 5 7 9 10
4 5 7 9 11
4 5 7 10 11
4 5 8 9 10
4 5 8 9 11
4 5 8 10 11
4 5 9 10 11
4 6 7 8 9
4 6 7 8 10
4 6 7 8 11
4 6 7 9 10
4 6 7 9 11
4 6 7 10 11
4 6 8 9 10
4 6 8 9 11
4 6 8 10 11
4 6 9 10 11
4 7 8 9 10
4 7 8 9 11
4 7 8 10 11
4 7 9 10 11
4 8 9 10 11
5 6 7 8 9
5 6 7 8 10
5 6 7 8 11
5 6 7 9 10
5 6 7 9 11
5 6 7 10 11
5 6 8 9 10
5 6 8 9 11
5 6 8 10 11
5 6 9 10 11
5 7 8 9 10
5 7 8 9 11
5 7 8 10 11
5 7 9 10 11
5 8 9 10 11
6 7 8 9 10
6 7 8 9 11
6 7 8 10 11
6 7 9 10 11
6 8 9 10 11
7 8 9 10 11

Is hamiltonian hermitian? 1
Implicit Hamiltonian constructed
E(core)= 9.189534427600
H(1,1) + E(core) energy = -76.385166992000
Davidson: iter=0 dim=0 root=0 eigenvalue=-85.574701419600
Davidson: iter=1 dim=1 root=0 eigenvalue=-85.587864214884
Davidson: iter=2 dim=2 root=0 eigenvalue=-85.588930497957
Davidson: iter=3 dim=3 root=0 eigenvalue=-85.588958594255
Davidson: iter=4 dim=4 root=0 eigenvalue=-85.588959977394
Davidson: iter=5 dim=5 root=0 eigenvalue=-85.588960030779
Davidson: iter=6 dim=6 root=0 eigenvalue=-85.588960033385
Davidson: iter=7 dim=7 root=0 eigenvalue=-85.588960033498
Davidson: iter=8 dim=8 root=0 eigenvalue=-85.588960033503
Davidson: iter=9 dim=9 root=0 eigenvalue=-85.588960033503
root no. 0 converged
Davidson converged in 9 iterations.
E(core)= 9.189534427600
E(0)= -76.399425605903
FCI Excitation energies = 1
0.000000000000

Vacuum coefficients in CI state 0 = -0.995950969479
Eigenvector 0 in string basis
0: -0.995950969479 seniority 0 ... 5
1 2 3 4 5
 | 5
1 2 3 4 5

Seniority vectors for all roots (nroots/seniority)
1 6
0.994263137639 0.001443114364 -0.992497760132 0.080667666477 1.000000374819 0.000000000002

Calculating transition densities
Root 0 MO occupations numbers (density matrix diagonal)
11
1.999999121301 1.997892044817 1.996680804714 1.994623255547 1.994744544378 0.002011210376 0.001578041325 0.001677049685 0.001046725392 0.005006015776 0.004741186691
Transition densities done:
Trandens between roots 0 0
11 11
1.999999121301 -0.000006973048 0.000000000000 0.000003589254 0.000000000000 -0.000186010377 0.000000000000 -0.000208557579 0.000000000000 0.000000000000 0.000150483640
-0.000006973048 1.997892044817 0.000000000000 0.001824913237 0.000000000000 0.000014274512 0.000000000000 0.005641269551 0.000000000000 0.000000000000 0.003835417698
0.000000000000 0.000000000000 1.996680804714 0.000000000000 0.000000000000 0.000000000000 0.001639133853 0.000000000000 -0.001649738741 0.000000000000 0.000000000000
0.000003589254 0.001824913237 0.000000000000 1.994623255547 0.000000000000 -0.004156155948 0.000000000000 0.006055841939 0.000000000000 0.000000000000 0.002551226453
0.000000000000 0.000000000000 0.000000000000 0.000000000000 1.994744544378 0.000000000000 0.000000000000 0.000000000000 0.000000000000 -0.017234660264 0.000000000000
-0.000186010377 0.000014274512 0.000000000000 -0.004156155948 0.000000000000 0.002011210376 0.000000000000 -0.000208692324 0.000000000000 0.000000000000 -0.002871245447
0.000000000000 0.000000000000 0.001639133853 0.000000000000 0.000000000000 0.000000000000 0.001578041325 0.000000000000 0.000911976222 0.000000000000 0.000000000000
-0.000208557579 0.005641269551 0.000000000000 0.006055841939 0.000000000000 -0.000208692324 0.000000000000 0.001677049685 0.000000000000 0.000000000000 0.000999984147
0.000000000000 0.000000000000 -0.001649738741 0.000000000000 0.000000000000 0.000000000000 0.000911976222 0.000000000000 0.001046725392 0.000000000000 0.000000000000
0.000000000000 0.000000000000 0.000000000000 0.000000000000 -0.017234660264 0.000000000000 0.000000000000 0.000000000000 0.000000000000 0.005006015776 0.000000000000
0.000150483640 0.003835417698 0.000000000000 0.002551226453 0.000000000000 -0.002871245447 0.000000000000 0.000999984147 0.000000000000 0.000000000000 0.004741186691

State 0 :
Natural orbital occupations
11
1.999999199423 1.998748374387 1.996683513945 1.994893815866 1.993820557416 0.006713365533 0.004856744287 0.002262213200 0.001561093758 0.000359844285 0.000101277901
Natural orbitals (in MO basis)
11 11
-0.999990920135 0.004137929501 -0.000000000000 0.000000000000 0.001005942101 -0.000092341920 -0.000000000000 0.000000000000 0.000129170609 0.000000000000 -0.000007451222
0.004185411554 0.911548371151 0.000000000000 0.000000000000 0.411157354753 -0.002120809804 -0.000000000000 0.000000000000 -0.002655295153 -0.000000000000 0.000361370833
0.000000000000 0.000000000000 -0.999999321432 -0.000000000000 -0.000000000000 -0.000000000000 -0.000000000000 -0.000160761059 0.000000000000 -0.001153815793 0.000000000000
0.000784302499 0.411147046490 0.000000000000 -0.000000000000 -0.911560342914 -0.002706009949 0.000000000000 0.000000000000 -0.002228458182 -0.000000000000 -0.001715734099
-0.000000000000 -0.000000000000 0.000000000000 -0.999962494596 0.000000000000 0.000000000000 -0.008660796790 -0.000000000000 -0.000000000000 0.000000000000 -0.000000000000
0.000091579526 -0.000853342827 0.000000000000 -0.000000000000 0.001905651751 -0.516583042954 -0.000000000000 0.000000000000 0.306044798158 -0.000000000000 -0.799671290696
0.000000000000 -0.000000000000 -0.000821199280 -0.000000000000 0.000000000000 -0.000000000000 0.000000000000 0.799781386210 -0.000000000000 0.600290812777 -0.000000000000
0.000118514814 0.003822462119 0.000000000000 -0.000000000000 -0.001607215152 0.181907854671 -0.000000000000 0.000000000000 0.951840586569 0.000000000000 0.246762683091
-0.000000000000 0.000000000000 0.000826297008 0.000000000000 -0.000000000000 -0.000000000000 -0.000000000000 0.600291352952 0.000000000000 -0.799780975521 0.000000000000
0.000000000000 -0.000000000000 -0.000000000000 0.008660796790 -0.000000000000 0.000000000000 -0.999962494596 -0.000000000000 -0.000000000000 0.000000000000 -0.000000000000
-0.000066444025 0.002282836919 0.000000000000 -0.000000000000 -0.000379856169 0.836683729548 0.000000000000 0.000000000000 -0.018001277096 -0.000000000000 -0.547385541171

