Begin IJ Block
1   1   -33.0223838298
1   2   -0.5819237298
1   4   -0.1849919256
2   2   -7.8675795561
2   4   -0.2200888951
3   3   -6.7490973396
4   4   -6.9063382257
5   5   -7.0470128123

End IJ Block
Begin IA Block
1   1   0.1536836268
1   3   -0.0000000000
2   1   0.7379590553
2   3   -0.0000000000
3   2   -0.8767065519
3   3   -0.3868021686
4   1   -0.3725349146
4   3   -0.0000000000

End IA Block
Begin AB Block
1   1   -3.0255961935
1   3   0.0000000000
2   2   -2.7152792954
2   3   -0.6840422267
3   3   -3.6046734188

End AB Block
Begin IJAB Block
1   6   1   4   0.0079394805
1   6   2   5   0.0045080382
1   6   2   6   0.0037357761
1   6   3   5   0.0037357761
1   6   3   6   0.0030667333
1   7   1   4   -0.0010809123
1   7   2   5   -0.0038302975
1   7   2   6   -0.0027143761
1   7   3   5   -0.0031566522
1   7   3   6   -0.0024716937
1   8   1   5   -0.0000524688
1   8   1   6   -0.0013411559
1   8   2   4   0.0021019649
1   8   3   4   0.0016881176
1   9   1   4   0.0013249514
1   9   2   5   -0.0014017279
1   9   2   6   -0.0030741820
1   9   3   5   -0.0013873156
1   9   3   6   -0.0026563632
2   6   1   4   -0.0010809123
2   6   2   5   -0.0038302975
2   6   2   6   -0.0031566522
2   6   3   5   -0.0027143761
2   6   3   6   -0.0024716937
2   7   1   4   0.0294873939
2   7   2   5   0.0145043783
2   7   2   6   0.0105553881
2   7   3   5   0.0105553881
2   7   3   6   0.0259065699
2   8   1   5   -0.0227195143
2   8   1   6   -0.0106026609
2   8   2   4   -0.0107315085
2   8   3   4   -0.0094346747
2   9   1   4   -0.0160171345
2   9   2   5   0.0026301493
2   9   2   6   0.0082252867
2   9   3   5   0.0031730917
2   9   3   6   -0.0034748632
3   6   1   5   0.0021019649
3   6   1   6   0.0016881176
3   6   2   4   -0.0000524688
3   6   3   4   -0.0013411559
3   7   1   5   -0.0107315085
3   7   1   6   -0.0094346747
3   7   2   4   -0.0227195143
3   7   3   4   -0.0106026609
3   8   1   4   0.0178354800
3   8   2   5   0.0321174290
3   8   2   6   0.0234432584
3   8   3   5   0.0234432584
3   8   3   6   0.0547558583
3   9   1   5   0.0059333249
3   9   1   6   0.0114555851
3   9   2   4   0.0128677806
3   9   3   4   0.0139288022
4   6   1   4   0.0013249514
4   6   2   5   -0.0014017279
4   6   2   6   -0.0013873156
4   6   3   5   -0.0030741820
4   6   3   6   -0.0026563632
4   7   1   4   -0.0160171345
4   7   2   5   0.0026301493
4   7   2   6   0.0031730917
4   7   3   5   0.0082252867
4   7   3   6   -0.0034748632
4   8   1   5   0.0128677806
4   8   1   6   0.0139288022
4   8   2   4   0.0059333249
4   8   3   4   0.0114555851
4   9   1   4   0.0164763756
4   9   2   5   0.0094652010
4   9   2   6   0.0144780701
4   9   3   5   0.0144780701
4   9   3   6   0.0410833780
5   10   1   4   0.0124383707
5   10   2   5   0.0058965708
5   10   2   6   0.0042333569
5   10   3   5   0.0042333569
5   10   3   6   0.0069451594

End IJAB Block
Begin IJKL Block
1   6   1   6   4.7295519570
1   6   1   7   0.4291051599
1   6   1   9   0.1371391049
1   6   2   6   0.4291051599
1   6   2   7   0.0593689542
1   6   2   9   0.0161222170
1   6   3   8   0.0167551156
1   6   4   6   0.1371391049
1   6   4   7   0.0161222170
1   6   4   9   0.0262046303
1   6   5   10   0.0256135710
1   7   1   6   0.4291051599
1   7   1   7   1.0474216679
1   7   1   9   0.0839662143
1   7   2   6   0.0636024064
1   7   2   7   0.0146703756
1   7   2   9   0.0074858892
1   7   3   8   -0.0227862876
1   7   4   6   0.0161979704
1   7   4   7   0.0145450245
1   7   4   9   -0.0218184559
1   7   5   10   -0.0282996773
1   8   1   8   0.8891000187
1   8   2   8   0.0074035630
1   8   3   6   0.0210187262
1   8   3   7   -0.0236118091
1   8   3   9   -0.0030936295
1   8   4   8   0.0075177603
1   9   1   6   0.1371391049
1   9   1   7   0.0839662143
1   9   1   9   0.9807054966
1   9   2   6   0.0161979704
1   9   2   7   0.0077678864
1   9   2   9   0.0134254192
1   9   3   8   -0.0027557162
1   9   4   6   0.0308597855
1   9   4   7   -0.0225323069
1   9   4   9   -0.0081654438
1   9   5   10   -0.0085989904
1   10   1   10   1.0275978871
1   10   2   10   0.0121526547
1   10   4   10   0.0048020011
1   10   5   6   0.0306597348
1   10   5   7   -0.0287067059
1   10   5   9   -0.0089415060
2   6   1   6   0.4291051599
2   6   1   7   0.0636024064
2   6   1   9   0.0161979704
2   6   2   6   1.0474216679
2   6   2   7   0.0146703756
2   6   2   9   0.0145450245
2   6   3   8   -0.0227862876
2   6   4   6   0.0839662143
2   6   4   7   0.0074858892
2   6   4   9   -0.0218184559
2   6   5   10   -0.0282996773
2   7   1   6   0.0593689542
2   7   1   7   0.0146703756
2   7   1   9   0.0077678864
2   7   2   6   0.0146703756
2   7   2   7   0.7443648154
2   7   2   9   -0.0170027888
2   7   3   8   0.1418852148
2   7   4   6   0.0077678864
2   7   4   7   -0.0170027888
2   7   4   9   0.1136259176
2   7   5   10   0.1164180384
2   8   1   8   0.0074035630
2   8   2   8   0.6741292781
2   8   3   6   -0.0236118091
2   8   3   7   0.1466190706
2   8   3   9   -0.0139168308
2   8   4   8   -0.0120569132
2   9   1   6   0.0161222170
2   9   1   7   0.0074858892
2   9   1   9   0.0134254192
2   9   2   6   0.0145450245
2   9   2   7   -0.0170027888
2   9   2   9   0.6691374604
2   9   3   8   -0.0141545316
2   9   4   6   -0.0225323069
2   9   4   7   0.1183184351
2   9   4   9   0.0631776729
2   9   5   10   0.0275708578
2   10   1   10   0.0121526547
2   10   2   10   0.6990590618
2   10   4   10   0.0319608348
2   10   5   6   -0.0287067059
2   10   5   7   0.1207800703
2   10   5   9   0.0274351973
3   6   1   8   0.0210187262
3   6   2   8   -0.0236118091
3   6   3   6   0.8891000187
3   6   3   7   0.0074035630
3   6   3   9   0.0075177603
3   6   4   8   -0.0030936295
3   7   1   8   -0.0236118091
3   7   2   8   0.1466190706
3   7   3   6   0.0074035630
3   7   3   7   0.6741292781
3   7   3   9   -0.0120569132
3   7   4   8   -0.0139168308
3   8   1   6   0.0167551156
3   8   1   7   -0.0227862876
3   8   1   9   -0.0027557162
3   8   2   6   -0.0227862876
3   8   2   7   0.1418852148
3   8   2   9   -0.0141545316
3   8   3   8   0.6510540970
3   8   4   6   -0.0027557162
3   8   4   7   -0.0141545316
3   8   4   9   0.0309972780
3   8   5   10   0.0215973307
3   9   1   8   -0.0030936295
3   9   2   8   -0.0139168308
3   9   3   6   0.0075177603
3   9   3   7   -0.0120569132
3   9   3   9   0.5983965344
3   9   4   8   0.0364830111
3   10   3   10   0.6134724830
3   10   5   8   0.0279299534
4   6   1   6   0.1371391049
4   6   1   7   0.0161979704
4   6   1   9   0.0308597855
4   6   2   6   0.0839662143
4   6   2   7   0.0077678864
4   6   2   9   -0.0225323069
4   6   3   8   -0.0027557162
4   6   4   6   0.9807054966
4   6   4   7   0.0134254192
4   6   4   9   -0.0081654438
4   6   5   10   -0.0085989904
4   7   1   6   0.0161222170
4   7   1   7   0.0145450245
4   7   1   9   -0.0225323069
4   7   2   6   0.0074858892
4   7   2   7   -0.0170027888
4   7   2   9   0.1183184351
4   7   3   8   -0.0141545316
4   7   4   6   0.0134254192
4   7   4   7   0.6691374604
4   7   4   9   0.0631776729
4   7   5   10   0.0275708578
4   8   1   8   0.0075177603
4   8   2   8   -0.0120569132
4   8   3   6   -0.0030936295
4   8   3   7   -0.0139168308
4   8   3   9   0.0364830111
4   8   4   8   0.5983965344
4   9   1   6   0.0262046303
4   9   1   7   -0.0218184559
4   9   1   9   -0.0081654438
4   9   2   6   -0.0218184559
4   9   2   7   0.1136259176
4   9   2   9   0.0631776729
4   9   3   8   0.0309972780
4   9   4   6   -0.0081654438
4   9   4   7   0.0631776729
4   9   4   9   0.6972010825
4   9   5   10   0.0318984090
4   10   1   10   0.0048020011
4   10   2   10   0.0319608348
4   10   4   10   0.6443905498
4   10   5   6   -0.0089415060
4   10   5   7   0.0274351973
4   10   5   9   0.0379846051
5   6   1   10   0.0306597348
5   6   2   10   -0.0287067059
5   6   4   10   -0.0089415060
5   6   5   6   1.0275978871
5   6   5   7   0.0121526547
5   6   5   9   0.0048020011
5   7   1   10   -0.0287067059
5   7   2   10   0.1207800703
5   7   4   10   0.0274351973
5   7   5   6   0.0121526547
5   7   5   7   0.6990590618
5   7   5   9   0.0319608348
5   8   3   10   0.0279299534
5   8   5   8   0.6134724830
5   9   1   10   -0.0089415060
5   9   2   10   0.0274351973
5   9   4   10   0.0379846051
5   9   5   6   0.0048020011
5   9   5   7   0.0319608348
5   9   5   9   0.6443905498
5   10   1   6   0.0256135710
5   10   1   7   -0.0282996773
5   10   1   9   -0.0085989904
5   10   2   6   -0.0282996773
5   10   2   7   0.1164180384
5   10   2   9   0.0275708578
5   10   3   8   0.0215973307
5   10   4   6   -0.0085989904
5   10   4   7   0.0275708578
5   10   4   9   0.0318984090
5   10   5   10   0.7219020806

End IJKL Block
Begin ABCD Block
1   4   1   4   0.2666447257
1   4   2   5   0.0655814304
1   4   2   6   -0.0000106351
1   4   3   5   -0.0000106351
1   4   3   6   0.0174898185
1   5   1   5   0.2535573416
1   5   1   6   0.0243417403
1   5   2   4   0.0655808445
1   5   3   4   -0.0000202055
1   6   1   5   0.0243417403
1   6   1   6   0.2841144756
1   6   2   4   -0.0000202055
1   6   3   4   0.0175020980
2   4   1   5   0.0655808445
2   4   1   6   -0.0000202055
2   4   2   4   0.2535573416
2   4   3   4   0.0243417403
2   5   1   4   0.0655814304
2   5   2   5   0.2587626045
2   5   2   6   0.0195647645
2   5   3   5   0.0195647645
2   5   3   6   0.0183709232
2   6   1   4   -0.0000106351
2   6   2   5   0.0195647645
2   6   2   6   0.2660636334
2   6   3   5   0.0184208292
2   6   3   6   0.0434595427
3   4   1   5   -0.0000202055
3   4   1   6   0.0175020980
3   4   2   4   0.0243417403
3   4   3   4   0.2841144756
3   5   1   4   -0.0000106351
3   5   2   5   0.0195647645
3   5   2   6   0.0184208292
3   5   3   5   0.2660636334
3   5   3   6   0.0434595427
3   6   1   4   0.0174898185
3   6   2   5   0.0183709232
3   6   2   6   0.0434595427
3   6   3   5   0.0434595427
3   6   3   6   0.3739839706

End ABCD Block
Begin AIJB Block
1   6   1   4   0.0073048487
1   6   2   4   -0.0006058795
1   6   3   5   0.0017503550
1   6   3   6   0.0013133736
1   6   4   4   0.0008782799
1   7   1   4   -0.0006058795
1   7   2   4   0.0238473188
1   7   3   5   -0.0075029089
1   7   3   6   -0.0063834813
1   7   4   4   -0.0127729164
1   8   1   5   -0.0004743910
1   8   1   6   -0.0016113416
1   8   2   5   -0.0198852601
1   8   2   6   -0.0085750346
1   8   3   4   0.0139875798
1   8   4   5   0.0126160643
1   8   4   6   0.0136725666
1   9   1   4   0.0008782799
1   9   2   4   -0.0127729164
1   9   3   5   0.0053104004
1   9   3   6   0.0104555334
1   9   4   4   0.0141651435
1   10   5   4   0.0091107113
2   6   1   5   0.0042323837
2   6   1   6   0.0035354694
2   6   2   5   -0.0034774107
2   6   2   6   -0.0028922820
2   6   3   4   -0.0004743910
2   6   4   5   -0.0013132130
2   6   4   6   -0.0013328130
2   7   1   5   -0.0034774107
2   7   1   6   -0.0024377164
2   7   2   5   0.0119596367
2   7   2   6   0.0090764688
2   7   3   4   -0.0198852601
2   7   4   5   0.0022193480
2   7   4   6   0.0024573728
2   8   1   4   0.0017503550
2   8   2   4   -0.0075029089
2   8   3   5   0.0296622633
2   8   3   6   0.0228163065
2   8   4   4   0.0053104004
2   9   1   5   -0.0013132130
2   9   1   6   -0.0029512585
2   9   2   5   0.0022193480
2   9   2   6   0.0078263317
2   9   3   4   0.0126160643
2   9   4   5   0.0077081607
2   9   4   6   0.0139115752
2   10   5   5   0.0042335400
2   10   5   6   0.0035689509
3   6   1   5   0.0035354694
3   6   1   6   0.0030046596
3   6   2   5   -0.0024377164
3   6   2   6   -0.0021949184
3   6   3   4   -0.0016113416
3   6   4   5   -0.0029512585
3   6   4   6   -0.0026868845
3   7   1   5   -0.0028922820
3   7   1   6   -0.0021949184
3   7   2   5   0.0090764688
3   7   2   6   0.0236914635
3   7   3   4   -0.0085750346
3   7   4   5   0.0078263317
3   7   4   6   -0.0027423452
3   8   1   4   0.0013133736
3   8   2   4   -0.0063834813
3   8   3   5   0.0228163065
3   8   3   6   0.0538347528
3   8   4   4   0.0104555334
3   9   1   5   -0.0013328130
3   9   1   6   -0.0026868845
3   9   2   5   0.0024573728
3   9   2   6   -0.0027423452
3   9   3   4   0.0136725666
3   9   4   5   0.0139115752
3   9   4   6   0.0416339335
3   10   5   5   0.0035689509
3   10   5   6   0.0074599122

1   6   6   1   -0.3557749939
1   6   7   1   -0.0012200775
1   6   8   2   -0.0038652154
1   6   8   3   -0.0008997651
1   6   9   1   -0.0048938479
1   7   6   1   -0.0012200775
1   7   7   1   -0.3269936092
1   7   8   2   0.0415421796
1   7   8   3   0.0064906956
1   7   9   1   0.0237036346
1   8   6   2   -0.0038810195
1   8   6   3   -0.0010127969
1   8   7   2   0.0414810885
1   8   7   3   0.0068762927
1   8   8   1   -0.3202648707
1   8   9   2   -0.0128616504
1   8   9   3   -0.0106791260
1   9   6   1   -0.0048938479
1   9   7   1   0.0237036346
1   9   8   2   -0.0130287859
1   9   8   3   -0.0107075815
1   9   9   1   -0.3067049225
1   10   10   1   -0.3111760759
2   6   6   2   -0.3301285014
2   6   6   3   -0.1026920531
2   6   7   2   -0.0013304990
2   6   7   3   -0.0013710509
2   6   8   1   -0.0038810195
2   6   9   2   -0.0014012866
2   6   9   3   0.0002047050
2   7   6   2   -0.0013304990
2   7   6   3   -0.0013425374
2   7   7   2   -0.2963827916
2   7   7   3   -0.0698172622
2   7   8   1   0.0414810885
2   7   9   2   0.0102721041
2   7   9   3   -0.0000142627
2   8   6   1   -0.0038652154
2   8   7   1   0.0415421796
2   8   8   2   -0.3001499261
2   8   8   3   -0.0691972853
2   8   9   1   -0.0130287859
2   9   6   2   -0.0014012866
2   9   6   3   0.0000970958
2   9   7   2   0.0102721041
2   9   7   3   0.0003116280
2   9   8   1   -0.0128616504
2   9   9   2   -0.2816785141
2   9   9   3   -0.0670733065
2   10   10   2   -0.2833634046
2   10   10   3   -0.0622179080
3   6   6   2   -0.1026920531
3   6   6   3   -0.4584370160
3   6   7   2   -0.0013425374
3   6   7   3   -0.0011850674
3   6   8   1   -0.0010127969
3   6   9   2   0.0000970958
3   6   9   3   -0.0001141604
3   7   6   2   -0.0013710509
3   7   6   3   -0.0011850674
3   7   7   2   -0.0698172622
3   7   7   3   -0.4298451357
3   7   8   1   0.0068762927
3   7   9   2   0.0003116280
3   7   9   3   0.0082590744
3   8   6   1   -0.0008997651
3   8   7   1   0.0064906956
3   8   8   2   -0.0691972853
3   8   8   3   -0.4342892055
3   8   9   1   -0.0107075815
3   9   6   2   0.0002047050
3   9   6   3   -0.0001141604
3   9   7   2   -0.0000142627
3   9   7   3   0.0082590744
3   9   8   1   -0.0106791260
3   9   9   2   -0.0670733065
3   9   9   3   -0.4186763115
3   10   10   2   -0.0622179080
3   10   10   3   -0.4014707850

End AIJB Block
Begin IJKA Block
1   6   1   4   -0.1254973942
1   6   1   6   0.0000000000
1   6   2   4   -0.0202608725
1   6   3   5   0.0092730964
1   6   3   6   0.0077534121
1   6   4   4   0.0000523476
1   7   1   4   -0.1497082657
1   7   2   4   -0.0025000991
1   7   3   5   -0.0079906535
1   7   3   6   -0.0054661270
1   7   4   4   -0.0076614306
1   8   1   5   0.1613699811
1   8   1   6   0.0982844202
1   8   2   5   0.0014132676
1   8   2   6   0.0021722681
1   8   3   4   0.0039964681
1   8   4   5   0.0003711922
1   8   4   6   -0.0044714963
1   9   1   4   0.0658275062
1   9   2   4   -0.0008003034
1   9   3   5   -0.0028890083
1   9   3   6   -0.0068615880
1   9   4   4   0.0030929986
1   10   5   4   0.0065251106
2   6   1   4   -0.0214487414
2   6   2   4   -0.0013588041
2   6   3   5   -0.0106598066
2   6   3   6   -0.0087363669
2   6   4   4   -0.0074417179
2   7   1   4   -0.0013590569
2   7   2   4   -0.0852568791
2   7   3   5   0.0323395038
2   7   3   6   0.0044525845
2   7   4   4   0.0148466651
2   8   1   5   0.0005572454
2   8   1   6   0.0013617686
2   8   2   5   0.0928483222
2   8   2   6   0.0211324228
2   8   3   4   -0.0029216215
2   8   4   5   0.0137720139
2   8   4   6   0.0515345024
2   9   1   4   -0.0009833295
2   9   2   4   0.0418782734
2   9   3   5   0.0154693337
2   9   3   6   0.0568237147
2   9   4   4   -0.0000937900
2   10   5   4   -0.0182941561
3   6   1   5   0.0101551272
3   6   1   6   0.0087233375
3   6   2   5   -0.0108725051
3   6   2   6   -0.0090158200
3   6   3   4   -0.0004748655
3   6   4   5   -0.0016698567
3   6   4   6   -0.0020011774
3   7   1   5   -0.0080694613
3   7   1   6   -0.0058228016
3   7   2   5   0.0319450054
3   7   2   6   0.0053476197
3   7   3   4   -0.0623899988
3   7   4   5   0.0050453774
3   7   4   6   0.0240092367
3   8   1   4   0.0037509476
3   8   2   4   -0.0029464508
3   8   3   5   0.0827618047
3   8   3   6   0.0102935433
3   8   4   4   -0.0021554883
3   9   1   5   -0.0027718632
3   9   1   6   -0.0063232721
3   9   2   5   0.0144765753
3   9   2   6   0.0536053902
3   9   3   4   0.0274826655
3   9   4   5   0.0069894644
3   9   4   6   -0.0005613006
3   10   5   5   0.0088325537
3   10   5   6   0.0090294851
4   6   1   4   0.0003410478
4   6   2   4   -0.0076115255
4   6   3   5   -0.0016295166
4   6   3   6   -0.0019718471
4   6   4   4   -0.0058595625
4   7   1   4   -0.0073559379
4   7   2   4   0.0145864708
4   7   3   5   0.0051944129
4   7   3   6   0.0243606332
4   7   4   4   -0.0595210983
4   8   1   5   0.0003464077
4   8   1   6   -0.0039620367
4   8   2   5   0.0128706760
4   8   2   6   0.0486212392
4   8   3   4   -0.0025610046
4   8   4   5   0.0829053619
4   8   4   6   0.0393405062
4   9   1   4   0.0026754924
4   9   2   4   0.0002544806
4   9   3   5   0.0062013677
4   9   3   6   -0.0018846102
4   9   4   4   0.0409621629
4   10   5   4   0.0007075746
5   6   5   4   -0.0021734751
5   7   5   4   -0.0759667129
5   8   5   5   0.0871684117
5   8   5   6   0.0406272775
5   9   5   4   0.0369306965
5   10   1   4   0.0058900388
5   10   2   4   -0.0173707783
5   10   3   5   0.0085945013
5   10   3   6   0.0090399728
5   10   4   4   0.0010380336

End IJKA Block
Begin IABC Block
1   4   1   4   0.0005693110
1   4   2   5   0.0016366134
1   4   2   6   0.0003951208
1   4   3   5   0.0013066627
1   4   3   6   0.0002907312
1   5   1   5   -0.0001182106
1   5   1   6   -0.0004389918
1   5   2   4   0.0016435990
1   5   3   4   0.0013117235
1   6   1   5   -0.0004256911
1   6   1   6   -0.0003019011
1   6   2   4   0.0004117946
1   6   3   4   0.0002856492
2   4   1   4   -0.0110964140
2   4   2   5   0.0009713558
2   4   2   6   0.0010450874
2   4   3   5   0.0063300195
2   4   3   6   0.0105193586
2   5   1   5   -0.0072136925
2   5   1   6   -0.0061048620
2   5   2   4   0.0008519011
2   5   3   4   0.0062098217
2   6   1   5   -0.0060036804
2   6   1   6   -0.0135738941
2   6   2   4   0.0011037179
2   6   3   4   0.0113959521
3   4   1   5   -0.0180046528
3   4   1   6   -0.0004292540
3   4   2   4   0.0075348008
3   4   3   4   -0.0136177187
3   5   1   4   -0.0176115725
3   5   2   5   0.0054369615
3   5   2   6   0.0094858539
3   5   3   5   -0.0091567238
3   5   3   6   -0.0046607074
3   6   1   4   -0.0008726194
3   6   2   5   0.0093026806
3   6   2   6   0.0231710323
3   6   3   5   -0.0058427577
3   6   3   6   -0.0173047586
4   4   1   4   -0.0009962721
4   4   2   5   -0.0118083292
4   4   2   6   -0.0019889194
4   4   3   5   -0.0256406662
4   4   3   6   -0.0036834130
4   5   1   5   -0.0040346953
4   5   1   6   -0.0005543908
4   5   2   4   -0.0117453136
4   5   3   4   -0.0252715500
4   6   1   5   -0.0012263598
4   6   1   6   0.0053083951
4   6   2   4   -0.0023614203
4   6   3   4   -0.0044142073

End IABC Block
