Begin IJ Block
1   1   -2.1888414052
1   3   0.1391612187
2   2   -1.9537077901
2   3   -0.0000000000
3   3   -1.8151952934

End IJ Block
Begin IA Block
1   2   0.0726081158
1   3   0.0000000000
1   4   -0.1231716813
1   5   -0.0000000000
2   1   0.2062257404
2   2   -0.0000000000
2   3   0.0477626631
2   5   -0.1029686869
3   1   -0.0000000000
3   2   0.1840808918
3   3   -0.0000000000
3   4   0.0576630360
3   5   0.0000000000

End IA Block
Begin AB Block
1   1   -1.4949116392
1   2   -0.0000000000
1   3   0.2967878469
1   4   -0.0000000000
1   5   0.1893456818
2   2   -1.0025765904
2   3   0.0000000000
2   4   0.0048328473
2   5   -0.0000000000
3   3   -0.9286305809
3   4   -0.0000000000
3   5   0.0340700527
4   4   -1.0992195799
4   5   0.0000000001
5   5   -0.8699236066

End AB Block
Begin IJAB Block
1   4   1   6   0.0575687019
1   4   1   7   0.0000000000
1   4   1   8   -0.0231038380
1   4   1   9   0.0000000000
1   4   1   10   -0.0233826576
1   4   2   6   0.0000000000
1   4   2   7   0.0220144594
1   4   2   8   0.0000000000
1   4   2   9   0.0035351277
1   4   2   10   0.0000000002
1   4   3   6   -0.0231038380
1   4   3   7   0.0000000000
1   4   3   8   0.0169939846
1   4   3   9   -0.0000000000
1   4   3   10   0.0081107464
1   4   4   6   0.0000000000
1   4   4   7   0.0035351277
1   4   4   8   -0.0000000000
1   4   4   9   0.0164909418
1   4   4   10   0.0000000002
1   4   5   6   -0.0233826576
1   4   5   7   0.0000000002
1   4   5   8   0.0081107464
1   4   5   9   0.0000000002
1   4   5   10   0.0131360193
1   5   1   6   0.0000000000
1   5   1   7   0.0238548374
1   5   1   8   -0.0000000000
1   5   1   9   -0.0031401908
1   5   1   10   0.0000000000
1   5   2   6   0.0107942445
1   5   2   7   0.0000000000
1   5   2   8   0.0088839996
1   5   2   9   0.0000000000
1   5   2   10   -0.0041149036
1   5   3   6   -0.0000000000
1   5   3   7   0.0017032384
1   5   3   8   0.0000000000
1   5   3   9   -0.0014331007
1   5   3   10   0.0000000000
1   5   4   6   -0.0095411607
1   5   4   7   0.0000000000
1   5   4   8   0.0001313366
1   5   4   9   0.0000000001
1   5   4   10   0.0084030201
1   5   5   6   0.0000000000
1   5   5   7   -0.0091983788
1   5   5   8   0.0000000000
1   5   5   9   0.0051791588
1   5   5   10   0.0000000006
1   6   1   6   -0.0040602969
1   6   1   7   0.0000000000
1   6   1   8   0.0091679100
1   6   1   9   0.0000000000
1   6   1   10   0.0097355494
1   6   2   6   0.0000000000
1   6   2   7   0.0058081974
1   6   2   8   0.0000000000
1   6   2   9   -0.0058035407
1   6   2   10   0.0000000000
1   6   3   6   -0.0030537840
1   6   3   7   0.0000000000
1   6   3   8   0.0058390348
1   6   3   9   0.0000000000
1   6   3   10   -0.0049948557
1   6   4   7   -0.0102070723
1   6   4   8   0.0000000000
1   6   4   9   -0.0091957556
1   6   4   10   -0.0000000001
1   6   5   6   0.0106955772
1   6   5   7   0.0000000001
1   6   5   8   -0.0091258134
1   6   5   9   0.0000000000
1   6   5   10   -0.0039718533
2   4   1   6   0.0000000000
2   4   1   7   0.0107942445
2   4   1   8   -0.0000000000
2   4   1   9   -0.0095411607
2   4   1   10   0.0000000000
2   4   2   6   0.0238548374
2   4   2   7   0.0000000000
2   4   2   8   0.0017032384
2   4   2   9   0.0000000000
2   4   2   10   -0.0091983788
2   4   3   6   -0.0000000000
2   4   3   7   0.0088839996
2   4   3   8   0.0000000000
2   4   3   9   0.0001313366
2   4   3   10   0.0000000000
2   4   4   6   -0.0031401908
2   4   4   7   0.0000000000
2   4   4   8   -0.0014331007
2   4   4   9   0.0000000001
2   4   4   10   0.0051791588
2   4   5   6   0.0000000000
2   4   5   7   -0.0041149036
2   4   5   8   0.0000000000
2   4   5   9   0.0084030201
2   4   5   10   0.0000000006
2   5   1   6   0.0634925009
2   5   1   7   0.0000000000
2   5   1   8   -0.0249016997
2   5   1   9   0.0000000000
2   5   1   10   -0.0140858734
2   5   2   6   0.0000000000
2   5   2   7   0.0310970402
2   5   2   8   0.0000000000
2   5   2   9   -0.0019388372
2   5   2   10   0.0000000003
2   5   3   6   -0.0249016997
2   5   3   7   0.0000000000
2   5   3   8   0.0264148014
2   5   3   9   -0.0000000000
2   5   3   10   0.0016262683
2   5   4   6   0.0000000000
2   5   4   7   -0.0019388372
2   5   4   8   -0.0000000000
2   5   4   9   0.0057770829
2   5   4   10   0.0000000002
2   5   5   6   -0.0140858734
2   5   5   7   0.0000000003
2   5   5   8   0.0016262683
2   5   5   9   0.0000000002
2   5   5   10   0.0089234041
2   6   1   6   0.0000000000
2   6   1   7   0.0317179377
2   6   1   8   0.0000000000
2   6   1   9   0.0178651159
2   6   1   10   0.0000000001
2   6   2   6   0.0037214070
2   6   2   7   0.0000000000
2   6   2   8   0.0124106351
2   6   2   9   0.0000000000
2   6   2   10   0.0012225140
2   6   3   6   0.0000000000
2   6   3   7   -0.0021113892
2   6   3   8   0.0000000001
2   6   3   9   -0.0105529090
2   6   3   10   0.0000000001
2   6   4   6   0.0122429557
2   6   4   7   0.0000000000
2   6   4   8   -0.0091870949
2   6   4   9   0.0000000001
2   6   4   10   -0.0002365315
2   6   5   6   0.0000000001
2   6   5   7   -0.0075006845
2   6   5   8   0.0000000002
2   6   5   9   -0.0032487793
2   6   5   10   0.0000000004
3   4   1   6   -0.0040602969
3   4   1   7   0.0000000000
3   4   1   8   -0.0030537840
3   4   1   10   0.0106955772
3   4   2   6   0.0000000000
3   4   2   7   0.0058081974
3   4   2   8   0.0000000000
3   4   2   9   -0.0102070723
3   4   2   10   0.0000000001
3   4   3   6   0.0091679100
3   4   3   7   0.0000000000
3   4   3   8   0.0058390348
3   4   3   9   0.0000000000
3   4   3   10   -0.0091258134
3   4   4   6   0.0000000000
3   4   4   7   -0.0058035407
3   4   4   8   0.0000000000
3   4   4   9   -0.0091957556
3   4   4   10   0.0000000000
3   4   5   6   0.0097355494
3   4   5   7   0.0000000000
3   4   5   8   -0.0049948557
3   4   5   9   -0.0000000001
3   4   5   10   -0.0039718533
3   5   1   6   0.0000000000
3   5   1   7   0.0037214070
3   5   1   8   0.0000000000
3   5   1   9   0.0122429557
3   5   1   10   0.0000000001
3   5   2   6   0.0317179377
3   5   2   7   0.0000000000
3   5   2   8   -0.0021113892
3   5   2   9   0.0000000000
3   5   2   10   -0.0075006845
3   5   3   6   0.0000000000
3   5   3   7   0.0124106351
3   5   3   8   0.0000000001
3   5   3   9   -0.0091870949
3   5   3   10   0.0000000002
3   5   4   6   0.0178651159
3   5   4   7   0.0000000000
3   5   4   8   -0.0105529090
3   5   4   9   0.0000000001
3   5   4   10   -0.0032487793
3   5   5   6   0.0000000001
3   5   5   7   0.0012225140
3   5   5   8   0.0000000001
3   5   5   9   -0.0002365315
3   5   5   10   0.0000000004
3   6   1   6   0.0767486658
3   6   1   7   0.0000000000
3   6   1   8   -0.0411687816
3   6   1   9   0.0000000001
3   6   1   10   -0.0104607992
3   6   2   6   0.0000000000
3   6   2   7   0.0271324010
3   6   2   8   0.0000000001
3   6   2   9   0.0107404041
3   6   2   10   0.0000000003
3   6   3   6   -0.0411687816
3   6   3   7   0.0000000001
3   6   3   8   0.0339791941
3   6   3   10   0.0064066659
3   6   4   6   0.0000000001
3   6   4   7   0.0107404041
3   6   4   9   0.0133288218
3   6   4   10   0.0000000003
3   6   5   6   -0.0104607992
3   6   5   7   0.0000000003
3   6   5   8   0.0064066659
3   6   5   9   0.0000000003
3   6   5   10   0.0065727718

End IJAB Block
Begin IJKL Block
1   4   1   4   0.3985662674
1   4   1   5   -0.0000000000
1   4   1   6   -0.0707693680
1   4   2   4   -0.0000000000
1   4   2   5   0.1178205818
1   4   3   4   -0.0707693680
1   4   3   6   0.0839657847
1   5   1   4   -0.0000000000
1   5   1   5   0.3186163469
1   5   1   6   -0.0000000000
1   5   2   4   0.1181124774
1   5   2   6   0.0872889362
1   5   3   5   0.0202734475
1   5   3   6   0.0000000000
1   6   1   4   -0.0707693680
1   6   1   5   -0.0000000000
1   6   1   6   0.3291378503
1   6   2   5   0.0894448182
1   6   3   4   0.0864248419
1   6   3   6   -0.0191794791
2   4   1   4   -0.0000000000
2   4   1   5   0.1181124774
2   4   2   4   0.3186163469
2   4   2   6   0.0202734475
2   4   3   4   -0.0000000000
2   4   3   5   0.0872889362
2   4   3   6   0.0000000000
2   5   1   4   0.1178205818
2   5   1   6   0.0894448182
2   5   2   5   0.3390312481
2   5   3   4   0.0894448182
2   5   3   6   0.1033139447
2   6   1   5   0.0872889362
2   6   2   4   0.0202734475
2   6   2   6   0.3076876260
2   6   3   5   0.1056837628
2   6   3   6   0.0000000000
3   4   1   4   -0.0707693680
3   4   1   6   0.0864248419
3   4   2   4   -0.0000000000
3   4   2   5   0.0894448182
3   4   3   4   0.3291378503
3   4   3   6   -0.0191794791
3   5   1   5   0.0202734475
3   5   2   4   0.0872889362
3   5   2   6   0.1056837628
3   5   3   5   0.3076876260
3   5   3   6   0.0000000000
3   6   1   4   0.0839657847
3   6   1   5   0.0000000000
3   6   1   6   -0.0191794791
3   6   2   4   0.0000000000
3   6   2   5   0.1033139447
3   6   2   6   0.0000000000
3   6   3   4   -0.0191794791
3   6   3   5   0.0000000000
3   6   3   6   0.3170563330

End IJKL Block
Begin ABCD Block
1   6   1   6   0.2610291172
1   6   1   7   -0.0000000000
1   6   1   8   -0.0413644815
1   6   1   9   -0.0000000001
1   6   1   10   -0.0238029243
1   6   2   6   -0.0000000000
1   6   2   7   0.0543821098
1   6   2   8   -0.0000000000
1   6   2   9   0.0109840634
1   6   2   10   0.0000000000
1   6   3   6   -0.0413644815
1   6   3   7   -0.0000000000
1   6   3   8   0.0298206618
1   6   3   9   -0.0000000004
1   6   3   10   0.0165579333
1   6   4   6   -0.0000000001
1   6   4   7   0.0109840634
1   6   4   8   -0.0000000004
1   6   4   9   0.0077723450
1   6   4   10   0.0000000002
1   6   5   6   -0.0238029243
1   6   5   7   0.0000000000
1   6   5   8   0.0165579333
1   6   5   9   0.0000000002
1   6   5   10   0.0154327062
1   7   1   6   -0.0000000000
1   7   1   7   0.2036410692
1   7   1   8   0.0000000000
1   7   1   9   0.0042097647
1   7   1   10   0.0000000001
1   7   2   6   0.0543821098
1   7   2   7   -0.0000000000
1   7   2   8   0.0473322579
1   7   2   9   -0.0000000000
1   7   2   10   0.0161947708
1   7   3   6   -0.0000000000
1   7   3   7   -0.0046018577
1   7   3   8   0.0000000004
1   7   3   9   0.0023830052
1   7   3   10   0.0000000006
1   7   4   6   0.0109840634
1   7   4   7   -0.0000000002
1   7   4   8   0.0090247147
1   7   4   9   -0.0000000003
1   7   4   10   0.0047754479
1   7   5   6   0.0000000000
1   7   5   7   -0.0021272928
1   7   5   8   -0.0000000001
1   7   5   9   0.0025761450
1   7   5   10   0.0000000002
1   8   1   6   -0.0413644815
1   8   1   7   0.0000000000
1   8   1   8   0.1989341220
1   8   1   9   -0.0000000001
1   8   1   10   0.0041295805
1   8   2   6   -0.0000000000
1   8   2   7   0.0473322579
1   8   2   8   -0.0000000001
1   8   2   9   -0.0086602048
1   8   2   10   0.0000000000
1   8   3   6   0.0298206618
1   8   3   7   0.0000000004
1   8   3   8   -0.0123185880
1   8   3   9   -0.0000000006
1   8   3   10   0.0076260606
1   8   4   6   -0.0000000004
1   8   4   7   0.0090247147
1   8   4   8   -0.0000000021
1   8   4   9   -0.0048991471
1   8   4   10   -0.0000000017
1   8   5   6   0.0165579333
1   8   5   7   -0.0000000001
1   8   5   8   -0.0037870221
1   8   5   9   0.0000000001
1   8   5   10   0.0041909326
1   9   1   6   -0.0000000001
1   9   1   7   0.0042097647
1   9   1   8   -0.0000000001
1   9   1   9   0.2036644989
1   9   1   10   0.0000000001
1   9   2   6   0.0109840634
1   9   2   7   -0.0000000000
1   9   2   8   -0.0086602048
1   9   2   9   -0.0000000000
1   9   2   10   0.0270497604
1   9   3   6   -0.0000000004
1   9   3   7   0.0023830052
1   9   3   8   -0.0000000006
1   9   3   9   -0.0361797850
1   9   3   10   0.0000000010
1   9   4   6   0.0077723450
1   9   4   7   -0.0000000003
1   9   4   8   -0.0048991471
1   9   4   9   -0.0000000005
1   9   4   10   0.0048140330
1   9   5   6   0.0000000002
1   9   5   7   0.0025761450
1   9   5   8   0.0000000001
1   9   5   9   -0.0205866471
1   9   5   10   -0.0000000003
1   10   1   6   -0.0238029243
1   10   1   7   0.0000000001
1   10   1   8   0.0041295805
1   10   1   9   0.0000000001
1   10   1   10   0.1887594978
1   10   2   6   0.0000000000
1   10   2   7   0.0161947708
1   10   2   8   0.0000000000
1   10   2   9   0.0270497604
1   10   2   10   -0.0000000001
1   10   3   6   0.0165579333
1   10   3   7   0.0000000006
1   10   3   8   0.0076260606
1   10   3   9   0.0000000010
1   10   3   10   -0.0178919771
1   10   4   6   0.0000000002
1   10   4   7   0.0047754479
1   10   4   8   -0.0000000017
1   10   4   9   0.0048140330
1   10   4   10   -0.0000000023
1   10   5   6   0.0154327062
1   10   5   7   0.0000000002
1   10   5   8   0.0041909326
1   10   5   9   -0.0000000004
1   10   5   10   -0.0118527004
2   6   1   6   -0.0000000000
2   6   1   7   0.0543821098
2   6   1   8   -0.0000000000
2   6   1   9   0.0109840634
2   6   1   10   0.0000000000
2   6   2   6   0.2036410692
2   6   2   7   -0.0000000000
2   6   2   8   -0.0046018577
2   6   2   9   -0.0000000002
2   6   2   10   -0.0021272928
2   6   3   6   0.0000000000
2   6   3   7   0.0473322579
2   6   3   8   0.0000000004
2   6   3   9   0.0090247147
2   6   3   10   -0.0000000001
2   6   4   6   0.0042097647
2   6   4   7   -0.0000000000
2   6   4   8   0.0023830052
2   6   4   9   -0.0000000003
2   6   4   10   0.0025761450
2   6   5   6   0.0000000001
2   6   5   7   0.0161947708
2   6   5   8   0.0000000006
2   6   5   9   0.0047754479
2   6   5   10   0.0000000002
2   7   1   6   0.0543821098
2   7   1   7   -0.0000000000
2   7   1   8   0.0473322579
2   7   1   9   -0.0000000000
2   7   1   10   0.0161947708
2   7   2   6   -0.0000000000
2   7   2   7   0.1950401707
2   7   2   8   0.0000000003
2   7   2   9   0.0061301669
2   7   2   10   0.0000000004
2   7   3   6   0.0473322579
2   7   3   7   0.0000000003
2   7   3   8   0.0520802427
2   7   3   9   0.0000000004
2   7   3   10   0.0208671873
2   7   4   6   -0.0000000000
2   7   4   7   0.0061301669
2   7   4   8   0.0000000004
2   7   4   9   0.0035773656
2   7   4   10   0.0000000004
2   7   5   6   0.0161947708
2   7   5   7   0.0000000004
2   7   5   8   0.0208671873
2   7   5   9   0.0000000004
2   7   5   10   0.0139428278
2   8   1   6   -0.0000000000
2   8   1   7   0.0473322579
2   8   1   8   -0.0000000001
2   8   1   9   -0.0086602048
2   8   1   10   0.0000000000
2   8   2   6   -0.0046018577
2   8   2   7   0.0000000003
2   8   2   8   0.1824093400
2   8   2   9   -0.0000000003
2   8   2   10   0.0115543322
2   8   3   6   0.0000000004
2   8   3   7   0.0520802427
2   8   3   8   0.0000000019
2   8   3   9   -0.0054678752
2   8   3   10   0.0000000023
2   8   4   6   0.0023830052
2   8   4   7   0.0000000004
2   8   4   8   0.0043004611
2   8   4   9   -0.0000000004
2   8   4   10   0.0051223900
2   8   5   6   0.0000000006
2   8   5   7   0.0208671873
2   8   5   8   0.0000000027
2   8   5   9   0.0018423475
2   8   5   10   0.0000000039
2   9   1   6   0.0109840634
2   9   1   7   -0.0000000000
2   9   1   8   -0.0086602048
2   9   1   9   -0.0000000000
2   9   1   10   0.0270497604
2   9   2   6   -0.0000000002
2   9   2   7   0.0061301669
2   9   2   8   -0.0000000003
2   9   2   9   0.1603949182
2   9   2   10   0.0000000006
2   9   3   6   0.0090247147
2   9   3   7   0.0000000004
2   9   3   8   -0.0054678752
2   9   3   9   0.0000000004
2   9   3   10   0.0243504481
2   9   4   6   -0.0000000003
2   9   4   7   0.0035773656
2   9   4   8   -0.0000000004
2   9   4   9   -0.0049215100
2   9   4   10   0.0000000007
2   9   5   6   0.0047754479
2   9   5   7   0.0000000004
2   9   5   8   0.0018423475
2   9   5   9   0.0000000004
2   9   5   10   0.0039902538
2   10   1   6   0.0000000000
2   10   1   7   0.0161947708
2   10   1   8   0.0000000000
2   10   1   9   0.0270497604
2   10   1   10   -0.0000000001
2   10   2   6   -0.0021272928
2   10   2   7   0.0000000004
2   10   2   8   0.0115543322
2   10   2   9   0.0000000006
2   10   2   10   0.1651780206
2   10   3   6   -0.0000000001
2   10   3   7   0.0208671873
2   10   3   8   0.0000000023
2   10   3   9   0.0243504481
2   10   3   10   0.0000000025
2   10   4   6   0.0025761450
2   10   4   7   0.0000000004
2   10   4   8   0.0051223900
2   10   4   9   0.0000000007
2   10   4   10   -0.0007461362
2   10   5   6   0.0000000002
2   10   5   7   0.0139428278
2   10   5   8   0.0000000039
2   10   5   9   0.0039902538
2   10   5   10   0.0000000039
3   6   1   6   -0.0413644815
3   6   1   7   -0.0000000000
3   6   1   8   0.0298206618
3   6   1   9   -0.0000000004
3   6   1   10   0.0165579333
3   6   2   6   0.0000000000
3   6   2   7   0.0473322579
3   6   2   8   0.0000000004
3   6   2   9   0.0090247147
3   6   2   10   -0.0000000001
3   6   3   6   0.1989341220
3   6   3   7   -0.0000000001
3   6   3   8   -0.0123185880
3   6   3   9   -0.0000000021
3   6   3   10   -0.0037870221
3   6   4   6   -0.0000000001
3   6   4   7   -0.0086602048
3   6   4   8   -0.0000000006
3   6   4   9   -0.0048991471
3   6   4   10   0.0000000001
3   6   5   6   0.0041295805
3   6   5   7   0.0000000000
3   6   5   8   0.0076260606
3   6   5   9   -0.0000000017
3   6   5   10   0.0041909326
3   7   1   6   -0.0000000000
3   7   1   7   -0.0046018577
3   7   1   8   0.0000000004
3   7   1   9   0.0023830052
3   7   1   10   0.0000000006
3   7   2   6   0.0473322579
3   7   2   7   0.0000000003
3   7   2   8   0.0520802427
3   7   2   9   0.0000000004
3   7   2   10   0.0208671873
3   7   3   6   -0.0000000001
3   7   3   7   0.1824093400
3   7   3   8   0.0000000019
3   7   3   9   0.0043004611
3   7   3   10   0.0000000027
3   7   4   6   -0.0086602048
3   7   4   7   -0.0000000003
3   7   4   8   -0.0054678752
3   7   4   9   -0.0000000004
3   7   4   10   0.0018423475
3   7   5   6   0.0000000000
3   7   5   7   0.0115543322
3   7   5   8   0.0000000023
3   7   5   9   0.0051223900
3   7   5   10   0.0000000039
3   8   1   6   0.0298206618
3   8   1   7   0.0000000004
3   8   1   8   -0.0123185880
3   8   1   9   -0.0000000006
3   8   1   10   0.0076260606
3   8   2   6   0.0000000004
3   8   2   7   0.0520802427
3   8   2   8   0.0000000019
3   8   2   9   -0.0054678752
3   8   2   10   0.0000000023
3   8   3   6   -0.0123185880
3   8   3   7   0.0000000019
3   8   3   8   0.1793464741
3   8   3   9   -0.0000000029
3   8   3   10   0.0070015588
3   8   4   6   -0.0000000006
3   8   4   7   -0.0054678752
3   8   4   8   -0.0000000029
3   8   4   9   0.0094235579
3   8   4   10   -0.0000000026
3   8   5   6   0.0076260606
3   8   5   7   0.0000000023
3   8   5   8   0.0070015588
3   8   5   9   -0.0000000026
3   8   5   10   0.0144100690
3   9   1   6   -0.0000000004
3   9   1   7   0.0023830052
3   9   1   8   -0.0000000006
3   9   1   9   -0.0361797850
3   9   1   10   0.0000000010
3   9   2   6   0.0090247147
3   9   2   7   0.0000000004
3   9   2   8   -0.0054678752
3   9   2   9   0.0000000004
3   9   2   10   0.0243504481
3   9   3   6   -0.0000000021
3   9   3   7   0.0043004611
3   9   3   8   -0.0000000029
3   9   3   9   0.1654209049
3   9   3   10   0.0000000046
3   9   4   6   -0.0048991471
3   9   4   7   -0.0000000004
3   9   4   8   0.0094235579
3   9   4   9   -0.0000000007
3   9   4   10   -0.0129024748
3   9   5   6   -0.0000000017
3   9   5   7   0.0051223900
3   9   5   8   -0.0000000026
3   9   5   9   -0.0150342657
3   9   5   10   0.0000000041
3   10   1   6   0.0165579333
3   10   1   7   0.0000000006
3   10   1   8   0.0076260606
3   10   1   9   0.0000000010
3   10   1   10   -0.0178919771
3   10   2   6   -0.0000000001
3   10   2   7   0.0208671873
3   10   2   8   0.0000000023
3   10   2   9   0.0243504481
3   10   2   10   0.0000000025
3   10   3   6   -0.0037870221
3   10   3   7   0.0000000027
3   10   3   8   0.0070015588
3   10   3   9   0.0000000046
3   10   3   10   0.1647414561
3   10   4   6   0.0000000001
3   10   4   7   0.0018423475
3   10   4   8   -0.0000000026
3   10   4   9   -0.0129024748
3   10   4   10   -0.0000000037
3   10   5   6   0.0041909326
3   10   5   7   0.0000000039
3   10   5   8   0.0144100690
3   10   5   9   0.0000000041
3   10   5   10   -0.0067934990
4   6   1   6   -0.0000000001
4   6   1   7   0.0109840634
4   6   1   8   -0.0000000004
4   6   1   9   0.0077723450
4   6   1   10   0.0000000002
4   6   2   6   0.0042097647
4   6   2   7   -0.0000000000
4   6   2   8   0.0023830052
4   6   2   9   -0.0000000003
4   6   2   10   0.0025761450
4   6   3   6   -0.0000000001
4   6   3   7   -0.0086602048
4   6   3   8   -0.0000000006
4   6   3   9   -0.0048991471
4   6   3   10   0.0000000001
4   6   4   6   0.2036644989
4   6   4   7   -0.0000000000
4   6   4   8   -0.0361797850
4   6   4   9   -0.0000000005
4   6   4   10   -0.0205866471
4   6   5   6   0.0000000001
4   6   5   7   0.0270497604
4   6   5   8   0.0000000010
4   6   5   9   0.0048140330
4   6   5   10   -0.0000000003
4   7   1   6   0.0109840634
4   7   1   7   -0.0000000002
4   7   1   8   0.0090247147
4   7   1   9   -0.0000000003
4   7   1   10   0.0047754479
4   7   2   6   -0.0000000000
4   7   2   7   0.0061301669
4   7   2   8   0.0000000004
4   7   2   9   0.0035773656
4   7   2   10   0.0000000004
4   7   3   6   -0.0086602048
4   7   3   7   -0.0000000003
4   7   3   8   -0.0054678752
4   7   3   9   -0.0000000004
4   7   3   10   0.0018423475
4   7   4   6   -0.0000000000
4   7   4   7   0.1603949182
4   7   4   8   0.0000000004
4   7   4   9   -0.0049215100
4   7   4   10   0.0000000004
4   7   5   6   0.0270497604
4   7   5   7   0.0000000006
4   7   5   8   0.0243504481
4   7   5   9   0.0000000007
4   7   5   10   0.0039902538
4   8   1   6   -0.0000000004
4   8   1   7   0.0090247147
4   8   1   8   -0.0000000021
4   8   1   9   -0.0048991471
4   8   1   10   -0.0000000017
4   8   2   6   0.0023830052
4   8   2   7   0.0000000004
4   8   2   8   0.0043004611
4   8   2   9   -0.0000000004
4   8   2   10   0.0051223900
4   8   3   6   -0.0000000006
4   8   3   7   -0.0054678752
4   8   3   8   -0.0000000029
4   8   3   9   0.0094235579
4   8   3   10   -0.0000000026
4   8   4   6   -0.0361797850
4   8   4   7   0.0000000004
4   8   4   8   0.1654209049
4   8   4   9   -0.0000000007
4   8   4   10   -0.0150342657
4   8   5   6   0.0000000010
4   8   5   7   0.0243504481
4   8   5   8   0.0000000046
4   8   5   9   -0.0129024748
4   8   5   10   0.0000000041
4   9   1   6   0.0077723450
4   9   1   7   -0.0000000003
4   9   1   8   -0.0048991471
4   9   1   9   -0.0000000005
4   9   1   10   0.0048140330
4   9   2   6   -0.0000000003
4   9   2   7   0.0035773656
4   9   2   8   -0.0000000004
4   9   2   9   -0.0049215100
4   9   2   10   0.0000000007
4   9   3   6   -0.0048991471
4   9   3   7   -0.0000000004
4   9   3   8   0.0094235579
4   9   3   9   -0.0000000007
4   9   3   10   -0.0129024748
4   9   4   6   -0.0000000005
4   9   4   7   -0.0049215100
4   9   4   8   -0.0000000007
4   9   4   9   0.2230243884
4   9   4   10   0.0000000011
4   9   5   6   0.0048140330
4   9   5   7   0.0000000007
4   9   5   8   -0.0129024748
4   9   5   9   0.0000000011
4   9   5   10   0.0310165841
4   10   1   6   0.0000000002
4   10   1   7   0.0047754479
4   10   1   8   -0.0000000017
4   10   1   9   0.0048140330
4   10   1   10   -0.0000000023
4   10   2   6   0.0025761450
4   10   2   7   0.0000000004
4   10   2   8   0.0051223900
4   10   2   9   0.0000000007
4   10   2   10   -0.0007461362
4   10   3   6   0.0000000001
4   10   3   7   0.0018423475
4   10   3   8   -0.0000000026
4   10   3   9   -0.0129024748
4   10   3   10   -0.0000000037
4   10   4   6   -0.0205866471
4   10   4   7   0.0000000004
4   10   4   8   -0.0150342657
4   10   4   9   0.0000000011
4   10   4   10   0.1834257900
4   10   5   6   -0.0000000003
4   10   5   7   0.0039902538
4   10   5   8   0.0000000041
4   10   5   9   0.0310165841
4   10   5   10   0.0000000056
5   6   1   6   -0.0238029243
5   6   1   7   0.0000000000
5   6   1   8   0.0165579333
5   6   1   9   0.0000000002
5   6   1   10   0.0154327062
5   6   2   6   0.0000000001
5   6   2   7   0.0161947708
5   6   2   8   0.0000000006
5   6   2   9   0.0047754479
5   6   2   10   0.0000000002
5   6   3   6   0.0041295805
5   6   3   7   0.0000000000
5   6   3   8   0.0076260606
5   6   3   9   -0.0000000017
5   6   3   10   0.0041909326
5   6   4   6   0.0000000001
5   6   4   7   0.0270497604
5   6   4   8   0.0000000010
5   6   4   9   0.0048140330
5   6   4   10   -0.0000000004
5   6   5   6   0.1887594978
5   6   5   7   -0.0000000001
5   6   5   8   -0.0178919771
5   6   5   9   -0.0000000023
5   6   5   10   -0.0118527004
5   7   1   6   0.0000000000
5   7   1   7   -0.0021272928
5   7   1   8   -0.0000000001
5   7   1   9   0.0025761450
5   7   1   10   0.0000000002
5   7   2   6   0.0161947708
5   7   2   7   0.0000000004
5   7   2   8   0.0208671873
5   7   2   9   0.0000000004
5   7   2   10   0.0139428278
5   7   3   6   0.0000000000
5   7   3   7   0.0115543322
5   7   3   8   0.0000000023
5   7   3   9   0.0051223900
5   7   3   10   0.0000000039
5   7   4   6   0.0270497604
5   7   4   7   0.0000000006
5   7   4   8   0.0243504481
5   7   4   9   0.0000000007
5   7   4   10   0.0039902538
5   7   5   6   -0.0000000001
5   7   5   7   0.1651780206
5   7   5   8   0.0000000025
5   7   5   9   -0.0007461362
5   7   5   10   0.0000000039
5   8   1   6   0.0165579333
5   8   1   7   -0.0000000001
5   8   1   8   -0.0037870221
5   8   1   9   0.0000000001
5   8   1   10   0.0041909326
5   8   2   6   0.0000000006
5   8   2   7   0.0208671873
5   8   2   8   0.0000000027
5   8   2   9   0.0018423475
5   8   2   10   0.0000000039
5   8   3   6   0.0076260606
5   8   3   7   0.0000000023
5   8   3   8   0.0070015588
5   8   3   9   -0.0000000026
5   8   3   10   0.0144100690
5   8   4   6   0.0000000010
5   8   4   7   0.0243504481
5   8   4   8   0.0000000046
5   8   4   9   -0.0129024748
5   8   4   10   0.0000000041
5   8   5   6   -0.0178919771
5   8   5   7   0.0000000025
5   8   5   8   0.1647414561
5   8   5   9   -0.0000000037
5   8   5   10   -0.0067934990
5   9   1   6   0.0000000002
5   9   1   7   0.0025761450
5   9   1   8   0.0000000001
5   9   1   9   -0.0205866471
5   9   1   10   -0.0000000003
5   9   2   6   0.0047754479
5   9   2   7   0.0000000004
5   9   2   8   0.0018423475
5   9   2   9   0.0000000004
5   9   2   10   0.0039902538
5   9   3   6   -0.0000000017
5   9   3   7   0.0051223900
5   9   3   8   -0.0000000026
5   9   3   9   -0.0150342657
5   9   3   10   0.0000000041
5   9   4   6   0.0048140330
5   9   4   7   0.0000000007
5   9   4   8   -0.0129024748
5   9   4   9   0.0000000011
5   9   4   10   0.0310165841
5   9   5   6   -0.0000000023
5   9   5   7   -0.0007461362
5   9   5   8   -0.0000000037
5   9   5   9   0.1834257900
5   9   5   10   0.0000000056
5   10   1   6   0.0154327062
5   10   1   7   0.0000000002
5   10   1   8   0.0041909326
5   10   1   9   -0.0000000004
5   10   1   10   -0.0118527004
5   10   2   6   0.0000000002
5   10   2   7   0.0139428278
5   10   2   8   0.0000000039
5   10   2   9   0.0039902538
5   10   2   10   0.0000000039
5   10   3   6   0.0041909326
5   10   3   7   0.0000000039
5   10   3   8   0.0144100690
5   10   3   9   0.0000000041
5   10   3   10   -0.0067934990
5   10   4   6   -0.0000000004
5   10   4   7   0.0039902538
5   10   4   8   0.0000000041
5   10   4   9   0.0310165841
5   10   4   10   0.0000000056
5   10   5   6   -0.0118527004
5   10   5   7   0.0000000039
5   10   5   8   -0.0067934990
5   10   5   9   0.0000000056
5   10   5   10   0.1750112758

End ABCD Block
Begin AIJB Block
1   4   1   6   0.0539748369
1   4   1   8   -0.0205205834
1   4   1   9   -0.0000000000
1   4   1   10   -0.0215177440
1   4   2   6   -0.0000000000
1   4   2   7   0.0091509524
1   4   2   8   -0.0000000000
1   4   2   9   -0.0094502956
1   4   2   10   0.0000000000
1   4   3   6   -0.0072685451
1   4   3   8   -0.0015126309
1   4   3   10   0.0101368825
1   5   1   6   -0.0000000000
1   5   1   7   0.0214823060
1   5   1   9   -0.0034446917
1   5   1   10   -0.0000000000
1   5   2   6   0.0567665834
1   5   2   8   -0.0206789815
1   5   2   9   -0.0000000000
1   5   2   10   -0.0124919544
1   5   3   6   0.0000000000
1   5   3   7   0.0005050910
1   5   3   8   -0.0000000000
1   5   3   9   0.0111881891
1   5   3   10   0.0000000000
1   6   1   6   -0.0072685451
1   6   1   7   -0.0000000000
1   6   1   8   0.0103371352
1   6   1   10   0.0099016536
1   6   2   6   0.0000000000
1   6   2   7   0.0266012119
1   6   2   8   0.0000000000
1   6   2   9   0.0171162470
1   6   2   10   -0.0000000000
1   6   3   6   0.0624681362
1   6   3   7   0.0000000000
1   6   3   8   -0.0336264192
1   6   3   9   0.0000000000
1   6   3   10   -0.0067041127
2   4   1   7   0.0175335065
2   4   1   8   -0.0000000000
2   4   1   9   0.0024322122
2   4   1   10   0.0000000000
2   4   2   6   0.0214823060
2   4   2   8   0.0011558920
2   4   2   9   -0.0000000000
2   4   2   10   -0.0087100490
2   4   3   6   -0.0000000000
2   4   3   7   0.0054862704
2   4   3   8   -0.0000000000
2   4   3   9   -0.0092925194
2   4   3   10   0.0000000000
2   5   1   6   0.0091509524
2   5   1   8   0.0074820812
2   5   1   9   -0.0000000000
2   5   1   10   -0.0041702680
2   5   2   7   0.0251545783
2   5   2   9   -0.0028904202
2   5   3   6   0.0266012119
2   5   3   8   -0.0008680912
2   5   3   9   -0.0000000000
2   5   3   10   -0.0069156899
2   6   1   7   0.0054862704
2   6   1   8   0.0000000000
2   6   1   9   -0.0052486162
2   6   1   10   -0.0000000000
2   6   2   6   0.0005050910
2   6   2   8   0.0122389451
2   6   2   10   0.0011436004
2   6   3   6   0.0000000000
2   6   3   7   0.0238944003
2   6   3   8   0.0000000000
2   6   3   9   0.0096390559
2   6   3   10   -0.0000000000
3   4   1   6   -0.0205205834
3   4   1   7   -0.0000000000
3   4   1   8   0.0140665116
3   4   1   9   -0.0000000000
3   4   1   10   0.0065919243
3   4   2   7   0.0074820812
3   4   2   8   0.0000000000
3   4   2   9   -0.0003412329
3   4   2   10   -0.0000000000
3   4   3   6   0.0103371352
3   4   3   7   0.0000000000
3   4   3   8   0.0046405157
3   4   3   9   0.0000000001
3   4   3   10   -0.0088650967
3   5   1   6   -0.0000000000
3   5   1   7   0.0011558920
3   5   1   8   0.0000000000
3   5   1   9   -0.0017031703
3   5   1   10   -0.0000000000
3   5   2   6   -0.0206789815
3   5   2   8   0.0217586701
3   5   2   9   0.0000000000
3   5   2   10   0.0002565900
3   5   3   6   0.0000000000
3   5   3   7   0.0122389451
3   5   3   8   -0.0000000000
3   5   3   9   -0.0087753781
3   5   3   10   0.0000000001
3   6   1   6   -0.0015126309
3   6   1   7   -0.0000000000
3   6   1   8   0.0046405157
3   6   1   10   -0.0052055861
3   6   2   6   -0.0000000000
3   6   2   7   -0.0008680912
3   6   2   8   -0.0000000000
3   6   2   9   -0.0102192279
3   6   2   10   0.0000000000
3   6   3   6   -0.0336264192
3   6   3   7   0.0000000000
3   6   3   8   0.0288409896
3   6   3   9   -0.0000000000
3   6   3   10   0.0040871681
4   4   1   6   -0.0000000000
4   4   1   7   0.0024322122
4   4   1   8   -0.0000000000
4   4   1   9   0.0157587742
4   4   1   10   0.0000000000
4   4   2   6   -0.0034446917
4   4   2   7   -0.0000000000
4   4   2   8   -0.0017031703
4   4   2   9   -0.0000000000
4   4   2   10   0.0053034984
4   4   3   7   -0.0052486162
4   4   3   9   -0.0088125358
4   4   3   10   -0.0000000000
4   5   1   6   -0.0094502956
4   5   1   7   -0.0000000000
4   5   1   8   -0.0003412329
4   5   1   9   -0.0000000000
4   5   1   10   0.0081669775
4   5   2   6   -0.0000000000
4   5   2   7   -0.0028904202
4   5   2   8   0.0000000000
4   5   2   9   0.0056160300
4   5   2   10   -0.0000000000
4   5   3   6   0.0171162470
4   5   3   8   -0.0102192279
4   5   3   9   0.0000000000
4   5   3   10   -0.0026897133
4   6   1   7   -0.0092925194
4   6   1   8   0.0000000001
4   6   1   9   -0.0088125358
4   6   1   10   -0.0000000001
4   6   2   6   0.0111881891
4   6   2   7   -0.0000000000
4   6   2   8   -0.0087753781
4   6   2   9   0.0000000000
4   6   2   10   0.0000730495
4   6   3   6   0.0000000000
4   6   3   7   0.0096390559
4   6   3   8   -0.0000000000
4   6   3   9   0.0127859311
4   6   3   10   0.0000000000
5   4   1   6   -0.0215177440
5   4   1   7   0.0000000000
5   4   1   8   0.0065919243
5   4   1   9   0.0000000000
5   4   1   10   0.0116151501
5   4   2   6   -0.0000000000
5   4   2   7   -0.0041702680
5   4   2   8   -0.0000000000
5   4   2   9   0.0081669775
5   4   2   10   0.0000000000
5   4   3   6   0.0099016536
5   4   3   7   -0.0000000000
5   4   3   8   -0.0052055861
5   4   3   9   -0.0000000001
5   4   3   10   -0.0033513131
5   5   1   6   0.0000000000
5   5   1   7   -0.0087100490
5   5   1   8   -0.0000000000
5   5   1   9   0.0053034984
5   5   1   10   0.0000000000
5   5   2   6   -0.0124919544
5   5   2   8   0.0002565900
5   5   2   9   -0.0000000000
5   5   2   10   0.0083054041
5   5   3   6   -0.0000000000
5   5   3   7   0.0011436004
5   5   3   8   0.0000000000
5   5   3   9   0.0000730495
5   5   3   10   -0.0000000001
5   6   1   6   0.0101368825
5   6   1   7   0.0000000000
5   6   1   8   -0.0088650967
5   6   1   9   -0.0000000000
5   6   1   10   -0.0033513131
5   6   2   6   0.0000000000
5   6   2   7   -0.0069156899
5   6   2   8   0.0000000001
5   6   2   9   -0.0026897133
5   6   2   10   -0.0000000001
5   6   3   6   -0.0067041127
5   6   3   7   -0.0000000000
5   6   3   8   0.0040871681
5   6   3   9   0.0000000000
5   6   3   10   0.0050292862

1   4   4   1   -0.2947585264
1   4   4   2   -0.0000000000
1   4   4   3   0.0725522962
1   4   4   4   0.0000000000
1   4   4   5   0.0533165616
1   4   5   1   -0.0000000000
1   4   5   2   -0.0539335237
1   4   5   3   -0.0000000000
1   4   5   4   -0.0041688141
1   4   5   5   -0.0000000000
1   4   6   1   0.0131562295
1   4   6   2   0.0000000000
1   4   6   3   -0.0162495456
1   4   6   4   -0.0000000000
1   4   6   5   -0.0189763919
1   5   4   1   -0.0000000000
1   5   4   2   -0.0535931601
1   5   4   3   -0.0000000000
1   5   4   4   -0.0039877262
1   5   4   5   -0.0000000000
1   5   5   1   -0.2796161254
1   5   5   3   0.0548650662
1   5   5   4   -0.0000000000
1   5   5   5   0.0316122189
1   5   6   1   -0.0000000000
1   5   6   2   -0.0558788660
1   5   6   3   -0.0000000000
1   5   6   4   -0.0174978327
1   5   6   5   0.0000000000
1   6   4   1   0.0131562295
1   6   4   2   0.0000000000
1   6   4   3   -0.0159615708
1   6   4   4   -0.0000000000
1   6   4   5   -0.0192197063
1   6   5   1   -0.0000000000
1   6   5   2   -0.0555566079
1   6   5   3   -0.0000000000
1   6   5   4   -0.0174412881
1   6   6   1   -0.2785280013
1   6   6   2   -0.0000000000
1   6   6   3   0.0590076312
1   6   6   4   -0.0000000000
1   6   6   5   0.0307875986
2   4   4   1   -0.0000000000
2   4   4   2   -0.2030997245
2   4   4   3   -0.0000000000
2   4   4   4   -0.0003695314
2   4   4   5   -0.0000000000
2   4   5   1   -0.0535931601
2   4   5   2   -0.0000000000
2   4   5   3   -0.0364545548
2   4   5   5   0.0012498320
2   4   6   1   0.0000000000
2   4   6   2   -0.0097872069
2   4   6   3   0.0000000000
2   4   6   4   0.0027197046
2   4   6   5   0.0000000000
2   5   4   1   -0.0539335237
2   5   4   2   -0.0000000000
2   5   4   3   -0.0362638240
2   5   4   5   0.0013281469
2   5   5   2   -0.2132601400
2   5   5   3   0.0000000000
2   5   5   4   0.0020792842
2   5   5   5   0.0000000000
2   5   6   1   -0.0555566079
2   5   6   2   -0.0000000000
2   5   6   3   -0.0409054581
2   5   6   4   -0.0000000000
2   5   6   5   -0.0057046277
2   6   4   1   0.0000000000
2   6   4   2   -0.0097872069
2   6   4   3   0.0000000000
2   6   4   4   0.0027868795
2   6   4   5   0.0000000000
2   6   5   1   -0.0558788660
2   6   5   2   -0.0000000000
2   6   5   3   -0.0405432525
2   6   5   4   -0.0000000000
2   6   5   5   -0.0054701818
2   6   6   1   -0.0000000000
2   6   6   2   -0.2073638716
2   6   6   3   0.0000000000
2   6   6   4   -0.0042438711
3   4   4   1   0.0725522962
3   4   4   2   -0.0000000000
3   4   4   3   -0.2017795451
3   4   4   4   0.0000000000
3   4   4   5   0.0025982526
3   4   5   1   -0.0000000000
3   4   5   2   -0.0362638240
3   4   5   3   -0.0000000000
3   4   5   4   0.0173678795
3   4   5   5   -0.0000000000
3   4   6   1   -0.0159615708
3   4   6   2   0.0000000000
3   4   6   3   -0.0067045871
3   4   6   4   0.0000000000
3   4   6   5   0.0040138101
3   5   4   1   -0.0000000000
3   5   4   2   -0.0364545548
3   5   4   3   -0.0000000000
3   5   4   4   0.0173066940
3   5   4   5   -0.0000000000
3   5   5   1   0.0548650662
3   5   5   2   0.0000000000
3   5   5   3   -0.2093425059
3   5   5   4   0.0000000000
3   5   5   5   0.0067375489
3   5   6   1   -0.0000000000
3   5   6   2   -0.0405432525
3   5   6   3   -0.0000000000
3   5   6   4   0.0206772572
3   5   6   5   -0.0000000000
3   6   4   1   -0.0162495456
3   6   4   2   0.0000000000
3   6   4   3   -0.0067045871
3   6   4   4   0.0000000000
3   6   4   5   0.0041891466
3   6   5   1   -0.0000000000
3   6   5   2   -0.0409054581
3   6   5   3   -0.0000000000
3   6   5   4   0.0206168541
3   6   5   5   -0.0000000000
3   6   6   1   0.0590076312
3   6   6   2   0.0000000000
3   6   6   3   -0.2092748031
3   6   6   4   -0.0000000000
3   6   6   5   0.0016701551
4   4   4   1   0.0000000000
4   4   4   2   -0.0003695314
4   4   4   3   0.0000000000
4   4   4   4   -0.2538525328
4   4   4   5   -0.0000000000
4   4   5   1   -0.0039877262
4   4   5   3   0.0173066940
4   4   5   4   0.0000000000
4   4   5   5   -0.0419939769
4   4   6   1   -0.0000000000
4   4   6   2   0.0027868795
4   4   6   3   0.0000000000
4   4   6   4   0.0340264225
4   4   6   5   0.0000000000
4   5   4   1   -0.0041688141
4   5   4   3   0.0173678795
4   5   4   4   0.0000000000
4   5   4   5   -0.0419371296
4   5   5   1   -0.0000000000
4   5   5   2   0.0020792842
4   5   5   3   0.0000000000
4   5   5   4   -0.2164144035
4   5   5   5   0.0000000000
4   5   6   1   -0.0174412881
4   5   6   2   -0.0000000000
4   5   6   3   0.0206168541
4   5   6   4   -0.0000000000
4   5   6   5   -0.0319451886
4   6   4   1   -0.0000000000
4   6   4   2   0.0027197046
4   6   4   3   0.0000000000
4   6   4   4   0.0340264225
4   6   4   5   0.0000000000
4   6   5   1   -0.0174978327
4   6   5   2   -0.0000000000
4   6   5   3   0.0206772572
4   6   5   4   -0.0000000000
4   6   5   5   -0.0318043186
4   6   6   1   -0.0000000000
4   6   6   2   -0.0042438711
4   6   6   3   -0.0000000000
4   6   6   4   -0.2241836182
4   6   6   5   0.0000000000
5   4   4   1   0.0533165616
5   4   4   2   -0.0000000000
5   4   4   3   0.0025982526
5   4   4   4   -0.0000000000
5   4   4   5   -0.2099829400
5   4   5   1   -0.0000000000
5   4   5   2   0.0013281469
5   4   5   3   -0.0000000000
5   4   5   4   -0.0419371296
5   4   5   5   -0.0000000000
5   4   6   1   -0.0192197063
5   4   6   2   0.0000000000
5   4   6   3   0.0041891466
5   4   6   4   0.0000000000
5   4   6   5   0.0085461861
5   5   4   1   -0.0000000000
5   5   4   2   0.0012498320
5   5   4   3   -0.0000000000
5   5   4   4   -0.0419939769
5   5   4   5   -0.0000000000
5   5   5   1   0.0316122189
5   5   5   2   0.0000000000
5   5   5   3   0.0067375489
5   5   5   4   0.0000000000
5   5   5   5   -0.2000372111
5   5   6   2   -0.0054701818
5   5   6   3   -0.0000000000
5   5   6   4   -0.0318043186
5   5   6   5   -0.0000000000
5   6   4   1   -0.0189763919
5   6   4   2   0.0000000000
5   6   4   3   0.0040138101
5   6   4   4   0.0000000000
5   6   4   5   0.0085461861
5   6   5   1   0.0000000000
5   6   5   2   -0.0057046277
5   6   5   3   -0.0000000000
5   6   5   4   -0.0319451886
5   6   5   5   -0.0000000000
5   6   6   1   0.0307875986
5   6   6   3   0.0016701551
5   6   6   4   0.0000000000
5   6   6   5   -0.1969503314

End AIJB Block
Begin IJKA Block
1   4   1   6   0.0000000000
1   4   1   7   -0.0102723795
1   4   1   8   -0.0000000000
1   4   1   9   0.0431436884
1   4   1   10   -0.0000000000
1   4   2   6   -0.0412149558
1   4   2   7   -0.0000000000
1   4   2   8   -0.0005278158
1   4   2   10   0.0222023179
1   4   3   6   0.0000000000
1   4   3   7   -0.0212008288
1   4   3   8   -0.0000000000
1   4   3   9   -0.0183552178
1   4   3   10   -0.0000000000
1   5   1   6   -0.0667345068
1   5   1   7   -0.0000000000
1   5   1   8   -0.0014303197
1   5   1   9   0.0000000000
1   5   1   10   0.0300147268
1   5   2   6   -0.0000000000
1   5   2   7   -0.0353979186
1   5   2   9   0.0127304448
1   5   2   10   -0.0000000000
1   5   3   6   0.0386726827
1   5   3   7   -0.0000000000
1   5   3   8   -0.0281424444
1   5   3   9   0.0000000000
1   5   3   10   -0.0073226425
1   6   1   6   -0.0000000000
1   6   1   7   -0.0573530349
1   6   1   9   -0.0275537398
1   6   1   10   0.0000000000
1   6   2   6   0.0570220561
1   6   2   7   -0.0000000000
1   6   2   8   -0.0447651628
1   6   2   9   -0.0000000000
1   6   2   10   -0.0082475244
1   6   3   6   -0.0000000000
1   6   3   7   0.0202075625
1   6   3   8   -0.0000000000
1   6   3   9   0.0265009464
1   6   3   10   -0.0000000000
2   4   1   6   -0.0408065803
2   4   1   7   -0.0000000000
2   4   1   8   -0.0001803082
2   4   1   9   -0.0000000000
2   4   1   10   0.0220595934
2   4   2   6   -0.0000000000
2   4   2   7   -0.0307409815
2   4   2   8   -0.0000000000
2   4   2   9   0.0231517803
2   4   2   10   -0.0000000000
2   4   3   6   0.0018976955
2   4   3   7   -0.0000000000
2   4   3   8   -0.0185728629
2   4   3   9   0.0000000000
2   4   3   10   0.0052749631
2   5   1   6   -0.0000000000
2   5   1   7   -0.0352601449
2   5   1   8   -0.0000000000
2   5   1   9   0.0131506130
2   5   1   10   -0.0000000000
2   5   2   6   -0.0217225520
2   5   2   7   -0.0000000000
2   5   2   8   -0.0330886924
2   5   2   9   -0.0000000000
2   5   2   10   0.0213713539
2   5   3   6   0.0000000000
2   5   3   7   -0.0210775113
2   5   3   8   -0.0000000000
2   5   3   9   0.0110043080
2   5   3   10   -0.0000000000
2   6   1   6   0.0593245655
2   6   1   7   -0.0000000000
2   6   1   8   -0.0456628519
2   6   1   9   -0.0000000000
2   6   1   10   -0.0091779155
2   6   2   6   -0.0000000000
2   6   2   7   -0.0333640267
2   6   2   8   -0.0000000000
2   6   2   9   0.0006101346
2   6   2   10   -0.0000000000
2   6   3   6   0.0558691816
2   6   3   7   0.0000000000
2   6   3   8   -0.0395665807
2   6   3   9   0.0000000000
2   6   3   10   0.0000862342
3   4   1   6   -0.0000000000
3   4   1   7   -0.0200238942
3   4   1   8   -0.0000000000
3   4   1   9   -0.0180574508
3   4   1   10   0.0000000000
3   4   2   6   0.0008891860
3   4   2   7   -0.0000000000
3   4   2   8   -0.0181047062
3   4   2   9   -0.0000000000
3   4   2   10   0.0054617469
3   4   3   6   -0.0000000000
3   4   3   7   -0.0065691526
3   4   3   8   -0.0000000000
3   4   3   9   0.0330140780
3   4   3   10   0.0000000000
3   5   1   6   0.0390633108
3   5   1   7   -0.0000000000
3   5   1   8   -0.0283089730
3   5   1   9   -0.0000000000
3   5   1   10   -0.0079910742
3   5   2   6   -0.0000000000
3   5   2   7   -0.0199887767
3   5   2   8   -0.0000000000
3   5   2   9   0.0109218828
3   5   2   10   -0.0000000000
3   5   3   6   -0.0172170726
3   5   3   7   0.0000000000
3   5   3   8   -0.0225684860
3   5   3   9   0.0000000000
3   5   3   10   0.0187572176
3   6   1   6   -0.0000000000
3   6   1   7   0.0209083607
3   6   1   8   0.0000000000
3   6   1   9   0.0268983235
3   6   1   10   -0.0000000000
3   6   2   6   0.0582271706
3   6   2   7   -0.0000000000
3   6   2   8   -0.0420112582
3   6   2   9   -0.0000000000
3   6   2   10   -0.0004311455
3   6   3   6   0.0000000000
3   6   3   7   -0.0340317658
3   6   3   8   -0.0000000000
3   6   3   9   -0.0097011151
3   6   3   10   -0.0000000000

End IJKA Block
Begin IABC Block
1   6   1   6   0.0000000000
1   6   1   7   -0.0032096084
1   6   1   8   0.0000000000
1   6   1   9   0.0122561478
1   6   1   10   -0.0000000000
1   6   2   6   -0.0083752494
1   6   2   7   -0.0000000000
1   6   2   8   0.0021826411
1   6   2   9   0.0000000000
1   6   2   10   0.0038761628
1   6   3   6   0.0000000000
1   6   3   7   -0.0039482323
1   6   3   8   0.0000000001
1   6   3   9   -0.0063831613
1   6   3   10   -0.0000000000
1   6   4   6   0.0270086815
1   6   4   7   0.0000000000
1   6   4   8   -0.0111686743
1   6   4   9   0.0000000001
1   6   4   10   -0.0095311085
1   6   5   6   -0.0000000000
1   6   5   7   0.0058811460
1   6   5   8   -0.0000000002
1   6   5   9   -0.0048097497
1   6   5   10   0.0000000001
1   7   1   6   -0.0038045871
1   7   1   7   0.0000000000
1   7   1   8   -0.0005602228
1   7   1   9   0.0000000000
1   7   1   10   0.0062825835
1   7   2   6   0.0000000000
1   7   2   7   -0.0071816508
1   7   2   8   -0.0000000000
1   7   2   9   0.0035727041
1   7   2   10   -0.0000000000
1   7   3   6   -0.0035168554
1   7   3   7   0.0000000000
1   7   3   8   -0.0010153308
1   7   3   9   0.0000000001
1   7   3   10   0.0003907646
1   7   4   6   0.0000000000
1   7   4   7   0.0114002028
1   7   4   8   -0.0000000000
1   7   4   9   0.0034954959
1   7   4   10   -0.0000000000
1   7   5   6   0.0056866879
1   7   5   7   -0.0000000001
1   7   5   8   0.0032982514
1   7   5   9   -0.0000000002
1   7   5   10   -0.0007967833
1   8   1   6   0.0000000000
1   8   1   7   -0.0011997049
1   8   1   8   0.0000000002
1   8   1   9   -0.0011428323
1   8   1   10   0.0000000002
1   8   2   6   0.0019357973
1   8   2   7   -0.0000000000
1   8   2   8   -0.0032661893
1   8   2   9   0.0000000000
1   8   2   10   0.0033240522
1   8   3   6   0.0000000001
1   8   3   7   -0.0006560123
1   8   3   8   0.0000000003
1   8   3   9   0.0031168638
1   8   3   10   0.0000000003
1   8   4   6   -0.0112638904
1   8   4   7   -0.0000000000
1   8   4   8   0.0104412099
1   8   4   9   0.0000000001
1   8   4   10   0.0055567950
1   8   5   6   -0.0000000001
1   8   5   7   0.0032236901
1   8   5   8   -0.0000000009
1   8   5   9   0.0019900945
1   8   5   10   -0.0000000007
1   9   1   6   0.0134962382
1   9   1   7   0.0000000000
1   9   1   8   -0.0017404792
1   9   1   9   0.0000000000
1   9   1   10   -0.0145544529
1   9   2   6   0.0000000000
1   9   2   7   0.0040463797
1   9   2   8   0.0000000000
1   9   2   9   -0.0008742879
1   9   2   10   -0.0000000000
1   9   3   6   -0.0070395421
1   9   3   7   0.0000000001
1   9   3   8   0.0034546471
1   9   3   9   0.0000000001
1   9   3   10   0.0045974215
1   9   4   6   0.0000000001
1   9   4   7   0.0035734454
1   9   4   8   0.0000000001
1   9   4   9   0.0076232635
1   9   4   10   -0.0000000001
1   9   5   6   -0.0054336810
1   9   5   7   -0.0000000002
1   9   5   8   0.0023341166
1   9   5   9   -0.0000000002
1   9   5   10   0.0043885619
1   10   1   6   -0.0000000000
1   10   1   7   0.0067823259
1   10   1   8   0.0000000000
1   10   1   9   -0.0139000425
1   10   1   10   0.0000000000
1   10   2   6   0.0041234397
1   10   2   7   -0.0000000000
1   10   2   8   0.0033136087
1   10   2   9   -0.0000000000
1   10   2   10   -0.0047509141
1   10   3   6   -0.0000000001
1   10   3   7   0.0002678047
1   10   3   8   0.0000000003
1   10   3   9   0.0042987832
1   10   3   10   0.0000000005
1   10   4   6   -0.0095928642
1   10   4   7   0.0000000000
1   10   4   8   0.0056500108
1   10   4   9   -0.0000000001
1   10   4   10   0.0060806403
1   10   5   6   0.0000000000
1   10   5   7   -0.0010096586
1   10   5   8   -0.0000000005
1   10   5   9   0.0041022907
1   10   5   10   -0.0000000008
2   6   1   6   -0.0145809739
2   6   1   7   -0.0000000000
2   6   1   8   0.0119424332
2   6   1   9   0.0000000000
2   6   1   10   0.0209851840
2   6   2   6   -0.0000000000
2   6   2   7   -0.0049525488
2   6   2   8   0.0000000000
2   6   2   9   0.0025890994
2   6   2   10   -0.0000000000
2   6   3   6   -0.0158119465
2   6   3   7   -0.0000000000
2   6   3   8   0.0068514444
2   6   3   9   -0.0000000000
2   6   3   10   -0.0027187133
2   6   4   6   0.0000000000
2   6   4   7   0.0060143937
2   6   4   8   0.0000000001
2   6   4   9   -0.0004658820
2   6   4   10   -0.0000000000
2   6   5   6   0.0199406105
2   6   5   7   -0.0000000000
2   6   5   8   -0.0067793303
2   6   5   9   0.0000000001
2   6   5   10   -0.0066416843
2   7   1   6   -0.0000000000
2   7   1   7   -0.0005077854
2   7   1   8   -0.0000000000
2   7   1   9   0.0041406768
2   7   1   10   -0.0000000000
2   7   2   6   -0.0056905890
2   7   2   7   0.0000000000
2   7   2   8   0.0017295230
2   7   2   9   0.0000000000
2   7   2   10   0.0092274746
2   7   3   6   -0.0000000000
2   7   3   7   -0.0096697407
2   7   3   8   0.0000000000
2   7   3   9   0.0001850880
2   7   3   10   -0.0000000000
2   7   4   6   0.0061693330
2   7   4   7   0.0000000000
2   7   4   8   0.0036134505
2   7   4   9   0.0000000001
2   7   4   10   0.0010893283
2   7   5   7   0.0106484143
2   7   5   8   -0.0000000001
2   7   5   9   0.0008073828
2   7   5   10   -0.0000000001
2   8   1   6   0.0105845871
2   8   1   8   0.0060831524
2   8   1   9   0.0000000000
2   8   1   10   0.0029350658
2   8   2   6   0.0000000000
2   8   2   7   0.0009350225
2   8   2   8   0.0000000001
2   8   2   9   0.0042164258
2   8   2   10   0.0000000000
2   8   3   6   0.0073830589
2   8   3   7   -0.0000000000
2   8   3   8   -0.0130420282
2   8   3   9   -0.0000000000
2   8   3   10   0.0016664564
2   8   4   6   0.0000000001
2   8   4   7   0.0035628561
2   8   4   8   0.0000000004
2   8   4   9   0.0011901068
2   8   4   10   0.0000000003
2   8   5   6   -0.0064414931
2   8   5   7   -0.0000000001
2   8   5   8   0.0071900982
2   8   5   9   0.0000000001
2   8   5   10   0.0041551732
2   9   1   6   0.0000000000
2   9   1   7   0.0045795588
2   9   1   8   0.0000000000
2   9   1   9   -0.0288386202
2   9   1   10   -0.0000000000
2   9   2   6   0.0033166831
2   9   2   7   0.0000000000
2   9   2   8   0.0041335989
2   9   2   9   0.0000000000
2   9   2   10   -0.0066335548
2   9   3   6   -0.0000000000
2   9   3   7   0.0001770642
2   9   3   8   -0.0000000000
2   9   3   9   0.0026639616
2   9   3   10   0.0000000000
2   9   4   6   -0.0001111025
2   9   4   7   0.0000000001
2   9   4   8   0.0011298667
2   9   4   9   0.0000000001
2   9   4   10   -0.0002531953
2   9   5   6   0.0000000001
2   9   5   7   0.0007206134
2   9   5   8   0.0000000001
2   9   5   9   0.0061564900
2   9   5   10   -0.0000000002
2   10   1   6   0.0216938568
2   10   1   7   -0.0000000001
2   10   1   8   0.0023697872
2   10   1   9   -0.0000000001
2   10   1   10   -0.0137241173
2   10   2   6   -0.0000000000
2   10   2   7   0.0096541087
2   10   2   8   -0.0000000000
2   10   2   9   -0.0063168014
2   10   2   10   -0.0000000000
2   10   3   6   -0.0028987792
2   10   3   7   -0.0000000000
2   10   3   8   0.0018931667
2   10   3   9   0.0000000000
2   10   3   10   -0.0011182121
2   10   4   6   -0.0000000000
2   10   4   7   0.0012702265
2   10   4   8   0.0000000003
2   10   4   9   -0.0001431690
2   10   4   10   0.0000000005
2   10   5   6   -0.0068916112
2   10   5   7   -0.0000000001
2   10   5   8   0.0043754947
2   10   5   9   -0.0000000001
2   10   5   10   0.0038603503
3   6   1   6   -0.0000000000
3   6   1   7   0.0415386707
3   6   1   8   -0.0000000000
3   6   1   9   0.0094784503
3   6   1   10   -0.0000000000
3   6   2   6   -0.0204457212
3   6   2   7   -0.0000000000
3   6   2   8   0.0178245876
3   6   2   9   0.0000000000
3   6   2   10   0.0148147048
3   6   3   6   -0.0000000001
3   6   3   7   -0.0156542957
3   6   3   8   -0.0000000004
3   6   3   9   -0.0040376333
3   6   3   10   0.0000000002
3   6   4   6   -0.0051570974
3   6   4   7   -0.0000000000
3   6   4   8   0.0045701140
3   6   4   9   -0.0000000000
3   6   4   10   0.0085445810
3   6   5   6   0.0000000001
3   6   5   7   0.0001142379
3   6   5   8   0.0000000005
3   6   5   9   0.0028236261
3   6   5   10   -0.0000000003
3   7   1   6   0.0381131665
3   7   1   7   -0.0000000000
3   7   1   8   0.0350584981
3   7   1   9   -0.0000000000
3   7   1   10   0.0123340081
3   7   2   6   -0.0000000000
3   7   2   7   -0.0026048228
3   7   2   8   -0.0000000000
3   7   2   9   0.0026284090
3   7   2   10   -0.0000000000
3   7   3   6   -0.0146891510
3   7   3   7   -0.0000000002
3   7   3   8   -0.0090146681
3   7   3   9   -0.0000000003
3   7   3   10   0.0011983426
3   7   4   6   -0.0000000000
3   7   4   7   0.0014633091
3   7   4   8   -0.0000000001
3   7   4   9   -0.0014678589
3   7   4   10   -0.0000000001
3   7   5   6   0.0015232787
3   7   5   7   0.0000000003
3   7   5   8   -0.0005964021
3   7   5   9   0.0000000004
3   7   5   10   0.0013949849
3   8   1   6   -0.0000000000
3   8   1   7   0.0328143896
3   8   1   8   -0.0000000001
3   8   1   9   -0.0110070158
3   8   1   10   -0.0000000001
3   8   2   6   0.0163291807
3   8   2   7   -0.0000000000
3   8   2   8   -0.0034555773
3   8   2   9   0.0000000001
3   8   2   10   0.0051473273
3   8   3   6   -0.0000000005
3   8   3   7   -0.0084461601
3   8   3   8   -0.0000000018
3   8   3   9   0.0083269106
3   8   3   10   -0.0000000014
3   8   4   6   0.0046243505
3   8   4   7   -0.0000000000
3   8   4   8   0.0021981791
3   8   4   9   -0.0000000000
3   8   4   10   -0.0007270135
3   8   5   6   0.0000000004
3   8   5   7   0.0000413110
3   8   5   8   0.0000000027
3   8   5   9   0.0012591224
3   8   5   10   0.0000000020
3   9   1   6   0.0086524058
3   9   1   7   -0.0000000000
3   9   1   8   -0.0102570027
3   9   1   9   -0.0000000000
3   9   1   10   0.0278270164
3   9   2   6   0.0000000000
3   9   2   7   0.0030624022
3   9   2   8   0.0000000000
3   9   2   9   -0.0267544835
3   9   2   10   -0.0000000001
3   9   3   6   -0.0031371628
3   9   3   7   -0.0000000003
3   9   3   8   0.0078938278
3   9   3   9   -0.0000000005
3   9   3   10   -0.0135465076
3   9   4   6   -0.0000000000
3   9   4   7   -0.0014196256
3   9   4   8   -0.0000000000
3   9   4   9   -0.0094008209
3   9   4   10   0.0000000000
3   9   5   6   0.0034982299
3   9   5   7   0.0000000004
3   9   5   8   0.0009648720
3   9   5   9   0.0000000007
3   9   5   10   -0.0065136626
3   10   1   6   0.0000000000
3   10   1   7   0.0117929211
3   10   1   8   0.0000000001
3   10   1   9   0.0274426342
3   10   1   10   0.0000000002
3   10   2   6   0.0156954954
3   10   2   7   -0.0000000001
3   10   2   8   0.0046554771
3   10   2   9   -0.0000000001
3   10   2   10   -0.0116128015
3   10   3   6   0.0000000003
3   10   3   7   0.0014362918
3   10   3   8   -0.0000000016
3   10   3   9   -0.0133031372
3   10   3   10   -0.0000000022
3   10   4   6   0.0087854854
3   10   4   7   -0.0000000001
3   10   4   8   -0.0008074509
3   10   4   9   -0.0000000000
3   10   4   10   -0.0053485297
3   10   5   6   -0.0000000001
3   10   5   7   0.0017012103
3   10   5   8   0.0000000018
3   10   5   9   -0.0062897093
3   10   5   10   0.0000000027

End IABC Block
