Begin IJ Block
1   1   -2.1918672411
1   2   0.0000000000
1   3   -0.1383173328
2   2   -1.9579306749
2   3   0.0000000000
3   3   -1.8167159677

End IJ Block
Begin IA Block
1   1   -0.0000000000
1   2   0.0719577012
1   3   0.0000000000
2   1   0.2017196829
2   2   -0.0000000000
2   3   0.0495025005
3   2   -0.1804416784
3   3   0.0000000000

End IA Block
Begin AB Block
1   1   -1.5012803693
1   2   0.0000000000
1   3   0.2983754989
2   2   -1.0045618697
2   3   0.0000000000
3   3   -0.9294703091

End AB Block
Begin IJAB Block
1   4   1   4   0.0587648668
1   4   1   5   0.0000000000
1   4   1   6   -0.0226409695
1   4   2   4   0.0000000000
1   4   2   5   0.0219487407
1   4   2   6   -0.0000000000
1   4   3   4   -0.0226409695
1   4   3   5   -0.0000000000
1   4   3   6   0.0166911774
1   5   1   4   0.0000000000
1   5   1   5   0.0236748128
1   5   1   6   -0.0000000000
1   5   2   4   0.0110581783
1   5   2   5   0.0000000000
1   5   2   6   0.0089671676
1   5   3   4   -0.0000000000
1   5   3   5   0.0021085524
1   5   3   6   0.0000000000
1   6   1   4   0.0052633482
1   6   1   6   -0.0088418002
1   6   2   4   -0.0000000000
1   6   2   5   -0.0056945496
1   6   2   6   -0.0000000000
1   6   3   4   0.0028863470
1   6   3   5   -0.0000000000
1   6   3   6   -0.0061529056
2   4   1   4   0.0000000000
2   4   1   5   0.0110581783
2   4   1   6   -0.0000000000
2   4   2   4   0.0236748128
2   4   2   5   0.0000000000
2   4   2   6   0.0021085524
2   4   3   4   -0.0000000000
2   4   3   5   0.0089671676
2   4   3   6   0.0000000000
2   5   1   4   0.0632772153
2   5   1   5   0.0000000000
2   5   1   6   -0.0244620815
2   5   2   4   0.0000000000
2   5   2   5   0.0309037299
2   5   2   6   0.0000000000
2   5   3   4   -0.0244620815
2   5   3   5   0.0000000000
2   5   3   6   0.0265866654
2   6   1   4   -0.0000000000
2   6   1   5   -0.0307503927
2   6   1   6   -0.0000000000
2   6   2   4   -0.0042361871
2   6   2   5   -0.0000000000
2   6   2   6   -0.0121494528
2   6   3   4   0.0000000000
2   6   3   5   0.0015529293
2   6   3   6   0.0000000001
3   4   1   4   0.0052633482
3   4   1   5   -0.0000000000
3   4   1   6   0.0028863470
3   4   2   5   -0.0056945496
3   4   2   6   -0.0000000000
3   4   3   4   -0.0088418002
3   4   3   5   -0.0000000000
3   4   3   6   -0.0061529056
3   5   1   4   -0.0000000000
3   5   1   5   -0.0042361871
3   5   1   6   0.0000000000
3   5   2   4   -0.0307503927
3   5   2   5   -0.0000000000
3   5   2   6   0.0015529293
3   5   3   4   -0.0000000000
3   5   3   5   -0.0121494528
3   5   3   6   0.0000000001
3   6   1   4   0.0780863569
3   6   1   5   0.0000000000
3   6   1   6   -0.0416299421
3   6   2   4   0.0000000000
3   6   2   5   0.0261775437
3   6   2   6   0.0000000000
3   6   3   4   -0.0416299421
3   6   3   5   0.0000000000
3   6   3   6   0.0341154605

End IJAB Block
Begin IJKL Block
1   4   1   4   0.3963389901
1   4   1   6   0.0686235474
1   4   2   5   0.1152815156
1   4   2   6   -0.0000000000
1   4   3   4   0.0686235474
1   4   3   5   -0.0000000000
1   4   3   6   0.0805333518
1   5   1   5   0.3170172000
1   5   2   4   0.1163443323
1   5   2   5   0.0000000000
1   5   2   6   -0.0845694369
1   5   3   5   -0.0181707914
1   5   3   6   0.0000000000
1   6   1   4   0.0686235474
1   6   1   6   0.3254542092
1   6   2   5   -0.0878873728
1   6   2   6   -0.0000000000
1   6   3   4   0.0826415055
1   6   3   6   0.0186501320
2   4   1   5   0.1163443323
2   4   2   4   0.3170172000
2   4   2   5   0.0000000000
2   4   2   6   -0.0181707914
2   4   3   5   -0.0845694369
2   4   3   6   0.0000000000
2   5   1   4   0.1152815156
2   5   1   5   0.0000000000
2   5   1   6   -0.0878873728
2   5   2   4   0.0000000000
2   5   2   5   0.3365325475
2   5   2   6   -0.0000000000
2   5   3   4   -0.0878873728
2   5   3   5   -0.0000000000
2   5   3   6   0.0993275231
2   6   1   4   -0.0000000000
2   6   1   5   -0.0845694369
2   6   1   6   -0.0000000000
2   6   2   4   -0.0181707914
2   6   2   5   -0.0000000000
2   6   2   6   0.3029046870
2   6   3   5   0.1002654226
2   6   3   6   -0.0000000000
3   4   1   4   0.0686235474
3   4   1   6   0.0826415055
3   4   2   5   -0.0878873728
3   4   3   4   0.3254542092
3   4   3   5   -0.0000000000
3   4   3   6   0.0186501320
3   5   1   4   -0.0000000000
3   5   1   5   -0.0181707914
3   5   2   4   -0.0845694369
3   5   2   5   -0.0000000000
3   5   2   6   0.1002654226
3   5   3   4   -0.0000000000
3   5   3   5   0.3029046870
3   5   3   6   -0.0000000000
3   6   1   4   0.0805333518
3   6   1   5   0.0000000000
3   6   1   6   0.0186501320
3   6   2   4   0.0000000000
3   6   2   5   0.0993275231
3   6   2   6   -0.0000000000
3   6   3   4   0.0186501320
3   6   3   5   -0.0000000000
3   6   3   6   0.3130962858

End IJKL Block
Begin ABCD Block
1   4   1   4   0.2621982691
1   4   1   5   -0.0000000000
1   4   1   6   -0.0419136561
1   4   2   4   -0.0000000000
1   4   2   5   0.0545672028
1   4   2   6   -0.0000000000
1   4   3   4   -0.0419136561
1   4   3   5   -0.0000000000
1   4   3   6   0.0300881580
1   5   1   4   -0.0000000000
1   5   1   5   0.2038529351
1   5   1   6   0.0000000000
1   5   2   4   0.0546758684
1   5   2   5   -0.0000000000
1   5   2   6   0.0472410020
1   5   3   4   -0.0000000000
1   5   3   5   -0.0046162950
1   5   3   6   0.0000000004
1   6   1   4   -0.0419136561
1   6   1   5   0.0000000000
1   6   1   6   0.1992801135
1   6   2   4   -0.0000000000
1   6   2   5   0.0472317493
1   6   2   6   -0.0000000001
1   6   3   4   0.0301779787
1   6   3   5   0.0000000004
1   6   3   6   -0.0125160449
2   4   1   4   -0.0000000000
2   4   1   5   0.0546758684
2   4   1   6   -0.0000000000
2   4   2   4   0.2038529351
2   4   2   5   -0.0000000000
2   4   2   6   -0.0046162950
2   4   3   4   0.0000000000
2   4   3   5   0.0472410020
2   4   3   6   0.0000000004
2   5   1   4   0.0545672028
2   5   1   5   -0.0000000000
2   5   1   6   0.0472317493
2   5   2   4   -0.0000000000
2   5   2   5   0.1952582248
2   5   2   6   0.0000000003
2   5   3   4   0.0472317493
2   5   3   5   0.0000000003
2   5   3   6   0.0521613010
2   6   1   4   -0.0000000000
2   6   1   5   0.0472410020
2   6   1   6   -0.0000000001
2   6   2   4   -0.0046162950
2   6   2   5   0.0000000003
2   6   2   6   0.1824542779
2   6   3   4   0.0000000004
2   6   3   5   0.0521310445
2   6   3   6   0.0000000019
3   4   1   4   -0.0419136561
3   4   1   5   -0.0000000000
3   4   1   6   0.0301779787
3   4   2   4   0.0000000000
3   4   2   5   0.0472317493
3   4   2   6   0.0000000004
3   4   3   4   0.1992801135
3   4   3   5   -0.0000000001
3   4   3   6   -0.0125160449
3   5   1   4   -0.0000000000
3   5   1   5   -0.0046162950
3   5   1   6   0.0000000004
3   5   2   4   0.0472410020
3   5   2   5   0.0000000003
3   5   2   6   0.0521310445
3   5   3   4   -0.0000000001
3   5   3   5   0.1824542779
3   5   3   6   0.0000000019
3   6   1   4   0.0300881580
3   6   1   5   0.0000000004
3   6   1   6   -0.0125160449
3   6   2   4   0.0000000004
3   6   2   5   0.0521613010
3   6   2   6   0.0000000019
3   6   3   4   -0.0125160449
3   6   3   5   0.0000000019
3   6   3   6   0.1795102349

End ABCD Block
Begin AIJB Block
1   4   1   4   0.0522752351
1   4   1   6   -0.0198783677
1   4   2   4   -0.0000000000
1   4   2   5   0.0092584809
1   4   2   6   -0.0000000000
1   4   3   4   0.0071271924
1   4   3   6   0.0012265719
1   5   1   4   -0.0000000000
1   5   1   5   0.0205910739
1   5   1   6   0.0000000000
1   5   2   4   0.0551139592
1   5   2   5   -0.0000000000
1   5   2   6   -0.0197877606
1   5   3   5   -0.0016075422
1   5   3   6   0.0000000000
1   6   1   4   0.0071271924
1   6   1   6   -0.0099866865
1   6   2   5   -0.0259871516
1   6   2   6   -0.0000000000
1   6   3   4   0.0638194507
1   6   3   6   -0.0340340335
2   4   1   5   0.0174606313
2   4   1   6   -0.0000000000
2   4   2   4   0.0205910739
2   4   2   6   0.0015574405
2   4   3   5   -0.0055065727
2   4   3   6   0.0000000000
2   5   1   4   0.0092584809
2   5   1   6   0.0073995718
2   5   2   4   -0.0000000000
2   5   2   5   0.0251886665
2   5   3   4   -0.0259871516
2   5   3   6   0.0005405012
2   6   1   5   -0.0055065727
2   6   1   6   -0.0000000000
2   6   2   4   -0.0016075422
2   6   2   6   -0.0117057034
2   6   3   5   0.0236522088
2   6   3   6   0.0000000000
3   4   1   4   -0.0198783677
3   4   1   5   -0.0000000000
3   4   1   6   0.0138851010
3   4   2   4   0.0000000000
3   4   2   5   0.0073995718
3   4   2   6   0.0000000000
3   4   3   4   -0.0099866865
3   4   3   5   -0.0000000000
3   4   3   6   -0.0046078198
3   5   1   4   -0.0000000000
3   5   1   5   0.0015574405
3   5   1   6   0.0000000000
3   5   2   4   -0.0197877606
3   5   2   6   0.0213341306
3   5   3   4   -0.0000000000
3   5   3   5   -0.0117057034
3   5   3   6   0.0000000000
3   6   1   4   0.0012265719
3   6   1   5   0.0000000000
3   6   1   6   -0.0046078198
3   6   2   4   0.0000000000
3   6   2   5   0.0005405012
3   6   2   6   0.0000000000
3   6   3   4   -0.0340340335
3   6   3   5   0.0000000000
3   6   3   6   0.0289359032

1   4   4   1   -0.2961148017
1   4   4   3   0.0728245722
1   4   5   1   0.0000000000
1   4   5   2   -0.0543492983
1   4   5   3   -0.0000000000
1   4   6   1   -0.0134502210
1   4   6   2   -0.0000000000
1   4   6   3   0.0166693261
1   5   4   1   0.0000000000
1   5   4   2   -0.0538039841
1   5   4   3   -0.0000000000
1   5   5   1   -0.2812962314
1   5   5   2   0.0000000000
1   5   5   3   0.0551121099
1   5   6   1   0.0000000000
1   5   6   2   0.0568221932
1   5   6   3   0.0000000000
1   6   4   1   -0.0134502210
1   6   4   2   -0.0000000000
1   6   4   3   0.0161262036
1   6   5   1   0.0000000000
1   6   5   2   0.0559639654
1   6   5   3   0.0000000000
1   6   6   1   -0.2819565829
1   6   6   3   0.0602430622
2   4   4   2   -0.2036900035
2   4   4   3   -0.0000000000
2   4   5   1   -0.0538039841
2   4   5   2   0.0000000000
2   4   5   3   -0.0366409508
2   4   6   1   -0.0000000000
2   4   6   2   0.0099265346
2   4   6   3   -0.0000000000
2   5   4   1   -0.0543492983
2   5   4   2   0.0000000000
2   5   4   3   -0.0363298187
2   5   5   1   0.0000000000
2   5   5   2   -0.2142033655
2   5   5   3   0.0000000000
2   5   6   1   0.0559639654
2   5   6   2   0.0000000000
2   5   6   3   0.0405727824
2   6   4   1   -0.0000000000
2   6   4   2   0.0099265346
2   6   4   3   -0.0000000000
2   6   5   1   0.0568221932
2   6   5   2   0.0000000000
2   6   5   3   0.0399743248
2   6   6   2   -0.2078863416
2   6   6   3   0.0000000000
3   4   4   1   0.0728245722
3   4   4   2   -0.0000000000
3   4   4   3   -0.2020621311
3   4   5   1   -0.0000000000
3   4   5   2   -0.0363298187
3   4   5   3   -0.0000000000
3   4   6   1   0.0161262036
3   4   6   2   -0.0000000000
3   4   6   3   0.0065480166
3   5   4   1   -0.0000000000
3   5   4   2   -0.0366409508
3   5   4   3   -0.0000000000
3   5   5   1   0.0551121099
3   5   5   2   0.0000000000
3   5   5   3   -0.2095232102
3   5   6   1   0.0000000000
3   5   6   2   0.0399743248
3   5   6   3   0.0000000001
3   6   4   1   0.0166693261
3   6   4   2   -0.0000000000
3   6   4   3   0.0065480166
3   6   5   1   0.0000000000
3   6   5   2   0.0405727824
3   6   5   3   0.0000000001
3   6   6   1   0.0602430622
3   6   6   2   0.0000000000
3   6   6   3   -0.2098146614

End AIJB Block
Begin IJKA Block
1   4   1   5   -0.0099452009
1   4   1   6   -0.0000000000
1   4   2   4   -0.0408258312
1   4   2   5   -0.0000000000
1   4   2   6   -0.0006327436
1   4   3   4   -0.0000000000
1   4   3   5   0.0212063446
1   4   3   6   0.0000000000
1   5   1   4   -0.0659341266
1   5   1   6   -0.0019185250
1   5   2   4   -0.0000000000
1   5   2   5   -0.0351784941
1   5   2   6   -0.0000000000
1   5   3   4   -0.0384638505
1   5   3   5   0.0000000000
1   5   3   6   0.0279805768
1   6   1   4   0.0000000000
1   6   1   5   0.0568186289
1   6   1   6   0.0000000000
1   6   2   4   -0.0563302702
1   6   2   5   0.0000000000
1   6   2   6   0.0445681100
1   6   3   5   0.0197905929
1   6   3   6   0.0000000000
2   4   1   4   -0.0409017108
2   4   1   5   -0.0000000000
2   4   1   6   -0.0003070069
2   4   2   4   -0.0000000000
2   4   2   5   -0.0306279400
2   4   2   6   -0.0000000000
2   4   3   4   -0.0031844868
2   4   3   5   0.0000000000
2   4   3   6   0.0190044702
2   5   1   4   -0.0000000000
2   5   1   5   -0.0350045213
2   5   2   4   -0.0207304620
2   5   2   5   -0.0000000000
2   5   2   6   -0.0335260644
2   5   3   4   -0.0000000000
2   5   3   5   0.0206807577
2   5   3   6   0.0000000000
2   6   1   4   -0.0583644508
2   6   1   5   0.0000000000
2   6   1   6   0.0452875793
2   6   2   4   0.0000000000
2   6   2   5   0.0330571173
2   6   2   6   0.0000000000
2   6   3   4   0.0543569702
2   6   3   6   -0.0386806386
3   4   1   4   0.0000000000
3   4   1   5   0.0205453233
3   4   1   6   0.0000000000
3   4   2   4   -0.0019058102
3   4   2   5   0.0000000000
3   4   2   6   0.0185579934
3   4   3   5   -0.0062606809
3   4   3   6   -0.0000000000
3   5   1   4   -0.0383537156
3   5   1   5   0.0000000000
3   5   1   6   0.0280686126
3   5   2   4   0.0000000000
3   5   2   5   0.0197160979
3   5   2   6   0.0000000000
3   5   3   4   -0.0165901553
3   5   3   5   0.0000000000
3   5   3   6   -0.0224452952
3   6   1   4   -0.0000000000
3   6   1   5   0.0208888485
3   6   1   6   0.0000000000
3   6   2   4   0.0579163744
3   6   2   5   -0.0000000000
3   6   2   6   -0.0417326513
3   6   3   5   0.0336076716
3   6   3   6   0.0000000000

End IJKA Block
Begin IABC Block
1   4   1   4   0.0000000000
1   4   1   5   -0.0033094739
1   4   1   6   0.0000000000
1   4   2   4   -0.0085943738
1   4   2   6   0.0022531765
1   4   3   4   0.0000000000
1   4   3   5   -0.0039136106
1   4   3   6   0.0000000001
1   5   1   4   -0.0035720307
1   5   1   5   0.0000000000
1   5   1   6   -0.0004721046
1   5   2   4   0.0000000000
1   5   2   5   -0.0072166084
1   5   2   6   -0.0000000000
1   5   3   4   -0.0036077221
1   5   3   5   0.0000000000
1   5   3   6   -0.0011094180
1   6   1   4   0.0000000000
1   6   1   5   -0.0010039930
1   6   1   6   0.0000000001
1   6   2   4   0.0020297656
1   6   2   6   -0.0032967505
1   6   3   4   0.0000000001
1   6   3   5   -0.0007749621
1   6   3   6   0.0000000004
2   4   1   4   -0.0145481611
2   4   1   6   0.0113419235
2   4   2   4   0.0000000000
2   4   2   5   -0.0048917181
2   4   2   6   0.0000000000
2   4   3   4   -0.0159271298
2   4   3   5   -0.0000000000
2   4   3   6   0.0071205333
2   5   1   4   0.0000000000
2   5   1   5   -0.0005027466
2   5   1   6   -0.0000000000
2   5   2   4   -0.0055657759
2   5   2   5   0.0000000000
2   5   2   6   0.0019006964
2   5   3   4   -0.0000000000
2   5   3   5   -0.0095558833
2   5   3   6   0.0000000000
2   6   1   4   0.0103602777
2   6   1   5   -0.0000000000
2   6   1   6   0.0062347767
2   6   2   4   0.0000000000
2   6   2   5   0.0011529005
2   6   2   6   0.0000000001
2   6   3   4   0.0075444908
2   6   3   5   0.0000000000
2   6   3   6   -0.0129417153
3   4   1   5   -0.0405098539
3   4   1   6   -0.0000000000
3   4   2   4   0.0198253826
3   4   2   6   -0.0172164007
3   4   3   4   0.0000000001
3   4   3   5   0.0153990084
3   4   3   6   0.0000000004
3   5   1   4   -0.0371647369
3   5   1   5   -0.0000000000
3   5   1   6   -0.0342868503
3   5   2   5   0.0024741828
3   5   2   6   0.0000000000
3   5   3   4   0.0143991597
3   5   3   5   0.0000000002
3   5   3   6   0.0087713136
3   6   1   4   0.0000000000
3   6   1   5   -0.0321309719
3   6   1   6   0.0000000000
3   6   2   4   -0.0158562400
3   6   2   5   0.0000000000
3   6   2   6   0.0032004551
3   6   3   4   0.0000000004
3   6   3   5   0.0081752801
3   6   3   6   0.0000000018

End IABC Block
