Number of strings: 2002 2002, CI size = 4008004
String addressing array alpha: 5 14
0 495 825 1035 1161 1231 1266 1281 1286 1287 1287 1287 1287 1287
0 0 165 285 369 425 460 480 490 494 495 495 495 495
0 0 0 45 81 109 130 145 155 161 164 165 165 165
0 0 0 0 9 17 24 30 35 39 42 44 45 45
0 0 0 0 0 1 2 3 4 5 6 7 8 9

Alpha strings 2002 5
1 2 3 4 5
1 2 3 4 6
1 2 3 4 7
1 2 3 4 8
1 2 3 4 9
1 2 3 4 10
1 2 3 4 11
1 2 3 4 12
1 2 3 4 13
1 2 3 4 14
1 2 3 5 6
1 2 3 5 7
1 2 3 5 8
1 2 3 5 9
1 2 3 5 10
1 2 3 5 11
1 2 3 5 12
1 2 3 5 13
1 2 3 5 14
1 2 3 6 7
1 2 3 6 8
1 2 3 6 9
1 2 3 6 10
1 2 3 6 11
1 2 3 6 12
1 2 3 6 13
1 2 3 6 14
1 2 3 7 8
1 2 3 7 9
1 2 3 7 10
1 2 3 7 11
1 2 3 7 12
1 2 3 7 13
1 2 3 7 14
1 2 3 8 9
1 2 3 8 10
1 2 3 8 11
1 2 3 8 12
1 2 3 8 13
1 2 3 8 14
1 2 3 9 10
1 2 3 9 11
1 2 3 9 12
1 2 3 9 13
1 2 3 9 14
1 2 3 10 11
1 2 3 10 12
1 2 3 10 13
1 2 3 10 14
1 2 3 11 12
1 2 3 11 13
1 2 3 11 14
1 2 3 12 13
1 2 3 12 14
1 2 3 13 14
1 2 4 5 6
1 2 4 5 7
1 2 4 5 8
1 2 4 5 9
1 2 4 5 10
1 2 4 5 11
1 2 4 5 12
1 2 4 5 13
1 2 4 5 14
1 2 4 6 7
1 2 4 6 8
1 2 4 6 9
1 2 4 6 10
1 2 4 6 11
1 2 4 6 12
1 2 4 6 13
1 2 4 6 14
1 2 4 7 8
1 2 4 7 9
1 2 4 7 10
1 2 4 7 11
1 2 4 7 12
1 2 4 7 13
1 2 4 7 14
1 2 4 8 9
1 2 4 8 10
1 2 4 8 11
1 2 4 8 12
1 2 4 8 13
1 2 4 8 14
1 2 4 9 10
1 2 4 9 11
1 2 4 9 12
1 2 4 9 13
1 2 4 9 14
1 2 4 10 11
1 2 4 10 12
1 2 4 10 13
1 2 4 10 14
1 2 4 11 12
1 2 4 11 13
1 2 4 11 14
1 2 4 12 13
1 2 4 12 14
1 2 4 13 14
1 2 5 6 7
1 2 5 6 8
1 2 5 6 9
1 2 5 6 10
1 2 5 6 11
1 2 5 6 12
1 2 5 6 13
1 2 5 6 14
1 2 5 7 8
1 2 5 7 9
1 2 5 7 10
1 2 5 7 11
1 2 5 7 12
1 2 5 7 13
1 2 5 7 14
1 2 5 8 9
1 2 5 8 10
1 2 5 8 11
1 2 5 8 12
1 2 5 8 13
1 2 5 8 14
1 2 5 9 10
1 2 5 9 11
1 2 5 9 12
1 2 5 9 13
1 2 5 9 14
1 2 5 10 11
1 2 5 10 12
1 2 5 10 13
1 2 5 10 14
1 2 5 11 12
1 2 5 11 13
1 2 5 11 14
1 2 5 12 13
1 2 5 12 14
1 2 5 13 14
1 2 6 7 8
1 2 6 7 9
1 2 6 7 10
1 2 6 7 11
1 2 6 7 12
1 2 6 7 13
1 2 6 7 14
1 2 6 8 9
1 2 6 8 10
1 2 6 8 11
1 2 6 8 12
1 2 6 8 13
1 2 6 8 14
1 2 6 9 10
1 2 6 9 11
1 2 6 9 12
1 2 6 9 13
1 2 6 9 14
1 2 6 10 11
1 2 6 10 12
1 2 6 10 13
1 2 6 10 14
1 2 6 11 12
1 2 6 11 13
1 2 6 11 14
1 2 6 12 13
1 2 6 12 14
1 2 6 13 14
1 2 7 8 9
1 2 7 8 10
1 2 7 8 11
1 2 7 8 12
1 2 7 8 13
1 2 7 8 14
1 2 7 9 10
1 2 7 9 11
1 2 7 9 12
1 2 7 9 13
1 2 7 9 14
1 2 7 10 11
1 2 7 10 12
1 2 7 10 13
1 2 7 10 14
1 2 7 11 12
1 2 7 11 13
1 2 7 11 14
1 2 7 12 13
1 2 7 12 14
1 2 7 13 14
1 2 8 9 10
1 2 8 9 11
1 2 8 9 12
1 2 8 9 13
1 2 8 9 14
1 2 8 10 11
1 2 8 10 12
1 2 8 10 13
1 2 8 10 14
1 2 8 11 12
1 2 8 11 13
1 2 8 11 14
1 2 8 12 13
1 2 8 12 14
1 2 8 13 14
1 2 9 10 11
1 2 9 10 12
1 2 9 10 13
1 2 9 10 14
1 2 9 11 12
1 2 9 11 13
1 2 9 11 14
1 2 9 12 13
1 2 9 12 14
1 2 9 13 14
1 2 10 11 12
1 2 10 11 13
1 2 10 11 14
1 2 10 12 13
1 2 10 12 14
1 2 10 13 14
1 2 11 12 13
1 2 11 12 14
1 2 11 13 14
1 2 12 13 14
1 3 4 5 6
1 3 4 5 7
1 3 4 5 8
1 3 4 5 9
1 3 4 5 10
1 3 4 5 11
1 3 4 5 12
1 3 4 5 13
1 3 4 5 14
1 3 4 6 7
1 3 4 6 8
1 3 4 6 9
1 3 4 6 10
1 3 4 6 11
1 3 4 6 12
1 3 4 6 13
1 3 4 6 14
1 3 4 7 8
1 3 4 7 9
1 3 4 7 10
1 3 4 7 11
1 3 4 7 12
1 3 4 7 13
1 3 4 7 14
1 3 4 8 9
1 3 4 8 10
1 3 4 8 11
1 3 4 8 12
1 3 4 8 13
1 3 4 8 14
1 3 4 9 10
1 3 4 9 11
1 3 4 9 12
1 3 4 9 13
1 3 4 9 14
1 3 4 10 11
1 3 4 10 12
1 3 4 10 13
1 3 4 10 14
1 3 4 11 12
1 3 4 11 13
1 3 4 11 14
1 3 4 12 13
1 3 4 12 14
1 3 4 13 14
1 3 5 6 7
1 3 5 6 8
1 3 5 6 9
1 3 5 6 10
1 3 5 6 11
1 3 5 6 12
1 3 5 6 13
1 3 5 6 14
1 3 5 7 8
1 3 5 7 9
1 3 5 7 10
1 3 5 7 11
1 3 5 7 12
1 3 5 7 13
1 3 5 7 14
1 3 5 8 9
1 3 5 8 10
1 3 5 8 11
1 3 5 8 12
1 3 5 8 13
1 3 5 8 14
1 3 5 9 10
1 3 5 9 11
1 3 5 9 12
1 3 5 9 13
1 3 5 9 14
1 3 5 10 11
1 3 5 10 12
1 3 5 10 13
1 3 5 10 14
1 3 5 11 12
1 3 5 11 13
1 3 5 11 14
1 3 5 12 13
1 3 5 12 14
1 3 5 13 14
1 3 6 7 8
1 3 6 7 9
1 3 6 7 10
1 3 6 7 11
1 3 6 7 12
1 3 6 7 13
1 3 6 7 14
1 3 6 8 9
1 3 6 8 10
1 3 6 8 11
1 3 6 8 12
1 3 6 8 13
1 3 6 8 14
1 3 6 9 10
1 3 6 9 11
1 3 6 9 12
1 3 6 9 13
1 3 6 9 14
1 3 6 10 11
1 3 6 10 12
1 3 6 10 13
1 3 6 10 14
1 3 6 11 12
1 3 6 11 13
1 3 6 11 14
1 3 6 12 13
1 3 6 12 14
1 3 6 13 14
1 3 7 8 9
1 3 7 8 10
1 3 7 8 11
1 3 7 8 12
1 3 7 8 13
1 3 7 8 14
1 3 7 9 10
1 3 7 9 11
1 3 7 9 12
1 3 7 9 13
1 3 7 9 14
1 3 7 10 11
1 3 7 10 12
1 3 7 10 13
1 3 7 10 14
1 3 7 11 12
1 3 7 11 13
1 3 7 11 14
1 3 7 12 13
1 3 7 12 14
1 3 7 13 14
1 3 8 9 10
1 3 8 9 11
1 3 8 9 12
1 3 8 9 13
1 3 8 9 14
1 3 8 10 11
1 3 8 10 12
1 3 8 10 13
1 3 8 10 14
1 3 8 11 12
1 3 8 11 13
1 3 8 11 14
1 3 8 12 13
1 3 8 12 14
1 3 8 13 14
1 3 9 10 11
1 3 9 10 12
1 3 9 10 13
1 3 9 10 14
1 3 9 11 12
1 3 9 11 13
1 3 9 11 14
1 3 9 12 13
1 3 9 12 14
1 3 9 13 14
1 3 10 11 12
1 3 10 11 13
1 3 10 11 14
1 3 10 12 13
1 3 10 12 14
1 3 10 13 14
1 3 11 12 13
1 3 11 12 14
1 3 11 13 14
1 3 12 13 14
1 4 5 6 7
1 4 5 6 8
1 4 5 6 9
1 4 5 6 10
1 4 5 6 11
1 4 5 6 12
1 4 5 6 13
1 4 5 6 14
1 4 5 7 8
1 4 5 7 9
1 4 5 7 10
1 4 5 7 11
1 4 5 7 12
1 4 5 7 13
1 4 5 7 14
1 4 5 8 9
1 4 5 8 10
1 4 5 8 11
1 4 5 8 12
1 4 5 8 13
1 4 5 8 14
1 4 5 9 10
1 4 5 9 11
1 4 5 9 12
1 4 5 9 13
1 4 5 9 14
1 4 5 10 11
1 4 5 10 12
1 4 5 10 13
1 4 5 10 14
1 4 5 11 12
1 4 5 11 13
1 4 5 11 14
1 4 5 12 13
1 4 5 12 14
1 4 5 13 14
1 4 6 7 8
1 4 6 7 9
1 4 6 7 10
1 4 6 7 11
1 4 6 7 12
1 4 6 7 13
1 4 6 7 14
1 4 6 8 9
1 4 6 8 10
1 4 6 8 11
1 4 6 8 12
1 4 6 8 13
1 4 6 8 14
1 4 6 9 10
1 4 6 9 11
1 4 6 9 12
1 4 6 9 13
1 4 6 9 14
1 4 6 10 11
1 4 6 10 12
1 4 6 10 13
1 4 6 10 14
1 4 6 11 12
1 4 6 11 13
1 4 6 11 14
1 4 6 12 13
1 4 6 12 14
1 4 6 13 14
1 4 7 8 9
1 4 7 8 10
1 4 7 8 11
1 4 7 8 12
1 4 7 8 13
1 4 7 8 14
1 4 7 9 10
1 4 7 9 11
1 4 7 9 12
1 4 7 9 13
1 4 7 9 14
1 4 7 10 11
1 4 7 10 12
1 4 7 10 13
1 4 7 10 14
1 4 7 11 12
1 4 7 11 13
1 4 7 11 14
1 4 7 12 13
1 4 7 12 14
1 4 7 13 14
1 4 8 9 10
1 4 8 9 11
1 4 8 9 12
1 4 8 9 13
1 4 8 9 14
1 4 8 10 11
1 4 8 10 12
1 4 8 10 13
1 4 8 10 14
1 4 8 11 12
1 4 8 11 13
1 4 8 11 14
1 4 8 12 13
1 4 8 12 14
1 4 8 13 14
1 4 9 10 11
1 4 9 10 12
1 4 9 10 13
1 4 9 10 14
1 4 9 11 12
1 4 9 11 13
1 4 9 11 14
1 4 9 12 13
1 4 9 12 14
1 4 9 13 14
1 4 10 11 12
1 4 10 11 13
1 4 10 11 14
1 4 10 12 13
1 4 10 12 14
1 4 10 13 14
1 4 11 12 13
1 4 11 12 14
1 4 11 13 14
1 4 12 13 14
1 5 6 7 8
1 5 6 7 9
1 5 6 7 10
1 5 6 7 11
1 5 6 7 12
1 5 6 7 13
1 5 6 7 14
1 5 6 8 9
1 5 6 8 10
1 5 6 8 11
1 5 6 8 12
1 5 6 8 13
1 5 6 8 14
1 5 6 9 10
1 5 6 9 11
1 5 6 9 12
1 5 6 9 13
1 5 6 9 14
1 5 6 10 11
1 5 6 10 12
1 5 6 10 13
1 5 6 10 14
1 5 6 11 12
1 5 6 11 13
1 5 6 11 14
1 5 6 12 13
1 5 6 12 14
1 5 6 13 14
1 5 7 8 9
1 5 7 8 10
1 5 7 8 11
1 5 7 8 12
1 5 7 8 13
1 5 7 8 14
1 5 7 9 10
1 5 7 9 11
1 5 7 9 12
1 5 7 9 13
1 5 7 9 14
1 5 7 10 11
1 5 7 10 12
1 5 7 10 13
1 5 7 10 14
1 5 7 11 12
1 5 7 11 13
1 5 7 11 14
1 5 7 12 13
1 5 7 12 14
1 5 7 13 14
1 5 8 9 10
1 5 8 9 11
1 5 8 9 12
1 5 8 9 13
1 5 8 9 14
1 5 8 10 11
1 5 8 10 12
1 5 8 10 13
1 5 8 10 14
1 5 8 11 12
1 5 8 11 13
1 5 8 11 14
1 5 8 12 13
1 5 8 12 14
1 5 8 13 14
1 5 9 10 11
1 5 9 10 12
1 5 9 10 13
1 5 9 10 14
1 5 9 11 12
1 5 9 11 13
1 5 9 11 14
1 5 9 12 13
1 5 9 12 14
1 5 9 13 14
1 5 10 11 12
1 5 10 11 13
1 5 10 11 14
1 5 10 12 13
1 5 10 12 14
1 5 10 13 14
1 5 11 12 13
1 5 11 12 14
1 5 11 13 14
1 5 12 13 14
1 6 7 8 9
1 6 7 8 10
1 6 7 8 11
1 6 7 8 12
1 6 7 8 13
1 6 7 8 14
1 6 7 9 10
1 6 7 9 11
1 6 7 9 12
1 6 7 9 13
1 6 7 9 14
1 6 7 10 11
1 6 7 10 12
1 6 7 10 13
1 6 7 10 14
1 6 7 11 12
1 6 7 11 13
1 6 7 11 14
1 6 7 12 13
1 6 7 12 14
1 6 7 13 14
1 6 8 9 10
1 6 8 9 11
1 6 8 9 12
1 6 8 9 13
1 6 8 9 14
1 6 8 10 11
1 6 8 10 12
1 6 8 10 13
1 6 8 10 14
1 6 8 11 12
1 6 8 11 13
1 6 8 11 14
1 6 8 12 13
1 6 8 12 14
1 6 8 13 14
1 6 9 10 11
1 6 9 10 12
1 6 9 10 13
1 6 9 10 14
1 6 9 11 12
1 6 9 11 13
1 6 9 11 14
1 6 9 12 13
1 6 9 12 14
1 6 9 13 14
1 6 10 11 12
1 6 10 11 13
1 6 10 11 14
1 6 10 12 13
1 6 10 12 14
1 6 10 13 14
1 6 11 12 13
1 6 11 12 14
1 6 11 13 14
1 6 12 13 14
1 7 8 9 10
1 7 8 9 11
1 7 8 9 12
1 7 8 9 13
1 7 8 9 14
1 7 8 10 11
1 7 8 10 12
1 7 8 10 13
1 7 8 10 14
1 7 8 11 12
1 7 8 11 13
1 7 8 11 14
1 7 8 12 13
1 7 8 12 14
1 7 8 13 14
1 7 9 10 11
1 7 9 10 12
1 7 9 10 13
1 7 9 10 14
1 7 9 11 12
1 7 9 11 13
1 7 9 11 14
1 7 9 12 13
1 7 9 12 14
1 7 9 13 14
1 7 10 11 12
1 7 10 11 13
1 7 10 11 14
1 7 10 12 13
1 7 10 12 14
1 7 10 13 14
1 7 11 12 13
1 7 11 12 14
1 7 11 13 14
1 7 12 13 14
1 8 9 10 11
1 8 9 10 12
1 8 9 10 13
1 8 9 10 14
1 8 9 11 12
1 8 9 11 13
1 8 9 11 14
1 8 9 12 13
1 8 9 12 14
1 8 9 13 14
1 8 10 11 12
1 8 10 11 13
1 8 10 11 14
1 8 10 12 13
1 8 10 12 14
1 8 10 13 14
1 8 11 12 13
1 8 11 12 14
1 8 11 13 14
1 8 12 13 14
1 9 10 11 12
1 9 10 11 13
1 9 10 11 14
1 9 10 12 13
1 9 10 12 14
1 9 10 13 14
1 9 11 12 13
1 9 11 12 14
1 9 11 13 14
1 9 12 13 14
1 10 11 12 13
1 10 11 12 14
1 10 11 13 14
1 10 12 13 14
1 11 12 13 14
2 3 4 5 6
2 3 4 5 7
2 3 4 5 8
2 3 4 5 9
2 3 4 5 10
2 3 4 5 11
2 3 4 5 12
2 3 4 5 13
2 3 4 5 14
2 3 4 6 7
2 3 4 6 8
2 3 4 6 9
2 3 4 6 10
2 3 4 6 11
2 3 4 6 12
2 3 4 6 13
2 3 4 6 14
2 3 4 7 8
2 3 4 7 9
2 3 4 7 10
2 3 4 7 11
2 3 4 7 12
2 3 4 7 13
2 3 4 7 14
2 3 4 8 9
2 3 4 8 10
2 3 4 8 11
2 3 4 8 12
2 3 4 8 13
2 3 4 8 14
2 3 4 9 10
2 3 4 9 11
2 3 4 9 12
2 3 4 9 13
2 3 4 9 14
2 3 4 10 11
2 3 4 10 12
2 3 4 10 13
2 3 4 10 14
2 3 4 11 12
2 3 4 11 13
2 3 4 11 14
2 3 4 12 13
2 3 4 12 14
2 3 4 13 14
2 3 5 6 7
2 3 5 6 8
2 3 5 6 9
2 3 5 6 10
2 3 5 6 11
2 3 5 6 12
2 3 5 6 13
2 3 5 6 14
2 3 5 7 8
2 3 5 7 9
2 3 5 7 10
2 3 5 7 11
2 3 5 7 12
2 3 5 7 13
2 3 5 7 14
2 3 5 8 9
2 3 5 8 10
2 3 5 8 11
2 3 5 8 12
2 3 5 8 13
2 3 5 8 14
2 3 5 9 10
2 3 5 9 11
2 3 5 9 12
2 3 5 9 13
2 3 5 9 14
2 3 5 10 11
2 3 5 10 12
2 3 5 10 13
2 3 5 10 14
2 3 5 11 12
2 3 5 11 13
2 3 5 11 14
2 3 5 12 13
2 3 5 12 14
2 3 5 13 14
2 3 6 7 8
2 3 6 7 9
2 3 6 7 10
2 3 6 7 11
2 3 6 7 12
2 3 6 7 13
2 3 6 7 14
2 3 6 8 9
2 3 6 8 10
2 3 6 8 11
2 3 6 8 12
2 3 6 8 13
2 3 6 8 14
2 3 6 9 10
2 3 6 9 11
2 3 6 9 12
2 3 6 9 13
2 3 6 9 14
2 3 6 10 11
2 3 6 10 12
2 3 6 10 13
2 3 6 10 14
2 3 6 11 12
2 3 6 11 13
2 3 6 11 14
2 3 6 12 13
2 3 6 12 14
2 3 6 13 14
2 3 7 8 9
2 3 7 8 10
2 3 7 8 11
2 3 7 8 12
2 3 7 8 13
2 3 7 8 14
2 3 7 9 10
2 3 7 9 11
2 3 7 9 12
2 3 7 9 13
2 3 7 9 14
2 3 7 10 11
2 3 7 10 12
2 3 7 10 13
2 3 7 10 14
2 3 7 11 12
2 3 7 11 13
2 3 7 11 14
2 3 7 12 13
2 3 7 12 14
2 3 7 13 14
2 3 8 9 10
2 3 8 9 11
2 3 8 9 12
2 3 8 9 13
2 3 8 9 14
2 3 8 10 11
2 3 8 10 12
2 3 8 10 13
2 3 8 10 14
2 3 8 11 12
2 3 8 11 13
2 3 8 11 14
2 3 8 12 13
2 3 8 12 14
2 3 8 13 14
2 3 9 10 11
2 3 9 10 12
2 3 9 10 13
2 3 9 10 14
2 3 9 11 12
2 3 9 11 13
2 3 9 11 14
2 3 9 12 13
2 3 9 12 14
2 3 9 13 14
2 3 10 11 12
2 3 10 11 13
2 3 10 11 14
2 3 10 12 13
2 3 10 12 14
2 3 10 13 14
2 3 11 12 13
2 3 11 12 14
2 3 11 13 14
2 3 12 13 14
2 4 5 6 7
2 4 5 6 8
2 4 5 6 9
2 4 5 6 10
2 4 5 6 11
2 4 5 6 12
2 4 5 6 13
2 4 5 6 14
2 4 5 7 8
2 4 5 7 9
2 4 5 7 10
2 4 5 7 11
2 4 5 7 12
2 4 5 7 13
2 4 5 7 14
2 4 5 8 9
2 4 5 8 10
2 4 5 8 11
2 4 5 8 12
2 4 5 8 13
2 4 5 8 14
2 4 5 9 10
2 4 5 9 11
2 4 5 9 12
2 4 5 9 13
2 4 5 9 14
2 4 5 10 11
2 4 5 10 12
2 4 5 10 13
2 4 5 10 14
2 4 5 11 12
2 4 5 11 13
2 4 5 11 14
2 4 5 12 13
2 4 5 12 14
2 4 5 13 14
2 4 6 7 8
2 4 6 7 9
2 4 6 7 10
2 4 6 7 11
2 4 6 7 12
2 4 6 7 13
2 4 6 7 14
2 4 6 8 9
2 4 6 8 10
2 4 6 8 11
2 4 6 8 12
2 4 6 8 13
2 4 6 8 14
2 4 6 9 10
2 4 6 9 11
2 4 6 9 12
2 4 6 9 13
2 4 6 9 14
2 4 6 10 11
2 4 6 10 12
2 4 6 10 13
2 4 6 10 14
2 4 6 11 12
2 4 6 11 13
2 4 6 11 14
2 4 6 12 13
2 4 6 12 14
2 4 6 13 14
2 4 7 8 9
2 4 7 8 10
2 4 7 8 11
2 4 7 8 12
2 4 7 8 13
2 4 7 8 14
2 4 7 9 10
2 4 7 9 11
2 4 7 9 12
2 4 7 9 13
2 4 7 9 14
2 4 7 10 11
2 4 7 10 12
2 4 7 10 13
2 4 7 10 14
2 4 7 11 12
2 4 7 11 13
2 4 7 11 14
2 4 7 12 13
2 4 7 12 14
2 4 7 13 14
2 4 8 9 10
2 4 8 9 11
2 4 8 9 12
2 4 8 9 13
2 4 8 9 14
2 4 8 10 11
2 4 8 10 12
2 4 8 10 13
2 4 8 10 14
2 4 8 11 12
2 4 8 11 13
2 4 8 11 14
2 4 8 12 13
2 4 8 12 14
2 4 8 13 14
2 4 9 10 11
2 4 9 10 12
2 4 9 10 13
2 4 9 10 14
2 4 9 11 12
2 4 9 11 13
2 4 9 11 14
2 4 9 12 13
2 4 9 12 14
2 4 9 13 14
2 4 10 11 12
2 4 10 11 13
2 4 10 11 14
2 4 10 12 13
2 4 10 12 14
2 4 10 13 14
2 4 11 12 13
2 4 11 12 14
2 4 11 13 14
2 4 12 13 14
2 5 6 7 8
2 5 6 7 9
2 5 6 7 10
2 5 6 7 11
2 5 6 7 12
2 5 6 7 13
2 5 6 7 14
2 5 6 8 9
2 5 6 8 10
2 5 6 8 11
2 5 6 8 12
2 5 6 8 13
2 5 6 8 14
2 5 6 9 10
2 5 6 9 11
2 5 6 9 12
2 5 6 9 13
2 5 6 9 14
2 5 6 10 11
2 5 6 10 12
2 5 6 10 13
2 5 6 10 14
2 5 6 11 12
2 5 6 11 13
2 5 6 11 14
2 5 6 12 13
2 5 6 12 14
2 5 6 13 14
2 5 7 8 9
2 5 7 8 10
2 5 7 8 11
2 5 7 8 12
2 5 7 8 13
2 5 7 8 14
2 5 7 9 10
2 5 7 9 11
2 5 7 9 12
2 5 7 9 13
2 5 7 9 14
2 5 7 10 11
2 5 7 10 12
2 5 7 10 13
2 5 7 10 14
2 5 7 11 12
2 5 7 11 13
2 5 7 11 14
2 5 7 12 13
2 5 7 12 14
2 5 7 13 14
2 5 8 9 10
2 5 8 9 11
2 5 8 9 12
2 5 8 9 13
2 5 8 9 14
2 5 8 10 11
2 5 8 10 12
2 5 8 10 13
2 5 8 10 14
2 5 8 11 12
2 5 8 11 13
2 5 8 11 14
2 5 8 12 13
2 5 8 12 14
2 5 8 13 14
2 5 9 10 11
2 5 9 10 12
2 5 9 10 13
2 5 9 10 14
2 5 9 11 12
2 5 9 11 13
2 5 9 11 14
2 5 9 12 13
2 5 9 12 14
2 5 9 13 14
2 5 10 11 12
2 5 10 11 13
2 5 10 11 14
2 5 10 12 13
2 5 10 12 14
2 5 10 13 14
2 5 11 12 13
2 5 11 12 14
2 5 11 13 14
2 5 12 13 14
2 6 7 8 9
2 6 7 8 10
2 6 7 8 11
2 6 7 8 12
2 6 7 8 13
2 6 7 8 14
2 6 7 9 10
2 6 7 9 11
2 6 7 9 12
2 6 7 9 13
2 6 7 9 14
2 6 7 10 11
2 6 7 10 12
2 6 7 10 13
2 6 7 10 14
2 6 7 11 12
2 6 7 11 13
2 6 7 11 14
2 6 7 12 13
2 6 7 12 14
2 6 7 13 14
2 6 8 9 10
2 6 8 9 11
2 6 8 9 12
2 6 8 9 13
2 6 8 9 14
2 6 8 10 11
2 6 8 10 12
2 6 8 10 13
2 6 8 10 14
2 6 8 11 12
2 6 8 11 13
2 6 8 11 14
2 6 8 12 13
2 6 8 12 14
2 6 8 13 14
2 6 9 10 11
2 6 9 10 12
2 6 9 10 13
2 6 9 10 14
2 6 9 11 12
2 6 9 11 13
2 6 9 11 14
2 6 9 12 13
2 6 9 12 14
2 6 9 13 14
2 6 10 11 12
2 6 10 11 13
2 6 10 11 14
2 6 10 12 13
2 6 10 12 14
2 6 10 13 14
2 6 11 12 13
2 6 11 12 14
2 6 11 13 14
2 6 12 13 14
2 7 8 9 10
2 7 8 9 11
2 7 8 9 12
2 7 8 9 13
2 7 8 9 14
2 7 8 10 11
2 7 8 10 12
2 7 8 10 13
2 7 8 10 14
2 7 8 11 12
2 7 8 11 13
2 7 8 11 14
2 7 8 12 13
2 7 8 12 14
2 7 8 13 14
2 7 9 10 11
2 7 9 10 12
2 7 9 10 13
2 7 9 10 14
2 7 9 11 12
2 7 9 11 13
2 7 9 11 14
2 7 9 12 13
2 7 9 12 14
2 7 9 13 14
2 7 10 11 12
2 7 10 11 13
2 7 10 11 14
2 7 10 12 13
2 7 10 12 14
2 7 10 13 14
2 7 11 12 13
2 7 11 12 14
2 7 11 13 14
2 7 12 13 14
2 8 9 10 11
2 8 9 10 12
2 8 9 10 13
2 8 9 10 14
2 8 9 11 12
2 8 9 11 13
2 8 9 11 14
2 8 9 12 13
2 8 9 12 14
2 8 9 13 14
2 8 10 11 12
2 8 10 11 13
2 8 10 11 14
2 8 10 12 13
2 8 10 12 14
2 8 10 13 14
2 8 11 12 13
2 8 11 12 14
2 8 11 13 14
2 8 12 13 14
2 9 10 11 12
2 9 10 11 13
2 9 10 11 14
2 9 10 12 13
2 9 10 12 14
2 9 10 13 14
2 9 11 12 13
2 9 11 12 14
2 9 11 13 14
2 9 12 13 14
2 10 11 12 13
2 10 11 12 14
2 10 11 13 14
2 10 12 13 14
2 11 12 13 14
3 4 5 6 7
3 4 5 6 8
3 4 5 6 9
3 4 5 6 10
3 4 5 6 11
3 4 5 6 12
3 4 5 6 13
3 4 5 6 14
3 4 5 7 8
3 4 5 7 9
3 4 5 7 10
3 4 5 7 11
3 4 5 7 12
3 4 5 7 13
3 4 5 7 14
3 4 5 8 9
3 4 5 8 10
3 4 5 8 11
3 4 5 8 12
3 4 5 8 13
3 4 5 8 14
3 4 5 9 10
3 4 5 9 11
3 4 5 9 12
3 4 5 9 13
3 4 5 9 14
3 4 5 10 11
3 4 5 10 12
3 4 5 10 13
3 4 5 10 14
3 4 5 11 12
3 4 5 11 13
3 4 5 11 14
3 4 5 12 13
3 4 5 12 14
3 4 5 13 14
3 4 6 7 8
3 4 6 7 9
3 4 6 7 10
3 4 6 7 11
3 4 6 7 12
3 4 6 7 13
3 4 6 7 14
3 4 6 8 9
3 4 6 8 10
3 4 6 8 11
3 4 6 8 12
3 4 6 8 13
3 4 6 8 14
3 4 6 9 10
3 4 6 9 11
3 4 6 9 12
3 4 6 9 13
3 4 6 9 14
3 4 6 10 11
3 4 6 10 12
3 4 6 10 13
3 4 6 10 14
3 4 6 11 12
3 4 6 11 13
3 4 6 11 14
3 4 6 12 13
3 4 6 12 14
3 4 6 13 14
3 4 7 8 9
3 4 7 8 10
3 4 7 8 11
3 4 7 8 12
3 4 7 8 13
3 4 7 8 14
3 4 7 9 10
3 4 7 9 11
3 4 7 9 12
3 4 7 9 13
3 4 7 9 14
3 4 7 10 11
3 4 7 10 12
3 4 7 10 13
3 4 7 10 14
3 4 7 11 12
3 4 7 11 13
3 4 7 11 14
3 4 7 12 13
3 4 7 12 14
3 4 7 13 14
3 4 8 9 10
3 4 8 9 11
3 4 8 9 12
3 4 8 9 13
3 4 8 9 14
3 4 8 10 11
3 4 8 10 12
3 4 8 10 13
3 4 8 10 14
3 4 8 11 12
3 4 8 11 13
3 4 8 11 14
3 4 8 12 13
3 4 8 12 14
3 4 8 13 14
3 4 9 10 11
3 4 9 10 12
3 4 9 10 13
3 4 9 10 14
3 4 9 11 12
3 4 9 11 13
3 4 9 11 14
3 4 9 12 13
3 4 9 12 14
3 4 9 13 14
3 4 10 11 12
3 4 10 11 13
3 4 10 11 14
3 4 10 12 13
3 4 10 12 14
3 4 10 13 14
3 4 11 12 13
3 4 11 12 14
3 4 11 13 14
3 4 12 13 14
3 5 6 7 8
3 5 6 7 9
3 5 6 7 10
3 5 6 7 11
3 5 6 7 12
3 5 6 7 13
3 5 6 7 14
3 5 6 8 9
3 5 6 8 10
3 5 6 8 11
3 5 6 8 12
3 5 6 8 13
3 5 6 8 14
3 5 6 9 10
3 5 6 9 11
3 5 6 9 12
3 5 6 9 13
3 5 6 9 14
3 5 6 10 11
3 5 6 10 12
3 5 6 10 13
3 5 6 10 14
3 5 6 11 12
3 5 6 11 13
3 5 6 11 14
3 5 6 12 13
3 5 6 12 14
3 5 6 13 14
3 5 7 8 9
3 5 7 8 10
3 5 7 8 11
3 5 7 8 12
3 5 7 8 13
3 5 7 8 14
3 5 7 9 10
3 5 7 9 11
3 5 7 9 12
3 5 7 9 13
3 5 7 9 14
3 5 7 10 11
3 5 7 10 12
3 5 7 10 13
3 5 7 10 14
3 5 7 11 12
3 5 7 11 13
3 5 7 11 14
3 5 7 12 13
3 5 7 12 14
3 5 7 13 14
3 5 8 9 10
3 5 8 9 11
3 5 8 9 12
3 5 8 9 13
3 5 8 9 14
3 5 8 10 11
3 5 8 10 12
3 5 8 10 13
3 5 8 10 14
3 5 8 11 12
3 5 8 11 13
3 5 8 11 14
3 5 8 12 13
3 5 8 12 14
3 5 8 13 14
3 5 9 10 11
3 5 9 10 12
3 5 9 10 13
3 5 9 10 14
3 5 9 11 12
3 5 9 11 13
3 5 9 11 14
3 5 9 12 13
3 5 9 12 14
3 5 9 13 14
3 5 10 11 12
3 5 10 11 13
3 5 10 11 14
3 5 10 12 13
3 5 10 12 14
3 5 10 13 14
3 5 11 12 13
3 5 11 12 14
3 5 11 13 14
3 5 12 13 14
3 6 7 8 9
3 6 7 8 10
3 6 7 8 11
3 6 7 8 12
3 6 7 8 13
3 6 7 8 14
3 6 7 9 10
3 6 7 9 11
3 6 7 9 12
3 6 7 9 13
3 6 7 9 14
3 6 7 10 11
3 6 7 10 12
3 6 7 10 13
3 6 7 10 14
3 6 7 11 12
3 6 7 11 13
3 6 7 11 14
3 6 7 12 13
3 6 7 12 14
3 6 7 13 14
3 6 8 9 10
3 6 8 9 11
3 6 8 9 12
3 6 8 9 13
3 6 8 9 14
3 6 8 10 11
3 6 8 10 12
3 6 8 10 13
3 6 8 10 14
3 6 8 11 12
3 6 8 11 13
3 6 8 11 14
3 6 8 12 13
3 6 8 12 14
3 6 8 13 14
3 6 9 10 11
3 6 9 10 12
3 6 9 10 13
3 6 9 10 14
3 6 9 11 12
3 6 9 11 13
3 6 9 11 14
3 6 9 12 13
3 6 9 12 14
3 6 9 13 14
3 6 10 11 12
3 6 10 11 13
3 6 10 11 14
3 6 10 12 13
3 6 10 12 14
3 6 10 13 14
3 6 11 12 13
3 6 11 12 14
3 6 11 13 14
3 6 12 13 14
3 7 8 9 10
3 7 8 9 11
3 7 8 9 12
3 7 8 9 13
3 7 8 9 14
3 7 8 10 11
3 7 8 10 12
3 7 8 10 13
3 7 8 10 14
3 7 8 11 12
3 7 8 11 13
3 7 8 11 14
3 7 8 12 13
3 7 8 12 14
3 7 8 13 14
3 7 9 10 11
3 7 9 10 12
3 7 9 10 13
3 7 9 10 14
3 7 9 11 12
3 7 9 11 13
3 7 9 11 14
3 7 9 12 13
3 7 9 12 14
3 7 9 13 14
3 7 10 11 12
3 7 10 11 13
3 7 10 11 14
3 7 10 12 13
3 7 10 12 14
3 7 10 13 14
3 7 11 12 13
3 7 11 12 14
3 7 11 13 14
3 7 12 13 14
3 8 9 10 11
3 8 9 10 12
3 8 9 10 13
3 8 9 10 14
3 8 9 11 12
3 8 9 11 13
3 8 9 11 14
3 8 9 12 13
3 8 9 12 14
3 8 9 13 14
3 8 10 11 12
3 8 10 11 13
3 8 10 11 14
3 8 10 12 13
3 8 10 12 14
3 8 10 13 14
3 8 11 12 13
3 8 11 12 14
3 8 11 13 14
3 8 12 13 14
3 9 10 11 12
3 9 10 11 13
3 9 10 11 14
3 9 10 12 13
3 9 10 12 14
3 9 10 13 14
3 9 11 12 13
3 9 11 12 14
3 9 11 13 14
3 9 12 13 14
3 10 11 12 13
3 10 11 12 14
3 10 11 13 14
3 10 12 13 14
3 11 12 13 14
4 5 6 7 8
4 5 6 7 9
4 5 6 7 10
4 5 6 7 11
4 5 6 7 12
4 5 6 7 13
4 5 6 7 14
4 5 6 8 9
4 5 6 8 10
4 5 6 8 11
4 5 6 8 12
4 5 6 8 13
4 5 6 8 14
4 5 6 9 10
4 5 6 9 11
4 5 6 9 12
4 5 6 9 13
4 5 6 9 14
4 5 6 10 11
4 5 6 10 12
4 5 6 10 13
4 5 6 10 14
4 5 6 11 12
4 5 6 11 13
4 5 6 11 14
4 5 6 12 13
4 5 6 12 14
4 5 6 13 14
4 5 7 8 9
4 5 7 8 10
4 5 7 8 11
4 5 7 8 12
4 5 7 8 13
4 5 7 8 14
4 5 7 9 10
4 5 7 9 11
4 5 7 9 12
4 5 7 9 13
4 5 7 9 14
4 5 7 10 11
4 5 7 10 12
4 5 7 10 13
4 5 7 10 14
4 5 7 11 12
4 5 7 11 13
4 5 7 11 14
4 5 7 12 13
4 5 7 12 14
4 5 7 13 14
4 5 8 9 10
4 5 8 9 11
4 5 8 9 12
4 5 8 9 13
4 5 8 9 14
4 5 8 10 11
4 5 8 10 12
4 5 8 10 13
4 5 8 10 14
4 5 8 11 12
4 5 8 11 13
4 5 8 11 14
4 5 8 12 13
4 5 8 12 14
4 5 8 13 14
4 5 9 10 11
4 5 9 10 12
4 5 9 10 13
4 5 9 10 14
4 5 9 11 12
4 5 9 11 13
4 5 9 11 14
4 5 9 12 13
4 5 9 12 14
4 5 9 13 14
4 5 10 11 12
4 5 10 11 13
4 5 10 11 14
4 5 10 12 13
4 5 10 12 14
4 5 10 13 14
4 5 11 12 13
4 5 11 12 14
4 5 11 13 14
4 5 12 13 14
4 6 7 8 9
4 6 7 8 10
4 6 7 8 11
4 6 7 8 12
4 6 7 8 13
4 6 7 8 14
4 6 7 9 10
4 6 7 9 11
4 6 7 9 12
4 6 7 9 13
4 6 7 9 14
4 6 7 10 11
4 6 7 10 12
4 6 7 10 13
4 6 7 10 14
4 6 7 11 12
4 6 7 11 13
4 6 7 11 14
4 6 7 12 13
4 6 7 12 14
4 6 7 13 14
4 6 8 9 10
4 6 8 9 11
4 6 8 9 12
4 6 8 9 13
4 6 8 9 14
4 6 8 10 11
4 6 8 10 12
4 6 8 10 13
4 6 8 10 14
4 6 8 11 12
4 6 8 11 13
4 6 8 11 14
4 6 8 12 13
4 6 8 12 14
4 6 8 13 14
4 6 9 10 11
4 6 9 10 12
4 6 9 10 13
4 6 9 10 14
4 6 9 11 12
4 6 9 11 13
4 6 9 11 14
4 6 9 12 13
4 6 9 12 14
4 6 9 13 14
4 6 10 11 12
4 6 10 11 13
4 6 10 11 14
4 6 10 12 13
4 6 10 12 14
4 6 10 13 14
4 6 11 12 13
4 6 11 12 14
4 6 11 13 14
4 6 12 13 14
4 7 8 9 10
4 7 8 9 11
4 7 8 9 12
4 7 8 9 13
4 7 8 9 14
4 7 8 10 11
4 7 8 10 12
4 7 8 10 13
4 7 8 10 14
4 7 8 11 12
4 7 8 11 13
4 7 8 11 14
4 7 8 12 13
4 7 8 12 14
4 7 8 13 14
4 7 9 10 11
4 7 9 10 12
4 7 9 10 13
4 7 9 10 14
4 7 9 11 12
4 7 9 11 13
4 7 9 11 14
4 7 9 12 13
4 7 9 12 14
4 7 9 13 14
4 7 10 11 12
4 7 10 11 13
4 7 10 11 14
4 7 10 12 13
4 7 10 12 14
4 7 10 13 14
4 7 11 12 13
4 7 11 12 14
4 7 11 13 14
4 7 12 13 14
4 8 9 10 11
4 8 9 10 12
4 8 9 10 13
4 8 9 10 14
4 8 9 11 12
4 8 9 11 13
4 8 9 11 14
4 8 9 12 13
4 8 9 12 14
4 8 9 13 14
4 8 10 11 12
4 8 10 11 13
4 8 10 11 14
4 8 10 12 13
4 8 10 12 14
4 8 10 13 14
4 8 11 12 13
4 8 11 12 14
4 8 11 13 14
4 8 12 13 14
4 9 10 11 12
4 9 10 11 13
4 9 10 11 14
4 9 10 12 13
4 9 10 12 14
4 9 10 13 14
4 9 11 12 13
4 9 11 12 14
4 9 11 13 14
4 9 12 13 14
4 10 11 12 13
4 10 11 12 14
4 10 11 13 14
4 10 12 13 14
4 11 12 13 14
5 6 7 8 9
5 6 7 8 10
5 6 7 8 11
5 6 7 8 12
5 6 7 8 13
5 6 7 8 14
5 6 7 9 10
5 6 7 9 11
5 6 7 9 12
5 6 7 9 13
5 6 7 9 14
5 6 7 10 11
5 6 7 10 12
5 6 7 10 13
5 6 7 10 14
5 6 7 11 12
5 6 7 11 13
5 6 7 11 14
5 6 7 12 13
5 6 7 12 14
5 6 7 13 14
5 6 8 9 10
5 6 8 9 11
5 6 8 9 12
5 6 8 9 13
5 6 8 9 14
5 6 8 10 11
5 6 8 10 12
5 6 8 10 13
5 6 8 10 14
5 6 8 11 12
5 6 8 11 13
5 6 8 11 14
5 6 8 12 13
5 6 8 12 14
5 6 8 13 14
5 6 9 10 11
5 6 9 10 12
5 6 9 10 13
5 6 9 10 14
5 6 9 11 12
5 6 9 11 13
5 6 9 11 14
5 6 9 12 13
5 6 9 12 14
5 6 9 13 14
5 6 10 11 12
5 6 10 11 13
5 6 10 11 14
5 6 10 12 13
5 6 10 12 14
5 6 10 13 14
5 6 11 12 13
5 6 11 12 14
5 6 11 13 14
5 6 12 13 14
5 7 8 9 10
5 7 8 9 11
5 7 8 9 12
5 7 8 9 13
5 7 8 9 14
5 7 8 10 11
5 7 8 10 12
5 7 8 10 13
5 7 8 10 14
5 7 8 11 12
5 7 8 11 13
5 7 8 11 14
5 7 8 12 13
5 7 8 12 14
5 7 8 13 14
5 7 9 10 11
5 7 9 10 12
5 7 9 10 13
5 7 9 10 14
5 7 9 11 12
5 7 9 11 13
5 7 9 11 14
5 7 9 12 13
5 7 9 12 14
5 7 9 13 14
5 7 10 11 12
5 7 10 11 13
5 7 10 11 14
5 7 10 12 13
5 7 10 12 14
5 7 10 13 14
5 7 11 12 13
5 7 11 12 14
5 7 11 13 14
5 7 12 13 14
5 8 9 10 11
5 8 9 10 12
5 8 9 10 13
5 8 9 10 14
5 8 9 11 12
5 8 9 11 13
5 8 9 11 14
5 8 9 12 13
5 8 9 12 14
5 8 9 13 14
5 8 10 11 12
5 8 10 11 13
5 8 10 11 14
5 8 10 12 13
5 8 10 12 14
5 8 10 13 14
5 8 11 12 13
5 8 11 12 14
5 8 11 13 14
5 8 12 13 14
5 9 10 11 12
5 9 10 11 13
5 9 10 11 14
5 9 10 12 13
5 9 10 12 14
5 9 10 13 14
5 9 11 12 13
5 9 11 12 14
5 9 11 13 14
5 9 12 13 14
5 10 11 12 13
5 10 11 12 14
5 10 11 13 14
5 10 12 13 14
5 11 12 13 14
6 7 8 9 10
6 7 8 9 11
6 7 8 9 12
6 7 8 9 13
6 7 8 9 14
6 7 8 10 11
6 7 8 10 12
6 7 8 10 13
6 7 8 10 14
6 7 8 11 12
6 7 8 11 13
6 7 8 11 14
6 7 8 12 13
6 7 8 12 14
6 7 8 13 14
6 7 9 10 11
6 7 9 10 12
6 7 9 10 13
6 7 9 10 14
6 7 9 11 12
6 7 9 11 13
6 7 9 11 14
6 7 9 12 13
6 7 9 12 14
6 7 9 13 14
6 7 10 11 12
6 7 10 11 13
6 7 10 11 14
6 7 10 12 13
6 7 10 12 14
6 7 10 13 14
6 7 11 12 13
6 7 11 12 14
6 7 11 13 14
6 7 12 13 14
6 8 9 10 11
6 8 9 10 12
6 8 9 10 13
6 8 9 10 14
6 8 9 11 12
6 8 9 11 13
6 8 9 11 14
6 8 9 12 13
6 8 9 12 14
6 8 9 13 14
6 8 10 11 12
6 8 10 11 13
6 8 10 11 14
6 8 10 12 13
6 8 10 12 14
6 8 10 13 14
6 8 11 12 13
6 8 11 12 14
6 8 11 13 14
6 8 12 13 14
6 9 10 11 12
6 9 10 11 13
6 9 10 11 14
6 9 10 12 13
6 9 10 12 14
6 9 10 13 14
6 9 11 12 13
6 9 11 12 14
6 9 11 13 14
6 9 12 13 14
6 10 11 12 13
6 10 11 12 14
6 10 11 13 14
6 10 12 13 14
6 11 12 13 14
7 8 9 10 11
7 8 9 10 12
7 8 9 10 13
7 8 9 10 14
7 8 9 11 12
7 8 9 11 13
7 8 9 11 14
7 8 9 12 13
7 8 9 12 14
7 8 9 13 14
7 8 10 11 12
7 8 10 11 13
7 8 10 11 14
7 8 10 12 13
7 8 10 12 14
7 8 10 13 14
7 8 11 12 13
7 8 11 12 14
7 8 11 13 14
7 8 12 13 14
7 9 10 11 12
7 9 10 11 13
7 9 10 11 14
7 9 10 12 13
7 9 10 12 14
7 9 10 13 14
7 9 11 12 13
7 9 11 12 14
7 9 11 13 14
7 9 12 13 14
7 10 11 12 13
7 10 11 12 14
7 10 11 13 14
7 10 12 13 14
7 11 12 13 14
8 9 10 11 12
8 9 10 11 13
8 9 10 11 14
8 9 10 12 13
8 9 10 12 14
8 9 10 13 14
8 9 11 12 13
8 9 11 12 14
8 9 11 13 14
8 9 12 13 14
8 10 11 12 13
8 10 11 12 14
8 10 11 13 14
8 10 12 13 14
8 11 12 13 14
9 10 11 12 13
9 10 11 12 14
9 10 11 13 14
9 10 12 13 14
9 11 12 13 14
10 11 12 13 14

Is hamiltonian hermitian? 1
Implicit Hamiltonian constructed
E(core)= 9.189534427600
H(1,1) + E(core) energy = -76.276148968600
Davidson: iter=0 dim=0 root=0 eigenvalue=-85.465683396200
Davidson: iter=1 dim=1 root=0 eigenvalue=-85.526466125639
Davidson: iter=2 dim=2 root=0 eigenvalue=-85.531766863003
Davidson: iter=3 dim=3 root=0 eigenvalue=-85.532133754558
Davidson: iter=4 dim=4 root=0 eigenvalue=-85.532151794524
Davidson: iter=5 dim=5 root=0 eigenvalue=-85.532153508413
Davidson: iter=6 dim=6 root=0 eigenvalue=-85.532153646596
Davidson: iter=7 dim=7 root=0 eigenvalue=-85.532153659698
Davidson: iter=8 dim=8 root=0 eigenvalue=-85.532153660727
Davidson: iter=9 dim=9 root=0 eigenvalue=-85.532153660838
Davidson: iter=10 dim=10 root=0 eigenvalue=-85.532153660846
Davidson: iter=11 dim=11 root=0 eigenvalue=-85.532153660847
root no. 0 converged
Davidson converged in 11 iterations.
E(core)= 9.189534427600
E(0)= -76.342619233247
FCI Excitation energies = 1
0.000000000000

Vacuum coefficients in CI state 0 = -0.985673066989
Eigenvector 0 in string basis
0: -0.985673066989 seniority 0 ... 5
1 2 3 4 5
 | 5
1 2 3 4 5

Seniority vectors for all roots (nroots/seniority)
1 6
0.979193455410 0.003922478896 -0.971826387400 0.151458953837 1.000020939727 0.000000000173

Calculating transition densities
Root 0 MO occupations numbers (density matrix diagonal)
14
1.999994013243 1.993787615868 1.979474700611 1.983859132638 1.985179601663 0.005856630868 0.005945138933 0.007360368107 0.006581653610 0.008293767321 0.012647950220 0.002565909974 0.006572670385 0.001880846588
Transition densities done:
Trandens between roots 0 0
14 14
1.999994013243 0.000046045578 0.000000000000 0.000035430420 0.000000000000 0.000239196757 0.000000000000 0.000000000000 0.000224746604 0.000069983686 0.000000000000 0.000142985718 0.000000000000 0.000000000000
0.000046045578 1.993787615868 0.000000000000 0.005263807819 0.000000000000 0.000560516403 0.000000000000 0.000000000000 0.000351556216 0.007191697163 0.000000000000 -0.001363443178 0.000000000000 0.000000000000
0.000000000000 0.000000000000 1.979474700611 0.000000000000 0.000000000000 0.000000000000 0.000620531382 -0.001446693115 0.000000000000 0.000000000000 0.000000000000 0.000000000000 0.008652367901 0.000000000000
0.000035430420 0.005263807819 0.000000000000 1.983859132638 0.000000000000 -0.005920467560 0.000000000000 0.000000000000 -0.000979509380 0.001003883948 0.000000000000 -0.006235108116 0.000000000000 0.000000000000
0.000000000000 0.000000000000 0.000000000000 0.000000000000 1.985179601663 0.000000000000 0.000000000000 0.000000000000 0.000000000000 0.000000000000 0.005885798181 0.000000000000 0.000000000000 0.000000000000
0.000239196757 0.000560516403 0.000000000000 -0.005920467560 0.000000000000 0.005856630868 0.000000000000 0.000000000000 0.005210384629 -0.004580491943 0.000000000000 0.002443194410 0.000000000000 0.000000000000
0.000000000000 0.000000000000 0.000620531382 0.000000000000 0.000000000000 0.000000000000 0.005945138933 0.005349312744 0.000000000000 0.000000000000 0.000000000000 0.000000000000 0.006072830567 0.000000000000
0.000000000000 0.000000000000 -0.001446693115 0.000000000000 0.000000000000 0.000000000000 0.005349312744 0.007360368107 0.000000000000 0.000000000000 0.000000000000 0.000000000000 0.004916258863 0.000000000000
0.000224746604 0.000351556216 0.000000000000 -0.000979509380 0.000000000000 0.005210384629 0.000000000000 0.000000000000 0.006581653610 -0.003233499001 0.000000000000 0.001304514722 0.000000000000 0.000000000000
0.000069983686 0.007191697163 0.000000000000 0.001003883948 0.000000000000 -0.004580491943 0.000000000000 0.000000000000 -0.003233499001 0.008293767321 0.000000000000 -0.002387052697 0.000000000000 0.000000000000
0.000000000000 0.000000000000 0.000000000000 0.000000000000 0.005885798181 0.000000000000 0.000000000000 0.000000000000 0.000000000000 0.000000000000 0.012647950220 0.000000000000 0.000000000000 0.000000000000
0.000142985718 -0.001363443178 0.000000000000 -0.006235108116 0.000000000000 0.002443194410 0.000000000000 0.000000000000 0.001304514722 -0.002387052697 0.000000000000 0.002565909974 0.000000000000 0.000000000000
0.000000000000 0.000000000000 0.008652367901 0.000000000000 0.000000000000 0.000000000000 0.006072830567 0.004916258863 0.000000000000 0.000000000000 0.000000000000 0.000000000000 0.006572670385 0.000000000000
0.000000000000 0.000000000000 0.000000000000 0.000000000000 0.000000000000 0.000000000000 0.000000000000 0.000000000000 0.000000000000 0.000000000000 0.000000000000 0.000000000000 0.000000000000 0.001880846588

State 0 :
Natural orbital occupations
14
1.999994894843 1.996091361891 1.985197164023 1.981620166351 1.979513885252 0.017508656272 0.016499444285 0.012630387860 0.004465501329 0.002244707285 0.001880846588 0.001857354355 0.000410000468 0.000085629227
Natural orbitals (in MO basis)
14 14
0.999896551015 -0.014364969157 0.000000000000 0.000708044064 -0.000000000000 -0.000000000000 -0.000124243157 -0.000000000000 0.000112293701 0.000000000000 0.000000000000 0.000074183830 0.000007327152 -0.000000000000
0.012905302648 0.917855709020 -0.000000000000 0.396687118994 0.000000000000 -0.000000000000 0.002056745243 0.000000000000 0.002865355694 0.000000000000 0.000000000000 0.000772142663 0.000802208517 -0.000000000000
0.000000000000 -0.000000000000 0.000000000000 -0.000000000000 0.999990073671 -0.002299466471 -0.000000000000 0.000000000000 0.000000000000 0.003039811064 0.000000000000 -0.000000000000 -0.000000000000 -0.002307501152
0.006348849669 0.396632993064 -0.000000000000 -0.917944727026 0.000000000000 0.000000000000 0.003037811624 0.000000000000 -0.000107920831 -0.000000000000 0.000000000000 -0.003143161067 -0.000565364705 -0.000000000000
-0.000000000000 0.000000000000 0.999995548338 -0.000000000000 0.000000000000 0.000000000000 0.000000000000 -0.002983840372 -0.000000000000 -0.000000000000 0.000000000000 0.000000000000 -0.000000000000 -0.000000000000
0.000104867180 -0.000933644679 0.000000000000 0.002865693230 0.000000000000 -0.000000000000 0.564458850363 0.000000000000 -0.221732413809 -0.000000000000 0.000000000000 -0.266624243418 -0.749081678355 0.000000000000
0.000000000000 0.000000000000 -0.000000000000 0.000000000000 0.000325953595 0.572439205381 0.000000000000 0.000000000000 -0.000000000000 -0.263584791541 0.000000000000 0.000000000000 -0.000000000000 -0.776425339337
0.000000000000 -0.000000000000 0.000000000000 -0.000000000000 -0.000721738394 0.581910602047 0.000000000000 0.000000000000 0.000000000000 0.797713727646 0.000000000000 -0.000000000000 0.000000000000 0.158216114996
0.000112054537 -0.000044113729 -0.000000000000 0.000533647007 0.000000000000 -0.000000000000 0.521298638895 0.000000000000 -0.645005445293 0.000000000000 0.000000000000 0.277554172984 0.484952664089 -0.000000000000
0.000084458228 0.003525008153 0.000000000000 0.000968052567 -0.000000000000 0.000000000000 -0.590288224411 -0.000000000000 -0.712361146354 -0.000000000000 0.000000000000 -0.365064075550 -0.104001250416 0.000000000000
0.000000000000 -0.000000000000 0.002983840372 -0.000000000000 0.000000000000 -0.000000000000 -0.000000000000 0.999995548338 0.000000000000 0.000000000000 0.000000000000 -0.000000000000 0.000000000000 -0.000000000000
0.000043050490 -0.001874719324 0.000000000000 0.002621510905 0.000000000000 -0.000000000000 0.247346464535 0.000000000000 0.165336247852 -0.000000000000 0.000000000000 -0.847698610034 0.439181431106 -0.000000000000
-0.000000000000 -0.000000000000 0.000000000000 0.000000000000 0.004384678650 0.577657441588 0.000000000000 0.000000000000 0.000000000000 -0.542371298966 0.000000000000 -0.000000000000 0.000000000000 0.610021334733
0.000000000000 0.000000000000 0.000000000000 -0.000000000000 0.000000000000 0.000000000000 0.000000000000 0.000000000000 0.000000000000 0.000000000000 1.000000000000 0.000000000000 0.000000000000 0.000000000000

