Begin IJ Block
1   1   -33.0203320466
1   2   -0.5829272841
1   3   0.0000000000
1   4   -0.1840939408
2   2   -7.8740496921
2   3   -0.0000000001
2   4   -0.2131348227
3   3   -6.7724919922
3   4   0.0000000000
4   4   -6.8974456127
5   5   -7.0310411290

End IJ Block
Begin IA Block
1   1   -0.0948528475
1   2   0.0000000000
1   3   -0.0948410339
1   5   0.0000000000
2   1   -0.4879888333
2   2   -0.0000000001
2   3   -0.2653143031
2   5   -0.0000000001
3   1   -0.0000000000
3   2   0.5216267711
3   3   -0.0000000000
3   5   -0.2077640638
4   1   0.2650290541
4   2   -0.0000000002
4   3   -0.5686860448
4   5   -0.0000000000
5   4   0.9407490769

End IA Block
Begin AB Block
1   1   -2.2898299632
1   2   -0.0000000018
1   3   -0.1671025685
1   5   -0.0000000009
2   2   -1.9027269669
2   3   -0.0000000081
2   5   0.1894216615
3   3   -2.3271768642
3   5   -0.0000000054
4   4   -2.5926525730
5   5   -2.3839746198

End AB Block
Begin IJAB Block
1   6   1   6   0.0031635887
1   6   1   7   0.0000000000
1   6   1   8   0.0014138165
1   6   1   10   0.0000000000
1   6   2   6   0.0000000000
1   6   2   7   0.0013271354
1   6   2   8   -0.0000000000
1   6   2   10   -0.0009002341
1   6   3   6   0.0014138165
1   6   3   7   -0.0000000000
1   6   3   8   0.0031959712
1   6   3   10   -0.0000000000
1   6   4   9   0.0044001544
1   6   5   6   0.0000000000
1   6   5   7   -0.0009002341
1   6   5   8   -0.0000000000
1   6   5   10   0.0006076964
1   7   1   6   -0.0004945243
1   7   1   7   0.0000000000
1   7   1   8   0.0008911124
1   7   1   10   0.0000000000
1   7   2   6   0.0000000000
1   7   2   7   -0.0011379689
1   7   2   8   -0.0000000000
1   7   2   10   0.0006779852
1   7   3   6   0.0011821862
1   7   3   7   -0.0000000000
1   7   3   8   -0.0003530001
1   7   3   10   -0.0000000000
1   7   4   9   -0.0033358998
1   7   5   6   0.0000000000
1   7   5   7   0.0007644288
1   7   5   8   -0.0000000000
1   7   5   10   -0.0004947061
1   8   1   6   -0.0000000000
1   8   1   7   0.0000164885
1   8   1   8   -0.0000000000
1   8   1   10   0.0003353648
1   8   2   6   0.0007668541
1   8   2   7   0.0000000000
1   8   2   8   0.0004861454
1   8   2   10   -0.0000000000
1   8   3   6   -0.0000000000
1   8   3   7   -0.0001019015
1   8   3   8   -0.0000000000
1   8   3   10   -0.0003529163
1   8   4   9   -0.0000000000
1   8   5   6   -0.0005366782
1   8   5   7   0.0000000000
1   8   5   8   -0.0004200543
1   8   5   10   0.0000000000
1   9   1   6   0.0005463406
1   9   1   7   -0.0000000000
1   9   1   8   0.0009365720
1   9   1   10   -0.0000000000
1   9   2   6   -0.0000000000
1   9   2   7   -0.0003293999
1   9   2   8   -0.0000000000
1   9   2   10   0.0007075269
1   9   3   6   -0.0003680783
1   9   3   7   -0.0000000000
1   9   3   8   -0.0006654168
1   9   3   10   -0.0000000000
1   9   4   9   -0.0010733928
1   9   5   6   -0.0000000000
1   9   5   7   0.0002752198
1   9   5   8   -0.0000000000
1   9   5   10   -0.0005014008
1   10   1   9   -0.0000652414
1   10   2   9   -0.0000000000
1   10   3   9   -0.0001208998
1   10   4   6   0.0015818461
1   10   4   7   -0.0000000000
1   10   4   8   0.0018542447
1   10   4   10   -0.0000000000
1   10   5   9   -0.0000000000
2   6   1   6   -0.0004945243
2   6   1   7   0.0000000000
2   6   1   8   0.0011821862
2   6   1   10   0.0000000000
2   6   2   6   0.0000000000
2   6   2   7   -0.0011379689
2   6   2   8   -0.0000000000
2   6   2   10   0.0007644288
2   6   3   6   0.0008911124
2   6   3   7   -0.0000000000
2   6   3   8   -0.0003530001
2   6   3   10   -0.0000000000
2   6   4   9   -0.0033358998
2   6   5   6   0.0000000000
2   6   5   7   0.0006779852
2   6   5   8   -0.0000000000
2   6   5   10   -0.0004947061
2   7   1   6   0.0130991325
2   7   1   7   -0.0000000001
2   7   1   8   0.0033201486
2   7   1   10   -0.0000000000
2   7   2   6   -0.0000000001
2   7   2   7   0.0048741555
2   7   2   8   -0.0000000000
2   7   2   10   -0.0027352659
2   7   3   6   0.0033201486
2   7   3   7   -0.0000000000
2   7   3   8   0.0065613273
2   7   3   10   -0.0000000000
2   7   4   9   0.0106263932
2   7   5   6   -0.0000000000
2   7   5   7   -0.0027352659
2   7   5   8   -0.0000000000
2   7   5   10   0.0056614004
2   8   1   6   0.0000000000
2   8   1   7   -0.0092508779
2   8   1   8   0.0000000001
2   8   1   10   0.0041847046
2   8   2   6   -0.0043293823
2   8   2   7   0.0000000000
2   8   2   8   -0.0018377886
2   8   2   10   0.0000000000
2   8   3   6   0.0000000000
2   8   3   7   -0.0049385283
2   8   3   8   0.0000000001
2   8   3   10   0.0050068152
2   8   4   9   -0.0000000000
2   8   5   6   0.0035284807
2   8   5   7   0.0000000000
2   8   5   8   0.0033027656
2   8   5   10   0.0000000000
2   9   1   6   -0.0078240363
2   9   1   7   -0.0000000001
2   9   1   8   0.0056426867
2   9   1   10   -0.0000000001
2   9   2   6   -0.0000000001
2   9   2   7   0.0006852030
2   9   2   8   0.0000000001
2   9   2   10   -0.0020616355
2   9   3   6   -0.0009571768
2   9   3   7   0.0000000000
2   9   3   8   0.0074586906
2   9   3   10   -0.0000000000
2   9   4   9   0.0025880893
2   9   5   6   -0.0000000001
2   9   5   7   -0.0006856223
2   9   5   8   0.0000000001
2   9   5   10   -0.0002813685
2   10   1   9   -0.0154782628
2   10   2   9   0.0000000000
2   10   3   9   -0.0096937520
2   10   4   6   -0.0067698956
2   10   4   7   0.0000000000
2   10   4   8   -0.0056615988
2   10   4   10   0.0000000000
2   10   5   9   0.0000000000
3   6   1   6   -0.0000000000
3   6   1   7   0.0007668541
3   6   1   8   -0.0000000000
3   6   1   10   -0.0005366782
3   6   2   6   0.0000164885
3   6   2   7   0.0000000000
3   6   2   8   -0.0001019015
3   6   2   10   0.0000000000
3   6   3   6   -0.0000000000
3   6   3   7   0.0004861454
3   6   3   8   -0.0000000000
3   6   3   10   -0.0004200543
3   6   4   9   -0.0000000000
3   6   5   6   0.0003353648
3   6   5   7   -0.0000000000
3   6   5   8   -0.0003529163
3   6   5   10   0.0000000000
3   7   1   6   0.0000000000
3   7   1   7   -0.0043293823
3   7   1   8   0.0000000000
3   7   1   10   0.0035284807
3   7   2   6   -0.0092508779
3   7   2   7   0.0000000000
3   7   2   8   -0.0049385283
3   7   2   10   0.0000000000
3   7   3   6   0.0000000001
3   7   3   7   -0.0018377886
3   7   3   8   0.0000000001
3   7   3   10   0.0033027656
3   7   4   9   -0.0000000000
3   7   5   6   0.0041847046
3   7   5   7   0.0000000000
3   7   5   8   0.0050068152
3   7   5   10   0.0000000000
3   8   1   6   0.0079393380
3   8   1   7   -0.0000000001
3   8   1   8   0.0040754325
3   8   1   10   -0.0000000001
3   8   2   6   -0.0000000001
3   8   2   7   0.0120286128
3   8   2   8   -0.0000000000
3   8   2   10   -0.0074151615
3   8   3   6   0.0040754325
3   8   3   7   -0.0000000000
3   8   3   8   0.0062416216
3   8   3   10   0.0000000000
3   8   4   9   0.0035790421
3   8   5   6   -0.0000000001
3   8   5   7   -0.0074151615
3   8   5   8   0.0000000000
3   8   5   10   0.0151001949
3   9   1   6   0.0000000000
3   9   1   7   0.0023277974
3   9   1   8   -0.0000000000
3   9   1   10   -0.0050284732
3   9   2   6   0.0057993778
3   9   2   7   0.0000000000
3   9   2   8   -0.0077301875
3   9   2   10   -0.0000000000
3   9   3   6   0.0000000001
3   9   3   7   -0.0007607260
3   9   3   8   -0.0000000002
3   9   3   10   -0.0032209295
3   9   4   9   -0.0000000000
3   9   5   6   -0.0063424110
3   9   5   7   0.0000000000
3   9   5   8   0.0020934174
3   9   5   10   0.0000000000
3   10   1   9   -0.0000000000
3   10   2   9   0.0136583605
3   10   3   9   -0.0000000000
3   10   4   6   -0.0000000000
3   10   4   7   0.0027836528
3   10   4   8   -0.0000000000
3   10   4   10   -0.0020485741
3   10   5   9   -0.0070119127
4   6   1   6   0.0005463406
4   6   1   7   -0.0000000000
4   6   1   8   -0.0003680783
4   6   1   10   -0.0000000000
4   6   2   6   -0.0000000000
4   6   2   7   -0.0003293999
4   6   2   8   -0.0000000000
4   6   2   10   0.0002752198
4   6   3   6   0.0009365720
4   6   3   7   -0.0000000000
4   6   3   8   -0.0006654168
4   6   3   10   -0.0000000000
4   6   4   9   -0.0010733928
4   6   5   6   -0.0000000000
4   6   5   7   0.0007075269
4   6   5   8   -0.0000000000
4   6   5   10   -0.0005014008
4   7   1   6   -0.0078240363
4   7   1   7   -0.0000000001
4   7   1   8   -0.0009571768
4   7   1   10   -0.0000000001
4   7   2   6   -0.0000000001
4   7   2   7   0.0006852030
4   7   2   8   0.0000000000
4   7   2   10   -0.0006856223
4   7   3   6   0.0056426867
4   7   3   7   0.0000000001
4   7   3   8   0.0074586906
4   7   3   10   0.0000000001
4   7   4   9   0.0025880893
4   7   5   6   -0.0000000001
4   7   5   7   -0.0020616355
4   7   5   8   -0.0000000000
4   7   5   10   -0.0002813685
4   8   1   6   0.0000000000
4   8   1   7   0.0057993778
4   8   1   8   0.0000000001
4   8   1   10   -0.0063424110
4   8   2   6   0.0023277974
4   8   2   7   0.0000000000
4   8   2   8   -0.0007607260
4   8   2   10   0.0000000000
4   8   3   6   -0.0000000000
4   8   3   7   -0.0077301875
4   8   3   8   -0.0000000002
4   8   3   10   0.0020934174
4   8   4   9   -0.0000000000
4   8   5   6   -0.0050284732
4   8   5   7   -0.0000000000
4   8   5   8   -0.0032209295
4   8   5   10   0.0000000000
4   9   1   6   0.0087290529
4   9   1   7   -0.0000000002
4   9   1   8   -0.0028554901
4   9   1   10   -0.0000000001
4   9   2   6   -0.0000000002
4   9   2   7   0.0032234870
4   9   2   8   0.0000000002
4   9   2   10   -0.0040807596
4   9   3   6   -0.0028554901
4   9   3   7   0.0000000002
4   9   3   8   0.0157656261
4   9   3   10   0.0000000002
4   9   4   9   0.0051328907
4   9   5   6   -0.0000000001
4   9   5   7   -0.0040807596
4   9   5   8   0.0000000002
4   9   5   10   0.0127003979
4   10   1   9   0.0070588048
4   10   2   9   0.0000000000
4   10   3   9   -0.0147783726
4   10   4   6   0.0007486091
4   10   4   7   0.0000000000
4   10   4   8   -0.0041113137
4   10   4   10   0.0000000000
4   10   5   9   0.0000000000
5   6   1   9   0.0015818461
5   6   2   9   -0.0000000000
5   6   3   9   0.0018542447
5   6   4   6   -0.0000652414
5   6   4   7   -0.0000000000
5   6   4   8   -0.0001208998
5   6   4   10   -0.0000000000
5   6   5   9   -0.0000000000
5   7   1   9   -0.0067698956
5   7   2   9   0.0000000000
5   7   3   9   -0.0056615988
5   7   4   6   -0.0154782628
5   7   4   7   0.0000000000
5   7   4   8   -0.0096937520
5   7   4   10   0.0000000000
5   7   5   9   0.0000000000
5   8   1   9   -0.0000000000
5   8   2   9   0.0027836528
5   8   3   9   -0.0000000000
5   8   4   6   -0.0000000000
5   8   4   7   0.0136583605
5   8   4   8   -0.0000000000
5   8   4   10   -0.0070119127
5   8   5   9   -0.0020485741
5   9   1   9   0.0007486091
5   9   2   9   0.0000000000
5   9   3   9   -0.0041113137
5   9   4   6   0.0070588048
5   9   4   7   0.0000000000
5   9   4   8   -0.0147783726
5   9   4   10   0.0000000000
5   9   5   9   0.0000000000
5   10   1   6   0.0066119913
5   10   1   7   -0.0000000000
5   10   1   8   0.0018149741
5   10   1   10   -0.0000000000
5   10   2   6   -0.0000000000
5   10   2   7   0.0022369083
5   10   2   8   -0.0000000001
5   10   2   10   -0.0011727053
5   10   3   6   0.0018149741
5   10   3   7   -0.0000000001
5   10   3   8   0.0047775722
5   10   3   10   -0.0000000001
5   10   4   9   0.0335672247
5   10   5   6   -0.0000000000
5   10   5   7   -0.0011727053
5   10   5   8   -0.0000000001
5   10   5   10   0.0020955062

End IJAB Block
Begin IJKL Block
1   6   1   6   4.7102046677
1   6   1   7   0.4271607503
1   6   1   8   0.0000000000
1   6   1   9   0.1353195089
1   6   2   6   0.4271607503
1   6   2   7   0.0594655589
1   6   2   8   0.0000000000
1   6   2   9   0.0160371732
1   6   3   6   0.0000000000
1   6   3   7   0.0000000000
1   6   3   8   0.0165630239
1   6   3   9   -0.0000000000
1   6   4   6   0.1353195089
1   6   4   7   0.0160371732
1   6   4   8   -0.0000000000
1   6   4   9   0.0257315762
1   6   5   10   0.0252686502
1   7   1   6   0.4271607503
1   7   1   7   1.0484432254
1   7   1   8   0.0000000000
1   7   1   9   0.0823754226
1   7   2   6   0.0633652714
1   7   2   7   0.0147300354
1   7   2   8   0.0000000000
1   7   2   9   0.0074025787
1   7   3   6   0.0000000000
1   7   3   8   -0.0229302766
1   7   3   9   -0.0000000000
1   7   4   6   0.0159329215
1   7   4   7   0.0145104773
1   7   4   8   0.0000000000
1   7   4   9   -0.0218706888
1   7   5   10   -0.0283292183
1   8   1   6   0.0000000000
1   8   1   7   0.0000000000
1   8   1   8   0.8937305345
1   8   2   6   0.0000000000
1   8   2   7   0.0000000000
1   8   2   8   0.0075998514
1   8   2   9   -0.0000000000
1   8   3   6   0.0212461392
1   8   3   7   -0.0237767712
1   8   3   8   0.0000000000
1   8   3   9   -0.0030590427
1   8   4   6   -0.0000000000
1   8   4   7   0.0000000000
1   8   4   8   0.0075650812
1   8   4   9   -0.0000000000
1   8   5   10   -0.0000000000
1   9   1   6   0.1353195089
1   9   1   7   0.0823754226
1   9   1   9   0.9789777460
1   9   2   6   0.0159329215
1   9   2   7   0.0076731566
1   9   2   8   -0.0000000000
1   9   2   9   0.0134472300
1   9   3   7   -0.0000000000
1   9   3   8   -0.0026521050
1   9   3   9   -0.0000000000
1   9   4   6   0.0307613348
1   9   4   7   -0.0225460474
1   9   4   8   -0.0000000000
1   9   4   9   -0.0079779137
1   9   5   10   -0.0085245245
1   10   1   10   1.0245662693
1   10   2   10   0.0121886257
1   10   3   10   -0.0000000000
1   10   4   10   0.0048167420
1   10   5   6   0.0306202047
1   10   5   7   -0.0285892444
1   10   5   9   -0.0088239106
2   6   1   6   0.4271607503
2   6   1   7   0.0633652714
2   6   1   8   0.0000000000
2   6   1   9   0.0159329215
2   6   2   6   1.0484432254
2   6   2   7   0.0147300354
2   6   2   9   0.0145104773
2   6   3   6   0.0000000000
2   6   3   7   0.0000000000
2   6   3   8   -0.0229302766
2   6   3   9   0.0000000000
2   6   4   6   0.0823754226
2   6   4   7   0.0074025787
2   6   4   8   -0.0000000000
2   6   4   9   -0.0218706888
2   6   5   10   -0.0283292183
2   7   1   6   0.0594655589
2   7   1   7   0.0147300354
2   7   1   8   0.0000000000
2   7   1   9   0.0076731566
2   7   2   6   0.0147300354
2   7   2   7   0.7436796586
2   7   2   8   0.0000000000
2   7   2   9   -0.0170486807
2   7   3   6   0.0000000000
2   7   3   7   0.0000000000
2   7   3   8   0.1402955840
2   7   3   9   0.0000000000
2   7   4   6   0.0076731566
2   7   4   7   -0.0170486807
2   7   4   8   0.0000000000
2   7   4   9   0.1118908078
2   7   5   10   0.1152187433
2   8   1   6   0.0000000000
2   8   1   7   0.0000000000
2   8   1   8   0.0075998514
2   8   1   9   -0.0000000000
2   8   2   7   0.0000000000
2   8   2   8   0.6748768666
2   8   2   9   0.0000000000
2   8   3   6   -0.0237767712
2   8   3   7   0.1455818754
2   8   3   8   -0.0000000000
2   8   3   9   -0.0132918941
2   8   4   6   -0.0000000000
2   8   4   7   0.0000000000
2   8   4   8   -0.0116583988
2   8   4   9   -0.0000000000
2   8   5   10   0.0000000000
2   9   1   6   0.0160371732
2   9   1   7   0.0074025787
2   9   1   8   -0.0000000000
2   9   1   9   0.0134472300
2   9   2   6   0.0145104773
2   9   2   7   -0.0170486807
2   9   2   8   0.0000000000
2   9   2   9   0.6671344771
2   9   3   6   0.0000000000
2   9   3   7   0.0000000000
2   9   3   8   -0.0137329546
2   9   3   9   0.0000000000
2   9   4   6   -0.0225460474
2   9   4   7   0.1169265707
2   9   4   8   -0.0000000000
2   9   4   9   0.0617243489
2   9   5   10   0.0272109669
2   10   1   10   0.0121886257
2   10   2   10   0.6962891118
2   10   3   10   0.0000000000
2   10   4   10   0.0306100487
2   10   5   6   -0.0285892444
2   10   5   7   0.1193978673
2   10   5   8   -0.0000000000
2   10   5   9   0.0269015242
3   6   1   6   0.0000000000
3   6   1   7   0.0000000000
3   6   1   8   0.0212461392
3   6   1   9   -0.0000000000
3   6   2   6   0.0000000000
3   6   2   7   0.0000000000
3   6   2   8   -0.0237767712
3   6   2   9   0.0000000000
3   6   3   6   0.8937305345
3   6   3   7   0.0075998514
3   6   3   8   0.0000000000
3   6   3   9   0.0075650812
3   6   4   7   -0.0000000000
3   6   4   8   -0.0030590427
3   6   4   9   -0.0000000000
3   6   5   10   -0.0000000000
3   7   1   6   0.0000000000
3   7   1   8   -0.0237767712
3   7   1   9   -0.0000000000
3   7   2   6   0.0000000000
3   7   2   7   0.0000000000
3   7   2   8   0.1455818754
3   7   2   9   0.0000000000
3   7   3   6   0.0075998514
3   7   3   7   0.6748768666
3   7   3   8   -0.0000000000
3   7   3   9   -0.0116583988
3   7   4   6   -0.0000000000
3   7   4   7   0.0000000000
3   7   4   8   -0.0132918941
3   7   4   9   -0.0000000000
3   7   5   10   0.0000000000
3   8   1   6   0.0165630239
3   8   1   7   -0.0229302766
3   8   1   8   0.0000000000
3   8   1   9   -0.0026521050
3   8   2   6   -0.0229302766
3   8   2   7   0.1402955840
3   8   2   8   -0.0000000000
3   8   2   9   -0.0137329546
3   8   3   6   0.0000000000
3   8   3   7   -0.0000000000
3   8   3   8   0.6499617147
3   8   3   9   0.0000000000
3   8   4   6   -0.0026521050
3   8   4   7   -0.0137329546
3   8   4   8   0.0000000000
3   8   4   9   0.0288133813
3   8   5   10   0.0209032379
3   9   1   6   -0.0000000000
3   9   1   7   -0.0000000000
3   9   1   8   -0.0030590427
3   9   1   9   -0.0000000000
3   9   2   6   0.0000000000
3   9   2   7   0.0000000000
3   9   2   8   -0.0132918941
3   9   2   9   0.0000000000
3   9   3   6   0.0075650812
3   9   3   7   -0.0116583988
3   9   3   8   0.0000000000
3   9   3   9   0.5981630676
3   9   4   6   -0.0000000000
3   9   4   7   -0.0000000000
3   9   4   8   0.0354853054
3   9   4   9   -0.0000000000
3   9   5   10   -0.0000000000
3   10   1   10   -0.0000000000
3   10   2   10   0.0000000000
3   10   3   10   0.6129986118
3   10   4   10   -0.0000000000
3   10   5   7   -0.0000000000
3   10   5   8   0.0272811670
3   10   5   9   -0.0000000000
4   6   1   6   0.1353195089
4   6   1   7   0.0159329215
4   6   1   9   0.0307613348
4   6   2   6   0.0823754226
4   6   2   7   0.0076731566
4   6   2   8   -0.0000000000
4   6   2   9   -0.0225460474
4   6   3   7   -0.0000000000
4   6   3   8   -0.0026521050
4   6   3   9   -0.0000000000
4   6   4   6   0.9789777460
4   6   4   7   0.0134472300
4   6   4   8   -0.0000000000
4   6   4   9   -0.0079779137
4   6   5   10   -0.0085245245
4   7   1   6   0.0160371732
4   7   1   7   0.0145104773
4   7   1   8   0.0000000000
4   7   1   9   -0.0225460474
4   7   2   6   0.0074025787
4   7   2   7   -0.0170486807
4   7   2   8   0.0000000000
4   7   2   9   0.1169265707
4   7   3   6   -0.0000000000
4   7   3   7   0.0000000000
4   7   3   8   -0.0137329546
4   7   3   9   -0.0000000000
4   7   4   6   0.0134472300
4   7   4   7   0.6671344771
4   7   4   8   0.0000000000
4   7   4   9   0.0617243489
4   7   5   10   0.0272109669
4   8   1   6   -0.0000000000
4   8   1   7   0.0000000000
4   8   1   8   0.0075650812
4   8   1   9   -0.0000000000
4   8   2   6   -0.0000000000
4   8   2   7   0.0000000000
4   8   2   8   -0.0116583988
4   8   2   9   -0.0000000000
4   8   3   6   -0.0030590427
4   8   3   7   -0.0132918941
4   8   3   8   0.0000000000
4   8   3   9   0.0354853054
4   8   4   6   -0.0000000000
4   8   4   7   0.0000000000
4   8   4   8   0.5981630676
4   8   4   9   -0.0000000000
4   8   5   10   -0.0000000000
4   9   1   6   0.0257315762
4   9   1   7   -0.0218706888
4   9   1   8   -0.0000000000
4   9   1   9   -0.0079779137
4   9   2   6   -0.0218706888
4   9   2   7   0.1118908078
4   9   2   8   -0.0000000000
4   9   2   9   0.0617243489
4   9   3   6   -0.0000000000
4   9   3   7   -0.0000000000
4   9   3   8   0.0288133813
4   9   3   9   -0.0000000000
4   9   4   6   -0.0079779137
4   9   4   7   0.0617243489
4   9   4   8   -0.0000000000
4   9   4   9   0.6907412619
4   9   5   10   0.0309856633
4   10   1   10   0.0048167420
4   10   2   10   0.0306100487
4   10   3   10   -0.0000000000
4   10   4   10   0.6400766928
4   10   5   6   -0.0088239106
4   10   5   7   0.0269015242
4   10   5   8   -0.0000000000
4   10   5   9   0.0368171347
5   6   1   10   0.0306202047
5   6   2   10   -0.0285892444
5   6   4   10   -0.0088239106
5   6   5   6   1.0245662693
5   6   5   7   0.0121886257
5   6   5   8   -0.0000000000
5   6   5   9   0.0048167420
5   7   1   10   -0.0285892444
5   7   2   10   0.1193978673
5   7   3   10   -0.0000000000
5   7   4   10   0.0269015242
5   7   5   6   0.0121886257
5   7   5   7   0.6962891118
5   7   5   8   0.0000000000
5   7   5   9   0.0306100487
5   8   2   10   -0.0000000000
5   8   3   10   0.0272811670
5   8   4   10   -0.0000000000
5   8   5   6   -0.0000000000
5   8   5   7   0.0000000000
5   8   5   8   0.6129986118
5   8   5   9   -0.0000000000
5   9   1   10   -0.0088239106
5   9   2   10   0.0269015242
5   9   3   10   -0.0000000000
5   9   4   10   0.0368171347
5   9   5   6   0.0048167420
5   9   5   7   0.0306100487
5   9   5   8   -0.0000000000
5   9   5   9   0.6400766928
5   10   1   6   0.0252686502
5   10   1   7   -0.0283292183
5   10   1   8   -0.0000000000
5   10   1   9   -0.0085245245
5   10   2   6   -0.0283292183
5   10   2   7   0.1152187433
5   10   2   8   0.0000000000
5   10   2   9   0.0272109669
5   10   3   6   -0.0000000000
5   10   3   7   0.0000000000
5   10   3   8   0.0209032379
5   10   3   9   -0.0000000000
5   10   4   6   -0.0085245245
5   10   4   7   0.0272109669
5   10   4   8   -0.0000000000
5   10   4   9   0.0309856633
5   10   5   10   0.7154450868

End IJKL Block
Begin ABCD Block
1   6   1   6   0.2013019376
1   6   1   7   -0.0000000015
1   6   1   8   -0.0108475195
1   6   1   10   -0.0000000007
1   6   2   6   -0.0000000015
1   6   2   7   0.0452502455
1   6   2   8   -0.0000000066
1   6   2   10   -0.0070579977
1   6   3   6   -0.0108475195
1   6   3   7   -0.0000000066
1   6   3   8   0.0242944972
1   6   3   10   -0.0000000030
1   6   4   9   0.0360475312
1   6   5   6   -0.0000000007
1   6   5   7   -0.0070579977
1   6   5   8   -0.0000000030
1   6   5   10   0.0164891877
1   7   1   6   -0.0000000015
1   7   1   7   0.1829916904
1   7   1   8   -0.0000000067
1   7   1   10   -0.0182493268
1   7   2   6   0.0452486256
1   7   2   7   0.0000000003
1   7   2   8   0.0048509167
1   7   2   10   0.0000000022
1   7   3   6   -0.0000000066
1   7   3   7   -0.0015359995
1   7   3   8   -0.0000000299
1   7   3   10   0.0143931903
1   7   4   9   0.0000000000
1   7   5   6   -0.0070535575
1   7   5   7   0.0000000001
1   7   5   8   0.0072603714
1   7   5   10   0.0000000010
1   8   1   6   -0.0108475195
1   8   1   7   -0.0000000067
1   8   1   8   0.1784772858
1   8   1   10   -0.0000000045
1   8   2   6   -0.0000000067
1   8   2   7   0.0048496302
1   8   2   8   0.0000000059
1   8   2   10   0.0217103547
1   8   3   6   0.0242946648
1   8   3   7   -0.0000000300
1   8   3   8   0.0262760242
1   8   3   10   -0.0000000196
1   8   4   9   -0.0013705909
1   8   5   6   -0.0000000030
1   8   5   7   0.0072585304
1   8   5   8   0.0000000028
1   8   5   10   0.0118290507
1   9   1   9   0.1969726186
1   9   2   9   -0.0000000005
1   9   3   9   0.0054850285
1   9   4   6   0.0360455413
1   9   4   7   0.0000000000
1   9   4   8   -0.0013705743
1   9   4   10   -0.0000000000
1   9   5   9   -0.0000000002
1   10   1   6   -0.0000000007
1   10   1   7   -0.0182493268
1   10   1   8   -0.0000000045
1   10   1   10   0.1915514968
1   10   2   6   -0.0070535574
1   10   2   7   0.0000000022
1   10   2   8   0.0217093325
1   10   2   10   0.0000000094
1   10   3   6   -0.0000000031
1   10   3   7   0.0143917055
1   10   3   8   -0.0000000197
1   10   3   10   0.0210809672
1   10   4   9   0.0000000000
1   10   5   6   0.0164803689
1   10   5   7   0.0000000010
1   10   5   8   0.0118241805
1   10   5   10   0.0000000046
2   6   1   6   -0.0000000015
2   6   1   7   0.0452486256
2   6   1   8   -0.0000000066
2   6   1   10   -0.0070535575
2   6   2   6   0.1829916904
2   6   2   7   0.0000000003
2   6   2   8   -0.0015359995
2   6   2   10   0.0000000001
2   6   3   6   -0.0000000067
2   6   3   7   0.0048509167
2   6   3   8   -0.0000000299
2   6   3   10   0.0072603714
2   6   4   9   0.0000000000
2   6   5   6   -0.0182493268
2   6   5   7   0.0000000022
2   6   5   8   0.0143931903
2   6   5   10   0.0000000010
2   7   1   6   0.0452502455
2   7   1   7   0.0000000003
2   7   1   8   0.0048496300
2   7   1   10   0.0000000021
2   7   2   6   0.0000000003
2   7   2   7   0.1885036933
2   7   2   8   0.0000000014
2   7   2   10   -0.0138455780
2   7   3   6   0.0048496300
2   7   3   7   0.0000000014
2   7   3   8   0.0077269971
2   7   3   10   0.0000000097
2   7   4   9   0.0070179457
2   7   5   6   0.0000000021
2   7   5   7   -0.0138455780
2   7   5   8   0.0000000097
2   7   5   10   0.0177308313
2   8   1   6   -0.0000000066
2   8   1   7   0.0048509166
2   8   1   8   0.0000000058
2   8   1   10   0.0217093323
2   8   2   6   -0.0015359995
2   8   2   7   0.0000000014
2   8   2   8   0.1623971469
2   8   2   10   0.0000000009
2   8   3   6   -0.0000000301
2   8   3   7   0.0077295560
2   8   3   8   0.0000000267
2   8   3   10   0.0118599963
2   8   4   9   -0.0000000000
2   8   5   6   0.0143917055
2   8   5   7   0.0000000098
2   8   5   8   0.0084967400
2   8   5   10   0.0000000064
2   9   1   9   -0.0000000005
2   9   2   9   0.1706439525
2   9   3   9   -0.0000000021
2   9   4   6   0.0000000000
2   9   4   7   0.0070167884
2   9   4   8   0.0000000000
2   9   4   10   0.0023330473
2   9   5   9   -0.0030223746
2   10   1   6   -0.0070579976
2   10   1   7   0.0000000021
2   10   1   8   0.0217103546
2   10   1   10   0.0000000093
2   10   2   6   0.0000000001
2   10   2   7   -0.0138455780
2   10   2   8   0.0000000009
2   10   2   10   0.1778462737
2   10   3   6   0.0072585307
2   10   3   7   0.0000000097
2   10   3   8   0.0118624180
2   10   3   10   0.0000000425
2   10   4   9   0.0023293222
2   10   5   6   0.0000000010
2   10   5   7   0.0177318234
2   10   5   8   0.0000000064
2   10   5   10   0.0011242321
3   6   1   6   -0.0108475195
3   6   1   7   -0.0000000067
3   6   1   8   0.0242946648
3   6   1   10   -0.0000000030
3   6   2   6   -0.0000000067
3   6   2   7   0.0048496302
3   6   2   8   -0.0000000300
3   6   2   10   0.0072585304
3   6   3   6   0.1784772858
3   6   3   7   0.0000000059
3   6   3   8   0.0262760242
3   6   3   10   0.0000000028
3   6   4   9   -0.0013705909
3   6   5   6   -0.0000000045
3   6   5   7   0.0217103547
3   6   5   8   -0.0000000196
3   6   5   10   0.0118290507
3   7   1   6   -0.0000000066
3   7   1   7   -0.0015359995
3   7   1   8   -0.0000000301
3   7   1   10   0.0143917055
3   7   2   6   0.0048509166
3   7   2   7   0.0000000014
3   7   2   8   0.0077295560
3   7   2   10   0.0000000098
3   7   3   6   0.0000000058
3   7   3   7   0.1623971469
3   7   3   8   0.0000000267
3   7   3   10   0.0084967400
3   7   4   9   -0.0000000000
3   7   5   6   0.0217093323
3   7   5   7   0.0000000009
3   7   5   8   0.0118599963
3   7   5   10   0.0000000064
3   8   1   6   0.0242944974
3   8   1   7   -0.0000000302
3   8   1   8   0.0262760241
3   8   1   10   -0.0000000197
3   8   2   6   -0.0000000302
3   8   2   7   0.0077269976
3   8   2   8   0.0000000267
3   8   2   10   0.0118624178
3   8   3   6   0.0262760241
3   8   3   7   0.0000000267
3   8   3   8   0.2411370522
3   8   3   10   0.0000000198
3   8   4   9   0.0129422259
3   8   5   6   -0.0000000197
3   8   5   7   0.0118624178
3   8   5   8   0.0000000198
3   8   5   10   0.0406480383
3   9   1   9   0.0054850285
3   9   2   9   -0.0000000021
3   9   3   9   0.2056650720
3   9   4   6   -0.0013705743
3   9   4   7   0.0000000000
3   9   4   8   0.0129401479
3   9   4   10   0.0000000000
3   9   5   9   -0.0000000013
3   10   1   6   -0.0000000031
3   10   1   7   0.0143931903
3   10   1   8   -0.0000000198
3   10   1   10   0.0210809670
3   10   2   6   0.0072603719
3   10   2   7   0.0000000097
3   10   2   8   0.0118599967
3   10   2   10   0.0000000426
3   10   3   6   0.0000000030
3   10   3   7   0.0084967400
3   10   3   8   0.0000000199
3   10   3   10   0.2277030924
3   10   5   6   0.0118241807
3   10   5   7   0.0000000064
3   10   5   8   0.0406512522
3   10   5   10   0.0000000289
4   6   1   9   0.0360455413
4   6   2   9   0.0000000000
4   6   3   9   -0.0013705743
4   6   4   6   0.1969726186
4   6   4   7   -0.0000000005
4   6   4   8   0.0054850285
4   6   4   10   -0.0000000002
4   6   5   9   -0.0000000000
4   7   1   9   0.0000000000
4   7   2   9   0.0070167884
4   7   3   9   0.0000000000
4   7   4   6   -0.0000000005
4   7   4   7   0.1706439525
4   7   4   8   -0.0000000021
4   7   4   10   -0.0030223746
4   7   5   9   0.0023330473
4   8   1   9   -0.0013705743
4   8   2   9   0.0000000000
4   8   3   9   0.0129401479
4   8   4   6   0.0054850285
4   8   4   7   -0.0000000021
4   8   4   8   0.2056650720
4   8   4   10   -0.0000000013
4   8   5   9   0.0000000000
4   9   1   6   0.0360475312
4   9   1   7   0.0000000000
4   9   1   8   -0.0013705909
4   9   1   10   0.0000000000
4   9   2   6   0.0000000000
4   9   2   7   0.0070179457
4   9   2   8   -0.0000000000
4   9   2   10   0.0023293222
4   9   3   6   -0.0013705909
4   9   3   7   -0.0000000000
4   9   3   8   0.0129422259
4   9   4   9   0.2452955077
4   9   5   6   0.0000000000
4   9   5   7   0.0023293222
4   9   5   10   0.0077561546
4   10   1   9   -0.0000000000
4   10   2   9   0.0023330473
4   10   3   9   0.0000000000
4   10   4   6   -0.0000000002
4   10   4   7   -0.0030223746
4   10   4   8   -0.0000000013
4   10   4   10   0.2076030190
4   10   5   9   0.0077541349
5   6   1   6   -0.0000000007
5   6   1   7   -0.0070535574
5   6   1   8   -0.0000000031
5   6   1   10   0.0164803689
5   6   2   6   -0.0182493268
5   6   2   7   0.0000000022
5   6   2   8   0.0143917055
5   6   2   10   0.0000000010
5   6   3   6   -0.0000000045
5   6   3   7   0.0217093325
5   6   3   8   -0.0000000197
5   6   3   10   0.0118241805
5   6   4   9   0.0000000000
5   6   5   6   0.1915514968
5   6   5   7   0.0000000094
5   6   5   8   0.0210809672
5   6   5   10   0.0000000046
5   7   1   6   -0.0070579976
5   7   1   7   0.0000000001
5   7   1   8   0.0072585307
5   7   1   10   0.0000000010
5   7   2   6   0.0000000021
5   7   2   7   -0.0138455780
5   7   2   8   0.0000000097
5   7   2   10   0.0177318234
5   7   3   6   0.0217103546
5   7   3   7   0.0000000009
5   7   3   8   0.0118624180
5   7   3   10   0.0000000064
5   7   4   9   0.0023293222
5   7   5   6   0.0000000093
5   7   5   7   0.1778462737
5   7   5   8   0.0000000425
5   7   5   10   0.0011242321
5   8   1   6   -0.0000000031
5   8   1   7   0.0072603719
5   8   1   8   0.0000000030
5   8   1   10   0.0118241807
5   8   2   6   0.0143931903
5   8   2   7   0.0000000097
5   8   2   8   0.0084967400
5   8   2   10   0.0000000064
5   8   3   6   -0.0000000198
5   8   3   7   0.0118599967
5   8   3   8   0.0000000199
5   8   3   10   0.0406512522
5   8   5   6   0.0210809670
5   8   5   7   0.0000000426
5   8   5   8   0.2277030924
5   8   5   10   0.0000000289
5   9   1   9   -0.0000000002
5   9   2   9   -0.0030223746
5   9   3   9   -0.0000000013
5   9   4   6   -0.0000000000
5   9   4   7   0.0023330473
5   9   4   8   0.0000000000
5   9   4   10   0.0077541349
5   9   5   9   0.2076030190
5   10   1   6   0.0164891878
5   10   1   7   0.0000000010
5   10   1   8   0.0118290510
5   10   1   10   0.0000000048
5   10   2   6   0.0000000010
5   10   2   7   0.0177308313
5   10   2   8   0.0000000064
5   10   2   10   0.0011242321
5   10   3   6   0.0118290510
5   10   3   7   0.0000000064
5   10   3   8   0.0406480387
5   10   3   10   0.0000000291
5   10   4   9   0.0077561546
5   10   5   6   0.0000000048
5   10   5   7   0.0011242321
5   10   5   8   0.0000000291
5   10   5   10   0.2388413093

End ABCD Block
Begin AIJB Block
1   6   1   6   0.0028632601
1   6   1   8   0.0012788613
1   6   2   6   -0.0003095358
1   6   2   8   0.0011624408
1   6   3   6   -0.0000000000
1   6   3   7   0.0006324369
1   6   3   10   -0.0003865524
1   6   4   6   0.0003458476
1   6   4   8   -0.0003673470
1   6   4   10   0.0000000000
1   6   5   9   0.0013397694
1   7   1   6   -0.0003095358
1   7   1   7   -0.0000000000
1   7   1   8   0.0008922685
1   7   1   10   -0.0000000000
1   7   2   6   0.0100978491
1   7   2   7   -0.0000000000
1   7   2   8   0.0024781047
1   7   2   10   -0.0000000000
1   7   3   6   0.0000000000
1   7   3   7   -0.0027163076
1   7   3   8   0.0000000000
1   7   3   10   0.0019007357
1   7   4   6   -0.0056160925
1   7   4   7   -0.0000000000
1   7   4   8   -0.0010280022
1   7   4   10   -0.0000000000
1   7   5   9   -0.0045286757
1   8   1   6   -0.0000000000
1   8   1   7   -0.0001142690
1   8   1   10   0.0004265491
1   8   2   6   0.0000000000
1   8   2   7   -0.0075145033
1   8   2   8   0.0000000000
1   8   2   10   0.0029123890
1   8   3   6   0.0056367059
1   8   3   7   0.0000000000
1   8   3   8   0.0031850970
1   8   3   10   -0.0000000000
1   8   4   6   -0.0000000000
1   8   4   7   0.0047519134
1   8   4   8   0.0000000000
1   8   4   10   -0.0052949490
1   8   5   9   0.0000000000
1   9   1   6   0.0003458476
1   9   1   7   -0.0000000000
1   9   1   8   0.0009431812
1   9   1   10   -0.0000000000
1   9   2   6   -0.0056160925
1   9   2   7   -0.0000000000
1   9   2   8   0.0054601769
1   9   2   10   -0.0000000000
1   9   3   6   -0.0000000000
1   9   3   7   0.0016551638
1   9   3   8   -0.0000000000
1   9   3   10   -0.0039346034
1   9   4   6   0.0066361777
1   9   4   7   -0.0000000000
1   9   4   8   -0.0024648378
1   9   4   10   -0.0000000000
1   9   5   9   0.0003218378
1   10   1   9   -0.0003322375
1   10   2   9   -0.0131494567
1   10   3   9   -0.0000000000
1   10   4   9   0.0064105261
1   10   5   6   0.0043708924
1   10   5   7   0.0000000000
1   10   5   8   0.0012944744
1   10   5   10   0.0000000000
2   6   1   7   0.0012084648
2   6   1   10   -0.0008316992
2   6   2   6   -0.0000000000
2   6   2   7   -0.0010312159
2   6   2   8   0.0000000000
2   6   2   10   0.0006993072
2   6   3   6   -0.0001142690
2   6   3   8   -0.0002082461
2   6   4   6   -0.0000000000
2   6   4   7   -0.0003166970
2   6   4   8   0.0000000000
2   6   4   10   0.0002742832
2   7   1   7   -0.0010312159
2   7   1   8   0.0000000000
2   7   1   10   0.0006121367
2   7   2   6   -0.0000000000
2   7   2   7   0.0037174385
2   7   2   8   0.0000000000
2   7   2   10   -0.0021525665
2   7   3   6   -0.0075145033
2   7   3   7   -0.0000000000
2   7   3   8   -0.0039364341
2   7   4   6   -0.0000000000
2   7   4   7   0.0004607998
2   7   4   8   0.0000000000
2   7   4   10   -0.0005331780
2   7   5   9   -0.0000000000
2   8   1   6   0.0006324369
2   8   1   8   0.0003848720
2   8   2   6   -0.0027163076
2   8   2   7   -0.0000000000
2   8   2   8   -0.0009131958
2   8   2   10   -0.0000000000
2   8   3   6   0.0000000000
2   8   3   7   0.0095499176
2   8   3   8   -0.0000000000
2   8   3   10   -0.0058282213
2   8   4   6   0.0016551638
2   8   4   7   0.0000000000
2   8   4   8   -0.0002428589
2   8   4   10   -0.0000000000
2   8   5   9   0.0018975836
2   9   1   7   -0.0003166970
2   9   1   8   0.0000000000
2   9   1   10   0.0006870841
2   9   2   6   -0.0000000000
2   9   2   7   0.0004607998
2   9   2   8   0.0000000000
2   9   2   10   -0.0019329284
2   9   3   6   0.0047519134
2   9   3   7   0.0000000000
2   9   3   8   -0.0068849110
2   9   3   10   -0.0000000000
2   9   4   6   -0.0000000000
2   9   4   7   0.0019735844
2   9   4   8   0.0000000000
2   9   4   10   -0.0031530398
2   9   5   9   -0.0000000000
2   10   2   9   -0.0000000000
2   10   3   9   0.0125092732
2   10   4   9   -0.0000000000
2   10   5   6   0.0000000000
2   10   5   7   0.0012785098
2   10   5   8   -0.0000000000
2   10   5   10   -0.0008306259
3   6   1   6   0.0012788613
3   6   1   8   0.0029314706
3   6   2   6   0.0008922685
3   6   2   7   0.0000000000
3   6   2   8   -0.0002571779
3   6   3   7   0.0003848720
3   6   3   8   -0.0000000000
3   6   3   10   -0.0003025555
3   6   4   6   0.0009431812
3   6   4   7   0.0000000000
3   6   4   8   -0.0004671714
3   6   4   10   -0.0000000000
3   6   5   9   0.0016334186
3   7   1   6   0.0011624408
3   7   1   7   0.0000000000
3   7   1   8   -0.0002571779
3   7   1   10   0.0000000000
3   7   2   6   0.0024781047
3   7   2   7   0.0000000000
3   7   2   8   0.0052482995
3   7   2   10   0.0000000000
3   7   3   6   0.0000000000
3   7   3   7   -0.0009131958
3   7   3   8   0.0000000000
3   7   3   10   0.0019295289
3   7   4   6   0.0054601769
3   7   4   7   0.0000000000
3   7   4   8   0.0060443635
3   7   4   10   0.0000000000
3   7   5   9   -0.0042549465
3   8   1   7   -0.0002082461
3   8   1   8   -0.0000000000
3   8   1   10   -0.0002557210
3   8   2   6   0.0000000000
3   8   2   7   -0.0039364341
3   8   2   8   0.0000000000
3   8   2   10   0.0038914554
3   8   3   6   0.0031850970
3   8   3   7   -0.0000000000
3   8   3   8   0.0050659255
3   8   3   10   0.0000000000
3   8   4   7   -0.0068849110
3   8   4   8   -0.0000000000
3   8   4   10   0.0018466440
3   8   5   9   0.0000000000
3   9   1   6   -0.0003673470
3   9   1   7   0.0000000000
3   9   1   8   -0.0004671714
3   9   1   10   0.0000000000
3   9   2   6   -0.0010280022
3   9   2   7   0.0000000000
3   9   2   8   0.0060443635
3   9   2   10   0.0000000000
3   9   3   6   0.0000000000
3   9   3   7   -0.0002428589
3   9   3   8   -0.0000000000
3   9   3   10   -0.0034173475
3   9   4   6   -0.0024648378
3   9   4   7   0.0000000000
3   9   4   8   0.0135807446
3   9   4   10   0.0000000000
3   9   5   9   -0.0031116390
3   10   1   9   -0.0003542666
3   10   2   9   -0.0081892937
3   10   3   9   0.0000000000
3   10   4   9   -0.0140480911
3   10   5   6   0.0012944744
3   10   5   7   -0.0000000000
3   10   5   8   0.0037470985
3   10   5   10   -0.0000000000
4   6   1   9   0.0040778058
4   6   2   9   -0.0029993788
4   6   4   9   -0.0010029663
4   6   5   6   -0.0003322375
4   6   5   8   -0.0003542666
4   6   5   10   0.0000000000
4   7   1   9   -0.0029993788
4   7   2   9   0.0088495345
4   7   3   9   -0.0000000000
4   7   4   9   0.0021469111
4   7   5   6   -0.0131494567
4   7   5   7   -0.0000000000
4   7   5   8   -0.0081892937
4   7   5   10   -0.0000000000
4   8   2   9   -0.0000000000
4   8   3   9   0.0029585689
4   8   4   9   -0.0000000000
4   8   5   6   -0.0000000000
4   8   5   7   0.0125092732
4   8   5   8   0.0000000000
4   8   5   10   -0.0061592165
4   9   1   9   -0.0010029663
4   9   2   9   0.0021469111
4   9   3   9   -0.0000000000
4   9   4   9   0.0040943004
4   9   5   6   0.0064105261
4   9   5   7   -0.0000000000
4   9   5   8   -0.0140480911
4   9   5   10   -0.0000000000
4   10   1   6   0.0013397694
4   10   1   8   0.0016334186
4   10   2   6   -0.0045286757
4   10   2   7   -0.0000000000
4   10   2   8   -0.0042549465
4   10   2   10   -0.0000000000
4   10   3   6   0.0000000000
4   10   3   7   0.0018975836
4   10   3   8   0.0000000000
4   10   3   10   -0.0010806806
4   10   4   6   0.0003218378
4   10   4   7   -0.0000000000
4   10   4   8   -0.0031116390
4   10   4   10   -0.0000000000
4   10   5   9   0.0305999176
5   6   1   7   -0.0008316992
5   6   1   10   0.0005888171
5   6   2   6   -0.0000000000
5   6   2   7   0.0006121367
5   6   2   8   0.0000000000
5   6   2   10   -0.0004480710
5   6   3   6   0.0004265491
5   6   3   8   -0.0002557210
5   6   3   10   0.0000000000
5   6   4   6   -0.0000000000
5   6   4   7   0.0006870841
5   6   4   8   0.0000000000
5   6   4   10   -0.0005241228
5   7   1   7   0.0006993072
5   7   1   10   -0.0004480710
5   7   2   6   -0.0000000000
5   7   2   7   -0.0021525665
5   7   2   8   0.0000000000
5   7   2   10   0.0047977855
5   7   3   6   0.0029123890
5   7   3   7   -0.0000000000
5   7   3   8   0.0038914554
5   7   3   10   -0.0000000000
5   7   4   6   -0.0000000000
5   7   4   7   -0.0019329284
5   7   4   8   0.0000000000
5   7   4   10   0.0001004719
5   7   5   9   -0.0000000000
5   8   1   6   -0.0003865524
5   8   1   8   -0.0003025555
5   8   1   10   0.0000000000
5   8   2   6   0.0019007357
5   8   2   8   0.0019295289
5   8   2   10   -0.0000000000
5   8   3   6   -0.0000000000
5   8   3   7   -0.0058282213
5   8   3   8   0.0000000000
5   8   3   10   0.0125740021
5   8   4   6   -0.0039346034
5   8   4   7   -0.0000000000
5   8   4   8   -0.0034173475
5   8   4   10   -0.0000000000
5   8   5   9   -0.0010806806
5   9   1   6   0.0000000000
5   9   1   7   0.0002742832
5   9   1   8   -0.0000000000
5   9   1   10   -0.0005241228
5   9   2   6   -0.0000000000
5   9   2   7   -0.0005331780
5   9   2   8   0.0000000000
5   9   2   10   0.0001004719
5   9   3   6   -0.0052949490
5   9   3   7   -0.0000000000
5   9   3   8   0.0018466440
5   9   3   10   -0.0000000000
5   9   4   6   -0.0000000000
5   9   4   7   -0.0031530398
5   9   4   8   0.0000000000
5   9   4   10   0.0112671934
5   9   5   9   -0.0000000000
5   10   1   9   0.0000000000
5   10   2   9   -0.0000000000
5   10   3   9   -0.0061592165
5   10   4   9   -0.0000000000
5   10   5   6   0.0000000000
5   10   5   7   -0.0008306259
5   10   5   8   -0.0000000000
5   10   5   10   0.0017961258

1   6   6   1   -0.2510672991
1   6   6   2   0.0000000000
1   6   6   3   -0.0207756549
1   6   6   5   0.0000000000
1   6   7   1   -0.0004120258
1   6   7   2   -0.0000000000
1   6   7   3   -0.0003971939
1   6   7   5   -0.0000000000
1   6   8   1   -0.0000000000
1   6   8   2   -0.0018763879
1   6   8   3   -0.0000000000
1   6   8   5   0.0002958123
1   6   9   1   -0.0023728298
1   6   9   2   -0.0000000000
1   6   9   3   0.0009216626
1   6   9   5   -0.0000000000
1   6   10   4   -0.0031157336
1   7   6   1   -0.0004120258
1   7   6   2   -0.0000000000
1   7   6   3   -0.0004019188
1   7   6   5   -0.0000000000
1   7   7   1   -0.2416880054
1   7   7   2   -0.0000000002
1   7   7   3   -0.0141016762
1   7   7   5   -0.0000000001
1   7   8   1   0.0000000001
1   7   8   2   0.0232351602
1   7   8   3   0.0000000004
1   7   8   5   -0.0043683976
1   7   9   1   0.0148424769
1   7   9   2   -0.0000000001
1   7   9   3   -0.0125939741
1   7   9   5   -0.0000000000
1   7   10   4   0.0231829083
1   8   6   1   -0.0000000000
1   8   6   2   -0.0018834583
1   8   6   3   -0.0000000000
1   8   6   5   0.0003437952
1   8   7   1   0.0000000001
1   8   7   2   0.0232156967
1   8   7   3   0.0000000004
1   8   7   5   -0.0045309514
1   8   8   1   -0.2390782181
1   8   8   2   0.0000000000
1   8   8   3   -0.0156378030
1   8   8   5   0.0000000000
1   8   9   1   -0.0000000000
1   8   9   2   -0.0067427013
1   8   9   3   -0.0000000001
1   8   9   5   0.0068299137
1   8   10   4   -0.0000000000
1   9   6   1   -0.0023728298
1   9   6   2   -0.0000000000
1   9   6   3   0.0009254260
1   9   6   5   -0.0000000000
1   9   7   1   0.0148424769
1   9   7   2   -0.0000000001
1   9   7   3   -0.0125479849
1   9   7   5   -0.0000000000
1   9   8   1   -0.0000000000
1   9   8   2   -0.0067964957
1   9   8   3   -0.0000000001
1   9   8   5   0.0068539425
1   9   9   1   -0.2307414354
1   9   9   2   -0.0000000002
1   9   9   3   -0.0190373249
1   9   9   5   -0.0000000001
1   9   10   4   0.0030796228
1   10   6   4   -0.0031623845
1   10   7   4   0.0231634907
1   10   8   4   -0.0000000000
1   10   9   4   0.0031752549
1   10   10   1   -0.2336646923
1   10   10   2   -0.0000000006
1   10   10   3   -0.0165905300
1   10   10   5   -0.0000000003
2   6   6   1   0.0000000000
2   6   6   2   -0.2115018695
2   6   6   3   0.0000000002
2   6   6   5   0.0251705417
2   6   7   1   -0.0000000000
2   6   7   2   -0.0003278214
2   6   7   3   -0.0000000001
2   6   7   5   0.0002098195
2   6   8   1   -0.0018834583
2   6   8   2   0.0000000000
2   6   8   3   -0.0010306840
2   6   8   5   0.0000000000
2   6   9   1   -0.0000000000
2   6   9   2   -0.0006880109
2   6   9   3   -0.0000000001
2   6   9   5   0.0005694823
2   7   6   1   -0.0000000000
2   7   6   2   -0.0003278214
2   7   6   3   -0.0000000000
2   7   6   5   0.0002027048
2   7   7   1   -0.0000000002
2   7   7   2   -0.2035618347
2   7   7   3   -0.0000000010
2   7   7   5   0.0212868580
2   7   8   1   0.0232156967
2   7   8   2   -0.0000000000
2   7   8   3   0.0081281874
2   7   8   5   -0.0000000001
2   7   9   1   -0.0000000001
2   7   9   2   0.0064986517
2   7   9   3   -0.0000000004
2   7   9   5   -0.0083337090
2   7   10   4   0.0000000000
2   8   6   1   -0.0018763879
2   8   6   2   0.0000000000
2   8   6   3   -0.0010572185
2   8   6   5   0.0000000000
2   8   7   1   0.0232351602
2   8   7   2   -0.0000000000
2   8   7   3   0.0082259148
2   8   7   5   -0.0000000001
2   8   8   1   0.0000000000
2   8   8   2   -0.2067482471
2   8   8   3   0.0000000002
2   8   8   5   0.0224670917
2   8   9   1   -0.0067964957
2   8   9   2   0.0000000000
2   8   9   3   0.0013346237
2   8   9   5   0.0000000000
2   8   10   4   -0.0040478748
2   9   6   1   -0.0000000000
2   9   6   2   -0.0006880109
2   9   6   3   -0.0000000001
2   9   6   5   0.0005979784
2   9   7   1   -0.0000000001
2   9   7   2   0.0064986517
2   9   7   3   -0.0000000003
2   9   7   5   -0.0084314098
2   9   8   1   -0.0067427013
2   9   8   2   0.0000000000
2   9   8   3   0.0012266586
2   9   8   5   0.0000000000
2   9   9   1   -0.0000000002
2   9   9   2   -0.1966944812
2   9   9   3   -0.0000000007
2   9   9   5   0.0167238167
2   9   10   4   0.0000000000
2   10   7   4   0.0000000000
2   10   8   4   -0.0039074323
2   10   9   4   -0.0000000000
2   10   10   1   -0.0000000006
2   10   10   2   -0.1974738135
2   10   10   3   -0.0000000027
2   10   10   5   0.0165587806
3   6   6   1   -0.0207756549
3   6   6   2   0.0000000002
3   6   6   3   -0.2789293299
3   6   6   5   0.0000000001
3   6   7   1   -0.0004019188
3   6   7   2   -0.0000000001
3   6   7   3   -0.0012429617
3   6   7   5   -0.0000000000
3   6   8   1   -0.0000000000
3   6   8   2   -0.0010572185
3   6   8   3   0.0000000000
3   6   8   5   -0.0004555485
3   6   9   1   0.0009254260
3   6   9   2   -0.0000000001
3   6   9   3   0.0021446607
3   6   9   5   -0.0000000001
3   6   10   4   -0.0018310436
3   7   6   1   -0.0003971939
3   7   6   2   -0.0000000000
3   7   6   3   -0.0012429617
3   7   6   5   -0.0000000000
3   7   7   1   -0.0141016762
3   7   7   2   -0.0000000010
3   7   7   3   -0.2530731579
3   7   7   5   -0.0000000007
3   7   8   1   0.0000000004
3   7   8   2   0.0082259148
3   7   8   3   -0.0000000004
3   7   8   5   0.0119195175
3   7   9   1   -0.0125479849
3   7   9   2   -0.0000000004
3   7   9   3   -0.0199366211
3   7   9   5   -0.0000000002
3   7   10   4   0.0064853283
3   8   6   1   -0.0000000000
3   8   6   2   -0.0010306840
3   8   6   3   0.0000000000
3   8   6   5   -0.0004828973
3   8   7   1   0.0000000004
3   8   7   2   0.0081281874
3   8   7   3   -0.0000000004
3   8   7   5   0.0120044619
3   8   8   1   -0.0156378030
3   8   8   2   0.0000000002
3   8   8   3   -0.2490363562
3   8   8   5   0.0000000001
3   8   9   1   -0.0000000001
3   8   9   2   0.0012266586
3   8   9   3   0.0000000000
3   8   9   5   0.0019303215
3   8   10   4   -0.0000000000
3   9   6   1   0.0009216626
3   9   6   2   -0.0000000001
3   9   6   3   0.0021446607
3   9   6   5   -0.0000000001
3   9   7   1   -0.0125939741
3   9   7   2   -0.0000000004
3   9   7   3   -0.0199366211
3   9   7   5   -0.0000000002
3   9   8   1   -0.0000000001
3   9   8   2   0.0013346237
3   9   8   3   0.0000000000
3   9   8   5   0.0017725303
3   9   9   1   -0.0190373249
3   9   9   2   -0.0000000007
3   9   9   3   -0.2658929311
3   9   9   5   -0.0000000004
3   9   10   4   0.0063639338
3   10   6   4   -0.0018567673
3   10   7   4   0.0064917007
3   10   8   4   -0.0000000000
3   10   9   4   0.0062699623
3   10   10   1   -0.0165905300
3   10   10   2   -0.0000000027
3   10   10   3   -0.2544949179
3   10   10   5   -0.0000000017
4   6   6   4   -0.3257139653
4   6   7   4   -0.0014740886
4   6   8   4   -0.0000000000
4   6   9   4   -0.0004644235
4   6   10   1   -0.0031623845
4   6   10   3   -0.0018567673
4   7   6   4   -0.0014740886
4   7   7   4   -0.2858822096
4   7   8   4   0.0000000000
4   7   9   4   -0.0052978854
4   7   10   1   0.0231634907
4   7   10   2   0.0000000000
4   7   10   3   0.0064917007
4   8   6   4   -0.0000000000
4   8   7   4   0.0000000000
4   8   8   4   -0.2738759920
4   8   9   4   -0.0000000000
4   8   10   1   -0.0000000000
4   8   10   2   -0.0039074323
4   8   10   3   -0.0000000000
4   8   10   5   0.0004231268
4   9   6   4   -0.0004644235
4   9   7   4   -0.0052978854
4   9   8   4   -0.0000000000
4   9   9   4   -0.2784880450
4   9   10   1   0.0031752549
4   9   10   2   -0.0000000000
4   9   10   3   0.0062699623
4   9   10   5   -0.0000000000
4   10   6   1   -0.0031157336
4   10   6   3   -0.0018310436
4   10   6   5   0.0000000000
4   10   7   1   0.0231829083
4   10   7   2   0.0000000000
4   10   7   3   0.0064853283
4   10   7   5   -0.0000000000
4   10   8   1   -0.0000000000
4   10   8   2   -0.0040478748
4   10   8   3   -0.0000000000
4   10   8   5   0.0004846485
4   10   9   1   0.0030796228
4   10   9   2   0.0000000000
4   10   9   3   0.0063639338
4   10   9   5   0.0000000000
4   10   10   4   -0.2951954339
5   6   6   1   0.0000000000
5   6   6   2   0.0251705417
5   6   6   3   0.0000000001
5   6   6   5   -0.2774898675
5   6   7   1   -0.0000000000
5   6   7   2   0.0002027048
5   6   7   3   -0.0000000000
5   6   7   5   -0.0003411070
5   6   8   1   0.0003437952
5   6   8   2   0.0000000000
5   6   8   3   -0.0004828973
5   6   8   5   0.0000000000
5   6   9   1   -0.0000000000
5   6   9   2   0.0005979784
5   6   9   3   -0.0000000001
5   6   9   5   0.0005655492
5   6   10   4   0.0000000000
5   7   6   1   -0.0000000000
5   7   6   2   0.0002098195
5   7   6   3   -0.0000000000
5   7   6   5   -0.0003411070
5   7   7   1   -0.0000000001
5   7   7   2   0.0212868580
5   7   7   3   -0.0000000007
5   7   7   5   -0.2689581238
5   7   8   1   -0.0045309514
5   7   8   2   -0.0000000001
5   7   8   3   0.0120044619
5   7   8   5   -0.0000000005
5   7   9   1   -0.0000000000
5   7   9   2   -0.0084314098
5   7   9   3   -0.0000000002
5   7   9   5   -0.0053372307
5   7   10   4   -0.0000000000
5   8   6   1   0.0002958123
5   8   6   2   0.0000000000
5   8   6   3   -0.0004555485
5   8   6   5   0.0000000000
5   8   7   1   -0.0043683976
5   8   7   2   -0.0000000001
5   8   7   3   0.0119195175
5   8   7   5   -0.0000000005
5   8   8   1   0.0000000000
5   8   8   2   0.0224670917
5   8   8   3   0.0000000001
5   8   8   5   -0.2705854224
5   8   9   1   0.0068539425
5   8   9   2   0.0000000000
5   8   9   3   0.0017725303
5   8   9   5   0.0000000001
5   8   10   4   0.0004846485
5   9   6   1   -0.0000000000
5   9   6   2   0.0005694823
5   9   6   3   -0.0000000001
5   9   6   5   0.0005655492
5   9   7   1   -0.0000000000
5   9   7   2   -0.0083337090
5   9   7   3   -0.0000000002
5   9   7   5   -0.0053372307
5   9   8   1   0.0068299137
5   9   8   2   0.0000000000
5   9   8   3   0.0019303215
5   9   8   5   0.0000000001
5   9   9   1   -0.0000000001
5   9   9   2   0.0167238167
5   9   9   3   -0.0000000004
5   9   9   5   -0.2723371340
5   9   10   4   0.0000000000
5   10   8   4   0.0004231268
5   10   9   4   -0.0000000000
5   10   10   1   -0.0000000003
5   10   10   2   0.0165587806
5   10   10   3   -0.0000000017
5   10   10   5   -0.2625506474

End AIJB Block
Begin IJKA Block
1   6   1   6   0.0771476911
1   6   1   7   -0.0000000000
1   6   1   8   0.0750509828
1   6   1   10   -0.0000000000
1   6   2   6   0.0125456189
1   6   2   7   0.0000000000
1   6   2   8   0.0108106950
1   6   2   10   0.0000000000
1   6   3   6   -0.0000000000
1   6   3   7   -0.0050220244
1   6   3   8   -0.0000000000
1   6   3   10   0.0034575699
1   6   4   6   -0.0004157500
1   6   4   7   -0.0000000000
1   6   4   8   0.0083291374
1   6   4   10   -0.0000000000
1   6   5   9   -0.0111031499
1   7   1   6   0.0969206637
1   7   1   7   -0.0000000000
1   7   1   8   0.0620151369
1   7   1   10   -0.0000000000
1   7   2   6   0.0015003735
1   7   2   7   0.0000000000
1   7   2   8   0.0024991311
1   7   2   10   0.0000000000
1   7   3   6   -0.0000000000
1   7   3   7   0.0044591146
1   7   3   8   -0.0000000000
1   7   3   10   -0.0026042333
1   7   4   6   0.0049203761
1   7   4   7   0.0000000000
1   7   4   8   -0.0026545267
1   7   4   10   0.0000000000
1   7   5   9   0.0086551007
1   8   1   6   0.0000000000
1   8   1   7   -0.0927850375
1   8   1   8   0.0000000000
1   8   1   10   0.0471596322
1   8   2   7   -0.0006935774
1   8   2   8   -0.0000000000
1   8   2   10   0.0007574660
1   8   3   6   -0.0026751108
1   8   3   7   -0.0000000000
1   8   3   8   -0.0015143720
1   8   3   10   0.0000000000
1   8   4   6   0.0000000000
1   8   4   7   -0.0003971274
1   8   4   8   0.0000000000
1   8   4   10   -0.0019937532
1   8   5   9   -0.0000000000
1   9   1   6   -0.0459964035
1   9   1   7   0.0000000000
1   9   1   8   0.1057046367
1   9   1   10   -0.0000000000
1   9   2   6   0.0004708466
1   9   2   7   0.0000000000
1   9   2   8   0.0021119535
1   9   2   10   0.0000000000
1   9   3   6   0.0000000000
1   9   3   7   0.0013075331
1   9   3   8   -0.0000000000
1   9   3   10   -0.0030318086
1   9   4   6   -0.0019083801
1   9   4   7   0.0000000000
1   9   4   8   -0.0035077956
1   9   4   10   -0.0000000000
1   9   5   9   0.0028138545
1   10   1   9   -0.1761864601
1   10   2   9   -0.0018967802
1   10   4   9   -0.0006224657
1   10   5   6   -0.0038422551
1   10   5   7   -0.0000000000
1   10   5   8   -0.0046976895
2   6   1   6   0.0132344845
2   6   1   7   -0.0000000000
2   6   1   8   0.0113463895
2   6   1   10   -0.0000000000
2   6   2   6   0.0007168423
2   6   2   7   0.0000000000
2   6   2   8   0.0043191305
2   6   2   10   -0.0000000000
2   6   3   6   -0.0000000000
2   6   3   7   0.0057425559
2   6   3   8   -0.0000000000
2   6   3   10   -0.0038686841
2   6   4   6   0.0047942020
2   6   4   7   -0.0000000000
2   6   4   8   -0.0039797728
2   6   4   10   -0.0000000000
2   6   5   9   0.0106653528
2   7   1   6   0.0007976728
2   7   1   7   0.0000000000
2   7   1   8   0.0020085741
2   7   1   10   0.0000000000
2   7   2   6   0.0573053689
2   7   2   7   0.0000000000
2   7   2   8   0.0228487231
2   7   2   10   0.0000000000
2   7   3   6   -0.0000000000
2   7   3   7   -0.0195980319
2   7   3   8   0.0000000000
2   7   3   10   0.0046667007
2   7   4   6   -0.0105963609
2   7   4   7   -0.0000000000
2   7   4   8   0.0160259197
2   7   4   10   -0.0000000000
2   7   5   9   -0.0291378244
2   8   1   6   0.0000000000
2   8   1   7   -0.0002193082
2   8   1   8   0.0000000000
2   8   1   10   0.0003023283
2   8   2   6   0.0000000000
2   8   2   7   -0.0571048271
2   8   2   8   0.0000000000
2   8   2   10   0.0148042537
2   8   3   6   0.0040982166
2   8   3   7   0.0000000000
2   8   3   8   -0.0063907691
2   8   3   10   -0.0000000000
2   8   4   6   0.0000000000
2   8   4   7   -0.0050401425
2   8   4   8   -0.0000000000
2   8   4   10   0.0230625484
2   8   5   9   0.0000000000
2   9   1   6   0.0006265379
2   9   1   7   0.0000000000
2   9   1   8   0.0015527788
2   9   1   10   -0.0000000000
2   9   2   6   -0.0303794396
2   9   2   7   0.0000000000
2   9   2   8   0.0580230621
2   9   2   10   0.0000000000
2   9   3   6   -0.0000000000
2   9   3   7   -0.0060332329
2   9   3   8   0.0000000000
2   9   3   10   0.0262418647
2   9   4   6   0.0000845697
2   9   4   7   0.0000000000
2   9   4   8   0.0132964343
2   9   4   10   0.0000000000
2   9   5   9   -0.0082072108
2   10   1   9   -0.0010236995
2   10   2   9   -0.1003060085
2   10   3   9   -0.0000000000
2   10   4   9   -0.0088036732
2   10   5   6   0.0094411761
2   10   5   7   0.0000000000
2   10   5   8   0.0150322918
2   10   5   10   -0.0000000000
3   6   1   7   -0.0054809285
3   6   1   8   0.0000000000
3   6   1   10   0.0039841585
3   6   2   6   -0.0000000000
3   6   2   7   0.0058903434
3   6   2   8   0.0000000000
3   6   2   10   -0.0041053394
3   6   3   6   0.0003127700
3   6   3   8   0.0021002584
3   6   3   10   0.0000000000
3   6   4   6   -0.0000000000
3   6   4   7   0.0008837112
3   6   4   10   -0.0009049528
3   7   1   6   0.0000000000
3   7   1   7   0.0045141660
3   7   1   10   -0.0029383850
3   7   2   6   -0.0000000000
3   7   2   7   -0.0192047387
3   7   2   8   0.0000000000
3   7   2   10   0.0051296780
3   7   3   6   0.0432808939
3   7   3   7   -0.0000000000
3   7   3   8   0.0163672149
3   7   3   10   -0.0000000000
3   7   4   6   0.0000000000
3   7   4   7   -0.0017708592
3   7   4   8   -0.0000000000
3   7   4   10   0.0103892124
3   7   5   9   0.0000000000
3   8   1   6   -0.0025234984
3   8   1   7   0.0000000000
3   8   1   8   -0.0015220990
3   8   1   10   0.0000000000
3   8   2   6   0.0042675394
3   8   2   7   0.0000000000
3   8   2   8   -0.0057883405
3   8   2   10   -0.0000000000
3   8   3   6   0.0000000000
3   8   3   7   -0.0528451734
3   8   3   8   0.0000000000
3   8   3   10   0.0114054043
3   8   4   6   0.0002726987
3   8   4   7   -0.0000000000
3   8   4   8   0.0072062896
3   8   4   10   0.0000000000
3   8   5   9   -0.0061635967
3   9   1   6   0.0000000000
3   9   1   7   0.0012725610
3   9   1   8   -0.0000000000
3   9   1   10   -0.0027906403
3   9   2   6   -0.0000000000
3   9   2   7   -0.0054270681
3   9   2   8   0.0000000000
3   9   2   10   0.0241422277
3   9   3   6   -0.0212806341
3   9   3   7   -0.0000000000
3   9   3   8   0.0512955543
3   9   3   10   -0.0000000000
3   9   4   6   0.0000000000
3   9   4   7   -0.0043084406
3   9   4   8   -0.0000000000
3   9   4   10   0.0006150837
3   9   5   9   -0.0000000000
3   10   1   9   -0.0000000000
3   10   2   9   -0.0000000000
3   10   3   9   -0.0810992620
3   10   5   6   0.0000000000
3   10   5   7   -0.0046163548
3   10   5   8   -0.0000000000
3   10   5   10   0.0037476401
4   6   1   6   -0.0006620459
4   6   1   7   0.0000000000
4   6   1   8   0.0088443167
4   6   1   10   0.0000000000
4   6   2   6   0.0049483098
4   6   2   7   -0.0000000000
4   6   2   8   -0.0040361365
4   6   2   10   0.0000000000
4   6   3   6   -0.0000000000
4   6   3   7   0.0008342371
4   6   3   8   -0.0000000000
4   6   3   10   -0.0008620273
4   6   4   6   0.0037565482
4   6   4   7   -0.0000000000
4   6   4   8   -0.0008094010
4   6   4   10   -0.0000000000
4   6   5   9   0.0032383185
4   7   1   6   0.0047659530
4   7   1   7   0.0000000000
4   7   1   8   -0.0027267243
4   7   1   10   0.0000000000
4   7   2   6   -0.0107760994
4   7   2   7   0.0000000000
4   7   2   8   0.0152852786
4   7   2   10   -0.0000000000
4   7   3   6   0.0000000000
4   7   3   7   -0.0020234204
4   7   3   8   -0.0000000000
4   7   3   10   0.0105827046
4   7   4   6   0.0394136295
4   7   4   7   0.0000000000
4   7   4   8   0.0307758629
4   7   4   10   0.0000000000
4   7   5   9   -0.0073306601
4   8   1   7   -0.0003542425
4   8   1   8   -0.0000000000
4   8   1   10   -0.0017422273
4   8   2   6   0.0000000000
4   8   2   7   -0.0044445873
4   8   2   8   -0.0000000000
4   8   2   10   0.0211698347
4   8   3   6   0.0006307219
4   8   3   7   -0.0000000000
4   8   3   8   0.0075479455
4   8   3   10   -0.0000000000
4   8   4   6   0.0000000000
4   8   4   7   -0.0493320209
4   8   4   8   -0.0000000000
4   8   4   10   0.0219140789
4   8   5   9   -0.0000000000
4   9   1   6   -0.0016031605
4   9   1   7   0.0000000000
4   9   1   8   -0.0033742956
4   9   1   10   0.0000000000
4   9   2   6   0.0005358572
4   9   2   7   0.0000000000
4   9   2   8   0.0122674227
4   9   2   10   0.0000000000
4   9   3   6   0.0000000000
4   9   3   7   -0.0044737691
4   9   3   8   -0.0000000000
4   9   3   10   0.0010004182
4   9   4   6   -0.0296987142
4   9   4   7   0.0000000000
4   9   4   8   0.0662500880
4   9   4   10   0.0000000000
4   9   5   9   -0.0095700362
4   10   1   9   -0.0005503116
4   10   2   9   -0.0078286418
4   10   3   9   0.0000000000
4   10   4   9   -0.0886387368
4   10   5   6   -0.0009987869
4   10   5   7   0.0000000000
4   10   5   8   0.0078094891
4   10   5   10   0.0000000000
5   6   1   9   -0.0120883055
5   6   2   9   0.0107154123
5   6   4   9   0.0033375620
5   6   5   6   0.0014116971
5   6   5   7   0.0000000000
5   6   5   8   0.0016767036
5   6   5   10   -0.0000000000
5   7   1   9   0.0084485274
5   7   2   9   -0.0287026895
5   7   3   9   0.0000000000
5   7   4   9   -0.0071139311
5   7   5   6   0.0484826244
5   7   5   7   0.0000000000
5   7   5   8   0.0301688980
5   7   5   10   0.0000000000
5   8   1   9   -0.0000000000
5   8   2   9   0.0000000000
5   8   3   9   -0.0065568074
5   8   4   9   -0.0000000000
5   8   5   6   0.0000000000
5   8   5   7   -0.0508426267
5   8   5   8   -0.0000000000
5   8   5   10   0.0209972483
5   9   1   9   0.0026815346
5   9   2   9   -0.0076676145
5   9   4   9   -0.0098130468
5   9   5   6   -0.0259726235
5   9   5   7   0.0000000001
5   9   5   8   0.0559465042
5   9   5   10   0.0000000000
5   10   1   6   -0.0033673452
5   10   1   7   0.0000000000
5   10   1   8   -0.0042503763
5   10   1   10   0.0000000000
5   10   2   6   0.0097839095
5   10   2   7   -0.0000000000
5   10   2   8   0.0145303300
5   10   2   10   -0.0000000000
5   10   3   6   0.0000000000
5   10   3   7   -0.0050100914
5   10   3   8   -0.0000000000
5   10   3   10   0.0040798436
5   10   4   6   -0.0016315852
5   10   4   7   0.0000000000
5   10   4   8   0.0074679979
5   10   4   10   0.0000000000
5   10   5   9   -0.1077649175

End IJKA Block
Begin IABC Block
1   6   1   6   -0.0002249127
1   6   1   7   -0.0000000000
1   6   1   8   0.0002050621
1   6   1   10   -0.0000000000
1   6   2   6   -0.0000000000
1   6   2   7   -0.0004156540
1   6   2   8   -0.0000000000
1   6   2   10   0.0000673464
1   6   3   6   0.0005045304
1   6   3   7   0.0000000000
1   6   3   8   -0.0001295543
1   6   3   10   0.0000000000
1   6   4   9   -0.0010662676
1   6   5   6   0.0000000000
1   6   5   7   0.0002772511
1   6   5   8   0.0000000000
1   6   5   10   -0.0000360903
1   7   1   6   -0.0000000000
1   7   1   7   -0.0000276917
1   7   1   8   -0.0000000000
1   7   1   10   0.0000350826
1   7   2   6   -0.0004182204
1   7   2   8   -0.0002380015
1   7   2   10   0.0000000000
1   7   3   6   0.0000000000
1   7   3   7   0.0001656354
1   7   3   8   0.0000000000
1   7   3   10   -0.0001298215
1   7   5   6   0.0002795602
1   7   5   7   -0.0000000000
1   7   5   8   0.0001750846
1   7   5   10   -0.0000000000
1   8   1   6   0.0002083586
1   8   1   7   -0.0000000000
1   8   1   8   0.0005246777
1   8   1   10   -0.0000000000
1   8   2   6   -0.0000000000
1   8   2   7   -0.0002389885
1   8   2   8   0.0000000000
1   8   2   10   -0.0000983570
1   8   3   6   -0.0001313930
1   8   3   7   0.0000000000
1   8   3   8   -0.0003011486
1   8   3   10   0.0000000000
1   8   4   9   -0.0006407952
1   8   5   6   0.0000000000
1   8   5   7   0.0001752635
1   8   5   8   -0.0000000000
1   8   5   10   0.0000724492
1   9   1   9   0.0002019254
1   9   2   9   -0.0000000000
1   9   3   9   0.0002033108
1   9   4   6   -0.0010787698
1   9   4   8   -0.0006489372
1   9   5   9   0.0000000000
1   10   1   6   -0.0000000000
1   10   1   7   0.0000376181
1   10   1   8   -0.0000000000
1   10   1   10   0.0001287131
1   10   2   6   0.0000717199
1   10   2   7   0.0000000000
1   10   2   8   -0.0001007680
1   10   2   10   0.0000000000
1   10   3   6   0.0000000000
1   10   3   7   -0.0001318577
1   10   3   8   0.0000000000
1   10   3   10   -0.0000779632
1   10   5   6   -0.0000368633
1   10   5   7   -0.0000000000
1   10   5   8   0.0000748315
1   10   5   10   -0.0000000000
2   6   1   6   0.0031875731
2   6   1   7   -0.0000000000
2   6   1   8   0.0004826421
2   6   1   10   -0.0000000000
2   6   2   6   -0.0000000001
2   6   2   7   -0.0005511536
2   6   2   8   -0.0000000004
2   6   2   10   0.0005787117
2   6   3   6   0.0011437880
2   6   3   7   0.0000000001
2   6   3   8   -0.0011953603
2   6   3   10   0.0000000000
2   6   4   9   0.0000964498
2   6   5   6   -0.0000000001
2   6   5   7   0.0015711673
2   6   5   8   -0.0000000003
2   6   5   10   -0.0037768768
2   7   1   6   -0.0000000000
2   7   1   7   0.0013833110
2   7   1   8   -0.0000000001
2   7   1   10   -0.0005577060
2   7   2   6   -0.0005127192
2   7   2   7   0.0000000000
2   7   2   8   0.0004347388
2   7   2   10   0.0000000001
2   7   3   6   0.0000000001
2   7   3   7   0.0004385349
2   7   3   8   0.0000000003
2   7   3   10   -0.0012128310
2   7   4   9   0.0000000000
2   7   5   6   0.0015333347
2   7   5   7   0.0000000000
2   7   5   8   -0.0013482855
2   7   5   10   0.0000000001
2   8   1   6   0.0004027583
2   8   1   7   -0.0000000001
2   8   1   8   0.0028286293
2   8   1   10   -0.0000000001
2   8   2   6   -0.0000000004
2   8   2   7   0.0004346267
2   8   2   8   0.0000000004
2   8   2   10   -0.0003714057
2   8   3   6   -0.0012030474
2   8   3   7   0.0000000003
2   8   3   8   0.0010957294
2   8   3   10   0.0000000002
2   8   4   9   0.0017552392
2   8   5   6   -0.0000000003
2   8   5   7   -0.0013117163
2   8   5   8   0.0000000003
2   8   5   10   -0.0029102173
2   9   1   9   0.0064253028
2   9   2   9   -0.0000000000
2   9   3   9   0.0045311934
2   9   4   6   0.0002366296
2   9   4   7   -0.0000000000
2   9   4   8   0.0017788156
2   9   4   10   -0.0000000000
2   9   5   9   -0.0000000000
2   10   1   6   -0.0000000000
2   10   1   7   -0.0004994882
2   10   1   8   -0.0000000001
2   10   1   10   0.0023564537
2   10   2   6   0.0005957906
2   10   2   7   0.0000000001
2   10   2   8   -0.0003478637
2   10   2   10   0.0000000006
2   10   3   6   0.0000000000
2   10   3   7   -0.0011687930
2   10   3   8   0.0000000002
2   10   3   10   -0.0002424458
2   10   4   9   0.0000000000
2   10   5   6   -0.0039435815
2   10   5   7   0.0000000001
2   10   5   8   -0.0029354867
2   10   5   10   0.0000000004
3   6   1   6   -0.0000000000
3   6   1   7   0.0082276367
3   6   1   8   -0.0000000001
3   6   1   10   -0.0019509960
3   6   2   6   -0.0022409113
3   6   2   7   0.0000000000
3   6   2   8   -0.0016027595
3   6   2   10   -0.0000000000
3   6   3   6   0.0000000000
3   6   3   7   0.0060287494
3   6   3   8   0.0000000001
3   6   3   10   0.0007293441
3   6   5   6   -0.0061085733
3   6   5   7   -0.0000000001
3   6   5   8   0.0067744115
3   6   5   10   -0.0000000000
3   7   1   6   0.0081175692
3   7   1   7   0.0000000000
3   7   1   8   0.0016476939
3   7   1   10   0.0000000000
3   7   2   6   0.0000000000
3   7   2   7   0.0000764894
3   7   2   8   0.0000000001
3   7   2   10   -0.0001061466
3   7   3   6   0.0059155018
3   7   3   7   -0.0000000000
3   7   3   8   0.0025684445
3   7   3   10   -0.0000000000
3   7   4   9   0.0009997148
3   7   5   6   -0.0000000001
3   7   5   7   -0.0038918551
3   7   5   8   -0.0000000004
3   7   5   10   0.0063710764
3   8   1   6   -0.0000000001
3   8   1   7   0.0018296182
3   8   1   8   0.0000000001
3   8   1   10   0.0049434827
3   8   2   6   -0.0015409611
3   8   2   7   0.0000000001
3   8   2   8   -0.0069851433
3   8   2   10   0.0000000000
3   8   3   6   0.0000000001
3   8   3   7   0.0027405169
3   8   3   8   -0.0000000001
3   8   3   10   0.0060133130
3   8   5   6   0.0065585539
3   8   5   7   -0.0000000004
3   8   5   8   0.0092667072
3   8   5   10   -0.0000000003
3   9   1   9   -0.0000000000
3   9   2   9   -0.0089955146
3   9   3   9   0.0000000000
3   9   4   6   0.0000000000
3   9   4   7   0.0009599993
3   9   4   8   0.0000000000
3   9   4   10   0.0008763479
3   9   5   9   0.0039744872
3   10   1   6   -0.0021113507
3   10   1   7   0.0000000000
3   10   1   8   0.0051324678
3   10   1   10   0.0000000001
3   10   2   6   0.0000000000
3   10   2   7   -0.0002111737
3   10   2   8   0.0000000000
3   10   2   10   -0.0051187947
3   10   3   6   0.0006803437
3   10   3   7   -0.0000000000
3   10   3   8   0.0062345883
3   10   3   10   -0.0000000001
3   10   4   9   0.0008280177
3   10   5   6   -0.0000000000
3   10   5   7   0.0067085899
3   10   5   8   -0.0000000003
3   10   5   10   0.0026692530
4   6   1   6   0.0027257264
4   6   1   7   -0.0000000002
4   6   1   8   -0.0056730311
4   6   1   10   -0.0000000001
4   6   2   6   -0.0000000002
4   6   2   7   0.0039997434
4   6   2   8   -0.0000000007
4   6   2   10   -0.0020927451
4   6   3   6   0.0059372946
4   6   3   7   0.0000000003
4   6   3   8   -0.0012090451
4   6   3   10   0.0000000001
4   6   4   9   0.0007609247
4   6   5   6   -0.0000000001
4   6   5   7   -0.0108470144
4   6   5   8   -0.0000000003
4   6   5   10   0.0014515888
4   7   1   6   -0.0000000002
4   7   1   7   0.0026040412
4   7   1   8   -0.0000000008
4   7   1   10   -0.0042677994
4   7   2   6   0.0039694487
4   7   2   7   0.0000000000
4   7   2   8   0.0003835276
4   7   2   10   0.0000000002
4   7   3   6   0.0000000003
4   7   3   7   0.0053118459
4   7   3   8   0.0000000012
4   7   3   10   -0.0036268219
4   7   4   9   -0.0000000000
4   7   5   6   -0.0107539233
4   7   5   7   0.0000000000
4   7   5   8   -0.0031986615
4   7   5   10   0.0000000001
4   8   1   6   -0.0054764936
4   8   1   7   -0.0000000008
4   8   1   8   -0.0080346639
4   8   1   10   -0.0000000005
4   8   2   6   -0.0000000007
4   8   2   7   0.0004783088
4   8   2   8   0.0000000006
4   8   2   10   0.0007198167
4   8   3   6   -0.0010876217
4   8   3   7   0.0000000012
4   8   3   8   0.0008039858
4   8   3   10   0.0000000008
4   8   4   9   -0.0010287695
4   8   5   6   -0.0000000003
4   8   5   7   -0.0034397271
4   8   5   8   0.0000000004
4   8   5   10   -0.0096569569
4   9   1   9   -0.0053265124
4   9   2   9   -0.0000000001
4   9   3   9   0.0087775385
4   9   4   6   0.0008027276
4   9   4   7   -0.0000000000
4   9   4   8   -0.0010312366
4   9   4   10   -0.0000000000
4   9   5   9   -0.0000000000
4   10   1   6   -0.0000000001
4   10   1   7   -0.0044381044
4   10   1   8   -0.0000000005
4   10   1   10   -0.0038658154
4   10   2   6   -0.0021846358
4   10   2   7   0.0000000002
4   10   2   8   0.0008434185
4   10   2   10   0.0000000011
4   10   3   6   0.0000000001
4   10   3   7   -0.0036917038
4   10   3   8   0.0000000008
4   10   3   10   0.0034398268
4   10   5   6   0.0016561759
4   10   5   7   0.0000000001
4   10   5   8   -0.0100712822
4   10   5   10   0.0000000005
5   6   1   9   0.0061973346
5   6   2   9   -0.0000000000
5   6   3   9   -0.0014573218
5   6   4   6   -0.0065631241
5   6   4   7   -0.0000000001
5   6   4   8   -0.0025737273
5   6   4   10   -0.0000000001
5   6   5   9   -0.0000000000
5   7   1   9   -0.0000000000
5   7   2   9   0.0006593081
5   7   3   9   0.0000000000
5   7   4   6   -0.0000000001
5   7   4   7   -0.0052639999
5   7   4   8   -0.0000000005
5   7   4   10   0.0027451761
5   7   5   9   0.0005836264
5   8   1   9   -0.0006062278
5   8   2   9   0.0000000000
5   8   3   9   0.0012194846
5   8   4   6   -0.0025922783
5   8   4   7   -0.0000000005
5   8   4   8   -0.0099605037
5   8   4   10   -0.0000000003
5   8   5   9   0.0000000000
5   9   1   6   0.0060295288
5   9   1   7   0.0000000000
5   9   1   8   -0.0006625048
5   9   1   10   0.0000000000
5   9   2   6   0.0000000000
5   9   2   7   0.0006328577
5   9   2   8   0.0000000000
5   9   2   10   0.0004788549
5   9   3   6   -0.0015455722
5   9   3   7   0.0000000000
5   9   3   8   0.0011647191
5   9   3   10   -0.0000000000
5   9   4   9   -0.0103745801
5   9   5   6   0.0000000000
5   9   5   7   0.0006223440
5   9   5   8   0.0000000000
5   9   5   10   0.0016771092
5   10   1   9   -0.0000000000
5   10   2   9   0.0004186331
5   10   3   9   0.0000000000
5   10   4   6   -0.0000000001
5   10   4   7   0.0026947775
5   10   4   8   -0.0000000003
5   10   4   10   -0.0099449080
5   10   5   9   0.0018603590

End IABC Block
