Begin IJ Block
1   1   -33.0220093845
1   2   -0.5826715446
1   4   0.1844598755
2   2   -7.8713437191
2   4   0.2168363115
3   3   -6.7636059601
4   4   -6.9051725076
5   5   -7.0222952145

End IJ Block
Begin IA Block
1   1   0.1354590653
1   2   -0.0000000000
1   3   0.0000000000
1   4   0.0868020005
2   1   0.6630193562
2   2   -0.0000000000
2   3   0.0000000000
2   4   0.1455104815
3   1   0.0000000000
3   2   0.7650640091
3   3   -0.2959656628
3   4   -0.0000000000
4   1   0.3273152693
4   2   -0.0000000000
4   3   -0.0000000000
4   4   -0.8303515800

End IA Block
Begin AB Block
1   1   -2.7959118004
1   2   0.0000000000
1   3   -0.0000000000
1   4   0.0349958114
2   2   -2.4337210896
2   3   0.4680347599
2   4   0.0000000000
3   3   -3.1891603844
3   4   -0.0000000000
4   4   -2.9814459870

End AB Block
Begin IJAB Block
1   6   1   5   0.0062397998
1   6   1   8   0.0006609689
1   6   2   6   0.0032601130
1   6   2   7   -0.0024359617
1   6   3   6   -0.0024359617
1   6   3   7   0.0018075203
1   6   4   5   0.0006609689
1   6   4   8   0.0052633839
1   7   1   5   -0.0007994408
1   7   1   8   0.0018934418
1   7   2   6   -0.0027227834
1   7   2   7   0.0016941502
1   7   3   6   0.0019935831
1   7   3   7   -0.0013937285
1   7   4   5   0.0025486478
1   7   4   8   -0.0021687964
1   8   1   6   0.0000544033
1   8   1   7   -0.0009531355
1   8   2   5   -0.0016121293
1   8   2   8   -0.0001343710
1   8   3   5   0.0011828046
1   8   3   8   0.0003240541
1   8   4   6   0.0001793306
1   8   4   7   0.0012462175
1   9   1   5   -0.0010137516
1   9   1   8   -0.0015154175
1   9   2   6   0.0009262892
1   9   2   7   -0.0020334405
1   9   3   6   -0.0008473859
1   9   3   7   0.0015720143
1   9   4   5   0.0011133304
1   9   4   8   0.0015499852
2   6   1   5   -0.0007994408
2   6   1   8   0.0025486478
2   6   2   6   -0.0027227834
2   6   2   7   0.0019935831
2   6   3   6   0.0016941502
2   6   3   7   -0.0013937285
2   6   4   5   0.0018934418
2   6   4   8   -0.0021687964
2   7   1   5   0.0236261334
2   7   1   8   -0.0002689461
2   7   2   6   0.0107942009
2   7   2   7   -0.0069091752
2   7   3   6   -0.0069091752
2   7   3   7   0.0169853188
2   7   3   8   0.0000000000
2   7   4   5   -0.0002689461
2   7   4   7   0.0000000000
2   7   4   8   0.0121253300
2   8   1   6   0.0179963985
2   8   1   7   -0.0078486039
2   8   2   5   0.0085182625
2   8   2   8   0.0000978685
2   8   3   5   -0.0072590149
2   8   3   8   -0.0056420697
2   8   4   6   0.0037135035
2   8   4   7   -0.0080862985
2   9   1   5   0.0128497757
2   9   1   8   -0.0137302180
2   9   2   6   -0.0018656902
2   9   2   7   0.0055667769
2   9   3   6   0.0019217129
2   9   3   7   0.0022797836
2   9   4   5   -0.0029486635
2   9   4   8   -0.0083827638
3   6   1   6   -0.0016121293
3   6   1   7   0.0011828046
3   6   2   5   0.0000544033
3   6   2   8   0.0001793306
3   6   3   5   -0.0009531355
3   6   3   8   0.0012462175
3   6   4   6   -0.0001343710
3   6   4   7   0.0003240541
3   7   1   6   0.0085182625
3   7   1   7   -0.0072590149
3   7   2   5   0.0179963985
3   7   2   8   0.0037135035
3   7   3   5   -0.0078486039
3   7   3   8   -0.0080862985
3   7   4   6   0.0000978685
3   7   4   7   -0.0056420697
3   8   1   5   0.0145685489
3   8   1   8   0.0054012082
3   8   2   6   0.0251267451
3   8   2   7   -0.0167637504
3   8   2   8   -0.0000000000
3   8   3   6   -0.0167637504
3   8   3   7   0.0386413923
3   8   3   8   0.0000000000
3   8   4   5   0.0054012082
3   8   4   6   -0.0000000000
3   8   4   7   0.0000000000
3   8   4   8   0.0124934686
3   9   1   6   0.0046561525
3   9   1   7   -0.0096885439
3   9   2   5   0.0102449392
3   9   2   8   -0.0162915625
3   9   3   5   -0.0112340220
3   9   3   8   0.0064535359
3   9   4   6   -0.0009268944
3   9   4   7   -0.0079400391
4   6   1   5   -0.0010137516
4   6   1   8   0.0011133304
4   6   2   6   0.0009262892
4   6   2   7   -0.0008473859
4   6   3   6   -0.0020334405
4   6   3   7   0.0015720143
4   6   4   5   -0.0015154175
4   6   4   8   0.0015499852
4   7   1   5   0.0128497757
4   7   1   8   -0.0029486635
4   7   2   6   -0.0018656902
4   7   2   7   0.0019217129
4   7   3   6   0.0055667769
4   7   3   7   0.0022797836
4   7   4   5   -0.0137302180
4   7   4   8   -0.0083827638
4   8   1   6   0.0102449392
4   8   1   7   -0.0112340220
4   8   2   5   0.0046561525
4   8   2   8   -0.0009268944
4   8   3   5   -0.0096885439
4   8   3   8   -0.0079400391
4   8   4   6   -0.0162915625
4   8   4   7   0.0064535359
4   9   1   5   0.0137453735
4   9   1   8   -0.0067559420
4   9   2   6   0.0072277253
4   9   2   7   -0.0105491630
4   9   3   6   -0.0105491630
4   9   3   7   0.0306727126
4   9   4   5   -0.0067559420
4   9   4   8   0.0305610036
5   10   1   5   0.0105860988
5   10   1   8   0.0008127245
5   10   2   6   0.0046154158
5   10   2   7   -0.0028616114
5   10   3   6   -0.0028616114
5   10   3   7   0.0050220928
5   10   3   8   0.0000000000
5   10   4   5   0.0008127245
5   10   4   7   0.0000000000
5   10   4   8   0.0104312893

End IJAB Block
Begin IJKL Block
1   6   1   6   4.7184626974
1   6   1   7   0.4279966940
1   6   1   9   -0.1359662404
1   6   2   6   0.4279966940
1   6   2   7   0.0594491069
1   6   2   9   -0.0160921219
1   6   3   8   0.0165941447
1   6   4   6   -0.1359662404
1   6   4   7   -0.0160921219
1   6   4   9   0.0259222204
1   6   5   10   0.0250810002
1   7   1   6   0.4279966940
1   7   1   7   1.0480066767
1   7   1   9   -0.0832062734
1   7   2   6   0.0634116677
1   7   2   7   0.0146920656
1   7   2   9   -0.0074158204
1   7   3   8   -0.0228851654
1   7   4   6   -0.0160210375
1   7   4   7   -0.0145052111
1   7   4   9   -0.0219473296
1   7   5   10   -0.0281414757
1   8   1   8   0.8920274903
1   8   2   8   0.0075097635
1   8   3   6   0.0211890526
1   8   3   7   -0.0237221446
1   8   3   9   0.0030560889
1   8   4   8   -0.0075613474
1   9   1   6   -0.1359662404
1   9   1   7   -0.0832062734
1   9   1   9   0.9805135993
1   9   2   6   -0.0160210375
1   9   2   7   -0.0076786189
1   9   2   9   0.0134074384
1   9   3   8   0.0026893212
1   9   4   6   0.0308773715
1   9   4   7   -0.0226081237
1   9   4   9   0.0080841344
1   9   5   10   0.0084895224
1   10   1   10   1.0227104436
1   10   2   10   0.0121215710
1   10   4   10   -0.0048003449
1   10   5   6   0.0305068026
1   10   5   7   -0.0284924096
1   10   5   9   0.0088236913
2   6   1   6   0.4279966940
2   6   1   7   0.0634116677
2   6   1   9   -0.0160210375
2   6   2   6   1.0480066767
2   6   2   7   0.0146920656
2   6   2   9   -0.0145052111
2   6   3   8   -0.0228851654
2   6   4   6   -0.0832062734
2   6   4   7   -0.0074158204
2   6   4   9   -0.0219473296
2   6   5   10   -0.0281414757
2   7   1   6   0.0594491069
2   7   1   7   0.0146920656
2   7   1   9   -0.0076786189
2   7   2   6   0.0146920656
2   7   2   7   0.7437359797
2   7   2   9   0.0168588046
2   7   3   8   0.1408577257
2   7   4   6   -0.0076786189
2   7   4   7   0.0168588046
2   7   4   9   0.1129420029
2   7   5   10   0.1152517095
2   8   1   8   0.0075097635
2   8   2   8   0.6744784543
2   8   3   6   -0.0237221446
2   8   3   7   0.1458525073
2   8   3   9   0.0136079110
2   8   4   8   0.0117510014
2   9   1   6   -0.0160921219
2   9   1   7   -0.0074158204
2   9   1   9   0.0134074384
2   9   2   6   -0.0145052111
2   9   2   7   0.0168588046
2   9   2   9   0.6684025241
2   9   3   8   0.0138779833
2   9   4   6   -0.0226081237
2   9   4   7   0.1176984539
2   9   4   9   -0.0624590239
2   9   5   10   -0.0272363803
2   10   1   10   0.0121215710
2   10   2   10   0.6955977352
2   10   4   10   -0.0310318489
2   10   5   6   -0.0284924096
2   10   5   7   0.1194725309
2   10   5   9   -0.0270127439
3   6   1   8   0.0211890526
3   6   2   8   -0.0237221446
3   6   3   6   0.8920274903
3   6   3   7   0.0075097635
3   6   3   9   -0.0075613474
3   6   4   8   0.0030560889
3   7   1   8   -0.0237221446
3   7   2   8   0.1458525073
3   7   3   6   0.0075097635
3   7   3   7   0.6744784543
3   7   3   9   0.0117510014
3   7   4   8   0.0136079110
3   8   1   6   0.0165941447
3   8   1   7   -0.0228851654
3   8   1   9   0.0026893212
3   8   2   6   -0.0228851654
3   8   2   7   0.1408577257
3   8   2   9   0.0138779833
3   8   3   8   0.6505153719
3   8   4   6   0.0026893212
3   8   4   7   0.0138779833
3   8   4   9   0.0299903159
3   8   5   10   0.0211133367
3   9   1   8   0.0030560889
3   9   2   8   0.0136079110
3   9   3   6   -0.0075613474
3   9   3   7   0.0117510014
3   9   3   9   0.5987429477
3   9   4   8   0.0358806857
3   10   3   10   0.6117847585
3   10   5   8   0.0273471434
4   6   1   6   -0.1359662404
4   6   1   7   -0.0160210375
4   6   1   9   0.0308773715
4   6   2   6   -0.0832062734
4   6   2   7   -0.0076786189
4   6   2   9   -0.0226081237
4   6   3   8   0.0026893212
4   6   4   6   0.9805135993
4   6   4   7   0.0134074384
4   6   4   9   0.0080841344
4   6   5   10   0.0084895224
4   7   1   6   -0.0160921219
4   7   1   7   -0.0145052111
4   7   1   9   -0.0226081237
4   7   2   6   -0.0074158204
4   7   2   7   0.0168588046
4   7   2   9   0.1176984539
4   7   3   8   0.0138779833
4   7   4   6   0.0134074384
4   7   4   7   0.6684025241
4   7   4   9   -0.0624590239
4   7   5   10   -0.0272363803
4   8   1   8   -0.0075613474
4   8   2   8   0.0117510014
4   8   3   6   0.0030560889
4   8   3   7   0.0136079110
4   8   3   9   0.0358806857
4   8   4   8   0.5987429477
4   9   1   6   0.0259222204
4   9   1   7   -0.0219473296
4   9   1   9   0.0080841344
4   9   2   6   -0.0219473296
4   9   2   7   0.1129420029
4   9   2   9   -0.0624590239
4   9   3   8   0.0299903159
4   9   4   6   0.0080841344
4   9   4   7   -0.0624590239
4   9   4   9   0.6945344157
4   9   5   10   0.0312685916
4   10   1   10   -0.0048003449
4   10   2   10   -0.0310318489
4   10   4   10   0.6405622371
4   10   5   6   0.0088236913
4   10   5   7   -0.0270127439
4   10   5   9   0.0370718842
5   6   1   10   0.0305068026
5   6   2   10   -0.0284924096
5   6   4   10   0.0088236913
5   6   5   6   1.0227104436
5   6   5   7   0.0121215710
5   6   5   9   -0.0048003449
5   7   1   10   -0.0284924096
5   7   2   10   0.1194725309
5   7   4   10   -0.0270127439
5   7   5   6   0.0121215710
5   7   5   7   0.6955977352
5   7   5   9   -0.0310318489
5   8   3   10   0.0273471434
5   8   5   8   0.6117847585
5   9   1   10   0.0088236913
5   9   2   10   -0.0270127439
5   9   4   10   0.0370718842
5   9   5   6   -0.0048003449
5   9   5   7   -0.0310318489
5   9   5   9   0.6405622371
5   10   1   6   0.0250810002
5   10   1   7   -0.0281414757
5   10   1   9   0.0084895224
5   10   2   6   -0.0281414757
5   10   2   7   0.1152517095
5   10   2   9   -0.0272363803
5   10   3   8   0.0211133367
5   10   4   6   0.0084895224
5   10   4   7   -0.0272363803
5   10   4   9   0.0312685916
5   10   5   10   0.7141553142

End IJKL Block
Begin ABCD Block
1   5   1   5   0.2449014928
1   5   1   6   0.0000000000
1   5   1   8   -0.0159743619
1   5   2   5   0.0000000000
1   5   2   6   0.0602064952
1   5   2   7   -0.0009253914
1   5   2   8   -0.0000000000
1   5   3   6   -0.0009253914
1   5   3   7   0.0191390607
1   5   3   8   0.0000000000
1   5   4   5   -0.0159743619
1   5   4   6   -0.0000000000
1   5   4   7   0.0000000000
1   5   4   8   0.0312994228
1   6   1   5   0.0000000000
1   6   1   6   0.2310011300
1   6   1   7   -0.0199890130
1   6   2   5   0.0602036337
1   6   2   6   -0.0000000000
1   6   2   8   0.0021099764
1   6   3   5   -0.0009138120
1   6   3   8   0.0061165439
1   6   4   5   -0.0000000000
1   6   4   6   -0.0094385056
1   6   4   7   0.0102550632
1   6   4   8   0.0000000000
1   7   1   6   -0.0199890130
1   7   1   7   0.2528691742
1   7   1   8   -0.0000000000
1   7   2   5   -0.0009138120
1   7   2   8   0.0170834381
1   7   3   5   0.0191293476
1   7   3   7   0.0000000000
1   7   3   8   0.0128609061
1   7   4   5   0.0000000000
1   7   4   6   0.0102470810
1   7   4   7   0.0105806399
1   7   4   8   -0.0000000000
1   8   1   5   -0.0159743619
1   8   1   7   -0.0000000000
1   8   1   8   0.2383034318
1   8   2   5   -0.0000000000
1   8   2   6   0.0021028916
1   8   2   7   0.0170932287
1   8   2   8   -0.0000000000
1   8   3   5   0.0000000000
1   8   3   6   0.0061076445
1   8   3   7   0.0128815982
1   8   3   8   0.0000000000
1   8   4   5   0.0313021626
1   8   4   6   0.0000000000
1   8   4   7   -0.0000000000
1   8   4   8   0.0100217374
2   5   1   5   0.0000000000
2   5   1   6   0.0602036337
2   5   1   7   -0.0009138120
2   5   1   8   -0.0000000000
2   5   2   5   0.2310011300
2   5   2   6   -0.0000000000
2   5   2   8   -0.0094385056
2   5   3   5   -0.0199890130
2   5   3   8   0.0102550632
2   5   4   6   0.0021099764
2   5   4   7   0.0061165439
2   5   4   8   0.0000000000
2   6   1   5   0.0602064952
2   6   1   6   -0.0000000000
2   6   1   8   0.0021028916
2   6   2   5   -0.0000000000
2   6   2   6   0.2357784078
2   6   2   7   -0.0158125321
2   6   3   6   -0.0158125321
2   6   3   7   0.0147997319
2   6   4   5   0.0021028916
2   6   4   8   0.0056896835
2   7   1   5   -0.0009253914
2   7   1   8   0.0170932287
2   7   2   6   -0.0158125321
2   7   2   7   0.2318565154
2   7   2   8   0.0000000000
2   7   3   6   0.0148214960
2   7   3   7   -0.0231122325
2   7   3   8   -0.0000000000
2   7   4   5   0.0061076445
2   7   4   7   -0.0000000000
2   7   4   8   0.0042099268
2   8   1   5   -0.0000000000
2   8   1   6   0.0021099764
2   8   1   7   0.0170834381
2   8   1   8   -0.0000000000
2   8   2   5   -0.0094385056
2   8   2   7   0.0000000000
2   8   2   8   0.2118627502
2   8   3   5   0.0102470810
2   8   3   7   -0.0000000000
2   8   3   8   -0.0149211146
2   8   4   5   0.0000000000
2   8   4   6   0.0057062342
2   8   4   7   0.0041833198
2   8   4   8   0.0000000000
3   5   1   6   -0.0009138120
3   5   1   7   0.0191293476
3   5   1   8   0.0000000000
3   5   2   5   -0.0199890130
3   5   2   8   0.0102470810
3   5   3   5   0.2528691742
3   5   3   7   0.0000000000
3   5   3   8   0.0105806399
3   5   4   5   -0.0000000000
3   5   4   6   0.0170834381
3   5   4   7   0.0128609061
3   5   4   8   -0.0000000000
3   6   1   5   -0.0009253914
3   6   1   8   0.0061076445
3   6   2   6   -0.0158125321
3   6   2   7   0.0148214960
3   6   3   6   0.2318565154
3   6   3   7   -0.0231122325
3   6   3   8   -0.0000000000
3   6   4   5   0.0170932287
3   6   4   6   0.0000000000
3   6   4   7   -0.0000000000
3   6   4   8   0.0042099268
3   7   1   5   0.0191390607
3   7   1   7   0.0000000000
3   7   1   8   0.0128815982
3   7   2   6   0.0147997319
3   7   2   7   -0.0231122325
3   7   2   8   -0.0000000000
3   7   3   5   0.0000000000
3   7   3   6   -0.0231122325
3   7   3   7   0.3212575251
3   7   3   8   0.0000000000
3   7   4   5   0.0128815982
3   7   4   6   -0.0000000000
3   7   4   7   0.0000000000
3   7   4   8   0.0257266214
3   8   1   5   0.0000000000
3   8   1   6   0.0061165439
3   8   1   7   0.0128609061
3   8   1   8   0.0000000000
3   8   2   5   0.0102550632
3   8   2   7   -0.0000000000
3   8   2   8   -0.0149211146
3   8   3   5   0.0105806399
3   8   3   6   -0.0000000000
3   8   3   7   0.0000000000
3   8   3   8   0.2865203599
3   8   4   5   -0.0000000000
3   8   4   6   0.0041833198
3   8   4   7   0.0257723185
3   8   4   8   -0.0000000000
4   5   1   5   -0.0159743619
4   5   1   6   -0.0000000000
4   5   1   7   0.0000000000
4   5   1   8   0.0313021626
4   5   2   6   0.0021028916
4   5   2   7   0.0061076445
4   5   2   8   0.0000000000
4   5   3   5   -0.0000000000
4   5   3   6   0.0170932287
4   5   3   7   0.0128815982
4   5   3   8   -0.0000000000
4   5   4   5   0.2383034318
4   5   4   6   -0.0000000000
4   5   4   7   0.0000000000
4   5   4   8   0.0100217374
4   6   1   5   -0.0000000000
4   6   1   6   -0.0094385056
4   6   1   7   0.0102470810
4   6   1   8   0.0000000000
4   6   2   5   0.0021099764
4   6   2   8   0.0057062342
4   6   3   5   0.0170834381
4   6   3   6   0.0000000000
4   6   3   7   -0.0000000000
4   6   3   8   0.0041833198
4   6   4   5   -0.0000000000
4   6   4   6   0.2118627502
4   6   4   7   -0.0149211146
4   6   4   8   0.0000000000
4   7   1   5   0.0000000000
4   7   1   6   0.0102550632
4   7   1   7   0.0105806399
4   7   1   8   -0.0000000000
4   7   2   5   0.0061165439
4   7   2   7   -0.0000000000
4   7   2   8   0.0041833198
4   7   3   5   0.0128609061
4   7   3   6   -0.0000000000
4   7   3   7   0.0000000000
4   7   3   8   0.0257723185
4   7   4   5   0.0000000000
4   7   4   6   -0.0149211146
4   7   4   7   0.2865203599
4   7   4   8   -0.0000000000
4   8   1   5   0.0312994228
4   8   1   6   0.0000000000
4   8   1   7   -0.0000000000
4   8   1   8   0.0100217374
4   8   2   5   0.0000000000
4   8   2   6   0.0056896835
4   8   2   7   0.0042099268
4   8   2   8   0.0000000000
4   8   3   5   -0.0000000000
4   8   3   6   0.0042099268
4   8   3   7   0.0257266214
4   8   3   8   -0.0000000000
4   8   4   5   0.0100217374
4   8   4   6   0.0000000000
4   8   4   7   -0.0000000000
4   8   4   8   0.2964017141

End ABCD Block
Begin AIJB Block
1   6   1   5   0.0056762463
1   6   1   8   0.0005993999
1   6   2   5   -0.0004429549
1   6   2   8   0.0024328319
1   6   3   6   -0.0013326081
1   6   3   7   0.0008774283
1   6   4   5   -0.0006740213
1   6   4   8   0.0010072137
1   7   1   5   -0.0004429549
1   7   1   8   0.0017999037
1   7   2   5   0.0187538596
1   7   2   8   -0.0006005554
1   7   3   6   0.0056753718
1   7   3   7   -0.0043825217
1   7   4   5   0.0099974881
1   7   4   8   -0.0019309520
1   8   1   6   0.0003436145
1   8   1   7   -0.0011307799
1   8   2   6   0.0153187637
1   8   2   7   -0.0058482060
1   8   3   5   0.0109781339
1   8   3   8   0.0045608443
1   8   4   6   0.0094461191
1   8   4   7   -0.0104283016
1   9   1   5   -0.0006740213
1   9   1   8   -0.0016445578
1   9   2   5   0.0099974881
1   9   2   8   -0.0130884861
1   9   3   6   0.0039062043
1   9   3   7   -0.0083696476
1   9   4   5   0.0112498583
1   9   4   8   -0.0067027537
1   10   5   5   0.0076134553
1   10   5   8   0.0001018942
2   6   1   6   0.0029912340
2   6   1   7   -0.0022601706
2   6   2   6   -0.0024715649
2   6   2   7   0.0018280658
2   6   3   5   0.0003436145
2   6   3   8   0.0003096057
2   6   4   6   0.0008792104
2   6   4   7   -0.0008262412
2   7   1   6   -0.0024715649
2   7   1   7   0.0015252566
2   7   2   6   0.0086456686
2   7   2   7   -0.0057819402
2   7   3   5   0.0153187637
2   7   3   8   0.0029562752
2   7   4   6   -0.0014705774
2   7   4   7   0.0015275537
2   8   1   5   -0.0013326081
2   8   1   8   -0.0000372263
2   8   2   5   0.0056753718
2   8   2   8   -0.0008049510
2   8   3   6   0.0218573148
2   8   3   7   -0.0151858074
2   8   4   5   0.0039062043
2   8   4   8   0.0001671280
2   9   1   6   0.0008792104
2   9   1   7   -0.0019587289
2   9   2   6   -0.0014705774
2   9   2   7   0.0053459159
2   9   3   5   0.0094461191
2   9   3   8   -0.0159188084
2   9   4   6   0.0053087475
2   9   4   7   -0.0095088582
2   10   5   6   0.0031180944
2   10   5   7   -0.0022304462
3   6   1   6   -0.0022601706
3   6   1   7   0.0017504247
3   6   2   6   0.0015252566
3   6   2   7   -0.0012405881
3   6   3   5   -0.0011307799
3   6   3   8   0.0010999622
3   6   4   6   -0.0019587289
3   6   4   7   0.0016159830
3   7   1   6   0.0018280658
3   7   1   7   -0.0012405881
3   7   2   6   -0.0057819402
3   7   2   7   0.0151908144
3   7   3   5   -0.0058482060
3   7   3   8   -0.0069275365
3   7   4   6   0.0053459159
3   7   4   7   0.0014681845
3   8   1   5   0.0008774283
3   8   1   8   0.0001682362
3   8   2   5   -0.0043825217
3   8   2   8   -0.0039875788
3   8   3   6   -0.0151858074
3   8   3   7   0.0362047096
3   8   4   5   -0.0083696476
3   8   4   8   -0.0090924607
3   9   1   6   -0.0008262412
3   9   1   7   0.0016159830
3   9   2   6   0.0015275537
3   9   2   7   0.0014681845
3   9   3   5   -0.0104283016
3   9   3   8   0.0064793736
3   9   4   6   -0.0095088582
3   9   4   7   0.0300245356
3   10   5   6   -0.0022304462
3   10   5   7   0.0052119220
4   6   1   5   0.0005993999
4   6   1   8   0.0048874527
4   6   2   5   0.0017999037
4   6   2   8   -0.0019280493
4   6   3   6   -0.0000372263
4   6   3   7   0.0001682362
4   6   4   5   -0.0016445578
4   6   4   8   0.0012505151
4   7   1   5   0.0024328319
4   7   1   8   -0.0019280493
4   7   2   5   -0.0006005554
4   7   2   8   0.0106372957
4   7   3   6   -0.0008049510
4   7   3   7   -0.0039875788
4   7   4   5   -0.0130884861
4   7   4   8   -0.0069305637
4   8   1   6   0.0003096057
4   8   1   7   0.0010999622
4   8   2   6   0.0029562752
4   8   2   7   -0.0069275365
4   8   3   5   0.0045608443
4   8   3   8   0.0117740858
4   8   4   6   -0.0159188084
4   8   4   7   0.0064793736
4   9   1   5   0.0010072137
4   9   1   8   0.0012505151
4   9   2   5   -0.0019309520
4   9   2   8   -0.0069305637
4   9   3   6   0.0001671280
4   9   3   7   -0.0090924607
4   9   4   5   -0.0067027537
4   9   4   8   0.0290272850
4   10   5   5   0.0001018942
4   10   5   8   0.0106515225

1   6   6   1   -0.3215236717
1   6   6   2   0.0000000000
1   6   6   4   0.0068239981
1   6   7   1   -0.0009502423
1   6   7   4   -0.0003333068
1   6   8   2   0.0031808021
1   6   8   3   -0.0004631390
1   6   9   1   0.0038919074
1   6   9   4   -0.0024689060
1   7   6   1   -0.0009502423
1   7   6   4   -0.0003434880
1   7   7   1   -0.2997926949
1   7   7   2   0.0000000000
1   7   7   4   0.0085186293
1   7   8   1   -0.0000000000
1   7   8   2   -0.0355183463
1   7   8   3   0.0041006826
1   7   9   1   -0.0200611987
1   7   9   4   0.0215073874
1   8   6   2   0.0031955939
1   8   6   3   -0.0005649322
1   8   7   1   -0.0000000000
1   8   7   2   -0.0354853913
1   8   7   3   0.0044482807
1   8   8   1   -0.2948876665
1   8   8   4   0.0024502568
1   8   9   2   -0.0107945020
1   8   9   3   0.0098438980
1   9   6   1   0.0038919074
1   9   6   4   -0.0024760952
1   9   7   1   -0.0200611987
1   9   7   4   0.0214597513
1   9   8   2   -0.0109477086
1   9   8   3   0.0098334149
1   9   9   1   -0.2830319382
1   9   9   4   -0.0020242676
1   10   10   1   -0.2867395368
1   10   10   2   0.0000000000
1   10   10   4   0.0035154644
2   6   6   1   0.0000000000
2   6   6   2   -0.2871111568
2   6   6   3   0.0676440864
2   6   6   4   0.0000000000
2   6   7   2   -0.0009091486
2   6   7   3   0.0008336812
2   6   8   1   0.0031955939
2   6   8   4   0.0008693599
2   6   9   2   0.0011964677
2   6   9   3   -0.0001169899
2   7   6   2   -0.0009091486
2   7   6   3   0.0008127954
2   7   7   1   0.0000000000
2   7   7   2   -0.2644406586
2   7   7   3   0.0487933113
2   7   7   4   0.0000000000
2   7   8   1   -0.0354853913
2   7   8   2   0.0000000000
2   7   8   4   -0.0046023522
2   7   9   2   -0.0097609063
2   7   9   3   0.0039671707
2   8   6   1   0.0031808021
2   8   6   4   0.0009385197
2   8   7   1   -0.0355183463
2   8   7   2   0.0000000000
2   8   7   4   -0.0048105399
2   8   8   2   -0.2683076431
2   8   8   3   0.0492491600
2   8   8   4   0.0000000000
2   8   9   1   -0.0109477086
2   8   9   4   0.0033442853
2   9   6   2   0.0011964677
2   9   6   3   -0.0001899458
2   9   7   2   -0.0097609063
2   9   7   3   0.0041742613
2   9   8   1   -0.0107945020
2   9   8   4   0.0032273228
2   9   9   2   -0.2521596237
2   9   9   3   0.0456700552
2   9   9   4   0.0000000000
2   10   10   1   0.0000000000
2   10   10   2   -0.2537492560
2   10   10   3   0.0420634221
2   10   10   4   0.0000000000
3   6   6   2   0.0676440864
3   6   6   3   -0.3915829568
3   6   6   4   -0.0000000000
3   6   7   2   0.0008127954
3   6   7   3   -0.0007720309
3   6   8   1   -0.0005649322
3   6   8   4   -0.0000362396
3   6   9   2   -0.0001899458
3   6   9   3   -0.0003277594
3   7   6   2   0.0008336812
3   7   6   3   -0.0007720309
3   7   7   2   0.0487933113
3   7   7   3   -0.3732634478
3   7   7   4   -0.0000000000
3   7   8   1   0.0044482807
3   7   8   4   -0.0079673633
3   7   9   2   0.0041742613
3   7   9   3   -0.0006546131
3   8   6   1   -0.0004631390
3   8   6   4   -0.0001308981
3   8   7   1   0.0041006826
3   8   7   4   -0.0077273020
3   8   8   2   0.0492491600
3   8   8   3   -0.3767888333
3   8   8   4   -0.0000000000
3   8   9   1   0.0098334149
3   8   9   4   0.0027538533
3   9   6   2   -0.0001169899
3   9   6   3   -0.0003277594
3   9   7   2   0.0039671707
3   9   7   3   -0.0006546131
3   9   8   1   0.0098438980
3   9   8   4   0.0029888331
3   9   9   2   0.0456700552
3   9   9   3   -0.3697877415
3   9   9   4   -0.0000000000
3   10   10   2   0.0420634221
3   10   10   3   -0.3544575114
4   6   6   1   0.0068239981
4   6   6   2   0.0000000000
4   6   6   3   -0.0000000000
4   6   6   4   -0.3878625453
4   6   7   1   -0.0003434880
4   6   7   4   -0.0020454871
4   6   8   2   0.0009385197
4   6   8   3   -0.0001308981
4   6   9   1   -0.0024760952
4   6   9   4   -0.0021772278
4   7   6   1   -0.0003333068
4   7   6   4   -0.0020454871
4   7   7   1   0.0085186293
4   7   7   2   0.0000000000
4   7   7   3   -0.0000000000
4   7   7   4   -0.3428899182
4   7   8   2   -0.0048105399
4   7   8   3   -0.0077273020
4   7   8   4   -0.0000000000
4   7   9   1   0.0214597513
4   7   9   4   0.0173193986
4   8   6   2   0.0008693599
4   8   6   3   -0.0000362396
4   8   7   2   -0.0046023522
4   8   7   3   -0.0079673633
4   8   7   4   -0.0000000000
4   8   8   1   0.0024502568
4   8   8   2   0.0000000000
4   8   8   3   -0.0000000000
4   8   8   4   -0.3328008440
4   8   9   2   0.0032273228
4   8   9   3   0.0029888331
4   9   6   1   -0.0024689060
4   9   6   4   -0.0021772278
4   9   7   1   0.0215073874
4   9   7   4   0.0173193986
4   9   8   2   0.0033442853
4   9   8   3   0.0027538533
4   9   9   1   -0.0020242676
4   9   9   2   0.0000000000
4   9   9   3   -0.0000000000
4   9   9   4   -0.3528297988
4   10   10   1   0.0035154644
4   10   10   2   0.0000000000
4   10   10   4   -0.3412625593

End AIJB Block
Begin IJKA Block
1   6   1   5   -0.1103325072
1   6   1   6   0.0000000000
1   6   1   7   -0.0000000000
1   6   1   8   -0.0674762869
1   6   2   5   -0.0178102105
1   6   2   8   -0.0089345504
1   6   3   6   -0.0078619533
1   6   3   7   0.0059496693
1   6   4   5   -0.0002486905
1   6   4   8   0.0121386229
1   7   1   5   -0.1338696437
1   7   1   6   0.0000000000
1   7   1   7   -0.0000000000
1   7   1   8   -0.0410836079
1   7   2   5   -0.0022221770
1   7   2   8   -0.0026559836
1   7   3   6   0.0068142064
1   7   3   7   -0.0041096457
1   7   4   5   0.0065928241
1   7   4   8   -0.0057235403
1   8   1   5   -0.0000000000
1   8   1   6   -0.1395481069
1   8   1   7   0.0746727513
1   8   1   8   0.0000000000
1   8   2   6   -0.0011955309
1   8   2   7   0.0016132238
1   8   3   5   0.0036141678
1   8   3   8   -0.0001416913
1   8   4   6   0.0003297513
1   8   4   7   0.0037778685
1   9   1   5   -0.0576132988
1   9   1   6   0.0000000000
1   9   1   7   0.0000000000
1   9   1   8   0.1617602658
1   9   2   5   0.0006540804
1   9   2   8   0.0030782248
1   9   3   6   -0.0023225348
1   9   3   7   0.0054917409
1   9   4   5   0.0027959609
1   9   4   8   0.0039305808
1   10   5   5   0.0056537821
1   10   5   8   0.0058388043
2   6   1   5   -0.0187780786
2   6   1   8   -0.0093840327
2   6   2   5   -0.0011843105
2   6   2   8   -0.0057368259
2   6   3   6   0.0089648174
2   6   3   7   -0.0065456444
2   6   4   5   0.0064808355
2   6   4   8   -0.0080652471
2   7   1   5   -0.0012678155
2   7   1   8   -0.0022850782
2   7   2   5   -0.0766634523
2   7   2   6   0.0000000000
2   7   2   7   -0.0000000000
2   7   2   8   -0.0063963067
2   7   3   6   -0.0282287201
2   7   3   7   0.0037666099
2   7   3   8   0.0000000000
2   7   4   5   -0.0129654608
2   7   4   8   0.0236708652
2   8   1   6   -0.0004826041
2   8   1   7   0.0009178315
2   8   2   5   -0.0000000000
2   8   2   6   -0.0817620211
2   8   2   7   0.0160820961
2   8   2   8   0.0000000000
2   8   3   5   -0.0034165702
2   8   3   8   0.0204870705
2   8   4   6   0.0107162763
2   8   4   7   -0.0416255225
2   9   1   5   0.0008150734
2   9   1   8   0.0023026459
2   9   2   5   -0.0370826595
2   9   2   6   0.0000000000
2   9   2   7   0.0000000000
2   9   2   8   0.0833486703
2   9   3   6   0.0122664117
2   9   3   7   -0.0466298395
2   9   4   5   -0.0001723090
2   9   4   8   -0.0185566696
2   10   5   5   -0.0153144685
2   10   5   8   -0.0242502075
3   6   1   6   -0.0086073080
3   6   1   7   0.0067855064
3   6   2   6   0.0091723021
3   6   2   7   -0.0068613998
3   6   3   5   -0.0005006547
3   6   3   8   -0.0029692908
3   6   4   6   -0.0013920563
3   6   4   7   0.0015873424
3   7   1   6   0.0068657407
3   7   1   7   -0.0045440411
3   7   2   6   -0.0278311205
3   7   2   7   0.0045010147
3   7   2   8   0.0000000000
3   7   3   5   -0.0569097442
3   7   3   6   0.0000000000
3   7   3   8   0.0006988137
3   7   4   6   0.0039857548
3   7   4   7   -0.0190883681
3   8   1   5   0.0033866741
3   8   1   8   0.0000124418
3   8   2   5   -0.0034874678
3   8   2   8   0.0195513225
3   8   3   6   -0.0739091709
3   8   3   7   0.0090268942
3   8   3   8   0.0000000000
3   8   4   5   0.0012548726
3   8   4   8   0.0098887811
3   9   1   6   -0.0022367058
3   9   1   7   0.0050271384
3   9   2   6   0.0114080055
3   9   2   7   -0.0437946393
3   9   3   5   -0.0246310679
3   9   3   7   0.0000000000
3   9   3   8   0.0709821307
3   9   4   6   -0.0059871016
3   9   4   7   -0.0000050236
3   10   5   6   -0.0074857815
3   10   5   7   0.0068751777
4   6   1   5   -0.0005237066
4   6   1   8   0.0129276073
4   6   2   5   0.0066366728
4   6   2   8   -0.0081690808
4   6   3   6   -0.0013400468
4   6   3   7   0.0015307373
4   6   4   5   -0.0051493415
4   6   4   8   0.0030847979
4   7   1   5   0.0062987222
4   7   1   8   -0.0056739785
4   7   2   5   -0.0130036948
4   7   2   8   0.0231042896
4   7   3   6   0.0042381407
4   7   3   7   -0.0195407275
4   7   4   5   -0.0530708391
4   7   4   7   -0.0000000000
4   7   4   8   -0.0240648899
4   8   1   6   0.0002928925
4   8   1   7   0.0033200983
4   8   2   6   0.0099080924
4   8   2   7   -0.0391726998
4   8   3   5   0.0019915961
4   8   3   8   0.0106910131
4   8   4   6   -0.0714644241
4   8   4   7   0.0307661994
4   8   4   8   0.0000000000
4   9   1   5   0.0023627875
4   9   1   8   0.0038167617
4   9   2   5   -0.0003627019
4   9   2   8   -0.0173952957
4   9   3   6   -0.0056773266
4   9   3   7   -0.0007023820
4   9   4   5   -0.0355757370
4   9   4   6   0.0000000000
4   9   4   7   0.0000000000
4   9   4   8   0.0919857941
4   10   5   5   -0.0008789042
4   10   5   8   0.0123841589
5   6   5   5   -0.0019997239
5   6   5   8   -0.0015251219
5   7   5   5   -0.0676546161
5   7   5   6   0.0000000000
5   7   5   7   -0.0000000000
5   7   5   8   -0.0231627311
5   8   5   6   -0.0758545495
5   8   5   7   0.0309537605
5   8   5   8   0.0000000000
5   9   5   5   -0.0324595522
5   9   5   6   0.0000000000
5   9   5   7   0.0000000000
5   9   5   8   0.0818423987
5   10   1   5   0.0050345931
5   10   1   8   0.0053726350
5   10   2   5   -0.0147038698
5   10   2   8   -0.0228351251
5   10   3   6   -0.0073967408
5   10   3   7   0.0069588657
5   10   4   5   -0.0012366625
5   10   4   8   0.0110387791

End IJKA Block
Begin IABC Block
1   5   1   5   0.0004014064
1   5   1   8   -0.0005434050
1   5   2   6   0.0011168600
1   5   2   7   -0.0001723083
1   5   3   6   -0.0007989217
1   5   3   7   0.0001011517
1   5   4   5   -0.0013875144
1   5   4   8   0.0008216520
1   6   1   6   -0.0000337354
1   6   1   7   0.0001940350
1   6   2   5   0.0011234316
1   6   2   8   0.0003308099
1   6   3   5   -0.0008043587
1   6   3   8   -0.0003008475
1   6   4   6   -0.0004647789
1   6   4   7   0.0000837227
1   7   1   6   0.0001850015
1   7   1   7   -0.0002384225
1   7   2   5   -0.0001854063
1   7   2   8   -0.0000395604
1   7   3   5   0.0000995157
1   7   3   8   0.0000389934
1   7   4   6   0.0000938972
1   7   4   7   0.0000698670
1   8   1   5   -0.0005490866
1   8   1   8   -0.0009321013
1   8   2   6   0.0003402330
1   8   2   7   -0.0000545005
1   8   3   6   -0.0003062662
1   8   3   7   0.0000505645
1   8   4   5   0.0008234376
1   8   4   8   0.0007035233
2   5   1   5   -0.0077864650
2   5   1   8   0.0019828799
2   5   2   6   0.0008659521
2   5   2   7   -0.0011567247
2   5   3   6   -0.0044260946
2   5   3   7   0.0086881820
2   5   3   8   -0.0000000000
2   5   4   5   0.0002858318
2   5   4   7   -0.0000000000
2   5   4   8   0.0043674610
2   6   1   6   -0.0045953681
2   6   1   7   0.0032234284
2   6   2   5   0.0007774856
2   6   2   8   -0.0007469451
2   6   3   5   -0.0043520473
2   6   3   8   0.0024500439
2   6   4   6   -0.0001509482
2   6   4   7   0.0020741691
2   7   1   6   0.0031016748
2   7   1   7   -0.0081818295
2   7   2   5   -0.0012187381
2   7   2   8   0.0005667816
2   7   3   5   0.0093010041
2   7   3   7   0.0000000000
2   7   3   8   0.0048536405
2   7   4   5   -0.0000000000
2   7   4   6   0.0020534789
2   7   4   7   0.0032344953
2   7   4   8   -0.0000000000
2   8   1   5   0.0020601969
2   8   1   8   -0.0088532491
2   8   2   6   -0.0007764085
2   8   2   7   0.0005655292
2   8   2   8   -0.0000000000
2   8   3   5   -0.0000000000
2   8   3   6   0.0023507959
2   8   3   7   0.0049701628
2   8   3   8   -0.0000000000
2   8   4   5   0.0044205198
2   8   4   7   -0.0000000000
2   8   4   8   -0.0023743522
3   5   1   6   0.0149531543
3   5   1   7   -0.0008426672
3   5   1   8   -0.0000000000
3   5   2   5   -0.0053742058
3   5   2   8   -0.0017035503
3   5   3   5   -0.0110400340
3   5   3   8   0.0130069823
3   5   4   6   0.0106073507
3   5   4   7   0.0021260213
3   6   1   5   0.0146728867
3   6   1   8   0.0014259242
3   6   2   6   -0.0026053777
3   6   2   7   0.0043242002
3   6   3   6   -0.0083039298
3   6   3   7   0.0070228967
3   6   4   5   0.0103561188
3   6   4   8   0.0025665076
3   7   1   5   -0.0012360275
3   7   1   8   0.0064517241
3   7   2   6   0.0040845830
3   7   2   7   -0.0157794169
3   7   3   6   0.0079998502
3   7   3   7   -0.0056149650
3   7   3   8   -0.0000000000
3   7   4   5   0.0021369237
3   7   4   7   0.0000000000
3   7   4   8   0.0062882291
3   8   1   5   -0.0000000000
3   8   1   6   0.0018643742
3   8   1   7   0.0058923880
3   8   1   8   -0.0000000000
3   8   2   5   -0.0015920301
3   8   2   8   -0.0180460060
3   8   3   5   0.0125576706
3   8   3   7   -0.0000000000
3   8   3   8   0.0094326809
3   8   4   6   0.0030086492
3   8   4   7   0.0057893122
3   8   4   8   0.0000000000
4   5   1   5   0.0019058922
4   5   1   8   -0.0076483917
4   5   2   6   0.0090868193
4   5   2   7   -0.0020935388
4   5   3   6   -0.0209462138
4   5   3   7   0.0014964933
4   5   4   5   0.0094159999
4   5   4   7   0.0000000000
4   5   4   8   -0.0007898549
4   6   1   6   0.0042667787
4   6   1   7   -0.0028116830
4   6   2   5   0.0090197912
4   6   2   8   0.0006581945
4   6   3   5   -0.0207181021
4   6   3   8   -0.0022100222
4   6   4   6   0.0109394488
4   6   4   7   -0.0064792360
4   7   1   6   -0.0032307517
4   7   1   7   -0.0054962229
4   7   2   5   -0.0023676504
4   7   2   8   0.0021438477
4   7   3   5   0.0020893381
4   7   3   7   -0.0000000000
4   7   3   8   -0.0112082033
4   7   4   5   0.0000000000
4   7   4   6   -0.0066429897
4   7   4   7   0.0164324542
4   8   1   5   -0.0072525603
4   8   1   8   -0.0104601260
4   8   2   6   0.0009232640
4   8   2   7   0.0017517689
4   8   3   6   -0.0028789458
4   8   3   7   -0.0099313839
4   8   3   8   -0.0000000000
4   8   4   5   -0.0005473059
4   8   4   8   0.0114576918

End IABC Block
