Number of strings: 126 126, CI size = 15876
String addressing array alpha: 5 9
0 35 50 55 56 56 56 56 56
0 0 20 30 34 35 35 35 35
0 0 0 10 16 19 20 20 20
0 0 0 0 4 7 9 10 10
0 0 0 0 0 1 2 3 4

Alpha strings 126 5
1 2 3 4 5
1 2 3 4 6
1 2 3 4 7
1 2 3 4 8
1 2 3 4 9
1 2 3 5 6
1 2 3 5 7
1 2 3 5 8
1 2 3 5 9
1 2 3 6 7
1 2 3 6 8
1 2 3 6 9
1 2 3 7 8
1 2 3 7 9
1 2 3 8 9
1 2 4 5 6
1 2 4 5 7
1 2 4 5 8
1 2 4 5 9
1 2 4 6 7
1 2 4 6 8
1 2 4 6 9
1 2 4 7 8
1 2 4 7 9
1 2 4 8 9
1 2 5 6 7
1 2 5 6 8
1 2 5 6 9
1 2 5 7 8
1 2 5 7 9
1 2 5 8 9
1 2 6 7 8
1 2 6 7 9
1 2 6 8 9
1 2 7 8 9
1 3 4 5 6
1 3 4 5 7
1 3 4 5 8
1 3 4 5 9
1 3 4 6 7
1 3 4 6 8
1 3 4 6 9
1 3 4 7 8
1 3 4 7 9
1 3 4 8 9
1 3 5 6 7
1 3 5 6 8
1 3 5 6 9
1 3 5 7 8
1 3 5 7 9
1 3 5 8 9
1 3 6 7 8
1 3 6 7 9
1 3 6 8 9
1 3 7 8 9
1 4 5 6 7
1 4 5 6 8
1 4 5 6 9
1 4 5 7 8
1 4 5 7 9
1 4 5 8 9
1 4 6 7 8
1 4 6 7 9
1 4 6 8 9
1 4 7 8 9
1 5 6 7 8
1 5 6 7 9
1 5 6 8 9
1 5 7 8 9
1 6 7 8 9
2 3 4 5 6
2 3 4 5 7
2 3 4 5 8
2 3 4 5 9
2 3 4 6 7
2 3 4 6 8
2 3 4 6 9
2 3 4 7 8
2 3 4 7 9
2 3 4 8 9
2 3 5 6 7
2 3 5 6 8
2 3 5 6 9
2 3 5 7 8
2 3 5 7 9
2 3 5 8 9
2 3 6 7 8
2 3 6 7 9
2 3 6 8 9
2 3 7 8 9
2 4 5 6 7
2 4 5 6 8
2 4 5 6 9
2 4 5 7 8
2 4 5 7 9
2 4 5 8 9
2 4 6 7 8
2 4 6 7 9
2 4 6 8 9
2 4 7 8 9
2 5 6 7 8
2 5 6 7 9
2 5 6 8 9
2 5 7 8 9
2 6 7 8 9
3 4 5 6 7
3 4 5 6 8
3 4 5 6 9
3 4 5 7 8
3 4 5 7 9
3 4 5 8 9
3 4 6 7 8
3 4 6 7 9
3 4 6 8 9
3 4 7 8 9
3 5 6 7 8
3 5 6 7 9
3 5 6 8 9
3 5 7 8 9
3 6 7 8 9
4 5 6 7 8
4 5 6 7 9
4 5 6 8 9
4 5 7 8 9
4 6 7 8 9
5 6 7 8 9

Is hamiltonian hermitian? 1
Implicit Hamiltonian constructed
E(core)= 9.189534427600
H(1,1) + E(core) energy = -76.384980952400
Davidson: iter=0 dim=0 root=0 eigenvalue=-85.574515380000
Davidson: iter=1 dim=1 root=0 eigenvalue=-85.577009642335
Davidson: iter=2 dim=2 root=0 eigenvalue=-85.577077946962
Davidson: iter=3 dim=3 root=0 eigenvalue=-85.577079077712
Davidson: iter=4 dim=4 root=0 eigenvalue=-85.577079096455
Davidson: iter=5 dim=5 root=0 eigenvalue=-85.577079096724
Davidson: iter=6 dim=6 root=0 eigenvalue=-85.577079096728
Davidson: iter=7 dim=7 root=0 eigenvalue=-85.577079096728
root no. 0 converged
Davidson converged in 7 iterations.
E(core)= 9.189534427600
E(0)= -76.387544669128
FCI Excitation energies = 1
0.000000000000

Vacuum coefficients in CI state 0 = -0.999292035020
Eigenvector 0 in string basis
0: -0.999292035020 seniority 0 ... 5
1 2 3 4 5
 | 5
1 2 3 4 5

Seniority vectors for all roots (nroots/seniority)
1 6
0.999191970521 0.000294224229 -0.998848886611 0.035723477730 1.000000000000 0.000000000000

Calculating transition densities
Root 0 MO occupations numbers (density matrix diagonal)
9
1.999999828342 1.999626316138 1.998923181940 1.998829503161 1.999880130409 0.000786096084 0.000604328956 0.000706651508 0.000643963463
Transition densities done:
Trandens between roots 0 0
9 9
1.999999828342 -0.000000478228 0.000000000000 0.000000126208 0.000000000000 0.000204295253 0.000000000000 0.000231697450 0.000000000000
-0.000000478228 1.999626316138 0.000000000000 0.000082293539 0.000000000000 0.000883269444 0.000000000000 0.007065025843 0.000000000000
0.000000000000 0.000000000000 1.998923181940 0.000000000000 0.000000000000 0.000000000000 0.000019058345 0.000000000000 0.001108784905
0.000000126208 0.000082293539 0.000000000000 1.998829503161 0.000000000000 -0.006026544934 0.000000000000 0.009889243628 0.000000000000
0.000000000000 0.000000000000 0.000000000000 0.000000000000 1.999880130409 0.000000000000 0.000000000000 0.000000000000 0.000000000000
0.000204295253 0.000883269444 0.000000000000 -0.006026544934 0.000000000000 0.000786096084 0.000000000000 -0.000058792945 0.000000000000
0.000000000000 0.000000000000 0.000019058345 0.000000000000 0.000000000000 0.000000000000 0.000604328956 0.000000000000 -0.000461887138
0.000231697450 0.007065025843 0.000000000000 0.009889243628 0.000000000000 -0.000058792945 0.000000000000 0.000706651508 0.000000000000
0.000000000000 0.000000000000 0.001108784905 0.000000000000 0.000000000000 0.000000000000 -0.000461887138 0.000000000000 0.000643963463

State 0 :
Natural orbital occupations
9
1.999999877200 1.999880130409 1.999668680689 1.998923797348 1.998879615776 0.001086147991 0.000774766010 0.000625455559 0.000161529020
Natural orbitals (in MO basis)
9 9
0.999998606099 -0.000000000002 0.001577988470 -0.000000000000 -0.000523336821 -0.000000000000 0.000074119421 0.000135561921 0.000000000000
0.001483590594 -0.000000000001 -0.989156336638 -0.000000000000 -0.146815721301 -0.000000000000 -0.000348124825 0.003544493757 0.000000000000
0.000000000000 -0.000000000000 -0.000000000000 -0.999999846017 0.000000000000 0.000394032459 0.000000000000 0.000000000000 -0.000390774628
0.000749038376 -0.000000000000 -0.146797226503 -0.000000000000 0.989149343693 -0.000000000000 -0.004033200170 0.004162018839 0.000000000000
-0.000000000002 -1.000000000000 0.000000000001 0.000000000000 -0.000000000000 -0.000000000000 -0.000000000000 0.000000000000 0.000000000000
0.000100581502 0.000000000000 0.000005782790 -0.000000000000 -0.003048503467 -0.000000000000 -0.975382750637 -0.220497587823 -0.000000000000
0.000000000000 -0.000000000000 -0.000000000000 -0.000009408934 0.000000000000 0.692025802960 -0.000000000000 -0.000000000000 0.721872764377
0.000124834236 -0.000000000000 -0.004222072865 0.000000000000 0.004376367867 0.000000000000 0.220481510270 -0.975372190269 -0.000000000000
-0.000000000000 0.000000000000 0.000000000000 -0.000554867426 -0.000000000000 -0.721872656897 0.000000000000 -0.000000000000 0.692025692692

