Number of strings: 1287 1287, CI size = 1656369
String addressing array alpha: 5 13
0 330 540 666 736 771 786 791 792 792 792 792 792
0 0 120 204 260 295 315 325 329 330 330 330 330
0 0 0 36 64 85 100 110 116 119 120 120 120
0 0 0 0 8 15 21 26 30 33 35 36 36
0 0 0 0 0 1 2 3 4 5 6 7 8

Alpha strings 1287 5
1 2 3 4 5
1 2 3 4 6
1 2 3 4 7
1 2 3 4 8
1 2 3 4 9
1 2 3 4 10
1 2 3 4 11
1 2 3 4 12
1 2 3 4 13
1 2 3 5 6
1 2 3 5 7
1 2 3 5 8
1 2 3 5 9
1 2 3 5 10
1 2 3 5 11
1 2 3 5 12
1 2 3 5 13
1 2 3 6 7
1 2 3 6 8
1 2 3 6 9
1 2 3 6 10
1 2 3 6 11
1 2 3 6 12
1 2 3 6 13
1 2 3 7 8
1 2 3 7 9
1 2 3 7 10
1 2 3 7 11
1 2 3 7 12
1 2 3 7 13
1 2 3 8 9
1 2 3 8 10
1 2 3 8 11
1 2 3 8 12
1 2 3 8 13
1 2 3 9 10
1 2 3 9 11
1 2 3 9 12
1 2 3 9 13
1 2 3 10 11
1 2 3 10 12
1 2 3 10 13
1 2 3 11 12
1 2 3 11 13
1 2 3 12 13
1 2 4 5 6
1 2 4 5 7
1 2 4 5 8
1 2 4 5 9
1 2 4 5 10
1 2 4 5 11
1 2 4 5 12
1 2 4 5 13
1 2 4 6 7
1 2 4 6 8
1 2 4 6 9
1 2 4 6 10
1 2 4 6 11
1 2 4 6 12
1 2 4 6 13
1 2 4 7 8
1 2 4 7 9
1 2 4 7 10
1 2 4 7 11
1 2 4 7 12
1 2 4 7 13
1 2 4 8 9
1 2 4 8 10
1 2 4 8 11
1 2 4 8 12
1 2 4 8 13
1 2 4 9 10
1 2 4 9 11
1 2 4 9 12
1 2 4 9 13
1 2 4 10 11
1 2 4 10 12
1 2 4 10 13
1 2 4 11 12
1 2 4 11 13
1 2 4 12 13
1 2 5 6 7
1 2 5 6 8
1 2 5 6 9
1 2 5 6 10
1 2 5 6 11
1 2 5 6 12
1 2 5 6 13
1 2 5 7 8
1 2 5 7 9
1 2 5 7 10
1 2 5 7 11
1 2 5 7 12
1 2 5 7 13
1 2 5 8 9
1 2 5 8 10
1 2 5 8 11
1 2 5 8 12
1 2 5 8 13
1 2 5 9 10
1 2 5 9 11
1 2 5 9 12
1 2 5 9 13
1 2 5 10 11
1 2 5 10 12
1 2 5 10 13
1 2 5 11 12
1 2 5 11 13
1 2 5 12 13
1 2 6 7 8
1 2 6 7 9
1 2 6 7 10
1 2 6 7 11
1 2 6 7 12
1 2 6 7 13
1 2 6 8 9
1 2 6 8 10
1 2 6 8 11
1 2 6 8 12
1 2 6 8 13
1 2 6 9 10
1 2 6 9 11
1 2 6 9 12
1 2 6 9 13
1 2 6 10 11
1 2 6 10 12
1 2 6 10 13
1 2 6 11 12
1 2 6 11 13
1 2 6 12 13
1 2 7 8 9
1 2 7 8 10
1 2 7 8 11
1 2 7 8 12
1 2 7 8 13
1 2 7 9 10
1 2 7 9 11
1 2 7 9 12
1 2 7 9 13
1 2 7 10 11
1 2 7 10 12
1 2 7 10 13
1 2 7 11 12
1 2 7 11 13
1 2 7 12 13
1 2 8 9 10
1 2 8 9 11
1 2 8 9 12
1 2 8 9 13
1 2 8 10 11
1 2 8 10 12
1 2 8 10 13
1 2 8 11 12
1 2 8 11 13
1 2 8 12 13
1 2 9 10 11
1 2 9 10 12
1 2 9 10 13
1 2 9 11 12
1 2 9 11 13
1 2 9 12 13
1 2 10 11 12
1 2 10 11 13
1 2 10 12 13
1 2 11 12 13
1 3 4 5 6
1 3 4 5 7
1 3 4 5 8
1 3 4 5 9
1 3 4 5 10
1 3 4 5 11
1 3 4 5 12
1 3 4 5 13
1 3 4 6 7
1 3 4 6 8
1 3 4 6 9
1 3 4 6 10
1 3 4 6 11
1 3 4 6 12
1 3 4 6 13
1 3 4 7 8
1 3 4 7 9
1 3 4 7 10
1 3 4 7 11
1 3 4 7 12
1 3 4 7 13
1 3 4 8 9
1 3 4 8 10
1 3 4 8 11
1 3 4 8 12
1 3 4 8 13
1 3 4 9 10
1 3 4 9 11
1 3 4 9 12
1 3 4 9 13
1 3 4 10 11
1 3 4 10 12
1 3 4 10 13
1 3 4 11 12
1 3 4 11 13
1 3 4 12 13
1 3 5 6 7
1 3 5 6 8
1 3 5 6 9
1 3 5 6 10
1 3 5 6 11
1 3 5 6 12
1 3 5 6 13
1 3 5 7 8
1 3 5 7 9
1 3 5 7 10
1 3 5 7 11
1 3 5 7 12
1 3 5 7 13
1 3 5 8 9
1 3 5 8 10
1 3 5 8 11
1 3 5 8 12
1 3 5 8 13
1 3 5 9 10
1 3 5 9 11
1 3 5 9 12
1 3 5 9 13
1 3 5 10 11
1 3 5 10 12
1 3 5 10 13
1 3 5 11 12
1 3 5 11 13
1 3 5 12 13
1 3 6 7 8
1 3 6 7 9
1 3 6 7 10
1 3 6 7 11
1 3 6 7 12
1 3 6 7 13
1 3 6 8 9
1 3 6 8 10
1 3 6 8 11
1 3 6 8 12
1 3 6 8 13
1 3 6 9 10
1 3 6 9 11
1 3 6 9 12
1 3 6 9 13
1 3 6 10 11
1 3 6 10 12
1 3 6 10 13
1 3 6 11 12
1 3 6 11 13
1 3 6 12 13
1 3 7 8 9
1 3 7 8 10
1 3 7 8 11
1 3 7 8 12
1 3 7 8 13
1 3 7 9 10
1 3 7 9 11
1 3 7 9 12
1 3 7 9 13
1 3 7 10 11
1 3 7 10 12
1 3 7 10 13
1 3 7 11 12
1 3 7 11 13
1 3 7 12 13
1 3 8 9 10
1 3 8 9 11
1 3 8 9 12
1 3 8 9 13
1 3 8 10 11
1 3 8 10 12
1 3 8 10 13
1 3 8 11 12
1 3 8 11 13
1 3 8 12 13
1 3 9 10 11
1 3 9 10 12
1 3 9 10 13
1 3 9 11 12
1 3 9 11 13
1 3 9 12 13
1 3 10 11 12
1 3 10 11 13
1 3 10 12 13
1 3 11 12 13
1 4 5 6 7
1 4 5 6 8
1 4 5 6 9
1 4 5 6 10
1 4 5 6 11
1 4 5 6 12
1 4 5 6 13
1 4 5 7 8
1 4 5 7 9
1 4 5 7 10
1 4 5 7 11
1 4 5 7 12
1 4 5 7 13
1 4 5 8 9
1 4 5 8 10
1 4 5 8 11
1 4 5 8 12
1 4 5 8 13
1 4 5 9 10
1 4 5 9 11
1 4 5 9 12
1 4 5 9 13
1 4 5 10 11
1 4 5 10 12
1 4 5 10 13
1 4 5 11 12
1 4 5 11 13
1 4 5 12 13
1 4 6 7 8
1 4 6 7 9
1 4 6 7 10
1 4 6 7 11
1 4 6 7 12
1 4 6 7 13
1 4 6 8 9
1 4 6 8 10
1 4 6 8 11
1 4 6 8 12
1 4 6 8 13
1 4 6 9 10
1 4 6 9 11
1 4 6 9 12
1 4 6 9 13
1 4 6 10 11
1 4 6 10 12
1 4 6 10 13
1 4 6 11 12
1 4 6 11 13
1 4 6 12 13
1 4 7 8 9
1 4 7 8 10
1 4 7 8 11
1 4 7 8 12
1 4 7 8 13
1 4 7 9 10
1 4 7 9 11
1 4 7 9 12
1 4 7 9 13
1 4 7 10 11
1 4 7 10 12
1 4 7 10 13
1 4 7 11 12
1 4 7 11 13
1 4 7 12 13
1 4 8 9 10
1 4 8 9 11
1 4 8 9 12
1 4 8 9 13
1 4 8 10 11
1 4 8 10 12
1 4 8 10 13
1 4 8 11 12
1 4 8 11 13
1 4 8 12 13
1 4 9 10 11
1 4 9 10 12
1 4 9 10 13
1 4 9 11 12
1 4 9 11 13
1 4 9 12 13
1 4 10 11 12
1 4 10 11 13
1 4 10 12 13
1 4 11 12 13
1 5 6 7 8
1 5 6 7 9
1 5 6 7 10
1 5 6 7 11
1 5 6 7 12
1 5 6 7 13
1 5 6 8 9
1 5 6 8 10
1 5 6 8 11
1 5 6 8 12
1 5 6 8 13
1 5 6 9 10
1 5 6 9 11
1 5 6 9 12
1 5 6 9 13
1 5 6 10 11
1 5 6 10 12
1 5 6 10 13
1 5 6 11 12
1 5 6 11 13
1 5 6 12 13
1 5 7 8 9
1 5 7 8 10
1 5 7 8 11
1 5 7 8 12
1 5 7 8 13
1 5 7 9 10
1 5 7 9 11
1 5 7 9 12
1 5 7 9 13
1 5 7 10 11
1 5 7 10 12
1 5 7 10 13
1 5 7 11 12
1 5 7 11 13
1 5 7 12 13
1 5 8 9 10
1 5 8 9 11
1 5 8 9 12
1 5 8 9 13
1 5 8 10 11
1 5 8 10 12
1 5 8 10 13
1 5 8 11 12
1 5 8 11 13
1 5 8 12 13
1 5 9 10 11
1 5 9 10 12
1 5 9 10 13
1 5 9 11 12
1 5 9 11 13
1 5 9 12 13
1 5 10 11 12
1 5 10 11 13
1 5 10 12 13
1 5 11 12 13
1 6 7 8 9
1 6 7 8 10
1 6 7 8 11
1 6 7 8 12
1 6 7 8 13
1 6 7 9 10
1 6 7 9 11
1 6 7 9 12
1 6 7 9 13
1 6 7 10 11
1 6 7 10 12
1 6 7 10 13
1 6 7 11 12
1 6 7 11 13
1 6 7 12 13
1 6 8 9 10
1 6 8 9 11
1 6 8 9 12
1 6 8 9 13
1 6 8 10 11
1 6 8 10 12
1 6 8 10 13
1 6 8 11 12
1 6 8 11 13
1 6 8 12 13
1 6 9 10 11
1 6 9 10 12
1 6 9 10 13
1 6 9 11 12
1 6 9 11 13
1 6 9 12 13
1 6 10 11 12
1 6 10 11 13
1 6 10 12 13
1 6 11 12 13
1 7 8 9 10
1 7 8 9 11
1 7 8 9 12
1 7 8 9 13
1 7 8 10 11
1 7 8 10 12
1 7 8 10 13
1 7 8 11 12
1 7 8 11 13
1 7 8 12 13
1 7 9 10 11
1 7 9 10 12
1 7 9 10 13
1 7 9 11 12
1 7 9 11 13
1 7 9 12 13
1 7 10 11 12
1 7 10 11 13
1 7 10 12 13
1 7 11 12 13
1 8 9 10 11
1 8 9 10 12
1 8 9 10 13
1 8 9 11 12
1 8 9 11 13
1 8 9 12 13
1 8 10 11 12
1 8 10 11 13
1 8 10 12 13
1 8 11 12 13
1 9 10 11 12
1 9 10 11 13
1 9 10 12 13
1 9 11 12 13
1 10 11 12 13
2 3 4 5 6
2 3 4 5 7
2 3 4 5 8
2 3 4 5 9
2 3 4 5 10
2 3 4 5 11
2 3 4 5 12
2 3 4 5 13
2 3 4 6 7
2 3 4 6 8
2 3 4 6 9
2 3 4 6 10
2 3 4 6 11
2 3 4 6 12
2 3 4 6 13
2 3 4 7 8
2 3 4 7 9
2 3 4 7 10
2 3 4 7 11
2 3 4 7 12
2 3 4 7 13
2 3 4 8 9
2 3 4 8 10
2 3 4 8 11
2 3 4 8 12
2 3 4 8 13
2 3 4 9 10
2 3 4 9 11
2 3 4 9 12
2 3 4 9 13
2 3 4 10 11
2 3 4 10 12
2 3 4 10 13
2 3 4 11 12
2 3 4 11 13
2 3 4 12 13
2 3 5 6 7
2 3 5 6 8
2 3 5 6 9
2 3 5 6 10
2 3 5 6 11
2 3 5 6 12
2 3 5 6 13
2 3 5 7 8
2 3 5 7 9
2 3 5 7 10
2 3 5 7 11
2 3 5 7 12
2 3 5 7 13
2 3 5 8 9
2 3 5 8 10
2 3 5 8 11
2 3 5 8 12
2 3 5 8 13
2 3 5 9 10
2 3 5 9 11
2 3 5 9 12
2 3 5 9 13
2 3 5 10 11
2 3 5 10 12
2 3 5 10 13
2 3 5 11 12
2 3 5 11 13
2 3 5 12 13
2 3 6 7 8
2 3 6 7 9
2 3 6 7 10
2 3 6 7 11
2 3 6 7 12
2 3 6 7 13
2 3 6 8 9
2 3 6 8 10
2 3 6 8 11
2 3 6 8 12
2 3 6 8 13
2 3 6 9 10
2 3 6 9 11
2 3 6 9 12
2 3 6 9 13
2 3 6 10 11
2 3 6 10 12
2 3 6 10 13
2 3 6 11 12
2 3 6 11 13
2 3 6 12 13
2 3 7 8 9
2 3 7 8 10
2 3 7 8 11
2 3 7 8 12
2 3 7 8 13
2 3 7 9 10
2 3 7 9 11
2 3 7 9 12
2 3 7 9 13
2 3 7 10 11
2 3 7 10 12
2 3 7 10 13
2 3 7 11 12
2 3 7 11 13
2 3 7 12 13
2 3 8 9 10
2 3 8 9 11
2 3 8 9 12
2 3 8 9 13
2 3 8 10 11
2 3 8 10 12
2 3 8 10 13
2 3 8 11 12
2 3 8 11 13
2 3 8 12 13
2 3 9 10 11
2 3 9 10 12
2 3 9 10 13
2 3 9 11 12
2 3 9 11 13
2 3 9 12 13
2 3 10 11 12
2 3 10 11 13
2 3 10 12 13
2 3 11 12 13
2 4 5 6 7
2 4 5 6 8
2 4 5 6 9
2 4 5 6 10
2 4 5 6 11
2 4 5 6 12
2 4 5 6 13
2 4 5 7 8
2 4 5 7 9
2 4 5 7 10
2 4 5 7 11
2 4 5 7 12
2 4 5 7 13
2 4 5 8 9
2 4 5 8 10
2 4 5 8 11
2 4 5 8 12
2 4 5 8 13
2 4 5 9 10
2 4 5 9 11
2 4 5 9 12
2 4 5 9 13
2 4 5 10 11
2 4 5 10 12
2 4 5 10 13
2 4 5 11 12
2 4 5 11 13
2 4 5 12 13
2 4 6 7 8
2 4 6 7 9
2 4 6 7 10
2 4 6 7 11
2 4 6 7 12
2 4 6 7 13
2 4 6 8 9
2 4 6 8 10
2 4 6 8 11
2 4 6 8 12
2 4 6 8 13
2 4 6 9 10
2 4 6 9 11
2 4 6 9 12
2 4 6 9 13
2 4 6 10 11
2 4 6 10 12
2 4 6 10 13
2 4 6 11 12
2 4 6 11 13
2 4 6 12 13
2 4 7 8 9
2 4 7 8 10
2 4 7 8 11
2 4 7 8 12
2 4 7 8 13
2 4 7 9 10
2 4 7 9 11
2 4 7 9 12
2 4 7 9 13
2 4 7 10 11
2 4 7 10 12
2 4 7 10 13
2 4 7 11 12
2 4 7 11 13
2 4 7 12 13
2 4 8 9 10
2 4 8 9 11
2 4 8 9 12
2 4 8 9 13
2 4 8 10 11
2 4 8 10 12
2 4 8 10 13
2 4 8 11 12
2 4 8 11 13
2 4 8 12 13
2 4 9 10 11
2 4 9 10 12
2 4 9 10 13
2 4 9 11 12
2 4 9 11 13
2 4 9 12 13
2 4 10 11 12
2 4 10 11 13
2 4 10 12 13
2 4 11 12 13
2 5 6 7 8
2 5 6 7 9
2 5 6 7 10
2 5 6 7 11
2 5 6 7 12
2 5 6 7 13
2 5 6 8 9
2 5 6 8 10
2 5 6 8 11
2 5 6 8 12
2 5 6 8 13
2 5 6 9 10
2 5 6 9 11
2 5 6 9 12
2 5 6 9 13
2 5 6 10 11
2 5 6 10 12
2 5 6 10 13
2 5 6 11 12
2 5 6 11 13
2 5 6 12 13
2 5 7 8 9
2 5 7 8 10
2 5 7 8 11
2 5 7 8 12
2 5 7 8 13
2 5 7 9 10
2 5 7 9 11
2 5 7 9 12
2 5 7 9 13
2 5 7 10 11
2 5 7 10 12
2 5 7 10 13
2 5 7 11 12
2 5 7 11 13
2 5 7 12 13
2 5 8 9 10
2 5 8 9 11
2 5 8 9 12
2 5 8 9 13
2 5 8 10 11
2 5 8 10 12
2 5 8 10 13
2 5 8 11 12
2 5 8 11 13
2 5 8 12 13
2 5 9 10 11
2 5 9 10 12
2 5 9 10 13
2 5 9 11 12
2 5 9 11 13
2 5 9 12 13
2 5 10 11 12
2 5 10 11 13
2 5 10 12 13
2 5 11 12 13
2 6 7 8 9
2 6 7 8 10
2 6 7 8 11
2 6 7 8 12
2 6 7 8 13
2 6 7 9 10
2 6 7 9 11
2 6 7 9 12
2 6 7 9 13
2 6 7 10 11
2 6 7 10 12
2 6 7 10 13
2 6 7 11 12
2 6 7 11 13
2 6 7 12 13
2 6 8 9 10
2 6 8 9 11
2 6 8 9 12
2 6 8 9 13
2 6 8 10 11
2 6 8 10 12
2 6 8 10 13
2 6 8 11 12
2 6 8 11 13
2 6 8 12 13
2 6 9 10 11
2 6 9 10 12
2 6 9 10 13
2 6 9 11 12
2 6 9 11 13
2 6 9 12 13
2 6 10 11 12
2 6 10 11 13
2 6 10 12 13
2 6 11 12 13
2 7 8 9 10
2 7 8 9 11
2 7 8 9 12
2 7 8 9 13
2 7 8 10 11
2 7 8 10 12
2 7 8 10 13
2 7 8 11 12
2 7 8 11 13
2 7 8 12 13
2 7 9 10 11
2 7 9 10 12
2 7 9 10 13
2 7 9 11 12
2 7 9 11 13
2 7 9 12 13
2 7 10 11 12
2 7 10 11 13
2 7 10 12 13
2 7 11 12 13
2 8 9 10 11
2 8 9 10 12
2 8 9 10 13
2 8 9 11 12
2 8 9 11 13
2 8 9 12 13
2 8 10 11 12
2 8 10 11 13
2 8 10 12 13
2 8 11 12 13
2 9 10 11 12
2 9 10 11 13
2 9 10 12 13
2 9 11 12 13
2 10 11 12 13
3 4 5 6 7
3 4 5 6 8
3 4 5 6 9
3 4 5 6 10
3 4 5 6 11
3 4 5 6 12
3 4 5 6 13
3 4 5 7 8
3 4 5 7 9
3 4 5 7 10
3 4 5 7 11
3 4 5 7 12
3 4 5 7 13
3 4 5 8 9
3 4 5 8 10
3 4 5 8 11
3 4 5 8 12
3 4 5 8 13
3 4 5 9 10
3 4 5 9 11
3 4 5 9 12
3 4 5 9 13
3 4 5 10 11
3 4 5 10 12
3 4 5 10 13
3 4 5 11 12
3 4 5 11 13
3 4 5 12 13
3 4 6 7 8
3 4 6 7 9
3 4 6 7 10
3 4 6 7 11
3 4 6 7 12
3 4 6 7 13
3 4 6 8 9
3 4 6 8 10
3 4 6 8 11
3 4 6 8 12
3 4 6 8 13
3 4 6 9 10
3 4 6 9 11
3 4 6 9 12
3 4 6 9 13
3 4 6 10 11
3 4 6 10 12
3 4 6 10 13
3 4 6 11 12
3 4 6 11 13
3 4 6 12 13
3 4 7 8 9
3 4 7 8 10
3 4 7 8 11
3 4 7 8 12
3 4 7 8 13
3 4 7 9 10
3 4 7 9 11
3 4 7 9 12
3 4 7 9 13
3 4 7 10 11
3 4 7 10 12
3 4 7 10 13
3 4 7 11 12
3 4 7 11 13
3 4 7 12 13
3 4 8 9 10
3 4 8 9 11
3 4 8 9 12
3 4 8 9 13
3 4 8 10 11
3 4 8 10 12
3 4 8 10 13
3 4 8 11 12
3 4 8 11 13
3 4 8 12 13
3 4 9 10 11
3 4 9 10 12
3 4 9 10 13
3 4 9 11 12
3 4 9 11 13
3 4 9 12 13
3 4 10 11 12
3 4 10 11 13
3 4 10 12 13
3 4 11 12 13
3 5 6 7 8
3 5 6 7 9
3 5 6 7 10
3 5 6 7 11
3 5 6 7 12
3 5 6 7 13
3 5 6 8 9
3 5 6 8 10
3 5 6 8 11
3 5 6 8 12
3 5 6 8 13
3 5 6 9 10
3 5 6 9 11
3 5 6 9 12
3 5 6 9 13
3 5 6 10 11
3 5 6 10 12
3 5 6 10 13
3 5 6 11 12
3 5 6 11 13
3 5 6 12 13
3 5 7 8 9
3 5 7 8 10
3 5 7 8 11
3 5 7 8 12
3 5 7 8 13
3 5 7 9 10
3 5 7 9 11
3 5 7 9 12
3 5 7 9 13
3 5 7 10 11
3 5 7 10 12
3 5 7 10 13
3 5 7 11 12
3 5 7 11 13
3 5 7 12 13
3 5 8 9 10
3 5 8 9 11
3 5 8 9 12
3 5 8 9 13
3 5 8 10 11
3 5 8 10 12
3 5 8 10 13
3 5 8 11 12
3 5 8 11 13
3 5 8 12 13
3 5 9 10 11
3 5 9 10 12
3 5 9 10 13
3 5 9 11 12
3 5 9 11 13
3 5 9 12 13
3 5 10 11 12
3 5 10 11 13
3 5 10 12 13
3 5 11 12 13
3 6 7 8 9
3 6 7 8 10
3 6 7 8 11
3 6 7 8 12
3 6 7 8 13
3 6 7 9 10
3 6 7 9 11
3 6 7 9 12
3 6 7 9 13
3 6 7 10 11
3 6 7 10 12
3 6 7 10 13
3 6 7 11 12
3 6 7 11 13
3 6 7 12 13
3 6 8 9 10
3 6 8 9 11
3 6 8 9 12
3 6 8 9 13
3 6 8 10 11
3 6 8 10 12
3 6 8 10 13
3 6 8 11 12
3 6 8 11 13
3 6 8 12 13
3 6 9 10 11
3 6 9 10 12
3 6 9 10 13
3 6 9 11 12
3 6 9 11 13
3 6 9 12 13
3 6 10 11 12
3 6 10 11 13
3 6 10 12 13
3 6 11 12 13
3 7 8 9 10
3 7 8 9 11
3 7 8 9 12
3 7 8 9 13
3 7 8 10 11
3 7 8 10 12
3 7 8 10 13
3 7 8 11 12
3 7 8 11 13
3 7 8 12 13
3 7 9 10 11
3 7 9 10 12
3 7 9 10 13
3 7 9 11 12
3 7 9 11 13
3 7 9 12 13
3 7 10 11 12
3 7 10 11 13
3 7 10 12 13
3 7 11 12 13
3 8 9 10 11
3 8 9 10 12
3 8 9 10 13
3 8 9 11 12
3 8 9 11 13
3 8 9 12 13
3 8 10 11 12
3 8 10 11 13
3 8 10 12 13
3 8 11 12 13
3 9 10 11 12
3 9 10 11 13
3 9 10 12 13
3 9 11 12 13
3 10 11 12 13
4 5 6 7 8
4 5 6 7 9
4 5 6 7 10
4 5 6 7 11
4 5 6 7 12
4 5 6 7 13
4 5 6 8 9
4 5 6 8 10
4 5 6 8 11
4 5 6 8 12
4 5 6 8 13
4 5 6 9 10
4 5 6 9 11
4 5 6 9 12
4 5 6 9 13
4 5 6 10 11
4 5 6 10 12
4 5 6 10 13
4 5 6 11 12
4 5 6 11 13
4 5 6 12 13
4 5 7 8 9
4 5 7 8 10
4 5 7 8 11
4 5 7 8 12
4 5 7 8 13
4 5 7 9 10
4 5 7 9 11
4 5 7 9 12
4 5 7 9 13
4 5 7 10 11
4 5 7 10 12
4 5 7 10 13
4 5 7 11 12
4 5 7 11 13
4 5 7 12 13
4 5 8 9 10
4 5 8 9 11
4 5 8 9 12
4 5 8 9 13
4 5 8 10 11
4 5 8 10 12
4 5 8 10 13
4 5 8 11 12
4 5 8 11 13
4 5 8 12 13
4 5 9 10 11
4 5 9 10 12
4 5 9 10 13
4 5 9 11 12
4 5 9 11 13
4 5 9 12 13
4 5 10 11 12
4 5 10 11 13
4 5 10 12 13
4 5 11 12 13
4 6 7 8 9
4 6 7 8 10
4 6 7 8 11
4 6 7 8 12
4 6 7 8 13
4 6 7 9 10
4 6 7 9 11
4 6 7 9 12
4 6 7 9 13
4 6 7 10 11
4 6 7 10 12
4 6 7 10 13
4 6 7 11 12
4 6 7 11 13
4 6 7 12 13
4 6 8 9 10
4 6 8 9 11
4 6 8 9 12
4 6 8 9 13
4 6 8 10 11
4 6 8 10 12
4 6 8 10 13
4 6 8 11 12
4 6 8 11 13
4 6 8 12 13
4 6 9 10 11
4 6 9 10 12
4 6 9 10 13
4 6 9 11 12
4 6 9 11 13
4 6 9 12 13
4 6 10 11 12
4 6 10 11 13
4 6 10 12 13
4 6 11 12 13
4 7 8 9 10
4 7 8 9 11
4 7 8 9 12
4 7 8 9 13
4 7 8 10 11
4 7 8 10 12
4 7 8 10 13
4 7 8 11 12
4 7 8 11 13
4 7 8 12 13
4 7 9 10 11
4 7 9 10 12
4 7 9 10 13
4 7 9 11 12
4 7 9 11 13
4 7 9 12 13
4 7 10 11 12
4 7 10 11 13
4 7 10 12 13
4 7 11 12 13
4 8 9 10 11
4 8 9 10 12
4 8 9 10 13
4 8 9 11 12
4 8 9 11 13
4 8 9 12 13
4 8 10 11 12
4 8 10 11 13
4 8 10 12 13
4 8 11 12 13
4 9 10 11 12
4 9 10 11 13
4 9 10 12 13
4 9 11 12 13
4 10 11 12 13
5 6 7 8 9
5 6 7 8 10
5 6 7 8 11
5 6 7 8 12
5 6 7 8 13
5 6 7 9 10
5 6 7 9 11
5 6 7 9 12
5 6 7 9 13
5 6 7 10 11
5 6 7 10 12
5 6 7 10 13
5 6 7 11 12
5 6 7 11 13
5 6 7 12 13
5 6 8 9 10
5 6 8 9 11
5 6 8 9 12
5 6 8 9 13
5 6 8 10 11
5 6 8 10 12
5 6 8 10 13
5 6 8 11 12
5 6 8 11 13
5 6 8 12 13
5 6 9 10 11
5 6 9 10 12
5 6 9 10 13
5 6 9 11 12
5 6 9 11 13
5 6 9 12 13
5 6 10 11 12
5 6 10 11 13
5 6 10 12 13
5 6 11 12 13
5 7 8 9 10
5 7 8 9 11
5 7 8 9 12
5 7 8 9 13
5 7 8 10 11
5 7 8 10 12
5 7 8 10 13
5 7 8 11 12
5 7 8 11 13
5 7 8 12 13
5 7 9 10 11
5 7 9 10 12
5 7 9 10 13
5 7 9 11 12
5 7 9 11 13
5 7 9 12 13
5 7 10 11 12
5 7 10 11 13
5 7 10 12 13
5 7 11 12 13
5 8 9 10 11
5 8 9 10 12
5 8 9 10 13
5 8 9 11 12
5 8 9 11 13
5 8 9 12 13
5 8 10 11 12
5 8 10 11 13
5 8 10 12 13
5 8 11 12 13
5 9 10 11 12
5 9 10 11 13
5 9 10 12 13
5 9 11 12 13
5 10 11 12 13
6 7 8 9 10
6 7 8 9 11
6 7 8 9 12
6 7 8 9 13
6 7 8 10 11
6 7 8 10 12
6 7 8 10 13
6 7 8 11 12
6 7 8 11 13
6 7 8 12 13
6 7 9 10 11
6 7 9 10 12
6 7 9 10 13
6 7 9 11 12
6 7 9 11 13
6 7 9 12 13
6 7 10 11 12
6 7 10 11 13
6 7 10 12 13
6 7 11 12 13
6 8 9 10 11
6 8 9 10 12
6 8 9 10 13
6 8 9 11 12
6 8 9 11 13
6 8 9 12 13
6 8 10 11 12
6 8 10 11 13
6 8 10 12 13
6 8 11 12 13
6 9 10 11 12
6 9 10 11 13
6 9 10 12 13
6 9 11 12 13
6 10 11 12 13
7 8 9 10 11
7 8 9 10 12
7 8 9 10 13
7 8 9 11 12
7 8 9 11 13
7 8 9 12 13
7 8 10 11 12
7 8 10 11 13
7 8 10 12 13
7 8 11 12 13
7 9 10 11 12
7 9 10 11 13
7 9 10 12 13
7 9 11 12 13
7 10 11 12 13
8 9 10 11 12
8 9 10 11 13
8 9 10 12 13
8 9 11 12 13
8 10 11 12 13
9 10 11 12 13

Is hamiltonian hermitian? 1
Implicit Hamiltonian constructed
E(core)= 9.189534427600
H(1,1) + E(core) energy = -76.277730638500
Davidson: iter=0 dim=0 root=0 eigenvalue=-85.467265066100
Davidson: iter=1 dim=1 root=0 eigenvalue=-85.524381290630
Davidson: iter=2 dim=2 root=0 eigenvalue=-85.529170418586
Davidson: iter=3 dim=3 root=0 eigenvalue=-85.529506358615
Davidson: iter=4 dim=4 root=0 eigenvalue=-85.529522006191
Davidson: iter=5 dim=5 root=0 eigenvalue=-85.529523515481
Davidson: iter=6 dim=6 root=0 eigenvalue=-85.529523628850
Davidson: iter=7 dim=7 root=0 eigenvalue=-85.529523639258
Davidson: iter=8 dim=8 root=0 eigenvalue=-85.529523640063
Davidson: iter=9 dim=9 root=0 eigenvalue=-85.529523640147
Davidson: iter=10 dim=10 root=0 eigenvalue=-85.529523640153
Davidson: iter=11 dim=11 root=0 eigenvalue=-85.529523640154
root no. 0 converged
Davidson converged in 11 iterations.
E(core)= 9.189534427600
E(0)= -76.339989212554
FCI Excitation energies = 1
0.000000000000

Vacuum coefficients in CI state 0 = -0.986514768874
Eigenvector 0 in string basis
0: -0.986514768874 seniority 0 ... 5
1 2 3 4 5
 | 5
1 2 3 4 5

Seniority vectors for all roots (nroots/seniority)
1 6
0.980570816160 0.003895270234 -0.973753626747 0.147403060585 1.000020060372 0.000000000150

Calculating transition densities
Root 0 MO occupations numbers (density matrix diagonal)
13
1.999994285603 1.993856066441 1.980626564213 1.984473605193 1.986767152626 0.005798151446 0.005838003123 0.006886484495 0.005937191219 0.008237567051 0.012557178525 0.002499259329 0.006528490750
Transition densities done:
Trandens between roots 0 0
13 13
1.999994285603 0.000044351695 0.000000000000 0.000028606114 0.000000000000 0.000239240221 0.000000000000 0.000000000000 0.000225055653 0.000069671501 0.000000000000 0.000143007965 0.000000000000
0.000044351695 1.993856066441 0.000000000000 0.005232228184 0.000000000000 0.000749207249 0.000000000000 0.000000000000 0.000463964450 0.007136335042 0.000000000000 -0.001340272019 0.000000000000
0.000000000000 0.000000000000 1.980626564213 0.000000000000 0.000000000000 0.000000000000 0.000496277584 -0.001489786005 0.000000000000 0.000000000000 0.000000000000 0.000000000000 0.008581066080
0.000028606114 0.005232228184 0.000000000000 1.984473605193 0.000000000000 -0.005939373069 0.000000000000 0.000000000000 -0.000933196434 0.001092115952 0.000000000000 -0.006198881068 0.000000000000
0.000000000000 0.000000000000 0.000000000000 0.000000000000 1.986767152626 0.000000000000 0.000000000000 0.000000000000 0.000000000000 0.000000000000 0.006004780448 0.000000000000 0.000000000000
0.000239240221 0.000749207249 0.000000000000 -0.005939373069 0.000000000000 0.005798151446 0.000000000000 0.000000000000 0.005051102583 -0.004568114644 0.000000000000 0.002471430970 0.000000000000
0.000000000000 0.000000000000 0.000496277584 0.000000000000 0.000000000000 0.000000000000 0.005838003123 0.005164171175 0.000000000000 0.000000000000 0.000000000000 0.000000000000 0.006012242963
0.000000000000 0.000000000000 -0.001489786005 0.000000000000 0.000000000000 0.000000000000 0.005164171175 0.006886484495 0.000000000000 0.000000000000 0.000000000000 0.000000000000 0.004836001967
0.000225055653 0.000463964450 0.000000000000 -0.000933196434 0.000000000000 0.005051102583 0.000000000000 0.000000000000 0.005937191219 -0.003302672719 0.000000000000 0.001350403491 0.000000000000
0.000069671501 0.007136335042 0.000000000000 0.001092115952 0.000000000000 -0.004568114644 0.000000000000 0.000000000000 -0.003302672719 0.008237567051 0.000000000000 -0.002397264539 0.000000000000
0.000000000000 0.000000000000 0.000000000000 0.000000000000 0.006004780448 0.000000000000 0.000000000000 0.000000000000 0.000000000000 0.000000000000 0.012557178525 0.000000000000 0.000000000000
0.000143007965 -0.001340272019 0.000000000000 -0.006198881068 0.000000000000 0.002471430970 0.000000000000 0.000000000000 0.001350403491 -0.002397264539 0.000000000000 0.002499259329 0.000000000000
0.000000000000 0.000000000000 0.008581066080 0.000000000000 0.000000000000 0.000000000000 0.006012242963 0.004836001967 0.000000000000 0.000000000000 0.000000000000 0.000000000000 0.006528490750

State 0 :
Natural orbital occupations
13
1.999995070438 1.996224510125 1.986785416669 1.982169696263 1.980665093047 0.017085163729 0.016252966267 0.012538914483 0.004054330840 0.002049434179 0.001766617867 0.000332934482 0.000079851626
Natural orbitals (in MO basis)
13 13
0.999905047078 -0.013773868836 0.000000000000 0.000379141320 -0.000000000000 -0.000000000000 -0.000122404224 -0.000000000000 0.000118756176 0.000000000000 -0.000067255131 0.000002705654 0.000000000000
0.012418963471 0.912793799319 0.000000000000 0.408215268661 0.000000000000 -0.000000000000 0.002008025509 -0.000000000000 0.002923469146 -0.000000000000 -0.000641338263 0.000744009538 0.000000000000
-0.000000000000 -0.000000000000 0.000000000000 -0.000000000000 0.999990246653 -0.002277511242 -0.000000000000 -0.000000000000 -0.000000000000 -0.002975597336 0.000000000000 0.000000000000 -0.002337811270
0.005969351161 0.408168008614 -0.000000000000 -0.912876688419 0.000000000000 -0.000000000000 0.003073172052 -0.000000000000 -0.000313914963 0.000000000000 0.003084427187 -0.000581989407 0.000000000000
-0.000000000000 -0.000000000000 0.999995374416 -0.000000000000 0.000000000000 0.000000000000 -0.000000000000 -0.003041569640 0.000000000000 -0.000000000000 -0.000000000000 0.000000000000 0.000000000000
0.000106997495 -0.000886398567 0.000000000000 0.002900541028 -0.000000000000 -0.000000000000 0.564844208208 -0.000000000000 -0.274933056834 0.000000000000 0.245472263747 -0.738306841466 0.000000000000
0.000000000000 0.000000000000 -0.000000000000 -0.000000000000 0.000262585389 0.575239247939 0.000000000000 0.000000000000 0.000000000000 0.257852948989 -0.000000000000 -0.000000000000 -0.776280616387
-0.000000000000 -0.000000000000 -0.000000000000 -0.000000000000 -0.000743446968 0.569863746518 0.000000000000 0.000000000000 -0.000000000000 -0.807146170736 0.000000000000 0.000000000000 0.154174630720
0.000113113565 0.000010500946 0.000000000000 0.000534525667 -0.000000000000 -0.000000000000 0.502712952430 -0.000000000000 -0.622449968989 -0.000000000000 -0.310831107380 0.513049166870 -0.000000000000
0.000082259084 0.003504727454 0.000000000000 0.000960016790 0.000000000000 0.000000000000 -0.602923085070 0.000000000000 -0.720727424080 0.000000000000 0.331987670624 -0.082502780011 0.000000000000
0.000000000000 -0.000000000000 0.003041569640 -0.000000000000 0.000000000000 -0.000000000000 0.000000000000 0.999995374416 -0.000000000000 -0.000000000000 0.000000000000 0.000000000000 -0.000000000000
0.000044839287 -0.001888988943 0.000000000000 0.002584944212 -0.000000000000 -0.000000000000 0.254363853302 -0.000000000000 0.132329782086 0.000000000000 0.856096751215 0.429972044719 -0.000000000000
-0.000000000000 0.000000000000 -0.000000000000 0.000000000000 0.004345679925 0.586813369802 0.000000000000 0.000000000000 0.000000000000 0.531053727588 -0.000000000000 0.000000000000 0.611239006039

