Begin IJ Block
1   1   -1.6215387376
1   2   -0.0000000000
1   3   0.0996458335
2   2   -1.4788955512
2   3   -0.0000000000
3   3   -1.4486889328

End IJ Block
Begin IA Block
1   2   0.0576396044
1   3   -0.0000000000
1   4   0.1011739991
2   1   -0.1364102132
2   3   -0.0547212486
2   4   0.0000000000
2   5   0.0804888085
3   1   -0.0000000000
3   2   0.1195097044
3   3   0.0000000000
3   4   0.0052595909
3   5   0.0000000000

End IA Block
Begin AB Block
1   1   -1.3357881201
1   2   0.0000000000
1   3   0.1539229265
1   4   -0.0000000000
1   5   -0.0205638862
2   2   -1.1800265932
2   4   0.0613896014
2   5   0.0000000000
3   3   -1.1289723301
3   4   0.0000000000
3   5   -0.1653879352
4   4   -0.8334920225
4   5   -0.0000000000
5   5   -0.7613754708

End AB Block
Begin IJAB Block
1   4   1   6   0.0605793505
1   4   1   8   -0.0234573865
1   4   1   9   0.0000000000
1   4   1   10   -0.0088134054
1   4   2   7   0.0384915048
1   4   2   9   -0.0025171521
1   4   3   6   -0.0234573865
1   4   3   8   0.0467324726
1   4   3   10   0.0147900933
1   4   4   6   0.0000000000
1   4   4   7   -0.0025171521
1   4   4   9   0.0137981653
1   4   4   10   0.0000000000
1   4   5   6   -0.0088134054
1   4   5   8   0.0147900933
1   4   5   9   0.0000000000
1   4   5   10   0.0127617916
1   5   1   7   -0.0403018812
1   5   1   9   -0.0025316951
1   5   2   6   -0.0249211971
1   5   2   7   -0.0000000000
1   5   2   8   -0.0312802315
1   5   2   10   -0.0095497711
1   5   3   7   -0.0190554793
1   5   3   8   -0.0000000000
1   5   3   9   -0.0015132597
1   5   4   6   -0.0043544931
1   5   4   8   -0.0010506037
1   5   4   9   0.0000000000
1   5   4   10   0.0089710016
1   5   5   7   -0.0067425436
1   5   5   8   0.0000000000
1   5   5   9   0.0081383841
1   5   5   10   0.0000000000
1   6   1   6   -0.0082433394
1   6   1   7   -0.0000000000
1   6   1   8   0.0506451110
1   6   1   10   0.0255376717
1   6   2   7   0.0166264358
1   6   2   8   0.0000000000
1   6   2   9   0.0053569874
1   6   3   6   0.0279156482
1   6   3   7   0.0000000000
1   6   3   8   -0.0157081628
1   6   3   9   0.0000000000
1   6   3   10   -0.0118692835
1   6   4   6   -0.0000000000
1   6   4   7   0.0068870834
1   6   4   8   0.0000000000
1   6   4   9   -0.0026203094
1   6   4   10   0.0000000000
1   6   5   6   0.0230429967
1   6   5   7   -0.0000000000
1   6   5   8   -0.0113008214
1   6   5   9   0.0000000000
1   6   5   10   0.0036431475
2   4   1   7   -0.0249211971
2   4   1   9   -0.0043544931
2   4   2   6   -0.0403018812
2   4   2   7   -0.0000000000
2   4   2   8   -0.0190554793
2   4   2   10   -0.0067425436
2   4   3   7   -0.0312802315
2   4   3   8   -0.0000000000
2   4   3   9   -0.0010506037
2   4   3   10   0.0000000000
2   4   4   6   -0.0025316951
2   4   4   8   -0.0015132597
2   4   4   9   0.0000000000
2   4   4   10   0.0081383841
2   4   5   7   -0.0095497711
2   4   5   9   0.0089710016
2   4   5   10   0.0000000000
2   5   1   6   0.0595563128
2   5   1   8   0.0123381128
2   5   1   10   0.0168059853
2   5   2   7   0.0613303990
2   5   2   8   0.0000000000
2   5   2   9   0.0010258565
2   5   3   6   0.0123381128
2   5   3   7   0.0000000000
2   5   3   8   0.0322456411
2   5   3   9   0.0000000000
2   5   3   10   0.0025226171
2   5   4   7   0.0010258565
2   5   4   8   0.0000000000
2   5   4   9   0.0104985725
2   5   4   10   0.0000000000
2   5   5   6   0.0168059853
2   5   5   8   0.0025226171
2   5   5   9   0.0000000000
2   5   5   10   0.0170474254
2   6   1   7   -0.0529940516
2   6   1   9   0.0152287604
2   6   2   6   -0.0247433319
2   6   2   7   -0.0000000000
2   6   2   8   -0.0321957758
2   6   2   9   -0.0000000000
2   6   2   10   -0.0154378452
2   6   3   6   -0.0000000000
2   6   3   7   -0.0140824698
2   6   3   8   -0.0000000000
2   6   3   9   -0.0080580804
2   6   4   6   0.0144148139
2   6   4   7   -0.0000000000
2   6   4   8   -0.0073566528
2   6   4   9   0.0000000000
2   6   4   10   0.0087754556
2   6   5   7   -0.0129382392
2   6   5   8   0.0000000000
2   6   5   9   0.0077363759
2   6   5   10   0.0000000000
3   4   1   6   -0.0082433394
3   4   1   8   0.0279156482
3   4   1   9   -0.0000000000
3   4   1   10   0.0230429967
3   4   2   6   -0.0000000000
3   4   2   7   0.0166264358
3   4   2   8   0.0000000000
3   4   2   9   0.0068870834
3   4   2   10   -0.0000000000
3   4   3   6   0.0506451110
3   4   3   7   0.0000000000
3   4   3   8   -0.0157081628
3   4   3   9   0.0000000000
3   4   3   10   -0.0113008214
3   4   4   7   0.0053569874
3   4   4   8   0.0000000000
3   4   4   9   -0.0026203094
3   4   4   10   0.0000000000
3   4   5   6   0.0255376717
3   4   5   8   -0.0118692835
3   4   5   9   0.0000000000
3   4   5   10   0.0036431475
3   5   1   7   -0.0247433319
3   5   1   8   -0.0000000000
3   5   1   9   0.0144148139
3   5   2   6   -0.0529940516
3   5   2   7   -0.0000000000
3   5   2   8   -0.0140824698
3   5   2   9   -0.0000000000
3   5   2   10   -0.0129382392
3   5   3   7   -0.0321957758
3   5   3   8   -0.0000000000
3   5   3   9   -0.0073566528
3   5   3   10   0.0000000000
3   5   4   6   0.0152287604
3   5   4   7   -0.0000000000
3   5   4   8   -0.0080580804
3   5   4   9   0.0000000000
3   5   4   10   0.0077363759
3   5   5   7   -0.0154378452
3   5   5   9   0.0087754556
3   5   5   10   0.0000000000
3   6   1   6   0.0705914345
3   6   1   8   -0.0181772212
3   6   1   9   0.0000000000
3   6   1   10   0.0135887023
3   6   2   7   0.0519577923
3   6   2   8   0.0000000000
3   6   2   9   -0.0158868895
3   6   2   10   -0.0000000000
3   6   3   6   -0.0181772212
3   6   3   7   0.0000000000
3   6   3   8   0.0468533027
3   6   3   9   0.0000000000
3   6   3   10   0.0139176604
3   6   4   6   0.0000000000
3   6   4   7   -0.0158868895
3   6   4   8   0.0000000000
3   6   4   9   0.0149485400
3   6   4   10   0.0000000000
3   6   5   6   0.0135887023
3   6   5   7   -0.0000000000
3   6   5   8   0.0139176604
3   6   5   9   0.0000000000
3   6   5   10   0.0215055251

End IJAB Block
Begin IJKL Block
1   4   1   4   0.2958405337
1   4   1   6   -0.0567694279
1   4   2   5   0.0969424256
1   4   3   4   -0.0567694279
1   4   3   6   0.0818990667
1   5   1   5   0.2342465394
1   5   2   4   0.0972687572
1   5   2   6   0.0787466387
1   5   3   5   0.0292227757
1   6   1   4   -0.0567694279
1   6   1   6   0.2589716102
1   6   2   5   0.0797574785
1   6   3   4   0.0834437925
1   6   3   6   -0.0231051746
2   4   1   5   0.0972687572
2   4   2   4   0.2342465394
2   4   2   6   0.0292227757
2   4   3   5   0.0787466387
2   5   1   4   0.0969424256
2   5   1   6   0.0797574785
2   5   2   5   0.2642778174
2   5   3   4   0.0797574785
2   5   3   6   0.0920946017
2   6   1   5   0.0787466387
2   6   2   4   0.0292227757
2   6   2   6   0.2363629343
2   6   3   5   0.0935326903
3   4   1   4   -0.0567694279
3   4   1   6   0.0834437925
3   4   2   5   0.0797574785
3   4   3   4   0.2589716102
3   4   3   6   -0.0231051746
3   5   1   5   0.0292227757
3   5   2   4   0.0787466387
3   5   2   6   0.0935326903
3   5   3   5   0.2363629343
3   6   1   4   0.0818990667
3   6   1   6   -0.0231051746
3   6   2   5   0.0920946017
3   6   3   4   -0.0231051746
3   6   3   6   0.2575788670

End IJKL Block
Begin ABCD Block
1   6   1   6   0.2404030904
1   6   1   7   -0.0000000000
1   6   1   8   -0.0304997767
1   6   1   9   0.0000000000
1   6   1   10   0.0055383277
1   6   2   6   -0.0000000000
1   6   2   7   0.0760083134
1   6   2   8   -0.0000000000
1   6   2   9   -0.0101424596
1   6   2   10   -0.0000000000
1   6   3   6   -0.0304997767
1   6   3   7   -0.0000000000
1   6   3   8   0.0562218201
1   6   3   9   0.0000000000
1   6   3   10   0.0215801092
1   6   4   6   0.0000000000
1   6   4   7   -0.0101424596
1   6   4   8   0.0000000000
1   6   4   9   0.0099237386
1   6   4   10   0.0000000000
1   6   5   6   0.0055383277
1   6   5   7   -0.0000000000
1   6   5   8   0.0215801092
1   6   5   9   0.0000000000
1   6   5   10   0.0207124349
1   7   1   6   -0.0000000000
1   7   1   7   0.2179986243
1   7   1   8   -0.0000000000
1   7   1   9   -0.0140556285
1   7   1   10   -0.0000000000
1   7   2   6   0.0760083134
1   7   2   7   -0.0000000000
1   7   2   8   0.0614800900
1   7   2   9   0.0000000000
1   7   2   10   0.0193403962
1   7   3   6   -0.0000000000
1   7   3   7   0.0027816187
1   7   3   8   0.0000000000
1   7   3   9   0.0067306300
1   7   3   10   -0.0000000000
1   7   4   6   -0.0101424596
1   7   4   7   0.0000000000
1   7   4   8   -0.0010822161
1   7   4   9   -0.0000000000
1   7   4   10   -0.0071010103
1   7   5   6   -0.0000000000
1   7   5   7   0.0146141388
1   7   5   8   -0.0000000000
1   7   5   9   -0.0048514418
1   7   5   10   -0.0000000000
1   8   1   6   -0.0304997767
1   8   1   7   -0.0000000000
1   8   1   8   0.2266956112
1   8   1   9   -0.0000000000
1   8   1   10   0.0317510404
1   8   2   6   -0.0000000000
1   8   2   7   0.0614800900
1   8   2   8   0.0000000000
1   8   2   9   0.0115598405
1   8   2   10   -0.0000000000
1   8   3   6   0.0562218201
1   8   3   7   0.0000000000
1   8   3   8   -0.0412994545
1   8   3   10   -0.0233473791
1   8   4   6   0.0000000000
1   8   4   7   -0.0010822161
1   8   4   8   -0.0000000000
1   8   4   9   -0.0029100666
1   8   4   10   0.0000000000
1   8   5   6   0.0215801092
1   8   5   7   -0.0000000000
1   8   5   8   -0.0090600045
1   8   5   9   -0.0000000000
1   8   5   10   -0.0034678574
1   9   1   6   0.0000000000
1   9   1   7   -0.0140556285
1   9   1   8   -0.0000000000
1   9   1   9   0.1846616347
1   9   1   10   0.0000000000
1   9   2   6   -0.0101424596
1   9   2   7   0.0000000000
1   9   2   8   0.0115598405
1   9   2   9   -0.0000000000
1   9   2   10   -0.0536014681
1   9   3   6   0.0000000000
1   9   3   7   0.0067306300
1   9   3   9   -0.0232843517
1   9   3   10   0.0000000000
1   9   4   6   0.0099237386
1   9   4   7   -0.0000000000
1   9   4   8   -0.0029100666
1   9   4   9   0.0000000000
1   9   4   10   0.0054527673
1   9   5   6   0.0000000000
1   9   5   7   -0.0048514418
1   9   5   8   -0.0000000000
1   9   5   9   0.0022653984
1   9   5   10   0.0000000001
1   10   1   6   0.0055383277
1   10   1   7   -0.0000000000
1   10   1   8   0.0317510404
1   10   1   9   0.0000000000
1   10   1   10   0.1822570051
1   10   2   6   -0.0000000000
1   10   2   7   0.0193403962
1   10   2   8   -0.0000000000
1   10   2   9   -0.0536014681
1   10   2   10   -0.0000000000
1   10   3   6   0.0215801092
1   10   3   7   -0.0000000000
1   10   3   8   -0.0233473791
1   10   3   9   0.0000000000
1   10   3   10   0.0008235889
1   10   4   6   0.0000000000
1   10   4   7   -0.0071010103
1   10   4   8   0.0000000000
1   10   4   9   0.0054527673
1   10   4   10   0.0000000001
1   10   5   6   0.0207124349
1   10   5   7   -0.0000000000
1   10   5   8   -0.0034678574
1   10   5   9   0.0000000001
1   10   5   10   0.0131196675
2   6   1   6   -0.0000000000
2   6   1   7   0.0760083134
2   6   1   8   -0.0000000000
2   6   1   9   -0.0101424596
2   6   1   10   -0.0000000000
2   6   2   6   0.2179986243
2   6   2   7   -0.0000000000
2   6   2   8   0.0027816187
2   6   2   9   0.0000000000
2   6   2   10   0.0146141388
2   6   3   6   -0.0000000000
2   6   3   7   0.0614800900
2   6   3   8   0.0000000000
2   6   3   9   -0.0010822161
2   6   3   10   -0.0000000000
2   6   4   6   -0.0140556285
2   6   4   7   0.0000000000
2   6   4   8   0.0067306300
2   6   4   9   -0.0000000000
2   6   4   10   -0.0048514418
2   6   5   6   -0.0000000000
2   6   5   7   0.0193403962
2   6   5   8   -0.0000000000
2   6   5   9   -0.0071010103
2   6   5   10   -0.0000000000
2   7   1   6   0.0760083134
2   7   1   7   -0.0000000000
2   7   1   8   0.0614800900
2   7   1   9   0.0000000000
2   7   1   10   0.0193403962
2   7   2   6   -0.0000000000
2   7   2   7   0.2237968838
2   7   2   8   0.0000000000
2   7   2   9   -0.0069534234
2   7   2   10   -0.0000000000
2   7   3   6   0.0614800900
2   7   3   7   0.0000000000
2   7   3   8   0.0633373367
2   7   3   9   0.0000000000
2   7   3   10   0.0142467301
2   7   4   6   0.0000000000
2   7   4   7   -0.0069534234
2   7   4   8   0.0000000000
2   7   4   9   0.0074015316
2   7   4   10   0.0000000000
2   7   5   6   0.0193403962
2   7   5   7   -0.0000000000
2   7   5   8   0.0142467301
2   7   5   9   0.0000000000
2   7   5   10   0.0147141460
2   8   1   6   -0.0000000000
2   8   1   7   0.0614800900
2   8   1   8   0.0000000000
2   8   1   9   0.0115598405
2   8   1   10   -0.0000000000
2   8   2   6   0.0027816187
2   8   2   7   0.0000000000
2   8   2   8   0.2071298330
2   8   2   9   0.0000000000
2   8   2   10   0.0177102717
2   8   3   6   0.0000000000
2   8   3   7   0.0633373367
2   8   3   8   0.0000000000
2   8   3   9   0.0080476553
2   8   3   10   -0.0000000000
2   8   4   6   0.0067306300
2   8   4   7   0.0000000000
2   8   4   8   -0.0085225075
2   8   4   9   0.0000000000
2   8   4   10   -0.0071744754
2   8   5   6   -0.0000000000
2   8   5   7   0.0142467301
2   8   5   8   0.0000000000
2   8   5   9   -0.0031586547
2   8   5   10   -0.0000000000
2   9   1   6   -0.0101424596
2   9   1   7   0.0000000000
2   9   1   8   0.0115598405
2   9   1   9   -0.0000000000
2   9   1   10   -0.0536014681
2   9   2   6   0.0000000000
2   9   2   7   -0.0069534234
2   9   2   8   0.0000000000
2   9   2   9   0.1724512502
2   9   2   10   0.0000000000
2   9   3   6   -0.0010822161
2   9   3   7   0.0000000000
2   9   3   8   0.0080476553
2   9   3   9   -0.0000000000
2   9   3   10   -0.0495305499
2   9   4   6   -0.0000000000
2   9   4   7   0.0074015316
2   9   4   8   0.0000000000
2   9   4   9   -0.0087773106
2   9   4   10   -0.0000000001
2   9   5   6   -0.0071010103
2   9   5   7   0.0000000000
2   9   5   8   -0.0031586547
2   9   5   9   -0.0000000001
2   9   5   10   -0.0149960241
2   10   1   6   -0.0000000000
2   10   1   7   0.0193403962
2   10   1   8   -0.0000000000
2   10   1   9   -0.0536014681
2   10   1   10   -0.0000000000
2   10   2   6   0.0146141388
2   10   2   7   -0.0000000000
2   10   2   8   0.0177102717
2   10   2   9   0.0000000000
2   10   2   10   0.1785810902
2   10   3   6   -0.0000000000
2   10   3   7   0.0142467301
2   10   3   8   -0.0000000000
2   10   3   9   -0.0495305499
2   10   3   10   0.0000000000
2   10   4   6   -0.0048514418
2   10   4   7   0.0000000000
2   10   4   8   -0.0071744754
2   10   4   9   -0.0000000001
2   10   4   10   -0.0092669820
2   10   5   6   -0.0000000000
2   10   5   7   0.0147141460
2   10   5   8   -0.0000000000
2   10   5   9   -0.0149960241
2   10   5   10   -0.0000000001
3   6   1   6   -0.0304997767
3   6   1   7   -0.0000000000
3   6   1   8   0.0562218201
3   6   1   9   0.0000000000
3   6   1   10   0.0215801092
3   6   2   6   -0.0000000000
3   6   2   7   0.0614800900
3   6   2   8   0.0000000000
3   6   2   9   -0.0010822161
3   6   2   10   -0.0000000000
3   6   3   6   0.2266956112
3   6   3   7   0.0000000000
3   6   3   8   -0.0412994545
3   6   3   9   -0.0000000000
3   6   3   10   -0.0090600045
3   6   4   6   -0.0000000000
3   6   4   7   0.0115598405
3   6   4   9   -0.0029100666
3   6   4   10   -0.0000000000
3   6   5   6   0.0317510404
3   6   5   7   -0.0000000000
3   6   5   8   -0.0233473791
3   6   5   9   0.0000000000
3   6   5   10   -0.0034678574
3   7   1   6   -0.0000000000
3   7   1   7   0.0027816187
3   7   1   8   0.0000000000
3   7   1   9   0.0067306300
3   7   1   10   -0.0000000000
3   7   2   6   0.0614800900
3   7   2   7   0.0000000000
3   7   2   8   0.0633373367
3   7   2   9   0.0000000000
3   7   2   10   0.0142467301
3   7   3   6   0.0000000000
3   7   3   7   0.2071298330
3   7   3   8   0.0000000000
3   7   3   9   -0.0085225075
3   7   3   10   0.0000000000
3   7   4   6   0.0115598405
3   7   4   7   0.0000000000
3   7   4   8   0.0080476553
3   7   4   9   0.0000000000
3   7   4   10   -0.0031586547
3   7   5   6   -0.0000000000
3   7   5   7   0.0177102717
3   7   5   8   -0.0000000000
3   7   5   9   -0.0071744754
3   7   5   10   -0.0000000000
3   8   1   6   0.0562218201
3   8   1   7   0.0000000000
3   8   1   8   -0.0412994545
3   8   1   10   -0.0233473791
3   8   2   6   0.0000000000
3   8   2   7   0.0633373367
3   8   2   8   0.0000000000
3   8   2   9   0.0080476553
3   8   2   10   -0.0000000000
3   8   3   6   -0.0412994545
3   8   3   7   0.0000000000
3   8   3   8   0.2324412216
3   8   3   9   0.0000000000
3   8   3   10   0.0316343042
3   8   4   7   0.0080476553
3   8   4   8   0.0000000000
3   8   4   9   0.0091797663
3   8   4   10   0.0000000000
3   8   5   6   -0.0233473791
3   8   5   7   -0.0000000000
3   8   5   8   0.0316343042
3   8   5   9   0.0000000000
3   8   5   10   0.0163452158
3   9   1   6   0.0000000000
3   9   1   7   0.0067306300
3   9   1   9   -0.0232843517
3   9   1   10   0.0000000000
3   9   2   6   -0.0010822161
3   9   2   7   0.0000000000
3   9   2   8   0.0080476553
3   9   2   9   -0.0000000000
3   9   2   10   -0.0495305499
3   9   3   6   -0.0000000000
3   9   3   7   -0.0085225075
3   9   3   8   0.0000000000
3   9   3   9   0.1814884345
3   9   3   10   -0.0000000001
3   9   4   6   -0.0029100666
3   9   4   7   0.0000000000
3   9   4   8   0.0091797663
3   9   4   9   0.0000000001
3   9   4   10   -0.0062445216
3   9   5   6   0.0000000000
3   9   5   7   -0.0071744754
3   9   5   8   0.0000000000
3   9   5   9   0.0190098047
3   9   5   10   0.0000000001
3   10   1   6   0.0215801092
3   10   1   7   -0.0000000000
3   10   1   8   -0.0233473791
3   10   1   9   0.0000000000
3   10   1   10   0.0008235889
3   10   2   6   -0.0000000000
3   10   2   7   0.0142467301
3   10   2   8   -0.0000000000
3   10   2   9   -0.0495305499
3   10   2   10   0.0000000000
3   10   3   6   -0.0090600045
3   10   3   7   0.0000000000
3   10   3   8   0.0316343042
3   10   3   9   -0.0000000001
3   10   3   10   0.1696092661
3   10   4   6   -0.0000000000
3   10   4   7   -0.0031586547
3   10   4   8   0.0000000000
3   10   4   9   -0.0062445216
3   10   4   10   0.0000000001
3   10   5   6   -0.0034678574
3   10   5   7   -0.0000000000
3   10   5   8   0.0163452158
3   10   5   9   0.0000000001
3   10   5   10   0.0110536210
4   6   1   6   0.0000000000
4   6   1   7   -0.0101424596
4   6   1   8   0.0000000000
4   6   1   9   0.0099237386
4   6   1   10   0.0000000000
4   6   2   6   -0.0140556285
4   6   2   7   0.0000000000
4   6   2   8   0.0067306300
4   6   2   9   -0.0000000000
4   6   2   10   -0.0048514418
4   6   3   6   -0.0000000000
4   6   3   7   0.0115598405
4   6   3   9   -0.0029100666
4   6   3   10   -0.0000000000
4   6   4   6   0.1846616347
4   6   4   7   -0.0000000000
4   6   4   8   -0.0232843517
4   6   4   9   0.0000000000
4   6   4   10   0.0022653984
4   6   5   6   0.0000000000
4   6   5   7   -0.0536014681
4   6   5   8   0.0000000000
4   6   5   9   0.0054527673
4   6   5   10   0.0000000001
4   7   1   6   -0.0101424596
4   7   1   7   0.0000000000
4   7   1   8   -0.0010822161
4   7   1   9   -0.0000000000
4   7   1   10   -0.0071010103
4   7   2   6   0.0000000000
4   7   2   7   -0.0069534234
4   7   2   8   0.0000000000
4   7   2   9   0.0074015316
4   7   2   10   0.0000000000
4   7   3   6   0.0115598405
4   7   3   7   0.0000000000
4   7   3   8   0.0080476553
4   7   3   9   0.0000000000
4   7   3   10   -0.0031586547
4   7   4   6   -0.0000000000
4   7   4   7   0.1724512502
4   7   4   8   -0.0000000000
4   7   4   9   -0.0087773106
4   7   4   10   -0.0000000001
4   7   5   6   -0.0536014681
4   7   5   7   0.0000000000
4   7   5   8   -0.0495305499
4   7   5   9   -0.0000000001
4   7   5   10   -0.0149960241
4   8   1   6   0.0000000000
4   8   1   7   -0.0010822161
4   8   1   8   -0.0000000000
4   8   1   9   -0.0029100666
4   8   1   10   0.0000000000
4   8   2   6   0.0067306300
4   8   2   7   0.0000000000
4   8   2   8   -0.0085225075
4   8   2   9   0.0000000000
4   8   2   10   -0.0071744754
4   8   3   7   0.0080476553
4   8   3   8   0.0000000000
4   8   3   9   0.0091797663
4   8   3   10   0.0000000000
4   8   4   6   -0.0232843517
4   8   4   7   -0.0000000000
4   8   4   8   0.1814884345
4   8   4   9   0.0000000001
4   8   4   10   0.0190098047
4   8   5   6   0.0000000000
4   8   5   7   -0.0495305499
4   8   5   8   -0.0000000001
4   8   5   9   -0.0062445216
4   8   5   10   0.0000000001
4   9   1   6   0.0099237386
4   9   1   7   -0.0000000000
4   9   1   8   -0.0029100666
4   9   1   9   0.0000000000
4   9   1   10   0.0054527673
4   9   2   6   -0.0000000000
4   9   2   7   0.0074015316
4   9   2   8   0.0000000000
4   9   2   9   -0.0087773106
4   9   2   10   -0.0000000001
4   9   3   6   -0.0029100666
4   9   3   7   0.0000000000
4   9   3   8   0.0091797663
4   9   3   9   0.0000000001
4   9   3   10   -0.0062445216
4   9   4   6   0.0000000000
4   9   4   7   -0.0087773106
4   9   4   8   0.0000000001
4   9   4   9   0.1702787120
4   9   4   10   0.0000000002
4   9   5   6   0.0054527673
4   9   5   7   -0.0000000001
4   9   5   8   -0.0062445216
4   9   5   9   0.0000000002
4   9   5   10   0.0541634052
4   10   1   6   0.0000000000
4   10   1   7   -0.0071010103
4   10   1   8   0.0000000000
4   10   1   9   0.0054527673
4   10   1   10   0.0000000001
4   10   2   6   -0.0048514418
4   10   2   7   0.0000000000
4   10   2   8   -0.0071744754
4   10   2   9   -0.0000000001
4   10   2   10   -0.0092669820
4   10   3   6   -0.0000000000
4   10   3   7   -0.0031586547
4   10   3   8   0.0000000000
4   10   3   9   -0.0062445216
4   10   3   10   0.0000000001
4   10   4   6   0.0022653984
4   10   4   7   -0.0000000001
4   10   4   8   0.0190098047
4   10   4   9   0.0000000002
4   10   4   10   0.1571303850
4   10   5   6   0.0000000001
4   10   5   7   -0.0149960241
4   10   5   8   0.0000000001
4   10   5   9   0.0541634052
4   10   5   10   0.0000000002
5   6   1   6   0.0055383277
5   6   1   7   -0.0000000000
5   6   1   8   0.0215801092
5   6   1   9   0.0000000000
5   6   1   10   0.0207124349
5   6   2   6   -0.0000000000
5   6   2   7   0.0193403962
5   6   2   8   -0.0000000000
5   6   2   9   -0.0071010103
5   6   2   10   -0.0000000000
5   6   3   6   0.0317510404
5   6   3   7   -0.0000000000
5   6   3   8   -0.0233473791
5   6   3   9   0.0000000000
5   6   3   10   -0.0034678574
5   6   4   6   0.0000000000
5   6   4   7   -0.0536014681
5   6   4   8   0.0000000000
5   6   4   9   0.0054527673
5   6   4   10   0.0000000001
5   6   5   6   0.1822570051
5   6   5   7   -0.0000000000
5   6   5   8   0.0008235889
5   6   5   9   0.0000000001
5   6   5   10   0.0131196675
5   7   1   6   -0.0000000000
5   7   1   7   0.0146141388
5   7   1   8   -0.0000000000
5   7   1   9   -0.0048514418
5   7   1   10   -0.0000000000
5   7   2   6   0.0193403962
5   7   2   7   -0.0000000000
5   7   2   8   0.0142467301
5   7   2   9   0.0000000000
5   7   2   10   0.0147141460
5   7   3   6   -0.0000000000
5   7   3   7   0.0177102717
5   7   3   8   -0.0000000000
5   7   3   9   -0.0071744754
5   7   3   10   -0.0000000000
5   7   4   6   -0.0536014681
5   7   4   7   0.0000000000
5   7   4   8   -0.0495305499
5   7   4   9   -0.0000000001
5   7   4   10   -0.0149960241
5   7   5   6   -0.0000000000
5   7   5   7   0.1785810902
5   7   5   8   0.0000000000
5   7   5   9   -0.0092669820
5   7   5   10   -0.0000000001
5   8   1   6   0.0215801092
5   8   1   7   -0.0000000000
5   8   1   8   -0.0090600045
5   8   1   9   -0.0000000000
5   8   1   10   -0.0034678574
5   8   2   6   -0.0000000000
5   8   2   7   0.0142467301
5   8   2   8   0.0000000000
5   8   2   9   -0.0031586547
5   8   2   10   -0.0000000000
5   8   3   6   -0.0233473791
5   8   3   7   -0.0000000000
5   8   3   8   0.0316343042
5   8   3   9   0.0000000000
5   8   3   10   0.0163452158
5   8   4   6   0.0000000000
5   8   4   7   -0.0495305499
5   8   4   8   -0.0000000001
5   8   4   9   -0.0062445216
5   8   4   10   0.0000000001
5   8   5   6   0.0008235889
5   8   5   7   0.0000000000
5   8   5   8   0.1696092661
5   8   5   9   0.0000000001
5   8   5   10   0.0110536210
5   9   1   6   0.0000000000
5   9   1   7   -0.0048514418
5   9   1   8   -0.0000000000
5   9   1   9   0.0022653984
5   9   1   10   0.0000000001
5   9   2   6   -0.0071010103
5   9   2   7   0.0000000000
5   9   2   8   -0.0031586547
5   9   2   9   -0.0000000001
5   9   2   10   -0.0149960241
5   9   3   6   0.0000000000
5   9   3   7   -0.0071744754
5   9   3   8   0.0000000000
5   9   3   9   0.0190098047
5   9   3   10   0.0000000001
5   9   4   6   0.0054527673
5   9   4   7   -0.0000000001
5   9   4   8   -0.0062445216
5   9   4   9   0.0000000002
5   9   4   10   0.0541634052
5   9   5   6   0.0000000001
5   9   5   7   -0.0092669820
5   9   5   8   0.0000000001
5   9   5   9   0.1571303850
5   9   5   10   0.0000000002
5   10   1   6   0.0207124349
5   10   1   7   -0.0000000000
5   10   1   8   -0.0034678574
5   10   1   9   0.0000000001
5   10   1   10   0.0131196675
5   10   2   6   -0.0000000000
5   10   2   7   0.0147141460
5   10   2   8   -0.0000000000
5   10   2   9   -0.0149960241
5   10   2   10   -0.0000000001
5   10   3   6   -0.0034678574
5   10   3   7   -0.0000000000
5   10   3   8   0.0163452158
5   10   3   9   0.0000000001
5   10   3   10   0.0110536210
5   10   4   6   0.0000000001
5   10   4   7   -0.0149960241
5   10   4   8   0.0000000001
5   10   4   9   0.0541634052
5   10   4   10   0.0000000002
5   10   5   6   0.0131196675
5   10   5   7   -0.0000000001
5   10   5   8   0.0110536210
5   10   5   9   0.0000000002
5   10   5   10   0.1676405675

End ABCD Block
Begin AIJB Block
1   4   1   6   0.0633564123
1   4   1   8   -0.0242807208
1   4   1   10   -0.0088457364
1   4   2   7   -0.0246236305
1   4   2   9   -0.0035256325
1   4   3   6   -0.0105250648
1   4   3   8   0.0270301609
1   4   3   10   0.0213198699
1   5   1   7   -0.0392189162
1   5   1   9   -0.0014695678
1   5   2   6   0.0581182927
1   5   2   8   0.0122729432
1   5   2   10   0.0157059340
1   5   3   7   -0.0217239504
1   5   3   9   0.0152927905
1   6   1   6   -0.0105250648
1   6   1   8   0.0486135787
1   6   1   10   0.0239621820
1   6   2   7   -0.0488400009
1   6   2   9   0.0166978580
1   6   3   6   0.0630162142
1   6   3   8   -0.0169150450
1   6   3   10   0.0125139193
2   4   1   7   0.0363059719
2   4   1   9   -0.0030671762
2   4   2   6   -0.0392189162
2   4   2   8   -0.0165143081
2   4   2   10   -0.0056770081
2   4   3   7   0.0167460036
2   4   3   8   0.0000000000
2   4   3   9   0.0063106586
2   4   3   10   -0.0000000000
2   5   1   6   -0.0246236305
2   5   1   8   -0.0277218515
2   5   1   10   -0.0084048781
2   5   2   7   0.0563892882
2   5   2   8   0.0000000000
2   5   2   9   0.0000466983
2   5   3   6   -0.0488400009
2   5   3   8   -0.0151956773
2   5   3   9   -0.0000000000
2   5   3   10   -0.0127697514
2   6   1   7   0.0167460036
2   6   1   8   0.0000000000
2   6   1   9   0.0045956686
2   6   2   6   -0.0217239504
2   6   2   8   -0.0325551327
2   6   2   9   -0.0000000000
2   6   2   10   -0.0157288944
2   6   3   7   0.0509951700
2   6   3   8   0.0000000000
2   6   3   9   -0.0158939482
2   6   3   10   -0.0000000000
3   4   1   6   -0.0242807208
3   4   1   8   0.0421670613
3   4   1   10   0.0134951292
3   4   2   7   -0.0277218515
3   4   2   8   -0.0000000000
3   4   2   9   -0.0001452656
3   4   2   10   0.0000000000
3   4   3   6   0.0486135787
3   4   3   7   0.0000000000
3   4   3   8   -0.0168877426
3   4   3   9   0.0000000000
3   4   3   10   -0.0114725450
3   5   1   7   -0.0165143081
3   5   1   8   -0.0000000000
3   5   1   9   -0.0006457129
3   5   2   6   0.0122729432
3   5   2   7   0.0000000000
3   5   2   8   0.0301913553
3   5   2   9   0.0000000000
3   5   2   10   0.0032102762
3   5   3   7   -0.0325551327
3   5   3   8   -0.0000000000
3   5   3   9   -0.0068314248
3   5   3   10   0.0000000000
3   6   1   6   0.0270301609
3   6   1   7   0.0000000000
3   6   1   8   -0.0168877426
3   6   1   10   -0.0117594883
3   6   2   7   -0.0151956773
3   6   2   8   -0.0000000000
3   6   2   9   -0.0074236871
3   6   2   10   0.0000000000
3   6   3   6   -0.0169150450
3   6   3   7   0.0000000000
3   6   3   8   0.0479359354
3   6   3   9   0.0000000000
3   6   3   10   0.0152205214
4   4   1   7   -0.0030671762
4   4   1   9   0.0135769733
4   4   2   6   -0.0014695678
4   4   2   8   -0.0006457129
4   4   2   9   0.0000000000
4   4   2   10   0.0089651795
4   4   3   7   0.0045956686
4   4   3   9   -0.0021806628
4   4   3   10   0.0000000000
4   5   1   6   -0.0035256325
4   5   1   8   -0.0001452656
4   5   1   9   0.0000000000
4   5   1   10   0.0097007864
4   5   2   7   0.0000466983
4   5   2   8   0.0000000000
4   5   2   9   0.0111866145
4   5   2   10   0.0000000000
4   5   3   6   0.0166978580
4   5   3   7   -0.0000000000
4   5   3   8   -0.0074236871
4   5   3   9   0.0000000000
4   5   3   10   0.0089737008
4   6   1   7   0.0063106586
4   6   1   8   0.0000000000
4   6   1   9   -0.0021806628
4   6   1   10   0.0000000000
4   6   2   6   0.0152927905
4   6   2   7   -0.0000000000
4   6   2   8   -0.0068314248
4   6   2   9   0.0000000000
4   6   2   10   0.0098393803
4   6   3   7   -0.0158939482
4   6   3   8   0.0000000000
4   6   3   9   0.0151429092
4   6   3   10   0.0000000000
5   4   1   6   -0.0088457364
5   4   1   8   0.0134951292
5   4   1   10   0.0119304855
5   4   2   7   -0.0084048781
5   4   2   9   0.0097007864
5   4   2   10   0.0000000000
5   4   3   6   0.0239621820
5   4   3   8   -0.0117594883
5   4   3   9   0.0000000000
5   4   3   10   0.0040756736
5   5   1   7   -0.0056770081
5   5   1   8   0.0000000000
5   5   1   9   0.0089651795
5   5   1   10   0.0000000000
5   5   2   6   0.0157059340
5   5   2   8   0.0032102762
5   5   2   9   0.0000000000
5   5   2   10   0.0174489035
5   5   3   7   -0.0157288944
5   5   3   8   0.0000000000
5   5   3   9   0.0098393803
5   5   3   10   0.0000000000
5   6   1   6   0.0213198699
5   6   1   7   -0.0000000000
5   6   1   8   -0.0114725450
5   6   1   9   0.0000000000
5   6   1   10   0.0040756736
5   6   2   7   -0.0127697514
5   6   2   8   0.0000000000
5   6   2   9   0.0089737008
5   6   2   10   0.0000000000
5   6   3   6   0.0125139193
5   6   3   7   -0.0000000000
5   6   3   8   0.0152205214
5   6   3   9   0.0000000000
5   6   3   10   0.0223177783

1   4   4   1   -0.2538784717
1   4   4   2   0.0000000000
1   4   4   3   0.0633199696
1   4   4   4   -0.0000000000
1   4   4   5   0.0116989718
1   4   5   2   0.0746336429
1   4   5   3   -0.0000000000
1   4   5   4   -0.0034421066
1   4   5   5   -0.0000000000
1   4   6   1   0.0210526382
1   4   6   3   -0.0625468941
1   4   6   5   -0.0312788623
1   5   4   2   0.0746869714
1   5   4   3   -0.0000000000
1   5   4   4   -0.0034691667
1   5   4   5   -0.0000000000
1   5   5   1   -0.2310006327
1   5   5   2   0.0000000000
1   5   5   3   -0.0038752439
1   5   5   4   -0.0000000000
1   5   5   5   -0.0224840253
1   5   6   2   0.0773716142
1   5   6   4   -0.0149156697
1   5   6   5   -0.0000000000
1   6   4   1   0.0210526382
1   6   4   3   -0.0639178707
1   6   4   5   -0.0320763584
1   6   5   2   0.0789590368
1   6   5   4   -0.0152594144
1   6   5   5   -0.0000000000
1   6   6   1   -0.2395939478
1   6   6   2   0.0000000000
1   6   6   3   0.0328943331
1   6   6   4   -0.0000000000
1   6   6   5   -0.0085538406
2   4   4   1   0.0000000000
2   4   4   2   -0.2240134536
2   4   4   4   0.0138862585
2   4   4   5   -0.0000000000
2   4   5   1   0.0746869714
2   4   5   2   -0.0000000000
2   4   5   3   0.0722288899
2   4   5   4   -0.0000000000
2   4   5   5   0.0226104567
2   4   6   2   -0.0149741237
2   4   6   4   -0.0062593832
2   4   6   5   0.0000000000
2   5   4   1   0.0746336429
2   5   4   2   -0.0000000000
2   5   4   3   0.0730600475
2   5   4   5   0.0230461443
2   5   5   1   0.0000000000
2   5   5   2   -0.2377469665
2   5   5   4   0.0080636830
2   5   5   5   0.0000000000
2   5   6   1   0.0789590368
2   5   6   3   0.0654082848
2   5   6   4   0.0000000000
2   5   6   5   0.0240751567
2   6   4   2   -0.0149741237
2   6   4   4   -0.0062031637
2   6   4   5   0.0000000000
2   6   5   1   0.0773716142
2   6   5   3   0.0652794226
2   6   5   4   0.0000000000
2   6   5   5   0.0240402129
2   6   6   1   0.0000000000
2   6   6   2   -0.2240462958
2   6   6   3   -0.0000000000
2   6   6   4   0.0179730343
2   6   6   5   0.0000000000
3   4   4   1   0.0633199696
3   4   4   3   -0.2573474945
3   4   4   4   0.0000000000
3   4   4   5   -0.0448333069
3   4   5   1   -0.0000000000
3   4   5   2   0.0730600475
3   4   5   3   0.0000000000
3   4   5   4   0.0063844803
3   4   5   5   0.0000000000
3   4   6   1   -0.0639178707
3   4   6   3   0.0388058505
3   4   6   4   -0.0000000000
3   4   6   5   0.0239594827
3   5   4   1   -0.0000000000
3   5   4   2   0.0722288899
3   5   4   3   0.0000000000
3   5   4   4   0.0065127665
3   5   4   5   0.0000000000
3   5   5   1   -0.0038752439
3   5   5   3   -0.2168705434
3   5   5   4   0.0000000000
3   5   5   5   -0.0200799859
3   5   6   2   0.0652794226
3   5   6   3   0.0000000000
3   5   6   4   0.0137198199
3   5   6   5   -0.0000000000
3   6   4   1   -0.0625468941
3   6   4   3   0.0388058505
3   6   4   4   -0.0000000000
3   6   4   5   0.0240440553
3   6   5   2   0.0654082848
3   6   5   3   0.0000000000
3   6   5   4   0.0136662985
3   6   5   5   -0.0000000000
3   6   6   1   0.0328943331
3   6   6   2   -0.0000000000
3   6   6   3   -0.2348731810
3   6   6   4   0.0000000000
3   6   6   5   -0.0346303762
4   4   4   1   -0.0000000000
4   4   4   2   0.0138862585
4   4   4   3   0.0000000000
4   4   4   4   -0.2014425280
4   4   4   5   -0.0000000000
4   4   5   1   -0.0034691667
4   4   5   3   0.0065127665
4   4   5   4   -0.0000000000
4   4   5   5   -0.0598119297
4   4   6   2   -0.0062031637
4   4   6   3   -0.0000000000
4   4   6   4   0.0184986634
4   4   6   5   -0.0000000000
4   5   4   1   -0.0034421066
4   5   4   2   -0.0000000000
4   5   4   3   0.0063844803
4   5   4   4   -0.0000000000
4   5   4   5   -0.0598731003
4   5   5   1   -0.0000000000
4   5   5   2   0.0080636830
4   5   5   3   0.0000000000
4   5   5   4   -0.1816623766
4   5   5   5   -0.0000000000
4   5   6   1   -0.0152594144
4   5   6   2   0.0000000000
4   5   6   3   0.0136662985
4   5   6   4   -0.0000000000
4   5   6   5   -0.0574799693
4   6   4   2   -0.0062593832
4   6   4   3   -0.0000000000
4   6   4   4   0.0184986634
4   6   4   5   -0.0000000000
4   6   5   1   -0.0149156697
4   6   5   2   0.0000000000
4   6   5   3   0.0137198199
4   6   5   4   -0.0000000000
4   6   5   5   -0.0574052640
4   6   6   1   -0.0000000000
4   6   6   2   0.0179730343
4   6   6   3   0.0000000000
4   6   6   4   -0.1908426244
4   6   6   5   -0.0000000000
5   4   4   1   0.0116989718
5   4   4   2   -0.0000000000
5   4   4   3   -0.0448333069
5   4   4   4   -0.0000000000
5   4   4   5   -0.1771259869
5   4   5   1   -0.0000000000
5   4   5   2   0.0230461443
5   4   5   3   0.0000000000
5   4   5   4   -0.0598731003
5   4   5   5   -0.0000000000
5   4   6   1   -0.0320763584
5   4   6   2   0.0000000000
5   4   6   3   0.0240440553
5   4   6   4   -0.0000000000
5   4   6   5   -0.0109586127
5   5   4   1   -0.0000000000
5   5   4   2   0.0226104567
5   5   4   3   0.0000000000
5   5   4   4   -0.0598119297
5   5   4   5   -0.0000000000
5   5   5   1   -0.0224840253
5   5   5   2   0.0000000000
5   5   5   3   -0.0200799859
5   5   5   4   -0.0000000000
5   5   5   5   -0.1897912688
5   5   6   1   -0.0000000000
5   5   6   2   0.0240402129
5   5   6   3   -0.0000000000
5   5   6   4   -0.0574052640
5   5   6   5   -0.0000000000
5   6   4   1   -0.0312788623
5   6   4   2   0.0000000000
5   6   4   3   0.0239594827
5   6   4   4   -0.0000000000
5   6   4   5   -0.0109586127
5   6   5   1   -0.0000000000
5   6   5   2   0.0240751567
5   6   5   3   -0.0000000000
5   6   5   4   -0.0574799693
5   6   5   5   -0.0000000000
5   6   6   1   -0.0085538406
5   6   6   2   0.0000000000
5   6   6   3   -0.0346303762
5   6   6   4   -0.0000000000
5   6   6   5   -0.1887684840

End AIJB Block
Begin IJKA Block
1   4   1   7   -0.0077352135
1   4   1   9   -0.0315311797
1   4   2   6   0.0335364714
1   4   2   7   0.0000000000
1   4   2   8   -0.0013423114
1   4   2   10   -0.0144532874
1   4   3   6   -0.0000000000
1   4   3   7   -0.0182037003
1   4   3   9   0.0094098385
1   4   3   10   -0.0000000000
1   5   1   6   0.0484225632
1   5   1   8   0.0096000524
1   5   1   10   -0.0154618195
1   5   2   7   -0.0243761430
1   5   2   9   -0.0176605469
1   5   2   10   -0.0000000000
1   5   3   6   -0.0383441025
1   5   3   7   0.0000000000
1   5   3   8   0.0202867281
1   5   3   10   -0.0060478884
1   6   1   7   -0.0501465001
1   6   1   8   -0.0000000000
1   6   1   9   0.0112936951
1   6   1   10   -0.0000000000
1   6   2   6   -0.0524998080
1   6   2   7   0.0000000000
1   6   2   8   0.0372120739
1   6   2   9   -0.0000000000
1   6   2   10   -0.0082629963
1   6   3   7   0.0390890565
1   6   3   8   -0.0000000000
1   6   3   9   -0.0257334714
2   4   1   6   0.0330022274
2   4   1   8   -0.0005765424
2   4   1   10   -0.0143156400
2   4   2   7   -0.0231686920
2   4   2   8   -0.0000000000
2   4   2   9   -0.0214769252
2   4   2   10   -0.0000000000
2   4   3   6   -0.0061970461
2   4   3   7   0.0000000000
2   4   3   8   0.0146714866
2   4   3   10   -0.0091654431
2   5   1   7   -0.0249294673
2   5   1   8   -0.0000000000
2   5   1   9   -0.0180029450
2   5   1   10   -0.0000000000
2   5   2   6   0.0049981309
2   5   2   7   0.0000000000
2   5   2   8   0.0290248143
2   5   2   9   -0.0000000000
2   5   2   10   -0.0236112108
2   5   3   6   -0.0000000000
2   5   3   7   -0.0008180593
2   5   3   8   -0.0000000000
2   5   3   9   -0.0183019786
2   5   3   10   -0.0000000000
2   6   1   6   -0.0512390571
2   6   1   7   0.0000000000
2   6   1   8   0.0373796675
2   6   1   9   -0.0000000000
2   6   1   10   -0.0080315718
2   6   2   7   -0.0078473368
2   6   2   8   -0.0000000000
2   6   2   9   -0.0152534774
2   6   2   10   -0.0000000000
2   6   3   6   -0.0489159232
2   6   3   7   0.0000000000
2   6   3   8   0.0083687560
2   6   3   10   -0.0238036585
3   4   1   7   -0.0179950287
3   4   1   8   -0.0000000000
3   4   1   9   0.0094966055
3   4   1   10   -0.0000000000
3   4   2   6   -0.0070564080
3   4   2   7   0.0000000000
3   4   2   8   0.0151788864
3   4   2   10   -0.0098070016
3   4   3   7   0.0070900768
3   4   3   8   -0.0000000000
3   4   3   9   -0.0290712589
3   5   1   6   -0.0377336974
3   5   1   7   0.0000000000
3   5   1   8   0.0208838051
3   5   1   9   -0.0000000000
3   5   1   10   -0.0064300886
3   5   2   7   -0.0006526606
3   5   2   8   -0.0000000000
3   5   2   9   -0.0180482315
3   5   2   10   -0.0000000000
3   5   3   6   0.0086018019
3   5   3   7   0.0000000000
3   5   3   8   0.0044891270
3   5   3   10   -0.0253886121
3   6   1   7   0.0391002082
3   6   1   9   -0.0257003233
3   6   1   10   -0.0000000000
3   6   2   6   -0.0481620521
3   6   2   7   0.0000000000
3   6   2   8   0.0080484293
3   6   2   9   -0.0000000000
3   6   2   10   -0.0248575024
3   6   3   7   -0.0179964074
3   6   3   8   -0.0000000000
3   6   3   9   -0.0016024852
3   6   3   10   -0.0000000000

End IJKA Block
Begin IABC Block
1   6   1   7   -0.0019224643
1   6   1   9   -0.0150148319
1   6   1   10   -0.0000000000
1   6   2   6   -0.0004281490
1   6   2   8   -0.0101579044
1   6   2   10   0.0014818903
1   6   3   7   -0.0088895876
1   6   3   9   0.0076741544
1   6   3   10   0.0000000000
1   6   4   6   -0.0294280186
1   6   4   7   0.0000000000
1   6   4   8   0.0106838684
1   6   4   9   -0.0000000000
1   6   4   10   0.0010677394
1   6   5   7   0.0115254860
1   6   5   8   -0.0000000000
1   6   5   9   0.0001540498
1   6   5   10   -0.0000000000
1   7   1   6   -0.0024152676
1   7   1   8   -0.0207047207
1   7   1   9   0.0000000000
1   7   1   10   -0.0019925873
1   7   2   7   -0.0162421915
1   7   2   8   -0.0000000000
1   7   2   9   -0.0092646015
1   7   3   6   -0.0093657395
1   7   3   7   -0.0000000000
1   7   3   8   0.0009649372
1   7   3   9   -0.0000000000
1   7   3   10   0.0047797231
1   7   4   6   0.0000000000
1   7   4   7   -0.0234369179
1   7   4   9   0.0041218912
1   7   4   10   0.0000000000
1   7   5   6   0.0102777042
1   7   5   7   -0.0000000000
1   7   5   8   0.0126785082
1   7   5   9   0.0000000000
1   7   5   10   0.0092984058
1   8   1   7   -0.0204951989
1   8   1   9   0.0086901200
1   8   1   10   -0.0000000000
1   8   2   6   -0.0105222192
1   8   2   7   -0.0000000000
1   8   2   8   -0.0055208959
1   8   2   9   -0.0000000000
1   8   2   10   0.0030948258
1   8   3   7   0.0005793176
1   8   3   8   -0.0000000000
1   8   3   9   -0.0136392445
1   8   3   10   0.0000000000
1   8   4   6   0.0110334460
1   8   4   8   -0.0292198554
1   8   4   9   -0.0000000000
1   8   4   10   -0.0098134461
1   8   5   6   -0.0000000000
1   8   5   7   0.0116630697
1   8   5   8   0.0000000000
1   8   5   9   -0.0052493426
1   8   5   10   -0.0000000000
1   9   1   6   -0.0154262814
1   9   1   7   0.0000000000
1   9   1   8   0.0089495271
1   9   1   9   -0.0000000000
1   9   1   10   0.0099177110
1   9   2   7   -0.0097548314
1   9   2   9   -0.0015451196
1   9   2   10   0.0000000000
1   9   3   6   0.0080511179
1   9   3   7   -0.0000000000
1   9   3   8   -0.0146515229
1   9   3   9   -0.0000000000
1   9   3   10   -0.0080695571
1   9   4   6   -0.0000000000
1   9   4   7   0.0041201837
1   9   4   9   -0.0096251985
1   9   4   10   -0.0000000000
1   9   5   6   0.0001787364
1   9   5   7   0.0000000000
1   9   5   8   -0.0058930866
1   9   5   9   -0.0000000000
1   9   5   10   -0.0092052963
1   10   1   6   -0.0000000000
1   10   1   7   -0.0012565096
1   10   1   8   -0.0000000000
1   10   1   9   0.0099292079
1   10   1   10   -0.0000000000
1   10   2   6   0.0012295966
1   10   2   8   0.0039707538
1   10   2   9   0.0000000000
1   10   2   10   0.0039026952
1   10   3   6   0.0000000000
1   10   3   7   0.0048045468
1   10   3   9   -0.0076137264
1   10   3   10   -0.0000000000
1   10   4   6   0.0011733789
1   10   4   7   0.0000000000
1   10   4   8   -0.0100023266
1   10   4   9   -0.0000000000
1   10   4   10   -0.0120620302
1   10   5   6   -0.0000000000
1   10   5   7   0.0094573733
1   10   5   8   -0.0000000000
1   10   5   9   -0.0089299046
1   10   5   10   -0.0000000000
2   6   1   6   0.0151191288
2   6   1   8   -0.0364571481
2   6   1   10   -0.0260406615
2   6   2   7   0.0015820368
2   6   2   8   0.0000000000
2   6   2   9   0.0094246632
2   6   3   6   0.0006519056
2   6   3   8   0.0131175781
2   6   3   10   0.0042705377
2   6   4   6   -0.0000000000
2   6   4   7   0.0182414476
2   6   4   8   -0.0000000000
2   6   4   9   -0.0029675049
2   6   4   10   -0.0000000000
2   6   5   6   -0.0289984948
2   6   5   7   0.0000000000
2   6   5   8   -0.0026978092
2   6   5   9   -0.0000000000
2   6   5   10   -0.0130218259
2   7   1   6   0.0000000000
2   7   1   7   0.0064874813
2   7   1   8   0.0000000000
2   7   1   9   0.0060070121
2   7   1   10   0.0000000000
2   7   2   6   0.0025056499
2   7   2   7   0.0000000000
2   7   2   8   0.0133719320
2   7   2   9   0.0000000000
2   7   2   10   -0.0057066446
2   7   3   6   0.0000000000
2   7   3   7   0.0205609631
2   7   3   8   0.0000000000
2   7   3   9   0.0059945324
2   7   3   10   -0.0000000000
2   7   4   6   0.0186378058
2   7   4   7   -0.0000000000
2   7   4   8   0.0149932988
2   7   4   9   0.0000000000
2   7   4   10   0.0092327708
2   7   5   6   0.0000000000
2   7   5   7   -0.0241760268
2   7   5   8   -0.0000000000
2   7   5   9   0.0068959225
2   7   5   10   0.0000000000
2   8   1   6   -0.0349546131
2   8   1   7   0.0000000000
2   8   1   8   0.0342463803
2   8   1   10   0.0139664670
2   8   2   6   0.0000000000
2   8   2   7   0.0141351548
2   8   2   8   0.0000000000
2   8   2   9   0.0036358352
2   8   2   10   -0.0000000000
2   8   3   6   0.0136284443
2   8   3   7   0.0000000000
2   8   3   8   0.0066883226
2   8   3   9   0.0000000000
2   8   3   10   -0.0030931635
2   8   4   6   -0.0000000000
2   8   4   7   0.0154715803
2   8   4   8   0.0000000000
2   8   4   9   -0.0005409165
2   8   4   10   -0.0000000000
2   8   5   6   -0.0022391790
2   8   5   7   -0.0000000000
2   8   5   8   -0.0155996965
2   8   5   9   -0.0000000000
2   8   5   10   -0.0052707034
2   9   1   7   0.0062250497
2   9   1   8   -0.0000000000
2   9   1   9   0.0150202974
2   9   1   10   -0.0000000000
2   9   2   6   0.0100910266
2   9   2   7   0.0000000000
2   9   2   8   0.0040504223
2   9   2   9   0.0000000000
2   9   2   10   0.0036862320
2   9   3   7   0.0069338322
2   9   3   8   0.0000000000
2   9   3   9   0.0041343735
2   9   3   10   -0.0000000000
2   9   4   6   -0.0032139982
2   9   4   7   0.0000000000
2   9   4   8   -0.0004594771
2   9   4   9   -0.0000000000
2   9   4   10   -0.0083816530
2   9   5   6   -0.0000000000
2   9   5   7   0.0074531389
2   9   5   8   -0.0000000000
2   9   5   9   -0.0084413394
2   9   5   10   -0.0000000000
2   10   1   6   -0.0254723362
2   10   1   7   0.0000000000
2   10   1   8   0.0134640273
2   10   1   9   -0.0000000000
2   10   1   10   -0.0128081505
2   10   2   7   -0.0067564526
2   10   2   9   0.0033738509
2   10   2   10   0.0000000000
2   10   3   6   0.0040670293
2   10   3   8   -0.0037240726
2   10   3   9   -0.0000000000
2   10   3   10   0.0017021301
2   10   4   6   -0.0000000000
2   10   4   7   0.0095013068
2   10   4   8   -0.0000000000
2   10   4   9   -0.0083690540
2   10   4   10   -0.0000000000
2   10   5   6   -0.0131062255
2   10   5   7   0.0000000000
2   10   5   8   -0.0057115386
2   10   5   9   -0.0000000000
2   10   5   10   -0.0172576600
3   6   1   7   0.0488587760
3   6   1   9   -0.0058706861
3   6   2   6   -0.0130871023
3   6   2   7   -0.0000000000
3   6   2   8   0.0361790327
3   6   2   10   0.0229004717
3   6   3   7   -0.0063263908
3   6   3   8   -0.0000000000
3   6   3   9   -0.0098724892
3   6   3   10   -0.0000000000
3   6   4   6   -0.0032768446
3   6   4   7   0.0000000000
3   6   4   8   -0.0196988171
3   6   4   9   -0.0000000000
3   6   4   10   -0.0168370938
3   6   5   6   -0.0000000000
3   6   5   7   0.0230217822
3   6   5   8   -0.0000000000
3   6   5   9   -0.0134438986
3   6   5   10   -0.0000000000
3   7   1   6   0.0464920479
3   7   1   7   -0.0000000000
3   7   1   8   0.0447654139
3   7   1   10   0.0234084839
3   7   2   6   -0.0000000000
3   7   2   7   -0.0073845807
3   7   2   8   -0.0000000000
3   7   2   9   -0.0033490593
3   7   2   10   -0.0000000000
3   7   3   6   -0.0069434052
3   7   3   7   -0.0000000000
3   7   3   8   -0.0245514348
3   7   3   9   -0.0000000000
3   7   3   10   -0.0069609100
3   7   4   6   0.0000000000
3   7   4   7   -0.0123227225
3   7   4   8   -0.0000000000
3   7   4   9   0.0005842573
3   7   4   10   0.0000000000
3   7   5   6   0.0242805069
3   7   5   7   -0.0000000000
3   7   5   8   0.0068036564
3   7   5   9   0.0000000000
3   7   5   10   0.0111846444
3   8   1   6   -0.0000000000
3   8   1   7   0.0433013347
3   8   1   8   -0.0000000000
3   8   1   9   -0.0039730658
3   8   2   6   0.0340608986
3   8   2   7   -0.0000000000
3   8   2   8   -0.0353629514
3   8   2   9   -0.0000000000
3   8   2   10   -0.0141523433
3   8   3   6   -0.0000000000
3   8   3   7   -0.0247016852
3   8   3   8   0.0000000000
3   8   3   9   0.0073791838
3   8   3   10   0.0000000000
3   8   4   6   -0.0212796533
3   8   4   7   -0.0000000000
3   8   4   8   0.0085372583
3   8   4   9   -0.0000000000
3   8   4   10   0.0055320941
3   8   5   6   -0.0000000000
3   8   5   7   0.0072213286
3   8   5   8   0.0000000000
3   8   5   9   0.0044659182
3   8   5   10   -0.0000000000
3   9   1   6   -0.0058943154
3   9   1   8   -0.0043085148
3   9   1   9   -0.0000000000
3   9   1   10   -0.0479955557
3   9   2   6   0.0000000000
3   9   2   7   -0.0039807471
3   9   2   8   -0.0000000000
3   9   2   9   -0.0172263837
3   9   2   10   0.0000000000
3   9   3   6   -0.0116372652
3   9   3   7   -0.0000000000
3   9   3   8   0.0074927052
3   9   3   9   -0.0000000000
3   9   3   10   0.0149097535
3   9   4   6   -0.0000000000
3   9   4   7   0.0004342616
3   9   4   8   -0.0000000000
3   9   4   9   -0.0000231886
3   9   4   10   -0.0000000000
3   9   5   6   -0.0143092452
3   9   5   7   0.0000000000
3   9   5   8   0.0046554193
3   9   5   9   -0.0000000000
3   9   5   10   -0.0082351072
3   10   1   7   0.0230937487
3   10   1   8   -0.0000000000
3   10   1   9   -0.0475962578
3   10   1   10   -0.0000000000
3   10   2   6   0.0235843766
3   10   2   7   -0.0000000000
3   10   2   8   -0.0135159406
3   10   2   9   0.0000000000
3   10   2   10   0.0098669779
3   10   3   6   -0.0000000000
3   10   3   7   -0.0059782736
3   10   3   8   0.0000000000
3   10   3   9   0.0149063950
3   10   3   10   -0.0000000000
3   10   4   6   -0.0172491097
3   10   4   7   0.0000000000
3   10   4   8   0.0057042009
3   10   4   9   -0.0000000000
3   10   4   10   -0.0077077242
3   10   5   6   -0.0000000000
3   10   5   7   0.0115612272
3   10   5   8   -0.0000000000
3   10   5   9   -0.0082446039
3   10   5   10   -0.0000000000

End IABC Block
