Number of strings: 4368 4368, CI size = 19079424
String addressing array alpha: 5 16
0 1001 1716 2211 2541 2751 2877 2947 2982 2997 3002 3003 3003 3003 3003 3003
0 0 286 506 671 791 875 931 966 986 996 1000 1001 1001 1001 1001
0 0 0 66 121 166 202 230 251 266 276 282 285 286 286 286
0 0 0 0 11 21 30 38 45 51 56 60 63 65 66 66
0 0 0 0 0 1 2 3 4 5 6 7 8 9 10 11

Alpha strings 4368 5
1 2 3 4 5
1 2 3 4 6
1 2 3 4 7
1 2 3 4 8
1 2 3 4 9
1 2 3 4 10
1 2 3 4 11
1 2 3 4 12
1 2 3 4 13
1 2 3 4 14
1 2 3 4 15
1 2 3 4 16
1 2 3 5 6
1 2 3 5 7
1 2 3 5 8
1 2 3 5 9
1 2 3 5 10
1 2 3 5 11
1 2 3 5 12
1 2 3 5 13
1 2 3 5 14
1 2 3 5 15
1 2 3 5 16
1 2 3 6 7
1 2 3 6 8
1 2 3 6 9
1 2 3 6 10
1 2 3 6 11
1 2 3 6 12
1 2 3 6 13
1 2 3 6 14
1 2 3 6 15
1 2 3 6 16
1 2 3 7 8
1 2 3 7 9
1 2 3 7 10
1 2 3 7 11
1 2 3 7 12
1 2 3 7 13
1 2 3 7 14
1 2 3 7 15
1 2 3 7 16
1 2 3 8 9
1 2 3 8 10
1 2 3 8 11
1 2 3 8 12
1 2 3 8 13
1 2 3 8 14
1 2 3 8 15
1 2 3 8 16
1 2 3 9 10
1 2 3 9 11
1 2 3 9 12
1 2 3 9 13
1 2 3 9 14
1 2 3 9 15
1 2 3 9 16
1 2 3 10 11
1 2 3 10 12
1 2 3 10 13
1 2 3 10 14
1 2 3 10 15
1 2 3 10 16
1 2 3 11 12
1 2 3 11 13
1 2 3 11 14
1 2 3 11 15
1 2 3 11 16
1 2 3 12 13
1 2 3 12 14
1 2 3 12 15
1 2 3 12 16
1 2 3 13 14
1 2 3 13 15
1 2 3 13 16
1 2 3 14 15
1 2 3 14 16
1 2 3 15 16
1 2 4 5 6
1 2 4 5 7
1 2 4 5 8
1 2 4 5 9
1 2 4 5 10
1 2 4 5 11
1 2 4 5 12
1 2 4 5 13
1 2 4 5 14
1 2 4 5 15
1 2 4 5 16
1 2 4 6 7
1 2 4 6 8
1 2 4 6 9
1 2 4 6 10
1 2 4 6 11
1 2 4 6 12
1 2 4 6 13
1 2 4 6 14
1 2 4 6 15
1 2 4 6 16
1 2 4 7 8
1 2 4 7 9
1 2 4 7 10
1 2 4 7 11
1 2 4 7 12
1 2 4 7 13
1 2 4 7 14
1 2 4 7 15
1 2 4 7 16
1 2 4 8 9
1 2 4 8 10
1 2 4 8 11
1 2 4 8 12
1 2 4 8 13
1 2 4 8 14
1 2 4 8 15
1 2 4 8 16
1 2 4 9 10
1 2 4 9 11
1 2 4 9 12
1 2 4 9 13
1 2 4 9 14
1 2 4 9 15
1 2 4 9 16
1 2 4 10 11
1 2 4 10 12
1 2 4 10 13
1 2 4 10 14
1 2 4 10 15
1 2 4 10 16
1 2 4 11 12
1 2 4 11 13
1 2 4 11 14
1 2 4 11 15
1 2 4 11 16
1 2 4 12 13
1 2 4 12 14
1 2 4 12 15
1 2 4 12 16
1 2 4 13 14
1 2 4 13 15
1 2 4 13 16
1 2 4 14 15
1 2 4 14 16
1 2 4 15 16
1 2 5 6 7
1 2 5 6 8
1 2 5 6 9
1 2 5 6 10
1 2 5 6 11
1 2 5 6 12
1 2 5 6 13
1 2 5 6 14
1 2 5 6 15
1 2 5 6 16
1 2 5 7 8
1 2 5 7 9
1 2 5 7 10
1 2 5 7 11
1 2 5 7 12
1 2 5 7 13
1 2 5 7 14
1 2 5 7 15
1 2 5 7 16
1 2 5 8 9
1 2 5 8 10
1 2 5 8 11
1 2 5 8 12
1 2 5 8 13
1 2 5 8 14
1 2 5 8 15
1 2 5 8 16
1 2 5 9 10
1 2 5 9 11
1 2 5 9 12
1 2 5 9 13
1 2 5 9 14
1 2 5 9 15
1 2 5 9 16
1 2 5 10 11
1 2 5 10 12
1 2 5 10 13
1 2 5 10 14
1 2 5 10 15
1 2 5 10 16
1 2 5 11 12
1 2 5 11 13
1 2 5 11 14
1 2 5 11 15
1 2 5 11 16
1 2 5 12 13
1 2 5 12 14
1 2 5 12 15
1 2 5 12 16
1 2 5 13 14
1 2 5 13 15
1 2 5 13 16
1 2 5 14 15
1 2 5 14 16
1 2 5 15 16
1 2 6 7 8
1 2 6 7 9
1 2 6 7 10
1 2 6 7 11
1 2 6 7 12
1 2 6 7 13
1 2 6 7 14
1 2 6 7 15
1 2 6 7 16
1 2 6 8 9
1 2 6 8 10
1 2 6 8 11
1 2 6 8 12
1 2 6 8 13
1 2 6 8 14
1 2 6 8 15
1 2 6 8 16
1 2 6 9 10
1 2 6 9 11
1 2 6 9 12
1 2 6 9 13
1 2 6 9 14
1 2 6 9 15
1 2 6 9 16
1 2 6 10 11
1 2 6 10 12
1 2 6 10 13
1 2 6 10 14
1 2 6 10 15
1 2 6 10 16
1 2 6 11 12
1 2 6 11 13
1 2 6 11 14
1 2 6 11 15
1 2 6 11 16
1 2 6 12 13
1 2 6 12 14
1 2 6 12 15
1 2 6 12 16
1 2 6 13 14
1 2 6 13 15
1 2 6 13 16
1 2 6 14 15
1 2 6 14 16
1 2 6 15 16
1 2 7 8 9
1 2 7 8 10
1 2 7 8 11
1 2 7 8 12
1 2 7 8 13
1 2 7 8 14
1 2 7 8 15
1 2 7 8 16
1 2 7 9 10
1 2 7 9 11
1 2 7 9 12
1 2 7 9 13
1 2 7 9 14
1 2 7 9 15
1 2 7 9 16
1 2 7 10 11
1 2 7 10 12
1 2 7 10 13
1 2 7 10 14
1 2 7 10 15
1 2 7 10 16
1 2 7 11 12
1 2 7 11 13
1 2 7 11 14
1 2 7 11 15
1 2 7 11 16
1 2 7 12 13
1 2 7 12 14
1 2 7 12 15
1 2 7 12 16
1 2 7 13 14
1 2 7 13 15
1 2 7 13 16
1 2 7 14 15
1 2 7 14 16
1 2 7 15 16
1 2 8 9 10
1 2 8 9 11
1 2 8 9 12
1 2 8 9 13
1 2 8 9 14
1 2 8 9 15
1 2 8 9 16
1 2 8 10 11
1 2 8 10 12
1 2 8 10 13
1 2 8 10 14
1 2 8 10 15
1 2 8 10 16
1 2 8 11 12
1 2 8 11 13
1 2 8 11 14
1 2 8 11 15
1 2 8 11 16
1 2 8 12 13
1 2 8 12 14
1 2 8 12 15
1 2 8 12 16
1 2 8 13 14
1 2 8 13 15
1 2 8 13 16
1 2 8 14 15
1 2 8 14 16
1 2 8 15 16
1 2 9 10 11
1 2 9 10 12
1 2 9 10 13
1 2 9 10 14
1 2 9 10 15
1 2 9 10 16
1 2 9 11 12
1 2 9 11 13
1 2 9 11 14
1 2 9 11 15
1 2 9 11 16
1 2 9 12 13
1 2 9 12 14
1 2 9 12 15
1 2 9 12 16
1 2 9 13 14
1 2 9 13 15
1 2 9 13 16
1 2 9 14 15
1 2 9 14 16
1 2 9 15 16
1 2 10 11 12
1 2 10 11 13
1 2 10 11 14
1 2 10 11 15
1 2 10 11 16
1 2 10 12 13
1 2 10 12 14
1 2 10 12 15
1 2 10 12 16
1 2 10 13 14
1 2 10 13 15
1 2 10 13 16
1 2 10 14 15
1 2 10 14 16
1 2 10 15 16
1 2 11 12 13
1 2 11 12 14
1 2 11 12 15
1 2 11 12 16
1 2 11 13 14
1 2 11 13 15
1 2 11 13 16
1 2 11 14 15
1 2 11 14 16
1 2 11 15 16
1 2 12 13 14
1 2 12 13 15
1 2 12 13 16
1 2 12 14 15
1 2 12 14 16
1 2 12 15 16
1 2 13 14 15
1 2 13 14 16
1 2 13 15 16
1 2 14 15 16
1 3 4 5 6
1 3 4 5 7
1 3 4 5 8
1 3 4 5 9
1 3 4 5 10
1 3 4 5 11
1 3 4 5 12
1 3 4 5 13
1 3 4 5 14
1 3 4 5 15
1 3 4 5 16
1 3 4 6 7
1 3 4 6 8
1 3 4 6 9
1 3 4 6 10
1 3 4 6 11
1 3 4 6 12
1 3 4 6 13
1 3 4 6 14
1 3 4 6 15
1 3 4 6 16
1 3 4 7 8
1 3 4 7 9
1 3 4 7 10
1 3 4 7 11
1 3 4 7 12
1 3 4 7 13
1 3 4 7 14
1 3 4 7 15
1 3 4 7 16
1 3 4 8 9
1 3 4 8 10
1 3 4 8 11
1 3 4 8 12
1 3 4 8 13
1 3 4 8 14
1 3 4 8 15
1 3 4 8 16
1 3 4 9 10
1 3 4 9 11
1 3 4 9 12
1 3 4 9 13
1 3 4 9 14
1 3 4 9 15
1 3 4 9 16
1 3 4 10 11
1 3 4 10 12
1 3 4 10 13
1 3 4 10 14
1 3 4 10 15
1 3 4 10 16
1 3 4 11 12
1 3 4 11 13
1 3 4 11 14
1 3 4 11 15
1 3 4 11 16
1 3 4 12 13
1 3 4 12 14
1 3 4 12 15
1 3 4 12 16
1 3 4 13 14
1 3 4 13 15
1 3 4 13 16
1 3 4 14 15
1 3 4 14 16
1 3 4 15 16
1 3 5 6 7
1 3 5 6 8
1 3 5 6 9
1 3 5 6 10
1 3 5 6 11
1 3 5 6 12
1 3 5 6 13
1 3 5 6 14
1 3 5 6 15
1 3 5 6 16
1 3 5 7 8
1 3 5 7 9
1 3 5 7 10
1 3 5 7 11
1 3 5 7 12
1 3 5 7 13
1 3 5 7 14
1 3 5 7 15
1 3 5 7 16
1 3 5 8 9
1 3 5 8 10
1 3 5 8 11
1 3 5 8 12
1 3 5 8 13
1 3 5 8 14
1 3 5 8 15
1 3 5 8 16
1 3 5 9 10
1 3 5 9 11
1 3 5 9 12
1 3 5 9 13
1 3 5 9 14
1 3 5 9 15
1 3 5 9 16
1 3 5 10 11
1 3 5 10 12
1 3 5 10 13
1 3 5 10 14
1 3 5 10 15
1 3 5 10 16
1 3 5 11 12
1 3 5 11 13
1 3 5 11 14
1 3 5 11 15
1 3 5 11 16
1 3 5 12 13
1 3 5 12 14
1 3 5 12 15
1 3 5 12 16
1 3 5 13 14
1 3 5 13 15
1 3 5 13 16
1 3 5 14 15
1 3 5 14 16
1 3 5 15 16
1 3 6 7 8
1 3 6 7 9
1 3 6 7 10
1 3 6 7 11
1 3 6 7 12
1 3 6 7 13
1 3 6 7 14
1 3 6 7 15
1 3 6 7 16
1 3 6 8 9
1 3 6 8 10
1 3 6 8 11
1 3 6 8 12
1 3 6 8 13
1 3 6 8 14
1 3 6 8 15
1 3 6 8 16
1 3 6 9 10
1 3 6 9 11
1 3 6 9 12
1 3 6 9 13
1 3 6 9 14
1 3 6 9 15
1 3 6 9 16
1 3 6 10 11
1 3 6 10 12
1 3 6 10 13
1 3 6 10 14
1 3 6 10 15
1 3 6 10 16
1 3 6 11 12
1 3 6 11 13
1 3 6 11 14
1 3 6 11 15
1 3 6 11 16
1 3 6 12 13
1 3 6 12 14
1 3 6 12 15
1 3 6 12 16
1 3 6 13 14
1 3 6 13 15
1 3 6 13 16
1 3 6 14 15
1 3 6 14 16
1 3 6 15 16
1 3 7 8 9
1 3 7 8 10
1 3 7 8 11
1 3 7 8 12
1 3 7 8 13
1 3 7 8 14
1 3 7 8 15
1 3 7 8 16
1 3 7 9 10
1 3 7 9 11
1 3 7 9 12
1 3 7 9 13
1 3 7 9 14
1 3 7 9 15
1 3 7 9 16
1 3 7 10 11
1 3 7 10 12
1 3 7 10 13
1 3 7 10 14
1 3 7 10 15
1 3 7 10 16
1 3 7 11 12
1 3 7 11 13
1 3 7 11 14
1 3 7 11 15
1 3 7 11 16
1 3 7 12 13
1 3 7 12 14
1 3 7 12 15
1 3 7 12 16
1 3 7 13 14
1 3 7 13 15
1 3 7 13 16
1 3 7 14 15
1 3 7 14 16
1 3 7 15 16
1 3 8 9 10
1 3 8 9 11
1 3 8 9 12
1 3 8 9 13
1 3 8 9 14
1 3 8 9 15
1 3 8 9 16
1 3 8 10 11
1 3 8 10 12
1 3 8 10 13
1 3 8 10 14
1 3 8 10 15
1 3 8 10 16
1 3 8 11 12
1 3 8 11 13
1 3 8 11 14
1 3 8 11 15
1 3 8 11 16
1 3 8 12 13
1 3 8 12 14
1 3 8 12 15
1 3 8 12 16
1 3 8 13 14
1 3 8 13 15
1 3 8 13 16
1 3 8 14 15
1 3 8 14 16
1 3 8 15 16
1 3 9 10 11
1 3 9 10 12
1 3 9 10 13
1 3 9 10 14
1 3 9 10 15
1 3 9 10 16
1 3 9 11 12
1 3 9 11 13
1 3 9 11 14
1 3 9 11 15
1 3 9 11 16
1 3 9 12 13
1 3 9 12 14
1 3 9 12 15
1 3 9 12 16
1 3 9 13 14
1 3 9 13 15
1 3 9 13 16
1 3 9 14 15
1 3 9 14 16
1 3 9 15 16
1 3 10 11 12
1 3 10 11 13
1 3 10 11 14
1 3 10 11 15
1 3 10 11 16
1 3 10 12 13
1 3 10 12 14
1 3 10 12 15
1 3 10 12 16
1 3 10 13 14
1 3 10 13 15
1 3 10 13 16
1 3 10 14 15
1 3 10 14 16
1 3 10 15 16
1 3 11 12 13
1 3 11 12 14
1 3 11 12 15
1 3 11 12 16
1 3 11 13 14
1 3 11 13 15
1 3 11 13 16
1 3 11 14 15
1 3 11 14 16
1 3 11 15 16
1 3 12 13 14
1 3 12 13 15
1 3 12 13 16
1 3 12 14 15
1 3 12 14 16
1 3 12 15 16
1 3 13 14 15
1 3 13 14 16
1 3 13 15 16
1 3 14 15 16
1 4 5 6 7
1 4 5 6 8
1 4 5 6 9
1 4 5 6 10
1 4 5 6 11
1 4 5 6 12
1 4 5 6 13
1 4 5 6 14
1 4 5 6 15
1 4 5 6 16
1 4 5 7 8
1 4 5 7 9
1 4 5 7 10
1 4 5 7 11
1 4 5 7 12
1 4 5 7 13
1 4 5 7 14
1 4 5 7 15
1 4 5 7 16
1 4 5 8 9
1 4 5 8 10
1 4 5 8 11
1 4 5 8 12
1 4 5 8 13
1 4 5 8 14
1 4 5 8 15
1 4 5 8 16
1 4 5 9 10
1 4 5 9 11
1 4 5 9 12
1 4 5 9 13
1 4 5 9 14
1 4 5 9 15
1 4 5 9 16
1 4 5 10 11
1 4 5 10 12
1 4 5 10 13
1 4 5 10 14
1 4 5 10 15
1 4 5 10 16
1 4 5 11 12
1 4 5 11 13
1 4 5 11 14
1 4 5 11 15
1 4 5 11 16
1 4 5 12 13
1 4 5 12 14
1 4 5 12 15
1 4 5 12 16
1 4 5 13 14
1 4 5 13 15
1 4 5 13 16
1 4 5 14 15
1 4 5 14 16
1 4 5 15 16
1 4 6 7 8
1 4 6 7 9
1 4 6 7 10
1 4 6 7 11
1 4 6 7 12
1 4 6 7 13
1 4 6 7 14
1 4 6 7 15
1 4 6 7 16
1 4 6 8 9
1 4 6 8 10
1 4 6 8 11
1 4 6 8 12
1 4 6 8 13
1 4 6 8 14
1 4 6 8 15
1 4 6 8 16
1 4 6 9 10
1 4 6 9 11
1 4 6 9 12
1 4 6 9 13
1 4 6 9 14
1 4 6 9 15
1 4 6 9 16
1 4 6 10 11
1 4 6 10 12
1 4 6 10 13
1 4 6 10 14
1 4 6 10 15
1 4 6 10 16
1 4 6 11 12
1 4 6 11 13
1 4 6 11 14
1 4 6 11 15
1 4 6 11 16
1 4 6 12 13
1 4 6 12 14
1 4 6 12 15
1 4 6 12 16
1 4 6 13 14
1 4 6 13 15
1 4 6 13 16
1 4 6 14 15
1 4 6 14 16
1 4 6 15 16
1 4 7 8 9
1 4 7 8 10
1 4 7 8 11
1 4 7 8 12
1 4 7 8 13
1 4 7 8 14
1 4 7 8 15
1 4 7 8 16
1 4 7 9 10
1 4 7 9 11
1 4 7 9 12
1 4 7 9 13
1 4 7 9 14
1 4 7 9 15
1 4 7 9 16
1 4 7 10 11
1 4 7 10 12
1 4 7 10 13
1 4 7 10 14
1 4 7 10 15
1 4 7 10 16
1 4 7 11 12
1 4 7 11 13
1 4 7 11 14
1 4 7 11 15
1 4 7 11 16
1 4 7 12 13
1 4 7 12 14
1 4 7 12 15
1 4 7 12 16
1 4 7 13 14
1 4 7 13 15
1 4 7 13 16
1 4 7 14 15
1 4 7 14 16
1 4 7 15 16
1 4 8 9 10
1 4 8 9 11
1 4 8 9 12
1 4 8 9 13
1 4 8 9 14
1 4 8 9 15
1 4 8 9 16
1 4 8 10 11
1 4 8 10 12
1 4 8 10 13
1 4 8 10 14
1 4 8 10 15
1 4 8 10 16
1 4 8 11 12
1 4 8 11 13
1 4 8 11 14
1 4 8 11 15
1 4 8 11 16
1 4 8 12 13
1 4 8 12 14
1 4 8 12 15
1 4 8 12 16
1 4 8 13 14
1 4 8 13 15
1 4 8 13 16
1 4 8 14 15
1 4 8 14 16
1 4 8 15 16
1 4 9 10 11
1 4 9 10 12
1 4 9 10 13
1 4 9 10 14
1 4 9 10 15
1 4 9 10 16
1 4 9 11 12
1 4 9 11 13
1 4 9 11 14
1 4 9 11 15
1 4 9 11 16
1 4 9 12 13
1 4 9 12 14
1 4 9 12 15
1 4 9 12 16
1 4 9 13 14
1 4 9 13 15
1 4 9 13 16
1 4 9 14 15
1 4 9 14 16
1 4 9 15 16
1 4 10 11 12
1 4 10 11 13
1 4 10 11 14
1 4 10 11 15
1 4 10 11 16
1 4 10 12 13
1 4 10 12 14
1 4 10 12 15
1 4 10 12 16
1 4 10 13 14
1 4 10 13 15
1 4 10 13 16
1 4 10 14 15
1 4 10 14 16
1 4 10 15 16
1 4 11 12 13
1 4 11 12 14
1 4 11 12 15
1 4 11 12 16
1 4 11 13 14
1 4 11 13 15
1 4 11 13 16
1 4 11 14 15
1 4 11 14 16
1 4 11 15 16
1 4 12 13 14
1 4 12 13 15
1 4 12 13 16
1 4 12 14 15
1 4 12 14 16
1 4 12 15 16
1 4 13 14 15
1 4 13 14 16
1 4 13 15 16
1 4 14 15 16
1 5 6 7 8
1 5 6 7 9
1 5 6 7 10
1 5 6 7 11
1 5 6 7 12
1 5 6 7 13
1 5 6 7 14
1 5 6 7 15
1 5 6 7 16
1 5 6 8 9
1 5 6 8 10
1 5 6 8 11
1 5 6 8 12
1 5 6 8 13
1 5 6 8 14
1 5 6 8 15
1 5 6 8 16
1 5 6 9 10
1 5 6 9 11
1 5 6 9 12
1 5 6 9 13
1 5 6 9 14
1 5 6 9 15
1 5 6 9 16
1 5 6 10 11
1 5 6 10 12
1 5 6 10 13
1 5 6 10 14
1 5 6 10 15
1 5 6 10 16
1 5 6 11 12
1 5 6 11 13
1 5 6 11 14
1 5 6 11 15
1 5 6 11 16
1 5 6 12 13
1 5 6 12 14
1 5 6 12 15
1 5 6 12 16
1 5 6 13 14
1 5 6 13 15
1 5 6 13 16
1 5 6 14 15
1 5 6 14 16
1 5 6 15 16
1 5 7 8 9
1 5 7 8 10
1 5 7 8 11
1 5 7 8 12
1 5 7 8 13
1 5 7 8 14
1 5 7 8 15
1 5 7 8 16
1 5 7 9 10
1 5 7 9 11
1 5 7 9 12
1 5 7 9 13
1 5 7 9 14
1 5 7 9 15
1 5 7 9 16
1 5 7 10 11
1 5 7 10 12
1 5 7 10 13
1 5 7 10 14
1 5 7 10 15
1 5 7 10 16
1 5 7 11 12
1 5 7 11 13
1 5 7 11 14
1 5 7 11 15
1 5 7 11 16
1 5 7 12 13
1 5 7 12 14
1 5 7 12 15
1 5 7 12 16
1 5 7 13 14
1 5 7 13 15
1 5 7 13 16
1 5 7 14 15
1 5 7 14 16
1 5 7 15 16
1 5 8 9 10
1 5 8 9 11
1 5 8 9 12
1 5 8 9 13
1 5 8 9 14
1 5 8 9 15
1 5 8 9 16
1 5 8 10 11
1 5 8 10 12
1 5 8 10 13
1 5 8 10 14
1 5 8 10 15
1 5 8 10 16
1 5 8 11 12
1 5 8 11 13
1 5 8 11 14
1 5 8 11 15
1 5 8 11 16
1 5 8 12 13
1 5 8 12 14
1 5 8 12 15
1 5 8 12 16
1 5 8 13 14
1 5 8 13 15
1 5 8 13 16
1 5 8 14 15
1 5 8 14 16
1 5 8 15 16
1 5 9 10 11
1 5 9 10 12
1 5 9 10 13
1 5 9 10 14
1 5 9 10 15
1 5 9 10 16
1 5 9 11 12
1 5 9 11 13
1 5 9 11 14
1 5 9 11 15
1 5 9 11 16
1 5 9 12 13
1 5 9 12 14
1 5 9 12 15
1 5 9 12 16
1 5 9 13 14
1 5 9 13 15
1 5 9 13 16
1 5 9 14 15
1 5 9 14 16
1 5 9 15 16
1 5 10 11 12
1 5 10 11 13
1 5 10 11 14
1 5 10 11 15
1 5 10 11 16
1 5 10 12 13
1 5 10 12 14
1 5 10 12 15
1 5 10 12 16
1 5 10 13 14
1 5 10 13 15
1 5 10 13 16
1 5 10 14 15
1 5 10 14 16
1 5 10 15 16
1 5 11 12 13
1 5 11 12 14
1 5 11 12 15
1 5 11 12 16
1 5 11 13 14
1 5 11 13 15
1 5 11 13 16
1 5 11 14 15
1 5 11 14 16
1 5 11 15 16
1 5 12 13 14
1 5 12 13 15
1 5 12 13 16
1 5 12 14 15
1 5 12 14 16
1 5 12 15 16
1 5 13 14 15
1 5 13 14 16
1 5 13 15 16
1 5 14 15 16
1 6 7 8 9
1 6 7 8 10
1 6 7 8 11
1 6 7 8 12
1 6 7 8 13
1 6 7 8 14
1 6 7 8 15
1 6 7 8 16
1 6 7 9 10
1 6 7 9 11
1 6 7 9 12
1 6 7 9 13
1 6 7 9 14
1 6 7 9 15
1 6 7 9 16
1 6 7 10 11
1 6 7 10 12
1 6 7 10 13
1 6 7 10 14
1 6 7 10 15
1 6 7 10 16
1 6 7 11 12
1 6 7 11 13
1 6 7 11 14
1 6 7 11 15
1 6 7 11 16
1 6 7 12 13
1 6 7 12 14
1 6 7 12 15
1 6 7 12 16
1 6 7 13 14
1 6 7 13 15
1 6 7 13 16
1 6 7 14 15
1 6 7 14 16
1 6 7 15 16
1 6 8 9 10
1 6 8 9 11
1 6 8 9 12
1 6 8 9 13
1 6 8 9 14
1 6 8 9 15
1 6 8 9 16
1 6 8 10 11
1 6 8 10 12
1 6 8 10 13
1 6 8 10 14
1 6 8 10 15
1 6 8 10 16
1 6 8 11 12
1 6 8 11 13
1 6 8 11 14
1 6 8 11 15
1 6 8 11 16
1 6 8 12 13
1 6 8 12 14
1 6 8 12 15
1 6 8 12 16
1 6 8 13 14
1 6 8 13 15
1 6 8 13 16
1 6 8 14 15
1 6 8 14 16
1 6 8 15 16
1 6 9 10 11
1 6 9 10 12
1 6 9 10 13
1 6 9 10 14
1 6 9 10 15
1 6 9 10 16
1 6 9 11 12
1 6 9 11 13
1 6 9 11 14
1 6 9 11 15
1 6 9 11 16
1 6 9 12 13
1 6 9 12 14
1 6 9 12 15
1 6 9 12 16
1 6 9 13 14
1 6 9 13 15
1 6 9 13 16
1 6 9 14 15
1 6 9 14 16
1 6 9 15 16
1 6 10 11 12
1 6 10 11 13
1 6 10 11 14
1 6 10 11 15
1 6 10 11 16
1 6 10 12 13
1 6 10 12 14
1 6 10 12 15
1 6 10 12 16
1 6 10 13 14
1 6 10 13 15
1 6 10 13 16
1 6 10 14 15
1 6 10 14 16
1 6 10 15 16
1 6 11 12 13
1 6 11 12 14
1 6 11 12 15
1 6 11 12 16
1 6 11 13 14
1 6 11 13 15
1 6 11 13 16
1 6 11 14 15
1 6 11 14 16
1 6 11 15 16
1 6 12 13 14
1 6 12 13 15
1 6 12 13 16
1 6 12 14 15
1 6 12 14 16
1 6 12 15 16
1 6 13 14 15
1 6 13 14 16
1 6 13 15 16
1 6 14 15 16
1 7 8 9 10
1 7 8 9 11
1 7 8 9 12
1 7 8 9 13
1 7 8 9 14
1 7 8 9 15
1 7 8 9 16
1 7 8 10 11
1 7 8 10 12
1 7 8 10 13
1 7 8 10 14
1 7 8 10 15
1 7 8 10 16
1 7 8 11 12
1 7 8 11 13
1 7 8 11 14
1 7 8 11 15
1 7 8 11 16
1 7 8 12 13
1 7 8 12 14
1 7 8 12 15
1 7 8 12 16
1 7 8 13 14
1 7 8 13 15
1 7 8 13 16
1 7 8 14 15
1 7 8 14 16
1 7 8 15 16
1 7 9 10 11
1 7 9 10 12
1 7 9 10 13
1 7 9 10 14
1 7 9 10 15
1 7 9 10 16
1 7 9 11 12
1 7 9 11 13
1 7 9 11 14
1 7 9 11 15
1 7 9 11 16
1 7 9 12 13
1 7 9 12 14
1 7 9 12 15
1 7 9 12 16
1 7 9 13 14
1 7 9 13 15
1 7 9 13 16
1 7 9 14 15
1 7 9 14 16
1 7 9 15 16
1 7 10 11 12
1 7 10 11 13
1 7 10 11 14
1 7 10 11 15
1 7 10 11 16
1 7 10 12 13
1 7 10 12 14
1 7 10 12 15
1 7 10 12 16
1 7 10 13 14
1 7 10 13 15
1 7 10 13 16
1 7 10 14 15
1 7 10 14 16
1 7 10 15 16
1 7 11 12 13
1 7 11 12 14
1 7 11 12 15
1 7 11 12 16
1 7 11 13 14
1 7 11 13 15
1 7 11 13 16
1 7 11 14 15
1 7 11 14 16
1 7 11 15 16
1 7 12 13 14
1 7 12 13 15
1 7 12 13 16
1 7 12 14 15
1 7 12 14 16
1 7 12 15 16
1 7 13 14 15
1 7 13 14 16
1 7 13 15 16
1 7 14 15 16
1 8 9 10 11
1 8 9 10 12
1 8 9 10 13
1 8 9 10 14
1 8 9 10 15
1 8 9 10 16
1 8 9 11 12
1 8 9 11 13
1 8 9 11 14
1 8 9 11 15
1 8 9 11 16
1 8 9 12 13
1 8 9 12 14
1 8 9 12 15
1 8 9 12 16
1 8 9 13 14
1 8 9 13 15
1 8 9 13 16
1 8 9 14 15
1 8 9 14 16
1 8 9 15 16
1 8 10 11 12
1 8 10 11 13
1 8 10 11 14
1 8 10 11 15
1 8 10 11 16
1 8 10 12 13
1 8 10 12 14
1 8 10 12 15
1 8 10 12 16
1 8 10 13 14
1 8 10 13 15
1 8 10 13 16
1 8 10 14 15
1 8 10 14 16
1 8 10 15 16
1 8 11 12 13
1 8 11 12 14
1 8 11 12 15
1 8 11 12 16
1 8 11 13 14
1 8 11 13 15
1 8 11 13 16
1 8 11 14 15
1 8 11 14 16
1 8 11 15 16
1 8 12 13 14
1 8 12 13 15
1 8 12 13 16
1 8 12 14 15
1 8 12 14 16
1 8 12 15 16
1 8 13 14 15
1 8 13 14 16
1 8 13 15 16
1 8 14 15 16
1 9 10 11 12
1 9 10 11 13
1 9 10 11 14
1 9 10 11 15
1 9 10 11 16
1 9 10 12 13
1 9 10 12 14
1 9 10 12 15
1 9 10 12 16
1 9 10 13 14
1 9 10 13 15
1 9 10 13 16
1 9 10 14 15
1 9 10 14 16
1 9 10 15 16
1 9 11 12 13
1 9 11 12 14
1 9 11 12 15
1 9 11 12 16
1 9 11 13 14
1 9 11 13 15
1 9 11 13 16
1 9 11 14 15
1 9 11 14 16
1 9 11 15 16
1 9 12 13 14
1 9 12 13 15
1 9 12 13 16
1 9 12 14 15
1 9 12 14 16
1 9 12 15 16
1 9 13 14 15
1 9 13 14 16
1 9 13 15 16
1 9 14 15 16
1 10 11 12 13
1 10 11 12 14
1 10 11 12 15
1 10 11 12 16
1 10 11 13 14
1 10 11 13 15
1 10 11 13 16
1 10 11 14 15
1 10 11 14 16
1 10 11 15 16
1 10 12 13 14
1 10 12 13 15
1 10 12 13 16
1 10 12 14 15
1 10 12 14 16
1 10 12 15 16
1 10 13 14 15
1 10 13 14 16
1 10 13 15 16
1 10 14 15 16
1 11 12 13 14
1 11 12 13 15
1 11 12 13 16
1 11 12 14 15
1 11 12 14 16
1 11 12 15 16
1 11 13 14 15
1 11 13 14 16
1 11 13 15 16
1 11 14 15 16
1 12 13 14 15
1 12 13 14 16
1 12 13 15 16
1 12 14 15 16
1 13 14 15 16
2 3 4 5 6
2 3 4 5 7
2 3 4 5 8
2 3 4 5 9
2 3 4 5 10
2 3 4 5 11
2 3 4 5 12
2 3 4 5 13
2 3 4 5 14
2 3 4 5 15
2 3 4 5 16
2 3 4 6 7
2 3 4 6 8
2 3 4 6 9
2 3 4 6 10
2 3 4 6 11
2 3 4 6 12
2 3 4 6 13
2 3 4 6 14
2 3 4 6 15
2 3 4 6 16
2 3 4 7 8
2 3 4 7 9
2 3 4 7 10
2 3 4 7 11
2 3 4 7 12
2 3 4 7 13
2 3 4 7 14
2 3 4 7 15
2 3 4 7 16
2 3 4 8 9
2 3 4 8 10
2 3 4 8 11
2 3 4 8 12
2 3 4 8 13
2 3 4 8 14
2 3 4 8 15
2 3 4 8 16
2 3 4 9 10
2 3 4 9 11
2 3 4 9 12
2 3 4 9 13
2 3 4 9 14
2 3 4 9 15
2 3 4 9 16
2 3 4 10 11
2 3 4 10 12
2 3 4 10 13
2 3 4 10 14
2 3 4 10 15
2 3 4 10 16
2 3 4 11 12
2 3 4 11 13
2 3 4 11 14
2 3 4 11 15
2 3 4 11 16
2 3 4 12 13
2 3 4 12 14
2 3 4 12 15
2 3 4 12 16
2 3 4 13 14
2 3 4 13 15
2 3 4 13 16
2 3 4 14 15
2 3 4 14 16
2 3 4 15 16
2 3 5 6 7
2 3 5 6 8
2 3 5 6 9
2 3 5 6 10
2 3 5 6 11
2 3 5 6 12
2 3 5 6 13
2 3 5 6 14
2 3 5 6 15
2 3 5 6 16
2 3 5 7 8
2 3 5 7 9
2 3 5 7 10
2 3 5 7 11
2 3 5 7 12
2 3 5 7 13
2 3 5 7 14
2 3 5 7 15
2 3 5 7 16
2 3 5 8 9
2 3 5 8 10
2 3 5 8 11
2 3 5 8 12
2 3 5 8 13
2 3 5 8 14
2 3 5 8 15
2 3 5 8 16
2 3 5 9 10
2 3 5 9 11
2 3 5 9 12
2 3 5 9 13
2 3 5 9 14
2 3 5 9 15
2 3 5 9 16
2 3 5 10 11
2 3 5 10 12
2 3 5 10 13
2 3 5 10 14
2 3 5 10 15
2 3 5 10 16
2 3 5 11 12
2 3 5 11 13
2 3 5 11 14
2 3 5 11 15
2 3 5 11 16
2 3 5 12 13
2 3 5 12 14
2 3 5 12 15
2 3 5 12 16
2 3 5 13 14
2 3 5 13 15
2 3 5 13 16
2 3 5 14 15
2 3 5 14 16
2 3 5 15 16
2 3 6 7 8
2 3 6 7 9
2 3 6 7 10
2 3 6 7 11
2 3 6 7 12
2 3 6 7 13
2 3 6 7 14
2 3 6 7 15
2 3 6 7 16
2 3 6 8 9
2 3 6 8 10
2 3 6 8 11
2 3 6 8 12
2 3 6 8 13
2 3 6 8 14
2 3 6 8 15
2 3 6 8 16
2 3 6 9 10
2 3 6 9 11
2 3 6 9 12
2 3 6 9 13
2 3 6 9 14
2 3 6 9 15
2 3 6 9 16
2 3 6 10 11
2 3 6 10 12
2 3 6 10 13
2 3 6 10 14
2 3 6 10 15
2 3 6 10 16
2 3 6 11 12
2 3 6 11 13
2 3 6 11 14
2 3 6 11 15
2 3 6 11 16
2 3 6 12 13
2 3 6 12 14
2 3 6 12 15
2 3 6 12 16
2 3 6 13 14
2 3 6 13 15
2 3 6 13 16
2 3 6 14 15
2 3 6 14 16
2 3 6 15 16
2 3 7 8 9
2 3 7 8 10
2 3 7 8 11
2 3 7 8 12
2 3 7 8 13
2 3 7 8 14
2 3 7 8 15
2 3 7 8 16
2 3 7 9 10
2 3 7 9 11
2 3 7 9 12
2 3 7 9 13
2 3 7 9 14
2 3 7 9 15
2 3 7 9 16
2 3 7 10 11
2 3 7 10 12
2 3 7 10 13
2 3 7 10 14
2 3 7 10 15
2 3 7 10 16
2 3 7 11 12
2 3 7 11 13
2 3 7 11 14
2 3 7 11 15
2 3 7 11 16
2 3 7 12 13
2 3 7 12 14
2 3 7 12 15
2 3 7 12 16
2 3 7 13 14
2 3 7 13 15
2 3 7 13 16
2 3 7 14 15
2 3 7 14 16
2 3 7 15 16
2 3 8 9 10
2 3 8 9 11
2 3 8 9 12
2 3 8 9 13
2 3 8 9 14
2 3 8 9 15
2 3 8 9 16
2 3 8 10 11
2 3 8 10 12
2 3 8 10 13
2 3 8 10 14
2 3 8 10 15
2 3 8 10 16
2 3 8 11 12
2 3 8 11 13
2 3 8 11 14
2 3 8 11 15
2 3 8 11 16
2 3 8 12 13
2 3 8 12 14
2 3 8 12 15
2 3 8 12 16
2 3 8 13 14
2 3 8 13 15
2 3 8 13 16
2 3 8 14 15
2 3 8 14 16
2 3 8 15 16
2 3 9 10 11
2 3 9 10 12
2 3 9 10 13
2 3 9 10 14
2 3 9 10 15
2 3 9 10 16
2 3 9 11 12
2 3 9 11 13
2 3 9 11 14
2 3 9 11 15
2 3 9 11 16
2 3 9 12 13
2 3 9 12 14
2 3 9 12 15
2 3 9 12 16
2 3 9 13 14
2 3 9 13 15
2 3 9 13 16
2 3 9 14 15
2 3 9 14 16
2 3 9 15 16
2 3 10 11 12
2 3 10 11 13
2 3 10 11 14
2 3 10 11 15
2 3 10 11 16
2 3 10 12 13
2 3 10 12 14
2 3 10 12 15
2 3 10 12 16
2 3 10 13 14
2 3 10 13 15
2 3 10 13 16
2 3 10 14 15
2 3 10 14 16
2 3 10 15 16
2 3 11 12 13
2 3 11 12 14
2 3 11 12 15
2 3 11 12 16
2 3 11 13 14
2 3 11 13 15
2 3 11 13 16
2 3 11 14 15
2 3 11 14 16
2 3 11 15 16
2 3 12 13 14
2 3 12 13 15
2 3 12 13 16
2 3 12 14 15
2 3 12 14 16
2 3 12 15 16
2 3 13 14 15
2 3 13 14 16
2 3 13 15 16
2 3 14 15 16
2 4 5 6 7
2 4 5 6 8
2 4 5 6 9
2 4 5 6 10
2 4 5 6 11
2 4 5 6 12
2 4 5 6 13
2 4 5 6 14
2 4 5 6 15
2 4 5 6 16
2 4 5 7 8
2 4 5 7 9
2 4 5 7 10
2 4 5 7 11
2 4 5 7 12
2 4 5 7 13
2 4 5 7 14
2 4 5 7 15
2 4 5 7 16
2 4 5 8 9
2 4 5 8 10
2 4 5 8 11
2 4 5 8 12
2 4 5 8 13
2 4 5 8 14
2 4 5 8 15
2 4 5 8 16
2 4 5 9 10
2 4 5 9 11
2 4 5 9 12
2 4 5 9 13
2 4 5 9 14
2 4 5 9 15
2 4 5 9 16
2 4 5 10 11
2 4 5 10 12
2 4 5 10 13
2 4 5 10 14
2 4 5 10 15
2 4 5 10 16
2 4 5 11 12
2 4 5 11 13
2 4 5 11 14
2 4 5 11 15
2 4 5 11 16
2 4 5 12 13
2 4 5 12 14
2 4 5 12 15
2 4 5 12 16
2 4 5 13 14
2 4 5 13 15
2 4 5 13 16
2 4 5 14 15
2 4 5 14 16
2 4 5 15 16
2 4 6 7 8
2 4 6 7 9
2 4 6 7 10
2 4 6 7 11
2 4 6 7 12
2 4 6 7 13
2 4 6 7 14
2 4 6 7 15
2 4 6 7 16
2 4 6 8 9
2 4 6 8 10
2 4 6 8 11
2 4 6 8 12
2 4 6 8 13
2 4 6 8 14
2 4 6 8 15
2 4 6 8 16
2 4 6 9 10
2 4 6 9 11
2 4 6 9 12
2 4 6 9 13
2 4 6 9 14
2 4 6 9 15
2 4 6 9 16
2 4 6 10 11
2 4 6 10 12
2 4 6 10 13
2 4 6 10 14
2 4 6 10 15
2 4 6 10 16
2 4 6 11 12
2 4 6 11 13
2 4 6 11 14
2 4 6 11 15
2 4 6 11 16
2 4 6 12 13
2 4 6 12 14
2 4 6 12 15
2 4 6 12 16
2 4 6 13 14
2 4 6 13 15
2 4 6 13 16
2 4 6 14 15
2 4 6 14 16
2 4 6 15 16
2 4 7 8 9
2 4 7 8 10
2 4 7 8 11
2 4 7 8 12
2 4 7 8 13
2 4 7 8 14
2 4 7 8 15
2 4 7 8 16
2 4 7 9 10
2 4 7 9 11
2 4 7 9 12
2 4 7 9 13
2 4 7 9 14
2 4 7 9 15
2 4 7 9 16
2 4 7 10 11
2 4 7 10 12
2 4 7 10 13
2 4 7 10 14
2 4 7 10 15
2 4 7 10 16
2 4 7 11 12
2 4 7 11 13
2 4 7 11 14
2 4 7 11 15
2 4 7 11 16
2 4 7 12 13
2 4 7 12 14
2 4 7 12 15
2 4 7 12 16
2 4 7 13 14
2 4 7 13 15
2 4 7 13 16
2 4 7 14 15
2 4 7 14 16
2 4 7 15 16
2 4 8 9 10
2 4 8 9 11
2 4 8 9 12
2 4 8 9 13
2 4 8 9 14
2 4 8 9 15
2 4 8 9 16
2 4 8 10 11
2 4 8 10 12
2 4 8 10 13
2 4 8 10 14
2 4 8 10 15
2 4 8 10 16
2 4 8 11 12
2 4 8 11 13
2 4 8 11 14
2 4 8 11 15
2 4 8 11 16
2 4 8 12 13
2 4 8 12 14
2 4 8 12 15
2 4 8 12 16
2 4 8 13 14
2 4 8 13 15
2 4 8 13 16
2 4 8 14 15
2 4 8 14 16
2 4 8 15 16
2 4 9 10 11
2 4 9 10 12
2 4 9 10 13
2 4 9 10 14
2 4 9 10 15
2 4 9 10 16
2 4 9 11 12
2 4 9 11 13
2 4 9 11 14
2 4 9 11 15
2 4 9 11 16
2 4 9 12 13
2 4 9 12 14
2 4 9 12 15
2 4 9 12 16
2 4 9 13 14
2 4 9 13 15
2 4 9 13 16
2 4 9 14 15
2 4 9 14 16
2 4 9 15 16
2 4 10 11 12
2 4 10 11 13
2 4 10 11 14
2 4 10 11 15
2 4 10 11 16
2 4 10 12 13
2 4 10 12 14
2 4 10 12 15
2 4 10 12 16
2 4 10 13 14
2 4 10 13 15
2 4 10 13 16
2 4 10 14 15
2 4 10 14 16
2 4 10 15 16
2 4 11 12 13
2 4 11 12 14
2 4 11 12 15
2 4 11 12 16
2 4 11 13 14
2 4 11 13 15
2 4 11 13 16
2 4 11 14 15
2 4 11 14 16
2 4 11 15 16
2 4 12 13 14
2 4 12 13 15
2 4 12 13 16
2 4 12 14 15
2 4 12 14 16
2 4 12 15 16
2 4 13 14 15
2 4 13 14 16
2 4 13 15 16
2 4 14 15 16
2 5 6 7 8
2 5 6 7 9
2 5 6 7 10
2 5 6 7 11
2 5 6 7 12
2 5 6 7 13
2 5 6 7 14
2 5 6 7 15
2 5 6 7 16
2 5 6 8 9
2 5 6 8 10
2 5 6 8 11
2 5 6 8 12
2 5 6 8 13
2 5 6 8 14
2 5 6 8 15
2 5 6 8 16
2 5 6 9 10
2 5 6 9 11
2 5 6 9 12
2 5 6 9 13
2 5 6 9 14
2 5 6 9 15
2 5 6 9 16
2 5 6 10 11
2 5 6 10 12
2 5 6 10 13
2 5 6 10 14
2 5 6 10 15
2 5 6 10 16
2 5 6 11 12
2 5 6 11 13
2 5 6 11 14
2 5 6 11 15
2 5 6 11 16
2 5 6 12 13
2 5 6 12 14
2 5 6 12 15
2 5 6 12 16
2 5 6 13 14
2 5 6 13 15
2 5 6 13 16
2 5 6 14 15
2 5 6 14 16
2 5 6 15 16
2 5 7 8 9
2 5 7 8 10
2 5 7 8 11
2 5 7 8 12
2 5 7 8 13
2 5 7 8 14
2 5 7 8 15
2 5 7 8 16
2 5 7 9 10
2 5 7 9 11
2 5 7 9 12
2 5 7 9 13
2 5 7 9 14
2 5 7 9 15
2 5 7 9 16
2 5 7 10 11
2 5 7 10 12
2 5 7 10 13
2 5 7 10 14
2 5 7 10 15
2 5 7 10 16
2 5 7 11 12
2 5 7 11 13
2 5 7 11 14
2 5 7 11 15
2 5 7 11 16
2 5 7 12 13
2 5 7 12 14
2 5 7 12 15
2 5 7 12 16
2 5 7 13 14
2 5 7 13 15
2 5 7 13 16
2 5 7 14 15
2 5 7 14 16
2 5 7 15 16
2 5 8 9 10
2 5 8 9 11
2 5 8 9 12
2 5 8 9 13
2 5 8 9 14
2 5 8 9 15
2 5 8 9 16
2 5 8 10 11
2 5 8 10 12
2 5 8 10 13
2 5 8 10 14
2 5 8 10 15
2 5 8 10 16
2 5 8 11 12
2 5 8 11 13
2 5 8 11 14
2 5 8 11 15
2 5 8 11 16
2 5 8 12 13
2 5 8 12 14
2 5 8 12 15
2 5 8 12 16
2 5 8 13 14
2 5 8 13 15
2 5 8 13 16
2 5 8 14 15
2 5 8 14 16
2 5 8 15 16
2 5 9 10 11
2 5 9 10 12
2 5 9 10 13
2 5 9 10 14
2 5 9 10 15
2 5 9 10 16
2 5 9 11 12
2 5 9 11 13
2 5 9 11 14
2 5 9 11 15
2 5 9 11 16
2 5 9 12 13
2 5 9 12 14
2 5 9 12 15
2 5 9 12 16
2 5 9 13 14
2 5 9 13 15
2 5 9 13 16
2 5 9 14 15
2 5 9 14 16
2 5 9 15 16
2 5 10 11 12
2 5 10 11 13
2 5 10 11 14
2 5 10 11 15
2 5 10 11 16
2 5 10 12 13
2 5 10 12 14
2 5 10 12 15
2 5 10 12 16
2 5 10 13 14
2 5 10 13 15
2 5 10 13 16
2 5 10 14 15
2 5 10 14 16
2 5 10 15 16
2 5 11 12 13
2 5 11 12 14
2 5 11 12 15
2 5 11 12 16
2 5 11 13 14
2 5 11 13 15
2 5 11 13 16
2 5 11 14 15
2 5 11 14 16
2 5 11 15 16
2 5 12 13 14
2 5 12 13 15
2 5 12 13 16
2 5 12 14 15
2 5 12 14 16
2 5 12 15 16
2 5 13 14 15
2 5 13 14 16
2 5 13 15 16
2 5 14 15 16
2 6 7 8 9
2 6 7 8 10
2 6 7 8 11
2 6 7 8 12
2 6 7 8 13
2 6 7 8 14
2 6 7 8 15
2 6 7 8 16
2 6 7 9 10
2 6 7 9 11
2 6 7 9 12
2 6 7 9 13
2 6 7 9 14
2 6 7 9 15
2 6 7 9 16
2 6 7 10 11
2 6 7 10 12
2 6 7 10 13
2 6 7 10 14
2 6 7 10 15
2 6 7 10 16
2 6 7 11 12
2 6 7 11 13
2 6 7 11 14
2 6 7 11 15
2 6 7 11 16
2 6 7 12 13
2 6 7 12 14
2 6 7 12 15
2 6 7 12 16
2 6 7 13 14
2 6 7 13 15
2 6 7 13 16
2 6 7 14 15
2 6 7 14 16
2 6 7 15 16
2 6 8 9 10
2 6 8 9 11
2 6 8 9 12
2 6 8 9 13
2 6 8 9 14
2 6 8 9 15
2 6 8 9 16
2 6 8 10 11
2 6 8 10 12
2 6 8 10 13
2 6 8 10 14
2 6 8 10 15
2 6 8 10 16
2 6 8 11 12
2 6 8 11 13
2 6 8 11 14
2 6 8 11 15
2 6 8 11 16
2 6 8 12 13
2 6 8 12 14
2 6 8 12 15
2 6 8 12 16
2 6 8 13 14
2 6 8 13 15
2 6 8 13 16
2 6 8 14 15
2 6 8 14 16
2 6 8 15 16
2 6 9 10 11
2 6 9 10 12
2 6 9 10 13
2 6 9 10 14
2 6 9 10 15
2 6 9 10 16
2 6 9 11 12
2 6 9 11 13
2 6 9 11 14
2 6 9 11 15
2 6 9 11 16
2 6 9 12 13
2 6 9 12 14
2 6 9 12 15
2 6 9 12 16
2 6 9 13 14
2 6 9 13 15
2 6 9 13 16
2 6 9 14 15
2 6 9 14 16
2 6 9 15 16
2 6 10 11 12
2 6 10 11 13
2 6 10 11 14
2 6 10 11 15
2 6 10 11 16
2 6 10 12 13
2 6 10 12 14
2 6 10 12 15
2 6 10 12 16
2 6 10 13 14
2 6 10 13 15
2 6 10 13 16
2 6 10 14 15
2 6 10 14 16
2 6 10 15 16
2 6 11 12 13
2 6 11 12 14
2 6 11 12 15
2 6 11 12 16
2 6 11 13 14
2 6 11 13 15
2 6 11 13 16
2 6 11 14 15
2 6 11 14 16
2 6 11 15 16
2 6 12 13 14
2 6 12 13 15
2 6 12 13 16
2 6 12 14 15
2 6 12 14 16
2 6 12 15 16
2 6 13 14 15
2 6 13 14 16
2 6 13 15 16
2 6 14 15 16
2 7 8 9 10
2 7 8 9 11
2 7 8 9 12
2 7 8 9 13
2 7 8 9 14
2 7 8 9 15
2 7 8 9 16
2 7 8 10 11
2 7 8 10 12
2 7 8 10 13
2 7 8 10 14
2 7 8 10 15
2 7 8 10 16
2 7 8 11 12
2 7 8 11 13
2 7 8 11 14
2 7 8 11 15
2 7 8 11 16
2 7 8 12 13
2 7 8 12 14
2 7 8 12 15
2 7 8 12 16
2 7 8 13 14
2 7 8 13 15
2 7 8 13 16
2 7 8 14 15
2 7 8 14 16
2 7 8 15 16
2 7 9 10 11
2 7 9 10 12
2 7 9 10 13
2 7 9 10 14
2 7 9 10 15
2 7 9 10 16
2 7 9 11 12
2 7 9 11 13
2 7 9 11 14
2 7 9 11 15
2 7 9 11 16
2 7 9 12 13
2 7 9 12 14
2 7 9 12 15
2 7 9 12 16
2 7 9 13 14
2 7 9 13 15
2 7 9 13 16
2 7 9 14 15
2 7 9 14 16
2 7 9 15 16
2 7 10 11 12
2 7 10 11 13
2 7 10 11 14
2 7 10 11 15
2 7 10 11 16
2 7 10 12 13
2 7 10 12 14
2 7 10 12 15
2 7 10 12 16
2 7 10 13 14
2 7 10 13 15
2 7 10 13 16
2 7 10 14 15
2 7 10 14 16
2 7 10 15 16
2 7 11 12 13
2 7 11 12 14
2 7 11 12 15
2 7 11 12 16
2 7 11 13 14
2 7 11 13 15
2 7 11 13 16
2 7 11 14 15
2 7 11 14 16
2 7 11 15 16
2 7 12 13 14
2 7 12 13 15
2 7 12 13 16
2 7 12 14 15
2 7 12 14 16
2 7 12 15 16
2 7 13 14 15
2 7 13 14 16
2 7 13 15 16
2 7 14 15 16
2 8 9 10 11
2 8 9 10 12
2 8 9 10 13
2 8 9 10 14
2 8 9 10 15
2 8 9 10 16
2 8 9 11 12
2 8 9 11 13
2 8 9 11 14
2 8 9 11 15
2 8 9 11 16
2 8 9 12 13
2 8 9 12 14
2 8 9 12 15
2 8 9 12 16
2 8 9 13 14
2 8 9 13 15
2 8 9 13 16
2 8 9 14 15
2 8 9 14 16
2 8 9 15 16
2 8 10 11 12
2 8 10 11 13
2 8 10 11 14
2 8 10 11 15
2 8 10 11 16
2 8 10 12 13
2 8 10 12 14
2 8 10 12 15
2 8 10 12 16
2 8 10 13 14
2 8 10 13 15
2 8 10 13 16
2 8 10 14 15
2 8 10 14 16
2 8 10 15 16
2 8 11 12 13
2 8 11 12 14
2 8 11 12 15
2 8 11 12 16
2 8 11 13 14
2 8 11 13 15
2 8 11 13 16
2 8 11 14 15
2 8 11 14 16
2 8 11 15 16
2 8 12 13 14
2 8 12 13 15
2 8 12 13 16
2 8 12 14 15
2 8 12 14 16
2 8 12 15 16
2 8 13 14 15
2 8 13 14 16
2 8 13 15 16
2 8 14 15 16
2 9 10 11 12
2 9 10 11 13
2 9 10 11 14
2 9 10 11 15
2 9 10 11 16
2 9 10 12 13
2 9 10 12 14
2 9 10 12 15
2 9 10 12 16
2 9 10 13 14
2 9 10 13 15
2 9 10 13 16
2 9 10 14 15
2 9 10 14 16
2 9 10 15 16
2 9 11 12 13
2 9 11 12 14
2 9 11 12 15
2 9 11 12 16
2 9 11 13 14
2 9 11 13 15
2 9 11 13 16
2 9 11 14 15
2 9 11 14 16
2 9 11 15 16
2 9 12 13 14
2 9 12 13 15
2 9 12 13 16
2 9 12 14 15
2 9 12 14 16
2 9 12 15 16
2 9 13 14 15
2 9 13 14 16
2 9 13 15 16
2 9 14 15 16
2 10 11 12 13
2 10 11 12 14
2 10 11 12 15
2 10 11 12 16
2 10 11 13 14
2 10 11 13 15
2 10 11 13 16
2 10 11 14 15
2 10 11 14 16
2 10 11 15 16
2 10 12 13 14
2 10 12 13 15
2 10 12 13 16
2 10 12 14 15
2 10 12 14 16
2 10 12 15 16
2 10 13 14 15
2 10 13 14 16
2 10 13 15 16
2 10 14 15 16
2 11 12 13 14
2 11 12 13 15
2 11 12 13 16
2 11 12 14 15
2 11 12 14 16
2 11 12 15 16
2 11 13 14 15
2 11 13 14 16
2 11 13 15 16
2 11 14 15 16
2 12 13 14 15
2 12 13 14 16
2 12 13 15 16
2 12 14 15 16
2 13 14 15 16
3 4 5 6 7
3 4 5 6 8
3 4 5 6 9
3 4 5 6 10
3 4 5 6 11
3 4 5 6 12
3 4 5 6 13
3 4 5 6 14
3 4 5 6 15
3 4 5 6 16
3 4 5 7 8
3 4 5 7 9
3 4 5 7 10
3 4 5 7 11
3 4 5 7 12
3 4 5 7 13
3 4 5 7 14
3 4 5 7 15
3 4 5 7 16
3 4 5 8 9
3 4 5 8 10
3 4 5 8 11
3 4 5 8 12
3 4 5 8 13
3 4 5 8 14
3 4 5 8 15
3 4 5 8 16
3 4 5 9 10
3 4 5 9 11
3 4 5 9 12
3 4 5 9 13
3 4 5 9 14
3 4 5 9 15
3 4 5 9 16
3 4 5 10 11
3 4 5 10 12
3 4 5 10 13
3 4 5 10 14
3 4 5 10 15
3 4 5 10 16
3 4 5 11 12
3 4 5 11 13
3 4 5 11 14
3 4 5 11 15
3 4 5 11 16
3 4 5 12 13
3 4 5 12 14
3 4 5 12 15
3 4 5 12 16
3 4 5 13 14
3 4 5 13 15
3 4 5 13 16
3 4 5 14 15
3 4 5 14 16
3 4 5 15 16
3 4 6 7 8
3 4 6 7 9
3 4 6 7 10
3 4 6 7 11
3 4 6 7 12
3 4 6 7 13
3 4 6 7 14
3 4 6 7 15
3 4 6 7 16
3 4 6 8 9
3 4 6 8 10
3 4 6 8 11
3 4 6 8 12
3 4 6 8 13
3 4 6 8 14
3 4 6 8 15
3 4 6 8 16
3 4 6 9 10
3 4 6 9 11
3 4 6 9 12
3 4 6 9 13
3 4 6 9 14
3 4 6 9 15
3 4 6 9 16
3 4 6 10 11
3 4 6 10 12
3 4 6 10 13
3 4 6 10 14
3 4 6 10 15
3 4 6 10 16
3 4 6 11 12
3 4 6 11 13
3 4 6 11 14
3 4 6 11 15
3 4 6 11 16
3 4 6 12 13
3 4 6 12 14
3 4 6 12 15
3 4 6 12 16
3 4 6 13 14
3 4 6 13 15
3 4 6 13 16
3 4 6 14 15
3 4 6 14 16
3 4 6 15 16
3 4 7 8 9
3 4 7 8 10
3 4 7 8 11
3 4 7 8 12
3 4 7 8 13
3 4 7 8 14
3 4 7 8 15
3 4 7 8 16
3 4 7 9 10
3 4 7 9 11
3 4 7 9 12
3 4 7 9 13
3 4 7 9 14
3 4 7 9 15
3 4 7 9 16
3 4 7 10 11
3 4 7 10 12
3 4 7 10 13
3 4 7 10 14
3 4 7 10 15
3 4 7 10 16
3 4 7 11 12
3 4 7 11 13
3 4 7 11 14
3 4 7 11 15
3 4 7 11 16
3 4 7 12 13
3 4 7 12 14
3 4 7 12 15
3 4 7 12 16
3 4 7 13 14
3 4 7 13 15
3 4 7 13 16
3 4 7 14 15
3 4 7 14 16
3 4 7 15 16
3 4 8 9 10
3 4 8 9 11
3 4 8 9 12
3 4 8 9 13
3 4 8 9 14
3 4 8 9 15
3 4 8 9 16
3 4 8 10 11
3 4 8 10 12
3 4 8 10 13
3 4 8 10 14
3 4 8 10 15
3 4 8 10 16
3 4 8 11 12
3 4 8 11 13
3 4 8 11 14
3 4 8 11 15
3 4 8 11 16
3 4 8 12 13
3 4 8 12 14
3 4 8 12 15
3 4 8 12 16
3 4 8 13 14
3 4 8 13 15
3 4 8 13 16
3 4 8 14 15
3 4 8 14 16
3 4 8 15 16
3 4 9 10 11
3 4 9 10 12
3 4 9 10 13
3 4 9 10 14
3 4 9 10 15
3 4 9 10 16
3 4 9 11 12
3 4 9 11 13
3 4 9 11 14
3 4 9 11 15
3 4 9 11 16
3 4 9 12 13
3 4 9 12 14
3 4 9 12 15
3 4 9 12 16
3 4 9 13 14
3 4 9 13 15
3 4 9 13 16
3 4 9 14 15
3 4 9 14 16
3 4 9 15 16
3 4 10 11 12
3 4 10 11 13
3 4 10 11 14
3 4 10 11 15
3 4 10 11 16
3 4 10 12 13
3 4 10 12 14
3 4 10 12 15
3 4 10 12 16
3 4 10 13 14
3 4 10 13 15
3 4 10 13 16
3 4 10 14 15
3 4 10 14 16
3 4 10 15 16
3 4 11 12 13
3 4 11 12 14
3 4 11 12 15
3 4 11 12 16
3 4 11 13 14
3 4 11 13 15
3 4 11 13 16
3 4 11 14 15
3 4 11 14 16
3 4 11 15 16
3 4 12 13 14
3 4 12 13 15
3 4 12 13 16
3 4 12 14 15
3 4 12 14 16
3 4 12 15 16
3 4 13 14 15
3 4 13 14 16
3 4 13 15 16
3 4 14 15 16
3 5 6 7 8
3 5 6 7 9
3 5 6 7 10
3 5 6 7 11
3 5 6 7 12
3 5 6 7 13
3 5 6 7 14
3 5 6 7 15
3 5 6 7 16
3 5 6 8 9
3 5 6 8 10
3 5 6 8 11
3 5 6 8 12
3 5 6 8 13
3 5 6 8 14
3 5 6 8 15
3 5 6 8 16
3 5 6 9 10
3 5 6 9 11
3 5 6 9 12
3 5 6 9 13
3 5 6 9 14
3 5 6 9 15
3 5 6 9 16
3 5 6 10 11
3 5 6 10 12
3 5 6 10 13
3 5 6 10 14
3 5 6 10 15
3 5 6 10 16
3 5 6 11 12
3 5 6 11 13
3 5 6 11 14
3 5 6 11 15
3 5 6 11 16
3 5 6 12 13
3 5 6 12 14
3 5 6 12 15
3 5 6 12 16
3 5 6 13 14
3 5 6 13 15
3 5 6 13 16
3 5 6 14 15
3 5 6 14 16
3 5 6 15 16
3 5 7 8 9
3 5 7 8 10
3 5 7 8 11
3 5 7 8 12
3 5 7 8 13
3 5 7 8 14
3 5 7 8 15
3 5 7 8 16
3 5 7 9 10
3 5 7 9 11
3 5 7 9 12
3 5 7 9 13
3 5 7 9 14
3 5 7 9 15
3 5 7 9 16
3 5 7 10 11
3 5 7 10 12
3 5 7 10 13
3 5 7 10 14
3 5 7 10 15
3 5 7 10 16
3 5 7 11 12
3 5 7 11 13
3 5 7 11 14
3 5 7 11 15
3 5 7 11 16
3 5 7 12 13
3 5 7 12 14
3 5 7 12 15
3 5 7 12 16
3 5 7 13 14
3 5 7 13 15
3 5 7 13 16
3 5 7 14 15
3 5 7 14 16
3 5 7 15 16
3 5 8 9 10
3 5 8 9 11
3 5 8 9 12
3 5 8 9 13
3 5 8 9 14
3 5 8 9 15
3 5 8 9 16
3 5 8 10 11
3 5 8 10 12
3 5 8 10 13
3 5 8 10 14
3 5 8 10 15
3 5 8 10 16
3 5 8 11 12
3 5 8 11 13
3 5 8 11 14
3 5 8 11 15
3 5 8 11 16
3 5 8 12 13
3 5 8 12 14
3 5 8 12 15
3 5 8 12 16
3 5 8 13 14
3 5 8 13 15
3 5 8 13 16
3 5 8 14 15
3 5 8 14 16
3 5 8 15 16
3 5 9 10 11
3 5 9 10 12
3 5 9 10 13
3 5 9 10 14
3 5 9 10 15
3 5 9 10 16
3 5 9 11 12
3 5 9 11 13
3 5 9 11 14
3 5 9 11 15
3 5 9 11 16
3 5 9 12 13
3 5 9 12 14
3 5 9 12 15
3 5 9 12 16
3 5 9 13 14
3 5 9 13 15
3 5 9 13 16
3 5 9 14 15
3 5 9 14 16
3 5 9 15 16
3 5 10 11 12
3 5 10 11 13
3 5 10 11 14
3 5 10 11 15
3 5 10 11 16
3 5 10 12 13
3 5 10 12 14
3 5 10 12 15
3 5 10 12 16
3 5 10 13 14
3 5 10 13 15
3 5 10 13 16
3 5 10 14 15
3 5 10 14 16
3 5 10 15 16
3 5 11 12 13
3 5 11 12 14
3 5 11 12 15
3 5 11 12 16
3 5 11 13 14
3 5 11 13 15
3 5 11 13 16
3 5 11 14 15
3 5 11 14 16
3 5 11 15 16
3 5 12 13 14
3 5 12 13 15
3 5 12 13 16
3 5 12 14 15
3 5 12 14 16
3 5 12 15 16
3 5 13 14 15
3 5 13 14 16
3 5 13 15 16
3 5 14 15 16
3 6 7 8 9
3 6 7 8 10
3 6 7 8 11
3 6 7 8 12
3 6 7 8 13
3 6 7 8 14
3 6 7 8 15
3 6 7 8 16
3 6 7 9 10
3 6 7 9 11
3 6 7 9 12
3 6 7 9 13
3 6 7 9 14
3 6 7 9 15
3 6 7 9 16
3 6 7 10 11
3 6 7 10 12
3 6 7 10 13
3 6 7 10 14
3 6 7 10 15
3 6 7 10 16
3 6 7 11 12
3 6 7 11 13
3 6 7 11 14
3 6 7 11 15
3 6 7 11 16
3 6 7 12 13
3 6 7 12 14
3 6 7 12 15
3 6 7 12 16
3 6 7 13 14
3 6 7 13 15
3 6 7 13 16
3 6 7 14 15
3 6 7 14 16
3 6 7 15 16
3 6 8 9 10
3 6 8 9 11
3 6 8 9 12
3 6 8 9 13
3 6 8 9 14
3 6 8 9 15
3 6 8 9 16
3 6 8 10 11
3 6 8 10 12
3 6 8 10 13
3 6 8 10 14
3 6 8 10 15
3 6 8 10 16
3 6 8 11 12
3 6 8 11 13
3 6 8 11 14
3 6 8 11 15
3 6 8 11 16
3 6 8 12 13
3 6 8 12 14
3 6 8 12 15
3 6 8 12 16
3 6 8 13 14
3 6 8 13 15
3 6 8 13 16
3 6 8 14 15
3 6 8 14 16
3 6 8 15 16
3 6 9 10 11
3 6 9 10 12
3 6 9 10 13
3 6 9 10 14
3 6 9 10 15
3 6 9 10 16
3 6 9 11 12
3 6 9 11 13
3 6 9 11 14
3 6 9 11 15
3 6 9 11 16
3 6 9 12 13
3 6 9 12 14
3 6 9 12 15
3 6 9 12 16
3 6 9 13 14
3 6 9 13 15
3 6 9 13 16
3 6 9 14 15
3 6 9 14 16
3 6 9 15 16
3 6 10 11 12
3 6 10 11 13
3 6 10 11 14
3 6 10 11 15
3 6 10 11 16
3 6 10 12 13
3 6 10 12 14
3 6 10 12 15
3 6 10 12 16
3 6 10 13 14
3 6 10 13 15
3 6 10 13 16
3 6 10 14 15
3 6 10 14 16
3 6 10 15 16
3 6 11 12 13
3 6 11 12 14
3 6 11 12 15
3 6 11 12 16
3 6 11 13 14
3 6 11 13 15
3 6 11 13 16
3 6 11 14 15
3 6 11 14 16
3 6 11 15 16
3 6 12 13 14
3 6 12 13 15
3 6 12 13 16
3 6 12 14 15
3 6 12 14 16
3 6 12 15 16
3 6 13 14 15
3 6 13 14 16
3 6 13 15 16
3 6 14 15 16
3 7 8 9 10
3 7 8 9 11
3 7 8 9 12
3 7 8 9 13
3 7 8 9 14
3 7 8 9 15
3 7 8 9 16
3 7 8 10 11
3 7 8 10 12
3 7 8 10 13
3 7 8 10 14
3 7 8 10 15
3 7 8 10 16
3 7 8 11 12
3 7 8 11 13
3 7 8 11 14
3 7 8 11 15
3 7 8 11 16
3 7 8 12 13
3 7 8 12 14
3 7 8 12 15
3 7 8 12 16
3 7 8 13 14
3 7 8 13 15
3 7 8 13 16
3 7 8 14 15
3 7 8 14 16
3 7 8 15 16
3 7 9 10 11
3 7 9 10 12
3 7 9 10 13
3 7 9 10 14
3 7 9 10 15
3 7 9 10 16
3 7 9 11 12
3 7 9 11 13
3 7 9 11 14
3 7 9 11 15
3 7 9 11 16
3 7 9 12 13
3 7 9 12 14
3 7 9 12 15
3 7 9 12 16
3 7 9 13 14
3 7 9 13 15
3 7 9 13 16
3 7 9 14 15
3 7 9 14 16
3 7 9 15 16
3 7 10 11 12
3 7 10 11 13
3 7 10 11 14
3 7 10 11 15
3 7 10 11 16
3 7 10 12 13
3 7 10 12 14
3 7 10 12 15
3 7 10 12 16
3 7 10 13 14
3 7 10 13 15
3 7 10 13 16
3 7 10 14 15
3 7 10 14 16
3 7 10 15 16
3 7 11 12 13
3 7 11 12 14
3 7 11 12 15
3 7 11 12 16
3 7 11 13 14
3 7 11 13 15
3 7 11 13 16
3 7 11 14 15
3 7 11 14 16
3 7 11 15 16
3 7 12 13 14
3 7 12 13 15
3 7 12 13 16
3 7 12 14 15
3 7 12 14 16
3 7 12 15 16
3 7 13 14 15
3 7 13 14 16
3 7 13 15 16
3 7 14 15 16
3 8 9 10 11
3 8 9 10 12
3 8 9 10 13
3 8 9 10 14
3 8 9 10 15
3 8 9 10 16
3 8 9 11 12
3 8 9 11 13
3 8 9 11 14
3 8 9 11 15
3 8 9 11 16
3 8 9 12 13
3 8 9 12 14
3 8 9 12 15
3 8 9 12 16
3 8 9 13 14
3 8 9 13 15
3 8 9 13 16
3 8 9 14 15
3 8 9 14 16
3 8 9 15 16
3 8 10 11 12
3 8 10 11 13
3 8 10 11 14
3 8 10 11 15
3 8 10 11 16
3 8 10 12 13
3 8 10 12 14
3 8 10 12 15
3 8 10 12 16
3 8 10 13 14
3 8 10 13 15
3 8 10 13 16
3 8 10 14 15
3 8 10 14 16
3 8 10 15 16
3 8 11 12 13
3 8 11 12 14
3 8 11 12 15
3 8 11 12 16
3 8 11 13 14
3 8 11 13 15
3 8 11 13 16
3 8 11 14 15
3 8 11 14 16
3 8 11 15 16
3 8 12 13 14
3 8 12 13 15
3 8 12 13 16
3 8 12 14 15
3 8 12 14 16
3 8 12 15 16
3 8 13 14 15
3 8 13 14 16
3 8 13 15 16
3 8 14 15 16
3 9 10 11 12
3 9 10 11 13
3 9 10 11 14
3 9 10 11 15
3 9 10 11 16
3 9 10 12 13
3 9 10 12 14
3 9 10 12 15
3 9 10 12 16
3 9 10 13 14
3 9 10 13 15
3 9 10 13 16
3 9 10 14 15
3 9 10 14 16
3 9 10 15 16
3 9 11 12 13
3 9 11 12 14
3 9 11 12 15
3 9 11 12 16
3 9 11 13 14
3 9 11 13 15
3 9 11 13 16
3 9 11 14 15
3 9 11 14 16
3 9 11 15 16
3 9 12 13 14
3 9 12 13 15
3 9 12 13 16
3 9 12 14 15
3 9 12 14 16
3 9 12 15 16
3 9 13 14 15
3 9 13 14 16
3 9 13 15 16
3 9 14 15 16
3 10 11 12 13
3 10 11 12 14
3 10 11 12 15
3 10 11 12 16
3 10 11 13 14
3 10 11 13 15
3 10 11 13 16
3 10 11 14 15
3 10 11 14 16
3 10 11 15 16
3 10 12 13 14
3 10 12 13 15
3 10 12 13 16
3 10 12 14 15
3 10 12 14 16
3 10 12 15 16
3 10 13 14 15
3 10 13 14 16
3 10 13 15 16
3 10 14 15 16
3 11 12 13 14
3 11 12 13 15
3 11 12 13 16
3 11 12 14 15
3 11 12 14 16
3 11 12 15 16
3 11 13 14 15
3 11 13 14 16
3 11 13 15 16
3 11 14 15 16
3 12 13 14 15
3 12 13 14 16
3 12 13 15 16
3 12 14 15 16
3 13 14 15 16
4 5 6 7 8
4 5 6 7 9
4 5 6 7 10
4 5 6 7 11
4 5 6 7 12
4 5 6 7 13
4 5 6 7 14
4 5 6 7 15
4 5 6 7 16
4 5 6 8 9
4 5 6 8 10
4 5 6 8 11
4 5 6 8 12
4 5 6 8 13
4 5 6 8 14
4 5 6 8 15
4 5 6 8 16
4 5 6 9 10
4 5 6 9 11
4 5 6 9 12
4 5 6 9 13
4 5 6 9 14
4 5 6 9 15
4 5 6 9 16
4 5 6 10 11
4 5 6 10 12
4 5 6 10 13
4 5 6 10 14
4 5 6 10 15
4 5 6 10 16
4 5 6 11 12
4 5 6 11 13
4 5 6 11 14
4 5 6 11 15
4 5 6 11 16
4 5 6 12 13
4 5 6 12 14
4 5 6 12 15
4 5 6 12 16
4 5 6 13 14
4 5 6 13 15
4 5 6 13 16
4 5 6 14 15
4 5 6 14 16
4 5 6 15 16
4 5 7 8 9
4 5 7 8 10
4 5 7 8 11
4 5 7 8 12
4 5 7 8 13
4 5 7 8 14
4 5 7 8 15
4 5 7 8 16
4 5 7 9 10
4 5 7 9 11
4 5 7 9 12
4 5 7 9 13
4 5 7 9 14
4 5 7 9 15
4 5 7 9 16
4 5 7 10 11
4 5 7 10 12
4 5 7 10 13
4 5 7 10 14
4 5 7 10 15
4 5 7 10 16
4 5 7 11 12
4 5 7 11 13
4 5 7 11 14
4 5 7 11 15
4 5 7 11 16
4 5 7 12 13
4 5 7 12 14
4 5 7 12 15
4 5 7 12 16
4 5 7 13 14
4 5 7 13 15
4 5 7 13 16
4 5 7 14 15
4 5 7 14 16
4 5 7 15 16
4 5 8 9 10
4 5 8 9 11
4 5 8 9 12
4 5 8 9 13
4 5 8 9 14
4 5 8 9 15
4 5 8 9 16
4 5 8 10 11
4 5 8 10 12
4 5 8 10 13
4 5 8 10 14
4 5 8 10 15
4 5 8 10 16
4 5 8 11 12
4 5 8 11 13
4 5 8 11 14
4 5 8 11 15
4 5 8 11 16
4 5 8 12 13
4 5 8 12 14
4 5 8 12 15
4 5 8 12 16
4 5 8 13 14
4 5 8 13 15
4 5 8 13 16
4 5 8 14 15
4 5 8 14 16
4 5 8 15 16
4 5 9 10 11
4 5 9 10 12
4 5 9 10 13
4 5 9 10 14
4 5 9 10 15
4 5 9 10 16
4 5 9 11 12
4 5 9 11 13
4 5 9 11 14
4 5 9 11 15
4 5 9 11 16
4 5 9 12 13
4 5 9 12 14
4 5 9 12 15
4 5 9 12 16
4 5 9 13 14
4 5 9 13 15
4 5 9 13 16
4 5 9 14 15
4 5 9 14 16
4 5 9 15 16
4 5 10 11 12
4 5 10 11 13
4 5 10 11 14
4 5 10 11 15
4 5 10 11 16
4 5 10 12 13
4 5 10 12 14
4 5 10 12 15
4 5 10 12 16
4 5 10 13 14
4 5 10 13 15
4 5 10 13 16
4 5 10 14 15
4 5 10 14 16
4 5 10 15 16
4 5 11 12 13
4 5 11 12 14
4 5 11 12 15
4 5 11 12 16
4 5 11 13 14
4 5 11 13 15
4 5 11 13 16
4 5 11 14 15
4 5 11 14 16
4 5 11 15 16
4 5 12 13 14
4 5 12 13 15
4 5 12 13 16
4 5 12 14 15
4 5 12 14 16
4 5 12 15 16
4 5 13 14 15
4 5 13 14 16
4 5 13 15 16
4 5 14 15 16
4 6 7 8 9
4 6 7 8 10
4 6 7 8 11
4 6 7 8 12
4 6 7 8 13
4 6 7 8 14
4 6 7 8 15
4 6 7 8 16
4 6 7 9 10
4 6 7 9 11
4 6 7 9 12
4 6 7 9 13
4 6 7 9 14
4 6 7 9 15
4 6 7 9 16
4 6 7 10 11
4 6 7 10 12
4 6 7 10 13
4 6 7 10 14
4 6 7 10 15
4 6 7 10 16
4 6 7 11 12
4 6 7 11 13
4 6 7 11 14
4 6 7 11 15
4 6 7 11 16
4 6 7 12 13
4 6 7 12 14
4 6 7 12 15
4 6 7 12 16
4 6 7 13 14
4 6 7 13 15
4 6 7 13 16
4 6 7 14 15
4 6 7 14 16
4 6 7 15 16
4 6 8 9 10
4 6 8 9 11
4 6 8 9 12
4 6 8 9 13
4 6 8 9 14
4 6 8 9 15
4 6 8 9 16
4 6 8 10 11
4 6 8 10 12
4 6 8 10 13
4 6 8 10 14
4 6 8 10 15
4 6 8 10 16
4 6 8 11 12
4 6 8 11 13
4 6 8 11 14
4 6 8 11 15
4 6 8 11 16
4 6 8 12 13
4 6 8 12 14
4 6 8 12 15
4 6 8 12 16
4 6 8 13 14
4 6 8 13 15
4 6 8 13 16
4 6 8 14 15
4 6 8 14 16
4 6 8 15 16
4 6 9 10 11
4 6 9 10 12
4 6 9 10 13
4 6 9 10 14
4 6 9 10 15
4 6 9 10 16
4 6 9 11 12
4 6 9 11 13
4 6 9 11 14
4 6 9 11 15
4 6 9 11 16
4 6 9 12 13
4 6 9 12 14
4 6 9 12 15
4 6 9 12 16
4 6 9 13 14
4 6 9 13 15
4 6 9 13 16
4 6 9 14 15
4 6 9 14 16
4 6 9 15 16
4 6 10 11 12
4 6 10 11 13
4 6 10 11 14
4 6 10 11 15
4 6 10 11 16
4 6 10 12 13
4 6 10 12 14
4 6 10 12 15
4 6 10 12 16
4 6 10 13 14
4 6 10 13 15
4 6 10 13 16
4 6 10 14 15
4 6 10 14 16
4 6 10 15 16
4 6 11 12 13
4 6 11 12 14
4 6 11 12 15
4 6 11 12 16
4 6 11 13 14
4 6 11 13 15
4 6 11 13 16
4 6 11 14 15
4 6 11 14 16
4 6 11 15 16
4 6 12 13 14
4 6 12 13 15
4 6 12 13 16
4 6 12 14 15
4 6 12 14 16
4 6 12 15 16
4 6 13 14 15
4 6 13 14 16
4 6 13 15 16
4 6 14 15 16
4 7 8 9 10
4 7 8 9 11
4 7 8 9 12
4 7 8 9 13
4 7 8 9 14
4 7 8 9 15
4 7 8 9 16
4 7 8 10 11
4 7 8 10 12
4 7 8 10 13
4 7 8 10 14
4 7 8 10 15
4 7 8 10 16
4 7 8 11 12
4 7 8 11 13
4 7 8 11 14
4 7 8 11 15
4 7 8 11 16
4 7 8 12 13
4 7 8 12 14
4 7 8 12 15
4 7 8 12 16
4 7 8 13 14
4 7 8 13 15
4 7 8 13 16
4 7 8 14 15
4 7 8 14 16
4 7 8 15 16
4 7 9 10 11
4 7 9 10 12
4 7 9 10 13
4 7 9 10 14
4 7 9 10 15
4 7 9 10 16
4 7 9 11 12
4 7 9 11 13
4 7 9 11 14
4 7 9 11 15
4 7 9 11 16
4 7 9 12 13
4 7 9 12 14
4 7 9 12 15
4 7 9 12 16
4 7 9 13 14
4 7 9 13 15
4 7 9 13 16
4 7 9 14 15
4 7 9 14 16
4 7 9 15 16
4 7 10 11 12
4 7 10 11 13
4 7 10 11 14
4 7 10 11 15
4 7 10 11 16
4 7 10 12 13
4 7 10 12 14
4 7 10 12 15
4 7 10 12 16
4 7 10 13 14
4 7 10 13 15
4 7 10 13 16
4 7 10 14 15
4 7 10 14 16
4 7 10 15 16
4 7 11 12 13
4 7 11 12 14
4 7 11 12 15
4 7 11 12 16
4 7 11 13 14
4 7 11 13 15
4 7 11 13 16
4 7 11 14 15
4 7 11 14 16
4 7 11 15 16
4 7 12 13 14
4 7 12 13 15
4 7 12 13 16
4 7 12 14 15
4 7 12 14 16
4 7 12 15 16
4 7 13 14 15
4 7 13 14 16
4 7 13 15 16
4 7 14 15 16
4 8 9 10 11
4 8 9 10 12
4 8 9 10 13
4 8 9 10 14
4 8 9 10 15
4 8 9 10 16
4 8 9 11 12
4 8 9 11 13
4 8 9 11 14
4 8 9 11 15
4 8 9 11 16
4 8 9 12 13
4 8 9 12 14
4 8 9 12 15
4 8 9 12 16
4 8 9 13 14
4 8 9 13 15
4 8 9 13 16
4 8 9 14 15
4 8 9 14 16
4 8 9 15 16
4 8 10 11 12
4 8 10 11 13
4 8 10 11 14
4 8 10 11 15
4 8 10 11 16
4 8 10 12 13
4 8 10 12 14
4 8 10 12 15
4 8 10 12 16
4 8 10 13 14
4 8 10 13 15
4 8 10 13 16
4 8 10 14 15
4 8 10 14 16
4 8 10 15 16
4 8 11 12 13
4 8 11 12 14
4 8 11 12 15
4 8 11 12 16
4 8 11 13 14
4 8 11 13 15
4 8 11 13 16
4 8 11 14 15
4 8 11 14 16
4 8 11 15 16
4 8 12 13 14
4 8 12 13 15
4 8 12 13 16
4 8 12 14 15
4 8 12 14 16
4 8 12 15 16
4 8 13 14 15
4 8 13 14 16
4 8 13 15 16
4 8 14 15 16
4 9 10 11 12
4 9 10 11 13
4 9 10 11 14
4 9 10 11 15
4 9 10 11 16
4 9 10 12 13
4 9 10 12 14
4 9 10 12 15
4 9 10 12 16
4 9 10 13 14
4 9 10 13 15
4 9 10 13 16
4 9 10 14 15
4 9 10 14 16
4 9 10 15 16
4 9 11 12 13
4 9 11 12 14
4 9 11 12 15
4 9 11 12 16
4 9 11 13 14
4 9 11 13 15
4 9 11 13 16
4 9 11 14 15
4 9 11 14 16
4 9 11 15 16
4 9 12 13 14
4 9 12 13 15
4 9 12 13 16
4 9 12 14 15
4 9 12 14 16
4 9 12 15 16
4 9 13 14 15
4 9 13 14 16
4 9 13 15 16
4 9 14 15 16
4 10 11 12 13
4 10 11 12 14
4 10 11 12 15
4 10 11 12 16
4 10 11 13 14
4 10 11 13 15
4 10 11 13 16
4 10 11 14 15
4 10 11 14 16
4 10 11 15 16
4 10 12 13 14
4 10 12 13 15
4 10 12 13 16
4 10 12 14 15
4 10 12 14 16
4 10 12 15 16
4 10 13 14 15
4 10 13 14 16
4 10 13 15 16
4 10 14 15 16
4 11 12 13 14
4 11 12 13 15
4 11 12 13 16
4 11 12 14 15
4 11 12 14 16
4 11 12 15 16
4 11 13 14 15
4 11 13 14 16
4 11 13 15 16
4 11 14 15 16
4 12 13 14 15
4 12 13 14 16
4 12 13 15 16
4 12 14 15 16
4 13 14 15 16
5 6 7 8 9
5 6 7 8 10
5 6 7 8 11
5 6 7 8 12
5 6 7 8 13
5 6 7 8 14
5 6 7 8 15
5 6 7 8 16
5 6 7 9 10
5 6 7 9 11
5 6 7 9 12
5 6 7 9 13
5 6 7 9 14
5 6 7 9 15
5 6 7 9 16
5 6 7 10 11
5 6 7 10 12
5 6 7 10 13
5 6 7 10 14
5 6 7 10 15
5 6 7 10 16
5 6 7 11 12
5 6 7 11 13
5 6 7 11 14
5 6 7 11 15
5 6 7 11 16
5 6 7 12 13
5 6 7 12 14
5 6 7 12 15
5 6 7 12 16
5 6 7 13 14
5 6 7 13 15
5 6 7 13 16
5 6 7 14 15
5 6 7 14 16
5 6 7 15 16
5 6 8 9 10
5 6 8 9 11
5 6 8 9 12
5 6 8 9 13
5 6 8 9 14
5 6 8 9 15
5 6 8 9 16
5 6 8 10 11
5 6 8 10 12
5 6 8 10 13
5 6 8 10 14
5 6 8 10 15
5 6 8 10 16
5 6 8 11 12
5 6 8 11 13
5 6 8 11 14
5 6 8 11 15
5 6 8 11 16
5 6 8 12 13
5 6 8 12 14
5 6 8 12 15
5 6 8 12 16
5 6 8 13 14
5 6 8 13 15
5 6 8 13 16
5 6 8 14 15
5 6 8 14 16
5 6 8 15 16
5 6 9 10 11
5 6 9 10 12
5 6 9 10 13
5 6 9 10 14
5 6 9 10 15
5 6 9 10 16
5 6 9 11 12
5 6 9 11 13
5 6 9 11 14
5 6 9 11 15
5 6 9 11 16
5 6 9 12 13
5 6 9 12 14
5 6 9 12 15
5 6 9 12 16
5 6 9 13 14
5 6 9 13 15
5 6 9 13 16
5 6 9 14 15
5 6 9 14 16
5 6 9 15 16
5 6 10 11 12
5 6 10 11 13
5 6 10 11 14
5 6 10 11 15
5 6 10 11 16
5 6 10 12 13
5 6 10 12 14
5 6 10 12 15
5 6 10 12 16
5 6 10 13 14
5 6 10 13 15
5 6 10 13 16
5 6 10 14 15
5 6 10 14 16
5 6 10 15 16
5 6 11 12 13
5 6 11 12 14
5 6 11 12 15
5 6 11 12 16
5 6 11 13 14
5 6 11 13 15
5 6 11 13 16
5 6 11 14 15
5 6 11 14 16
5 6 11 15 16
5 6 12 13 14
5 6 12 13 15
5 6 12 13 16
5 6 12 14 15
5 6 12 14 16
5 6 12 15 16
5 6 13 14 15
5 6 13 14 16
5 6 13 15 16
5 6 14 15 16
5 7 8 9 10
5 7 8 9 11
5 7 8 9 12
5 7 8 9 13
5 7 8 9 14
5 7 8 9 15
5 7 8 9 16
5 7 8 10 11
5 7 8 10 12
5 7 8 10 13
5 7 8 10 14
5 7 8 10 15
5 7 8 10 16
5 7 8 11 12
5 7 8 11 13
5 7 8 11 14
5 7 8 11 15
5 7 8 11 16
5 7 8 12 13
5 7 8 12 14
5 7 8 12 15
5 7 8 12 16
5 7 8 13 14
5 7 8 13 15
5 7 8 13 16
5 7 8 14 15
5 7 8 14 16
5 7 8 15 16
5 7 9 10 11
5 7 9 10 12
5 7 9 10 13
5 7 9 10 14
5 7 9 10 15
5 7 9 10 16
5 7 9 11 12
5 7 9 11 13
5 7 9 11 14
5 7 9 11 15
5 7 9 11 16
5 7 9 12 13
5 7 9 12 14
5 7 9 12 15
5 7 9 12 16
5 7 9 13 14
5 7 9 13 15
5 7 9 13 16
5 7 9 14 15
5 7 9 14 16
5 7 9 15 16
5 7 10 11 12
5 7 10 11 13
5 7 10 11 14
5 7 10 11 15
5 7 10 11 16
5 7 10 12 13
5 7 10 12 14
5 7 10 12 15
5 7 10 12 16
5 7 10 13 14
5 7 10 13 15
5 7 10 13 16
5 7 10 14 15
5 7 10 14 16
5 7 10 15 16
5 7 11 12 13
5 7 11 12 14
5 7 11 12 15
5 7 11 12 16
5 7 11 13 14
5 7 11 13 15
5 7 11 13 16
5 7 11 14 15
5 7 11 14 16
5 7 11 15 16
5 7 12 13 14
5 7 12 13 15
5 7 12 13 16
5 7 12 14 15
5 7 12 14 16
5 7 12 15 16
5 7 13 14 15
5 7 13 14 16
5 7 13 15 16
5 7 14 15 16
5 8 9 10 11
5 8 9 10 12
5 8 9 10 13
5 8 9 10 14
5 8 9 10 15
5 8 9 10 16
5 8 9 11 12
5 8 9 11 13
5 8 9 11 14
5 8 9 11 15
5 8 9 11 16
5 8 9 12 13
5 8 9 12 14
5 8 9 12 15
5 8 9 12 16
5 8 9 13 14
5 8 9 13 15
5 8 9 13 16
5 8 9 14 15
5 8 9 14 16
5 8 9 15 16
5 8 10 11 12
5 8 10 11 13
5 8 10 11 14
5 8 10 11 15
5 8 10 11 16
5 8 10 12 13
5 8 10 12 14
5 8 10 12 15
5 8 10 12 16
5 8 10 13 14
5 8 10 13 15
5 8 10 13 16
5 8 10 14 15
5 8 10 14 16
5 8 10 15 16
5 8 11 12 13
5 8 11 12 14
5 8 11 12 15
5 8 11 12 16
5 8 11 13 14
5 8 11 13 15
5 8 11 13 16
5 8 11 14 15
5 8 11 14 16
5 8 11 15 16
5 8 12 13 14
5 8 12 13 15
5 8 12 13 16
5 8 12 14 15
5 8 12 14 16
5 8 12 15 16
5 8 13 14 15
5 8 13 14 16
5 8 13 15 16
5 8 14 15 16
5 9 10 11 12
5 9 10 11 13
5 9 10 11 14
5 9 10 11 15
5 9 10 11 16
5 9 10 12 13
5 9 10 12 14
5 9 10 12 15
5 9 10 12 16
5 9 10 13 14
5 9 10 13 15
5 9 10 13 16
5 9 10 14 15
5 9 10 14 16
5 9 10 15 16
5 9 11 12 13
5 9 11 12 14
5 9 11 12 15
5 9 11 12 16
5 9 11 13 14
5 9 11 13 15
5 9 11 13 16
5 9 11 14 15
5 9 11 14 16
5 9 11 15 16
5 9 12 13 14
5 9 12 13 15
5 9 12 13 16
5 9 12 14 15
5 9 12 14 16
5 9 12 15 16
5 9 13 14 15
5 9 13 14 16
5 9 13 15 16
5 9 14 15 16
5 10 11 12 13
5 10 11 12 14
5 10 11 12 15
5 10 11 12 16
5 10 11 13 14
5 10 11 13 15
5 10 11 13 16
5 10 11 14 15
5 10 11 14 16
5 10 11 15 16
5 10 12 13 14
5 10 12 13 15
5 10 12 13 16
5 10 12 14 15
5 10 12 14 16
5 10 12 15 16
5 10 13 14 15
5 10 13 14 16
5 10 13 15 16
5 10 14 15 16
5 11 12 13 14
5 11 12 13 15
5 11 12 13 16
5 11 12 14 15
5 11 12 14 16
5 11 12 15 16
5 11 13 14 15
5 11 13 14 16
5 11 13 15 16
5 11 14 15 16
5 12 13 14 15
5 12 13 14 16
5 12 13 15 16
5 12 14 15 16
5 13 14 15 16
6 7 8 9 10
6 7 8 9 11
6 7 8 9 12
6 7 8 9 13
6 7 8 9 14
6 7 8 9 15
6 7 8 9 16
6 7 8 10 11
6 7 8 10 12
6 7 8 10 13
6 7 8 10 14
6 7 8 10 15
6 7 8 10 16
6 7 8 11 12
6 7 8 11 13
6 7 8 11 14
6 7 8 11 15
6 7 8 11 16
6 7 8 12 13
6 7 8 12 14
6 7 8 12 15
6 7 8 12 16
6 7 8 13 14
6 7 8 13 15
6 7 8 13 16
6 7 8 14 15
6 7 8 14 16
6 7 8 15 16
6 7 9 10 11
6 7 9 10 12
6 7 9 10 13
6 7 9 10 14
6 7 9 10 15
6 7 9 10 16
6 7 9 11 12
6 7 9 11 13
6 7 9 11 14
6 7 9 11 15
6 7 9 11 16
6 7 9 12 13
6 7 9 12 14
6 7 9 12 15
6 7 9 12 16
6 7 9 13 14
6 7 9 13 15
6 7 9 13 16
6 7 9 14 15
6 7 9 14 16
6 7 9 15 16
6 7 10 11 12
6 7 10 11 13
6 7 10 11 14
6 7 10 11 15
6 7 10 11 16
6 7 10 12 13
6 7 10 12 14
6 7 10 12 15
6 7 10 12 16
6 7 10 13 14
6 7 10 13 15
6 7 10 13 16
6 7 10 14 15
6 7 10 14 16
6 7 10 15 16
6 7 11 12 13
6 7 11 12 14
6 7 11 12 15
6 7 11 12 16
6 7 11 13 14
6 7 11 13 15
6 7 11 13 16
6 7 11 14 15
6 7 11 14 16
6 7 11 15 16
6 7 12 13 14
6 7 12 13 15
6 7 12 13 16
6 7 12 14 15
6 7 12 14 16
6 7 12 15 16
6 7 13 14 15
6 7 13 14 16
6 7 13 15 16
6 7 14 15 16
6 8 9 10 11
6 8 9 10 12
6 8 9 10 13
6 8 9 10 14
6 8 9 10 15
6 8 9 10 16
6 8 9 11 12
6 8 9 11 13
6 8 9 11 14
6 8 9 11 15
6 8 9 11 16
6 8 9 12 13
6 8 9 12 14
6 8 9 12 15
6 8 9 12 16
6 8 9 13 14
6 8 9 13 15
6 8 9 13 16
6 8 9 14 15
6 8 9 14 16
6 8 9 15 16
6 8 10 11 12
6 8 10 11 13
6 8 10 11 14
6 8 10 11 15
6 8 10 11 16
6 8 10 12 13
6 8 10 12 14
6 8 10 12 15
6 8 10 12 16
6 8 10 13 14
6 8 10 13 15
6 8 10 13 16
6 8 10 14 15
6 8 10 14 16
6 8 10 15 16
6 8 11 12 13
6 8 11 12 14
6 8 11 12 15
6 8 11 12 16
6 8 11 13 14
6 8 11 13 15
6 8 11 13 16
6 8 11 14 15
6 8 11 14 16
6 8 11 15 16
6 8 12 13 14
6 8 12 13 15
6 8 12 13 16
6 8 12 14 15
6 8 12 14 16
6 8 12 15 16
6 8 13 14 15
6 8 13 14 16
6 8 13 15 16
6 8 14 15 16
6 9 10 11 12
6 9 10 11 13
6 9 10 11 14
6 9 10 11 15
6 9 10 11 16
6 9 10 12 13
6 9 10 12 14
6 9 10 12 15
6 9 10 12 16
6 9 10 13 14
6 9 10 13 15
6 9 10 13 16
6 9 10 14 15
6 9 10 14 16
6 9 10 15 16
6 9 11 12 13
6 9 11 12 14
6 9 11 12 15
6 9 11 12 16
6 9 11 13 14
6 9 11 13 15
6 9 11 13 16
6 9 11 14 15
6 9 11 14 16
6 9 11 15 16
6 9 12 13 14
6 9 12 13 15
6 9 12 13 16
6 9 12 14 15
6 9 12 14 16
6 9 12 15 16
6 9 13 14 15
6 9 13 14 16
6 9 13 15 16
6 9 14 15 16
6 10 11 12 13
6 10 11 12 14
6 10 11 12 15
6 10 11 12 16
6 10 11 13 14
6 10 11 13 15
6 10 11 13 16
6 10 11 14 15
6 10 11 14 16
6 10 11 15 16
6 10 12 13 14
6 10 12 13 15
6 10 12 13 16
6 10 12 14 15
6 10 12 14 16
6 10 12 15 16
6 10 13 14 15
6 10 13 14 16
6 10 13 15 16
6 10 14 15 16
6 11 12 13 14
6 11 12 13 15
6 11 12 13 16
6 11 12 14 15
6 11 12 14 16
6 11 12 15 16
6 11 13 14 15
6 11 13 14 16
6 11 13 15 16
6 11 14 15 16
6 12 13 14 15
6 12 13 14 16
6 12 13 15 16
6 12 14 15 16
6 13 14 15 16
7 8 9 10 11
7 8 9 10 12
7 8 9 10 13
7 8 9 10 14
7 8 9 10 15
7 8 9 10 16
7 8 9 11 12
7 8 9 11 13
7 8 9 11 14
7 8 9 11 15
7 8 9 11 16
7 8 9 12 13
7 8 9 12 14
7 8 9 12 15
7 8 9 12 16
7 8 9 13 14
7 8 9 13 15
7 8 9 13 16
7 8 9 14 15
7 8 9 14 16
7 8 9 15 16
7 8 10 11 12
7 8 10 11 13
7 8 10 11 14
7 8 10 11 15
7 8 10 11 16
7 8 10 12 13
7 8 10 12 14
7 8 10 12 15
7 8 10 12 16
7 8 10 13 14
7 8 10 13 15
7 8 10 13 16
7 8 10 14 15
7 8 10 14 16
7 8 10 15 16
7 8 11 12 13
7 8 11 12 14
7 8 11 12 15
7 8 11 12 16
7 8 11 13 14
7 8 11 13 15
7 8 11 13 16
7 8 11 14 15
7 8 11 14 16
7 8 11 15 16
7 8 12 13 14
7 8 12 13 15
7 8 12 13 16
7 8 12 14 15
7 8 12 14 16
7 8 12 15 16
7 8 13 14 15
7 8 13 14 16
7 8 13 15 16
7 8 14 15 16
7 9 10 11 12
7 9 10 11 13
7 9 10 11 14
7 9 10 11 15
7 9 10 11 16
7 9 10 12 13
7 9 10 12 14
7 9 10 12 15
7 9 10 12 16
7 9 10 13 14
7 9 10 13 15
7 9 10 13 16
7 9 10 14 15
7 9 10 14 16
7 9 10 15 16
7 9 11 12 13
7 9 11 12 14
7 9 11 12 15
7 9 11 12 16
7 9 11 13 14
7 9 11 13 15
7 9 11 13 16
7 9 11 14 15
7 9 11 14 16
7 9 11 15 16
7 9 12 13 14
7 9 12 13 15
7 9 12 13 16
7 9 12 14 15
7 9 12 14 16
7 9 12 15 16
7 9 13 14 15
7 9 13 14 16
7 9 13 15 16
7 9 14 15 16
7 10 11 12 13
7 10 11 12 14
7 10 11 12 15
7 10 11 12 16
7 10 11 13 14
7 10 11 13 15
7 10 11 13 16
7 10 11 14 15
7 10 11 14 16
7 10 11 15 16
7 10 12 13 14
7 10 12 13 15
7 10 12 13 16
7 10 12 14 15
7 10 12 14 16
7 10 12 15 16
7 10 13 14 15
7 10 13 14 16
7 10 13 15 16
7 10 14 15 16
7 11 12 13 14
7 11 12 13 15
7 11 12 13 16
7 11 12 14 15
7 11 12 14 16
7 11 12 15 16
7 11 13 14 15
7 11 13 14 16
7 11 13 15 16
7 11 14 15 16
7 12 13 14 15
7 12 13 14 16
7 12 13 15 16
7 12 14 15 16
7 13 14 15 16
8 9 10 11 12
8 9 10 11 13
8 9 10 11 14
8 9 10 11 15
8 9 10 11 16
8 9 10 12 13
8 9 10 12 14
8 9 10 12 15
8 9 10 12 16
8 9 10 13 14
8 9 10 13 15
8 9 10 13 16
8 9 10 14 15
8 9 10 14 16
8 9 10 15 16
8 9 11 12 13
8 9 11 12 14
8 9 11 12 15
8 9 11 12 16
8 9 11 13 14
8 9 11 13 15
8 9 11 13 16
8 9 11 14 15
8 9 11 14 16
8 9 11 15 16
8 9 12 13 14
8 9 12 13 15
8 9 12 13 16
8 9 12 14 15
8 9 12 14 16
8 9 12 15 16
8 9 13 14 15
8 9 13 14 16
8 9 13 15 16
8 9 14 15 16
8 10 11 12 13
8 10 11 12 14
8 10 11 12 15
8 10 11 12 16
8 10 11 13 14
8 10 11 13 15
8 10 11 13 16
8 10 11 14 15
8 10 11 14 16
8 10 11 15 16
8 10 12 13 14
8 10 12 13 15
8 10 12 13 16
8 10 12 14 15
8 10 12 14 16
8 10 12 15 16
8 10 13 14 15
8 10 13 14 16
8 10 13 15 16
8 10 14 15 16
8 11 12 13 14
8 11 12 13 15
8 11 12 13 16
8 11 12 14 15
8 11 12 14 16
8 11 12 15 16
8 11 13 14 15
8 11 13 14 16
8 11 13 15 16
8 11 14 15 16
8 12 13 14 15
8 12 13 14 16
8 12 13 15 16
8 12 14 15 16
8 13 14 15 16
9 10 11 12 13
9 10 11 12 14
9 10 11 12 15
9 10 11 12 16
9 10 11 13 14
9 10 11 13 15
9 10 11 13 16
9 10 11 14 15
9 10 11 14 16
9 10 11 15 16
9 10 12 13 14
9 10 12 13 15
9 10 12 13 16
9 10 12 14 15
9 10 12 14 16
9 10 12 15 16
9 10 13 14 15
9 10 13 14 16
9 10 13 15 16
9 10 14 15 16
9 11 12 13 14
9 11 12 13 15
9 11 12 13 16
9 11 12 14 15
9 11 12 14 16
9 11 12 15 16
9 11 13 14 15
9 11 13 14 16
9 11 13 15 16
9 11 14 15 16
9 12 13 14 15
9 12 13 14 16
9 12 13 15 16
9 12 14 15 16
9 13 14 15 16
10 11 12 13 14
10 11 12 13 15
10 11 12 13 16
10 11 12 14 15
10 11 12 14 16
10 11 12 15 16
10 11 13 14 15
10 11 13 14 16
10 11 13 15 16
10 11 14 15 16
10 12 13 14 15
10 12 13 14 16
10 12 13 15 16
10 12 14 15 16
10 13 14 15 16
11 12 13 14 15
11 12 13 14 16
11 12 13 15 16
11 12 14 15 16
11 13 14 15 16
12 13 14 15 16

Is hamiltonian hermitian? 1
Implicit Hamiltonian constructed
E(core)= 9.189534427600
H(1,1) + E(core) energy = -76.106425710000
Davidson: iter=0 dim=0 root=0 eigenvalue=-85.295960137600
Davidson: iter=1 dim=1 root=0 eigenvalue=-85.421103510813
Davidson: iter=2 dim=2 root=0 eigenvalue=-85.430782599956
Davidson: iter=3 dim=3 root=0 eigenvalue=-85.431647061457
Davidson: iter=4 dim=4 root=0 eigenvalue=-85.431739164532
Davidson: iter=5 dim=5 root=0 eigenvalue=-85.431747117336
Davidson: iter=6 dim=6 root=0 eigenvalue=-85.431748211575
Davidson: iter=7 dim=7 root=0 eigenvalue=-85.431748345990
Davidson: iter=8 dim=8 root=0 eigenvalue=-85.431748361285
Davidson: iter=9 dim=9 root=0 eigenvalue=-85.431748363495
Davidson: iter=10 dim=10 root=0 eigenvalue=-85.431748363711
Davidson: iter=11 dim=11 root=0 eigenvalue=-85.431748363727
Davidson: iter=12 dim=12 root=0 eigenvalue=-85.431748363729
root no. 0 converged
Davidson converged in 12 iterations.
E(core)= 9.189534427600
E(0)= -76.242213936129
FCI Excitation energies = 1
0.000000000000

Vacuum coefficients in CI state 0 = -0.978001690941
Eigenvector 0 in string basis
0: -0.978001690941 seniority 0 ... 5
1 2 3 4 5
 | 5
1 2 3 4 5

26214: 0.050502027538 seniority 0 ... 5
1 2 3 4 11
 | 5
1 2 3 4 11

Seniority vectors for all roots (nroots/seniority)
1 6
0.967679921028 0.005894154521 -0.956221451414 0.187905919408 1.000092929617 0.000000001936

Calculating transition densities
Root 0 MO occupations numbers (density matrix diagonal)
16
1.999967440145 1.987329166727 1.969803459123 1.974605777502 1.979455548036 0.009166341384 0.010016547998 0.011536299807 0.011234736072 0.010977115959 0.016208366090 0.007089415933 0.003418685909 0.002815788342 0.001922241368 0.004453069758
Transition densities done:
Trandens between roots 0 0
16 16
1.999967440145 0.000029407943 0.000000000000 0.000058362243 0.000000000000 0.000084478528 0.000000000000 0.000000000000 -0.000062499478 0.000122991952 0.000000000000 0.000000000000 -0.000164668896 0.000000000000 0.000000000000 -0.000338948812
0.000029407943 1.987329166727 0.000000000000 0.005043574643 0.000000000000 0.004696618915 0.000000000000 0.000000000000 0.001277745719 0.007461339904 0.000000000000 0.000000000000 0.000221075540 0.000000000000 0.000000000000 0.003651789306
0.000000000000 0.000000000000 1.969803459123 0.000000000000 0.000000000000 0.000000000000 0.006348311176 -0.002257909116 0.000000000000 0.000000000000 0.000000000000 -0.009929039177 0.000000000000 0.000000000000 0.000000000000 0.000000000000
0.000058362243 0.005043574643 0.000000000000 1.974605777502 0.000000000000 -0.009373169634 0.000000000000 0.000000000000 0.004389982023 -0.002640483168 0.000000000000 0.000000000000 0.004891552251 0.000000000000 0.000000000000 -0.002155755194
0.000000000000 0.000000000000 0.000000000000 0.000000000000 1.979455548036 0.000000000000 0.000000000000 0.000000000000 0.000000000000 0.000000000000 -0.001799702115 0.000000000000 0.000000000000 0.000000000000 0.004885944927 0.000000000000
0.000084478528 0.004696618915 0.000000000000 -0.009373169634 0.000000000000 0.009166341384 0.000000000000 0.000000000000 -0.008902812984 -0.003941576073 0.000000000000 0.000000000000 -0.002011135303 0.000000000000 0.000000000000 -0.002078944410
0.000000000000 0.000000000000 0.006348311176 0.000000000000 0.000000000000 0.000000000000 0.010016547998 -0.008847064538 0.000000000000 0.000000000000 0.000000000000 0.007321365669 0.000000000000 0.000000000000 0.000000000000 0.000000000000
0.000000000000 0.000000000000 -0.002257909116 0.000000000000 0.000000000000 0.000000000000 -0.008847064538 0.011536299807 0.000000000000 0.000000000000 0.000000000000 -0.004756082530 0.000000000000 0.000000000000 0.000000000000 0.000000000000
-0.000062499478 0.001277745719 0.000000000000 0.004389982023 0.000000000000 -0.008902812984 0.000000000000 0.000000000000 0.011234736072 0.004171466650 0.000000000000 0.000000000000 0.000645059147 0.000000000000 0.000000000000 0.000151749611
0.000122991952 0.007461339904 0.000000000000 -0.002640483168 0.000000000000 -0.003941576073 0.000000000000 0.000000000000 0.004171466650 0.010977115959 0.000000000000 0.000000000000 -0.000901362865 0.000000000000 0.000000000000 -0.002901280944
0.000000000000 0.000000000000 0.000000000000 0.000000000000 -0.001799702115 0.000000000000 0.000000000000 0.000000000000 0.000000000000 0.000000000000 0.016208366090 0.000000000000 0.000000000000 0.000000000000 -0.001338536251 0.000000000000
0.000000000000 0.000000000000 -0.009929039177 0.000000000000 0.000000000000 0.000000000000 0.007321365669 -0.004756082530 0.000000000000 0.000000000000 0.000000000000 0.007089415933 0.000000000000 0.000000000000 0.000000000000 0.000000000000
-0.000164668896 0.000221075540 0.000000000000 0.004891552251 0.000000000000 -0.002011135303 0.000000000000 0.000000000000 0.000645059147 -0.000901362865 0.000000000000 0.000000000000 0.003418685909 0.000000000000 0.000000000000 0.001591680953
0.000000000000 0.000000000000 0.000000000000 0.000000000000 0.000000000000 0.000000000000 0.000000000000 0.000000000000 0.000000000000 0.000000000000 0.000000000000 0.000000000000 0.000000000000 0.002815788342 0.000000000000 0.000000000000
0.000000000000 0.000000000000 0.000000000000 0.000000000000 0.004885944927 0.000000000000 0.000000000000 0.000000000000 0.000000000000 0.000000000000 -0.001338536251 0.000000000000 0.000000000000 0.000000000000 0.001922241368 0.000000000000
-0.000338948812 0.003651789306 0.000000000000 -0.002155755194 0.000000000000 -0.002078944410 0.000000000000 0.000000000000 0.000151749611 -0.002901280944 0.000000000000 0.000000000000 0.001591680953 0.000000000000 0.000000000000 0.004453069758

State 0 :
Natural orbital occupations
16
1.999967799465 1.989114899896 1.979469275628 1.972939393319 1.969876624598 0.023949740019 0.022166765771 0.016330135174 0.010695320317 0.004325368829 0.003921601043 0.002815788342 0.002118289377 0.001786744693 0.000293989416 0.000228264267
Natural orbitals (in MO basis)
16 16
-0.999989364096 -0.004299210158 0.000000000000 -0.001657120106 -0.000000000000 -0.000000000000 -0.000025369741 -0.000000000000 0.000176011161 0.000000000000 -0.000079452139 -0.000000000000 -0.000034422752 -0.000000000000 -0.000000000000 0.000057600910
-0.003518187022 0.944702000859 0.000000000000 -0.327875121280 0.000000000000 0.000000000000 0.000721895857 -0.000000000000 0.002325920619 -0.000000000000 0.001858895912 -0.000000000000 0.001296161322 -0.000000000000 -0.000000000000 -0.003548268600
-0.000000000000 0.000000000000 -0.000000000000 0.000000000000 0.999981411099 0.000488616137 -0.000000000000 -0.000000000000 -0.000000000000 0.003624172707 -0.000000000000 0.000000000000 -0.000000000000 0.000000000000 -0.004878942812 -0.000000000000
-0.002975507093 0.327879392139 0.000000000000 0.944695254479 -0.000000000000 -0.000000000000 0.003897088587 0.000000000000 -0.002987516687 -0.000000000000 -0.000136311855 0.000000000000 -0.002559052651 -0.000000000000 -0.000000000000 0.002539063996
0.000000000000 0.000000000000 -0.999996524572 0.000000000000 -0.000000000000 0.000000000000 0.000000000000 0.001142129970 -0.000000000000 -0.000000000000 -0.000000000000 -0.000000000000 -0.000000000000 0.002376211897 -0.000000000000 -0.000000000000
-0.000036934784 0.000673910355 0.000000000000 -0.005297622555 0.000000000000 0.000000000000 0.597538367975 0.000000000000 -0.297199206420 0.000000000000 0.171114647779 -0.000000000000 0.091864473276 0.000000000000 0.000000000000 0.718938596851
-0.000000000000 0.000000000000 -0.000000000000 0.000000000000 0.003225478748 -0.635071124134 0.000000000000 -0.000000000000 0.000000000000 0.200053019314 -0.000000000000 0.000000000000 0.000000000000 -0.000000000000 0.746091852952 -0.000000000000
-0.000000000000 0.000000000000 0.000000000000 0.000000000000 -0.001155271530 0.625947341710 -0.000000000000 0.000000000000 -0.000000000000 0.699245573295 -0.000000000000 0.000000000000 0.000000000000 0.000000000000 0.345317562515 -0.000000000000
0.000022650798 0.001342130845 -0.000000000000 0.001919926669 0.000000000000 -0.000000000000 -0.660553358780 -0.000000000000 0.186255793655 0.000000000000 0.529821206729 -0.000000000000 0.111032227626 0.000000000000 0.000000000000 0.485730259420
-0.000071240065 0.003124440872 -0.000000000000 -0.002502345763 -0.000000000000 -0.000000000000 -0.449804371375 -0.000000000000 -0.721019534792 -0.000000000000 -0.465506557826 0.000000000000 -0.139073963608 -0.000000000000 0.000000000000 0.204335279057
0.000000000000 -0.000000000000 0.000918371984 -0.000000000000 0.000000000000 -0.000000000000 -0.000000000000 0.995747205205 0.000000000000 0.000000000000 0.000000000000 0.000000000000 0.000000000000 -0.092123069424 -0.000000000000 0.000000000000
0.000000000000 -0.000000000000 0.000000000000 -0.000000000000 -0.005043717978 -0.452630482790 0.000000000000 -0.000000000000 -0.000000000000 0.686309903078 -0.000000000000 0.000000000000 0.000000000000 0.000000000000 -0.569279302184 0.000000000000
0.000075005999 0.000912670214 -0.000000000000 0.002315469808 0.000000000000 -0.000000000000 -0.064877406332 -0.000000000000 0.299175514950 -0.000000000000 -0.535975427806 -0.000000000000 0.758714489063 0.000000000000 -0.000000000000 0.208233998866
-0.000000000000 -0.000000000000 -0.000000000000 -0.000000000000 -0.000000000000 0.000000000000 0.000000000000 0.000000000000 0.000000000000 -0.000000000000 0.000000000000 1.000000000000 0.000000000000 0.000000000000 0.000000000000 0.000000000000
-0.000000000000 0.000000000000 -0.002471322874 -0.000000000000 -0.000000000000 0.000000000000 0.000000000000 -0.092120567011 0.000000000000 0.000000000000 0.000000000000 0.000000000000 0.000000000000 -0.995744793457 -0.000000000000 0.000000000000
0.000166833291 0.001378407433 -0.000000000000 -0.001631228288 0.000000000000 -0.000000000000 -0.008270402980 -0.000000000000 0.517292844135 -0.000000000000 -0.431323279267 0.000000000000 -0.619867154914 -0.000000000000 0.000000000000 0.402566844283

