Begin IJ Block
1   1   -33.0272306443
1   2   -0.5825331257
1   4   -0.1867609909
2   2   -7.8581095395
2   4   -0.2467257465
3   3   -6.6974656994
4   4   -6.9218601229
5   5   -7.0972950782

End IJ Block
Begin IA Block
1   1   0.1804588798
1   4   -0.1615333958
1   5   0.1203072581
2   1   0.9485855895
2   4   -0.6781631475
2   5   0.0638864799
3   2   1.2028528488
3   3   -0.6197862224
4   1   -0.5338732298
4   4   0.6951918485
4   5   1.6236361053
5   6   -2.0146235880

End IA Block
Begin AB Block
1   1   -3.3580025369
1   2   0.0000000000
1   4   1.0421191803
1   5   0.4434411245
2   2   -3.1471654941
2   3   1.0071570353
2   4   0.0000000000
3   3   -4.0837174604
4   4   -4.0759201317
4   5   -0.4531089001
5   5   -4.7419146331
6   6   -5.3447161485

End AB Block
Begin IJAB Block
1   6   1   7   0.0104062785
1   6   1   8   0.0000000000
1   6   1   9   0.0000000000
1   6   1   10   -0.0114272061
1   6   1   11   -0.0042107443
1   6   2   7   0.0000000000
1   6   2   8   0.0064389369
1   6   2   9   -0.0061528865
1   6   2   10   0.0000000000
1   6   3   7   0.0000000000
1   6   3   8   -0.0061528865
1   6   3   9   0.0058450002
1   6   4   7   -0.0114272061
1   6   4   8   0.0000000000
1   6   4   10   0.0138019837
1   6   4   11   0.0109839087
1   6   5   7   -0.0042107443
1   6   5   10   0.0109839087
1   6   5   11   0.0336121808
1   6   6   12   0.0484818621
1   7   1   7   -0.0009501685
1   7   1   10   0.0019432585
1   7   1   11   0.0053284571
1   7   2   8   -0.0056930350
1   7   2   9   0.0044566592
1   7   3   8   0.0053655242
1   7   3   9   -0.0045043341
1   7   4   7   0.0028694581
1   7   4   10   -0.0046240634
1   7   4   11   -0.0081350697
1   7   5   7   0.0090450668
1   7   5   10   -0.0117581989
1   7   5   11   -0.0141670805
1   7   6   12   -0.0230644695
1   8   1   8   0.0010182741
1   8   1   9   -0.0029190261
1   8   2   7   -0.0026664272
1   8   2   10   -0.0001011049
1   8   2   11   0.0006420482
1   8   3   7   0.0022989370
1   8   3   10   0.0002904770
1   8   3   11   -0.0000242746
1   8   4   8   -0.0012838133
1   8   4   9   0.0042587345
1   8   5   8   0.0005458470
1   8   5   9   0.0050497471
1   9   1   7   0.0011219252
1   9   1   10   -0.0001105278
1   9   1   11   0.0059816140
1   9   2   8   -0.0022503994
1   9   2   9   0.0048704570
1   9   3   8   0.0024806133
1   9   3   9   -0.0048547665
1   9   4   7   -0.0019539154
1   9   4   10   0.0007349246
1   9   4   11   -0.0077716560
1   9   5   7   -0.0037682165
1   9   5   10   0.0026709622
1   9   5   11   -0.0078829980
1   9   6   12   -0.0083870490
1   10   1   12   -0.0035597662
1   10   4   12   0.0028388884
1   10   5   12   -0.0019434594
1   10   6   7   0.0088975648
1   10   6   10   -0.0121909442
1   10   6   11   0.0077049185
2   6   1   7   -0.0009501685
2   6   1   10   0.0028694581
2   6   1   11   0.0090450668
2   6   2   8   -0.0056930350
2   6   2   9   0.0053655242
2   6   3   8   0.0044566592
2   6   3   9   -0.0045043341
2   6   4   7   0.0019432585
2   6   4   10   -0.0046240634
2   6   4   11   -0.0117581989
2   6   5   7   0.0053284571
2   6   5   10   -0.0081350697
2   6   5   11   -0.0141670805
2   6   6   12   -0.0230644695
2   7   1   7   0.0373428874
2   7   1   10   -0.0356898855
2   7   1   11   -0.0085388285
2   7   2   8   0.0215099785
2   7   2   9   -0.0174714474
2   7   3   8   -0.0174714474
2   7   3   9   0.0422032504
2   7   4   7   -0.0356898855
2   7   4   10   0.0560400183
2   7   4   11   0.0046948581
2   7   5   7   -0.0085388285
2   7   5   10   0.0046948581
2   7   5   11   0.0370052684
2   7   6   12   0.0411546863
2   8   1   8   0.0339853477
2   8   1   9   -0.0163059365
2   8   2   7   0.0129683326
2   8   2   10   -0.0025243911
2   8   2   11   -0.0052376920
2   8   3   7   -0.0107192398
2   8   3   10   0.0274041351
2   8   3   11   -0.0048012264
2   8   4   8   -0.0240992396
2   8   4   9   0.0301179864
2   8   5   8   -0.0015500421
2   8   5   9   -0.0057286531
2   9   1   7   -0.0192563205
2   9   1   10   0.0259847630
2   9   1   11   0.0363335837
2   9   2   8   0.0047058527
2   9   2   9   -0.0135997267
2   9   3   8   -0.0053638717
2   9   3   9   -0.0063086684
2   9   4   7   0.0211541810
2   9   4   10   -0.0374133992
2   9   4   11   -0.0208591941
2   9   5   7   0.0096595691
2   9   5   10   0.0027468342
2   9   5   11   0.0136289547
2   9   6   12   0.0107200257
2   10   1   12   -0.0531521429
2   10   4   12   0.0442056613
2   10   5   12   -0.0082175326
2   10   6   7   -0.0185499904
2   10   6   10   0.0166844440
2   10   6   11   -0.0078545716
3   6   1   8   -0.0026664272
3   6   1   9   0.0022989370
3   6   2   7   0.0010182741
3   6   2   10   -0.0012838133
3   6   2   11   0.0005458470
3   6   3   7   -0.0029190261
3   6   3   10   0.0042587345
3   6   3   11   0.0050497471
3   6   4   8   -0.0001011049
3   6   4   9   0.0002904770
3   6   5   8   0.0006420482
3   6   5   9   -0.0000242746
3   7   1   8   0.0129683326
3   7   1   9   -0.0107192398
3   7   2   7   0.0339853477
3   7   2   10   -0.0240992396
3   7   2   11   -0.0015500421
3   7   3   7   -0.0163059365
3   7   3   10   0.0301179864
3   7   3   11   -0.0057286531
3   7   4   8   -0.0025243911
3   7   4   9   0.0274041351
3   7   5   8   -0.0052376920
3   7   5   9   -0.0048012264
3   8   1   7   0.0207682127
3   8   1   10   -0.0249705538
3   8   1   11   0.0016796763
3   8   2   8   0.0532828721
3   8   2   9   -0.0408889701
3   8   3   8   -0.0408889701
3   8   3   9   0.0870810189
3   8   4   7   -0.0249705538
3   8   4   10   0.0737311975
3   8   4   11   -0.0187057673
3   8   5   7   0.0016796763
3   8   5   10   -0.0187057673
3   8   5   11   0.0240026042
3   8   6   12   0.0136492388
3   9   1   8   -0.0074870235
3   9   1   9   0.0114255889
3   9   2   7   -0.0202584874
3   9   2   10   0.0265365272
3   9   2   11   0.0486056805
3   9   3   7   0.0180854676
3   9   3   10   -0.0365676935
3   9   3   11   -0.0394919275
3   9   4   8   0.0161838699
3   9   4   9   -0.0468271356
3   9   5   8   0.0025393736
3   9   5   9   0.0081355274
3   10   2   12   -0.0577852184
3   10   3   12   0.0411912889
3   10   6   8   -0.0076841577
3   10   6   9   0.0054762994
4   6   1   7   0.0011219252
4   6   1   10   -0.0019539154
4   6   1   11   -0.0037682165
4   6   2   8   -0.0022503994
4   6   2   9   0.0024806133
4   6   3   8   0.0048704570
4   6   3   9   -0.0048547665
4   6   4   7   -0.0001105278
4   6   4   10   0.0007349246
4   6   4   11   0.0026709622
4   6   5   7   0.0059816140
4   6   5   10   -0.0077716560
4   6   5   11   -0.0078829980
4   6   6   12   -0.0083870490
4   7   1   7   -0.0192563205
4   7   1   10   0.0211541810
4   7   1   11   0.0096595691
4   7   2   8   0.0047058527
4   7   2   9   -0.0053638717
4   7   3   8   -0.0135997267
4   7   3   9   -0.0063086684
4   7   4   7   0.0259847630
4   7   4   10   -0.0374133992
4   7   4   11   0.0027468342
4   7   5   7   0.0363335837
4   7   5   10   -0.0208591941
4   7   5   11   0.0136289547
4   7   6   12   0.0107200257
4   8   1   8   -0.0202584874
4   8   1   9   0.0180854676
4   8   2   7   -0.0074870235
4   8   2   10   0.0161838699
4   8   2   11   0.0025393736
4   8   3   7   0.0114255889
4   8   3   10   -0.0468271356
4   8   3   11   0.0081355274
4   8   4   8   0.0265365272
4   8   4   9   -0.0365676935
4   8   5   8   0.0486056805
4   8   5   9   -0.0394919275
4   9   1   7   0.0202452403
4   9   1   10   -0.0200253377
4   9   1   11   -0.0206512286
4   9   2   8   0.0137663866
4   9   2   9   -0.0223875532
4   9   3   8   -0.0223875532
4   9   3   9   0.0590490686
4   9   4   7   -0.0200253377
4   9   4   10   0.0388253407
4   9   4   11   0.0360006267
4   9   5   7   -0.0206512286
4   9   5   10   0.0360006267
4   9   5   11   0.1096363192
4   9   6   12   0.0181152774
4   10   1   12   0.0222619641
4   10   4   12   -0.0381742692
4   10   5   12   -0.0927353944
4   10   6   7   -0.0012180007
4   10   6   10   -0.0010008807
4   10   6   11   -0.0185991223
5   6   1   12   0.0088975648
5   6   4   12   -0.0121909442
5   6   5   12   0.0077049185
5   6   6   7   -0.0035597662
5   6   6   10   0.0028388884
5   6   6   11   -0.0019434594
5   7   1   12   -0.0185499904
5   7   4   12   0.0166844440
5   7   5   12   -0.0078545716
5   7   6   7   -0.0531521429
5   7   6   10   0.0442056613
5   7   6   11   -0.0082175326
5   8   2   12   -0.0076841577
5   8   3   12   0.0054762994
5   8   6   8   -0.0577852184
5   8   6   9   0.0411912889
5   9   1   12   -0.0012180007
5   9   4   12   -0.0010008807
5   9   5   12   -0.0185991223
5   9   6   7   0.0222619641
5   9   6   10   -0.0381742692
5   9   6   11   -0.0927353944
5   10   1   7   0.0133130320
5   10   1   10   -0.0117096877
5   10   1   11   0.0014299700
5   10   2   8   0.0079428586
5   10   2   9   -0.0071939764
5   10   3   8   -0.0071939764
5   10   3   9   0.0104407937
5   10   4   7   -0.0117096877
5   10   4   10   0.0235802635
5   10   4   11   -0.0050505918
5   10   5   7   0.0014299700
5   10   5   10   -0.0050505918
5   10   5   11   0.0176322118
5   10   6   12   0.1480820404

End IJAB Block
Begin IJKL Block
1   6   1   6   4.7391431546
1   6   1   7   0.4319924936
1   6   1   9   0.1394777707
1   6   2   6   0.4319924936
1   6   2   7   0.0624649806
1   6   2   9   0.0169260626
1   6   3   8   0.0178021359
1   6   4   6   0.1394777707
1   6   4   7   0.0169260626
1   6   4   9   0.0288012892
1   6   5   10   0.0291604693
1   7   1   6   0.4319924936
1   7   1   7   1.0470349219
1   7   1   9   0.0896407771
1   7   2   6   0.0639783116
1   7   2   7   0.0144619931
1   7   2   9   0.0078353397
1   7   3   8   -0.0227669565
1   7   4   6   0.0168679893
1   7   4   7   0.0146627784
1   7   4   9   -0.0226362871
1   7   5   10   -0.0297804683
1   8   1   8   0.8792183393
1   8   2   8   0.0067409806
1   8   3   6   0.0197667069
1   8   3   7   -0.0232403350
1   8   3   9   -0.0031814494
1   8   4   8   0.0072454061
1   9   1   6   0.1394777707
1   9   1   7   0.0896407771
1   9   1   9   0.9838702548
1   9   2   6   0.0168679893
1   9   2   7   0.0079055058
1   9   2   9   0.0128958886
1   9   3   8   -0.0029544695
1   9   4   6   0.0300457519
1   9   4   7   -0.0226564944
1   9   4   9   -0.0090577656
1   9   5   10   -0.0093485086
1   10   1   10   1.0383983802
1   10   2   10   0.0116021521
1   10   4   10   0.0045733151
1   10   5   6   0.0301380313
1   10   5   7   -0.0296339481
1   10   5   9   -0.0093742459
2   6   1   6   0.4319924936
2   6   1   7   0.0639783116
2   6   1   9   0.0168679893
2   6   2   6   1.0470349219
2   6   2   7   0.0144619931
2   6   2   9   0.0146627784
2   6   3   8   -0.0227669565
2   6   4   6   0.0896407771
2   6   4   7   0.0078353397
2   6   4   9   -0.0226362871
2   6   5   10   -0.0297804683
2   7   1   6   0.0624649806
2   7   1   7   0.0144619931
2   7   1   9   0.0079055058
2   7   2   6   0.0144619931
2   7   2   7   0.7483106574
2   7   2   9   -0.0170615916
2   7   3   8   0.1478274347
2   7   4   6   0.0079055058
2   7   4   7   -0.0170615916
2   7   4   9   0.1215480370
2   7   5   10   0.1239189129
2   8   1   8   0.0067409806
2   8   2   8   0.6748044555
2   8   3   6   -0.0232403350
2   8   3   7   0.1496991423
2   8   3   9   -0.0160849624
2   8   4   8   -0.0127951438
2   9   1   6   0.0169260626
2   9   1   7   0.0078353397
2   9   1   9   0.0128958886
2   9   2   6   0.0146627784
2   9   2   7   -0.0170615916
2   9   2   9   0.6766778867
2   9   3   8   -0.0164333042
2   9   4   6   -0.0226564944
2   9   4   7   0.1238905521
2   9   4   9   0.0688010670
2   9   5   10   0.0298596447
2   10   1   10   0.0116021521
2   10   2   10   0.7106573870
2   10   4   10   0.0364554466
2   10   5   6   -0.0296339481
2   10   5   7   0.1265808559
2   10   5   9   0.0299466090
3   6   1   8   0.0197667069
3   6   2   8   -0.0232403350
3   6   3   6   0.8792183393
3   6   3   7   0.0067409806
3   6   3   9   0.0072454061
3   6   4   8   -0.0031814494
3   7   1   8   -0.0232403350
3   7   2   8   0.1496991423
3   7   3   6   0.0067409806
3   7   3   7   0.6748044555
3   7   3   9   -0.0127951438
3   7   4   8   -0.0160849624
3   8   1   6   0.0178021359
3   8   1   7   -0.0227669565
3   8   1   9   -0.0029544695
3   8   2   6   -0.0227669565
3   8   2   7   0.1478274347
3   8   2   9   -0.0164333042
3   8   3   8   0.6541270345
3   8   4   6   -0.0029544695
3   8   4   7   -0.0164333042
3   8   4   9   0.0365667929
3   8   5   10   0.0261764649
3   9   1   8   -0.0031814494
3   9   2   8   -0.0160849624
3   9   3   6   0.0072454061
3   9   3   7   -0.0127951438
3   9   3   9   0.6013589261
3   9   4   8   0.0392047877
3   10   3   10   0.6177315701
3   10   5   8   0.0295829952
4   6   1   6   0.1394777707
4   6   1   7   0.0168679893
4   6   1   9   0.0300457519
4   6   2   6   0.0896407771
4   6   2   7   0.0079055058
4   6   2   9   -0.0226564944
4   6   3   8   -0.0029544695
4   6   4   6   0.9838702548
4   6   4   7   0.0128958886
4   6   4   9   -0.0090577656
4   6   5   10   -0.0093485086
4   7   1   6   0.0169260626
4   7   1   7   0.0146627784
4   7   1   9   -0.0226564944
4   7   2   6   0.0078353397
4   7   2   7   -0.0170615916
4   7   2   9   0.1238905521
4   7   3   8   -0.0164333042
4   7   4   6   0.0128958886
4   7   4   7   0.6766778867
4   7   4   9   0.0688010670
4   7   5   10   0.0298596447
4   8   1   8   0.0072454061
4   8   2   8   -0.0127951438
4   8   3   6   -0.0031814494
4   8   3   7   -0.0160849624
4   8   3   9   0.0392047877
4   8   4   8   0.6013589261
4   9   1   6   0.0288012892
4   9   1   7   -0.0226362871
4   9   1   9   -0.0090577656
4   9   2   6   -0.0226362871
4   9   2   7   0.1215480370
4   9   2   9   0.0688010670
4   9   3   8   0.0365667929
4   9   4   6   -0.0090577656
4   9   4   7   0.0688010670
4   9   4   9   0.7189677981
4   9   5   10   0.0385556158
4   10   1   10   0.0045733151
4   10   2   10   0.0364554466
4   10   4   10   0.6597720603
4   10   5   6   -0.0093742459
4   10   5   7   0.0299466090
4   10   5   9   0.0422302000
5   6   1   10   0.0301380313
5   6   2   10   -0.0296339481
5   6   4   10   -0.0093742459
5   6   5   6   1.0383983802
5   6   5   7   0.0116021521
5   6   5   9   0.0045733151
5   7   1   10   -0.0296339481
5   7   2   10   0.1265808559
5   7   4   10   0.0299466090
5   7   5   6   0.0116021521
5   7   5   7   0.7106573870
5   7   5   9   0.0364554466
5   8   3   10   0.0295829952
5   8   5   8   0.6177315701
5   9   1   10   -0.0093742459
5   9   2   10   0.0299466090
5   9   4   10   0.0422302000
5   9   5   6   0.0045733151
5   9   5   7   0.0364554466
5   9   5   9   0.6597720603
5   10   1   6   0.0291604693
5   10   1   7   -0.0297804683
5   10   1   9   -0.0093485086
5   10   2   6   -0.0297804683
5   10   2   7   0.1239189129
5   10   2   9   0.0298596447
5   10   3   8   0.0261764649
5   10   4   6   -0.0093485086
5   10   4   7   0.0298596447
5   10   4   9   0.0385556158
5   10   5   10   0.7516272752

End IJKL Block
Begin ABCD Block
1   7   1   7   0.3009843355
1   7   1   10   -0.0359268350
1   7   1   11   -0.0259411820
1   7   2   8   0.0739409599
1   7   2   9   0.0024013721
1   7   3   8   0.0024013721
1   7   3   9   0.0138792169
1   7   4   7   -0.0359268350
1   7   4   10   0.0380754514
1   7   4   11   0.0108255608
1   7   5   7   -0.0259411820
1   7   5   10   0.0108255608
1   7   5   11   0.0250337246
1   7   6   12   0.0222104719
1   8   1   8   0.2890119869
1   8   1   9   -0.0300725763
1   8   2   7   0.0739409599
1   8   2   10   -0.0050583655
1   8   2   11   -0.0017897747
1   8   3   7   0.0024013721
1   8   3   10   0.0102904911
1   8   3   11   0.0039908106
1   8   4   8   -0.0338015710
1   8   4   9   0.0239710423
1   8   5   8   -0.0174823917
1   8   5   9   0.0093530673
1   9   1   8   -0.0300725763
1   9   1   9   0.3320306788
1   9   2   7   0.0024013721
1   9   2   10   0.0614167343
1   9   2   11   0.0118880313
1   9   3   7   0.0138792169
1   9   3   10   -0.0205201511
1   9   3   11   0.0025349442
1   9   4   8   0.0239710423
1   9   4   9   -0.0793651031
1   9   5   8   0.0093530673
1   9   5   9   -0.0263348207
1   10   1   7   -0.0359268350
1   10   1   10   0.3468209790
1   10   1   11   -0.0003937713
1   10   2   8   -0.0050583655
1   10   2   9   0.0614167343
1   10   3   8   0.0102904911
1   10   3   9   -0.0205201511
1   10   4   7   0.0380754514
1   10   4   10   -0.0949783759
1   10   4   11   -0.0048895279
1   10   5   7   0.0108255608
1   10   5   10   -0.0370866060
1   10   5   11   -0.0047100902
1   10   6   12   -0.0025736006
1   11   1   7   -0.0259411820
1   11   1   10   -0.0003937713
1   11   1   11   0.3260619970
1   11   2   8   -0.0017897747
1   11   2   9   0.0118880313
1   11   3   8   0.0039908106
1   11   3   9   0.0025349442
1   11   4   7   0.0108255608
1   11   4   10   -0.0048895279
1   11   4   11   -0.0697451820
1   11   5   7   0.0250337246
1   11   5   10   -0.0047100902
1   11   5   11   -0.0262988706
1   11   6   12   -0.0007172932
1   12   1   12   0.3287105962
1   12   4   12   -0.0760038851
1   12   5   12   -0.0293356004
1   12   6   7   0.0222104719
1   12   6   10   -0.0025736006
1   12   6   11   -0.0007172932
2   7   1   8   0.0739409599
2   7   1   9   0.0024013721
2   7   2   7   0.2890119869
2   7   2   10   -0.0338015710
2   7   2   11   -0.0174823917
2   7   3   7   -0.0300725763
2   7   3   10   0.0239710423
2   7   3   11   0.0093530673
2   7   4   8   -0.0050583655
2   7   4   9   0.0102904911
2   7   5   8   -0.0017897747
2   7   5   9   0.0039908106
2   8   1   7   0.0739409599
2   8   1   10   -0.0050583655
2   8   1   11   -0.0017897747
2   8   2   8   0.2954518567
2   8   2   9   -0.0271898590
2   8   3   8   -0.0271898590
2   8   3   9   0.0288322396
2   8   4   7   -0.0050583655
2   8   4   10   0.0127549197
2   8   4   11   0.0026438282
2   8   5   7   -0.0017897747
2   8   5   10   0.0026438282
2   8   5   11   0.0051611577
2   8   6   12   0.0051834119
2   9   1   7   0.0024013721
2   9   1   10   0.0614167343
2   9   1   11   0.0118880313
2   9   2   8   -0.0271898590
2   9   2   9   0.3221814325
2   9   3   8   0.0288322396
2   9   3   9   -0.0736452048
2   9   4   7   0.0102904911
2   9   4   10   -0.0262730309
2   9   4   11   -0.0004717321
2   9   5   7   0.0039908106
2   9   5   10   -0.0067754163
2   9   5   11   -0.0038524887
2   9   6   12   -0.0020708774
2   10   1   8   -0.0050583655
2   10   1   9   0.0614167343
2   10   2   7   -0.0338015710
2   10   2   10   0.3301416841
2   10   2   11   -0.0001650978
2   10   3   7   0.0239710423
2   10   3   10   -0.0703108760
2   10   3   11   -0.0050569520
2   10   4   8   0.0127549197
2   10   4   9   -0.0262730309
2   10   5   8   0.0026438282
2   10   5   9   -0.0067754163
2   11   1   8   -0.0017897747
2   11   1   9   0.0118880313
2   11   2   7   -0.0174823917
2   11   2   10   -0.0001650978
2   11   2   11   0.3063011989
2   11   3   7   0.0093530673
2   11   3   10   -0.0050569520
2   11   3   11   -0.0751952520
2   11   4   8   0.0026438282
2   11   4   9   -0.0004717321
2   11   5   8   0.0051611577
2   11   5   9   -0.0038524887
2   12   2   12   0.3104962093
2   12   3   12   -0.0766435591
2   12   6   8   0.0051834119
2   12   6   9   -0.0020708774
3   7   1   8   0.0024013721
3   7   1   9   0.0138792169
3   7   2   7   -0.0300725763
3   7   2   10   0.0239710423
3   7   2   11   0.0093530673
3   7   3   7   0.3320306788
3   7   3   10   -0.0793651031
3   7   3   11   -0.0263348207
3   7   4   8   0.0614167343
3   7   4   9   -0.0205201511
3   7   5   8   0.0118880313
3   7   5   9   0.0025349442
3   8   1   7   0.0024013721
3   8   1   10   0.0102904911
3   8   1   11   0.0039908106
3   8   2   8   -0.0271898590
3   8   2   9   0.0288322396
3   8   3   8   0.3221814325
3   8   3   9   -0.0736452048
3   8   4   7   0.0614167343
3   8   4   10   -0.0262730309
3   8   4   11   -0.0067754163
3   8   5   7   0.0118880313
3   8   5   10   -0.0004717321
3   8   5   11   -0.0038524887
3   8   6   12   -0.0020708774
3   9   1   7   0.0138792169
3   9   1   10   -0.0205201511
3   9   1   11   0.0025349442
3   9   2   8   0.0288322396
3   9   2   9   -0.0736452048
3   9   3   8   -0.0736452048
3   9   3   9   0.4928391344
3   9   4   7   -0.0205201511
3   9   4   10   0.1313483449
3   9   4   11   0.0042279008
3   9   5   7   0.0025349442
3   9   5   10   0.0042279008
3   9   5   11   0.0153669299
3   9   6   12   0.0062568229
3   10   1   8   0.0102904911
3   10   1   9   -0.0205201511
3   10   2   7   0.0239710423
3   10   2   10   -0.0703108760
3   10   2   11   -0.0050569520
3   10   3   7   -0.0793651031
3   10   3   10   0.4889046840
3   10   3   11   -0.0087354618
3   10   4   8   -0.0262730309
3   10   4   9   0.1313483449
3   10   5   8   -0.0004717321
3   10   5   9   0.0042279008
3   11   1   8   0.0039908106
3   11   1   9   0.0025349442
3   11   2   7   0.0093530673
3   11   2   10   -0.0050569520
3   11   2   11   -0.0751952520
3   11   3   7   -0.0263348207
3   11   3   10   -0.0087354618
3   11   3   11   0.4324710114
3   11   4   8   -0.0067754163
3   11   4   9   0.0042279008
3   11   5   8   -0.0038524887
3   11   5   9   0.0153669299
3   12   2   12   -0.0766435591
3   12   3   12   0.4208348644
3   12   6   8   -0.0020708774
3   12   6   9   0.0062568229
4   7   1   7   -0.0359268350
4   7   1   10   0.0380754514
4   7   1   11   0.0108255608
4   7   2   8   -0.0050583655
4   7   2   9   0.0102904911
4   7   3   8   0.0614167343
4   7   3   9   -0.0205201511
4   7   4   7   0.3468209790
4   7   4   10   -0.0949783759
4   7   4   11   -0.0370866060
4   7   5   7   -0.0003937713
4   7   5   10   -0.0048895279
4   7   5   11   -0.0047100902
4   7   6   12   -0.0025736006
4   8   1   8   -0.0338015710
4   8   1   9   0.0239710423
4   8   2   7   -0.0050583655
4   8   2   10   0.0127549197
4   8   2   11   0.0026438282
4   8   3   7   0.0614167343
4   8   3   10   -0.0262730309
4   8   3   11   -0.0067754163
4   8   4   8   0.3301416841
4   8   4   9   -0.0703108760
4   8   5   8   -0.0001650978
4   8   5   9   -0.0050569520
4   9   1   8   0.0239710423
4   9   1   9   -0.0793651031
4   9   2   7   0.0102904911
4   9   2   10   -0.0262730309
4   9   2   11   -0.0004717321
4   9   3   7   -0.0205201511
4   9   3   10   0.1313483449
4   9   3   11   0.0042279008
4   9   4   8   -0.0703108760
4   9   4   9   0.4889046840
4   9   5   8   -0.0050569520
4   9   5   9   -0.0087354618
4   10   1   7   0.0380754514
4   10   1   10   -0.0949783759
4   10   1   11   -0.0048895279
4   10   2   8   0.0127549197
4   10   2   9   -0.0262730309
4   10   3   8   -0.0262730309
4   10   3   9   0.1313483449
4   10   4   7   -0.0949783759
4   10   4   10   0.5277905646
4   10   4   11   -0.0133009790
4   10   5   7   -0.0048895279
4   10   5   10   -0.0133009790
4   10   5   11   0.0238822955
4   10   6   12   0.0117427815
4   11   1   7   0.0108255608
4   11   1   10   -0.0048895279
4   11   1   11   -0.0697451820
4   11   2   8   0.0026438282
4   11   2   9   -0.0004717321
4   11   3   8   -0.0067754163
4   11   3   9   0.0042279008
4   11   4   7   -0.0370866060
4   11   4   10   -0.0133009790
4   11   4   11   0.4241074113
4   11   5   7   -0.0047100902
4   11   5   10   0.0238822955
4   11   5   11   0.0244620972
4   11   6   12   0.0016102214
4   12   1   12   -0.0760038851
4   12   4   12   0.4241510607
4   12   5   12   0.0302671484
4   12   6   7   -0.0025736006
4   12   6   10   0.0117427815
4   12   6   11   0.0016102214
5   7   1   7   -0.0259411820
5   7   1   10   0.0108255608
5   7   1   11   0.0250337246
5   7   2   8   -0.0017897747
5   7   2   9   0.0039908106
5   7   3   8   0.0118880313
5   7   3   9   0.0025349442
5   7   4   7   -0.0003937713
5   7   4   10   -0.0048895279
5   7   4   11   -0.0047100902
5   7   5   7   0.3260619970
5   7   5   10   -0.0697451820
5   7   5   11   -0.0262988706
5   7   6   12   -0.0007172932
5   8   1   8   -0.0174823917
5   8   1   9   0.0093530673
5   8   2   7   -0.0017897747
5   8   2   10   0.0026438282
5   8   2   11   0.0051611577
5   8   3   7   0.0118880313
5   8   3   10   -0.0004717321
5   8   3   11   -0.0038524887
5   8   4   8   -0.0001650978
5   8   4   9   -0.0050569520
5   8   5   8   0.3063011989
5   8   5   9   -0.0751952520
5   9   1   8   0.0093530673
5   9   1   9   -0.0263348207
5   9   2   7   0.0039908106
5   9   2   10   -0.0067754163
5   9   2   11   -0.0038524887
5   9   3   7   0.0025349442
5   9   3   10   0.0042279008
5   9   3   11   0.0153669299
5   9   4   8   -0.0050569520
5   9   4   9   -0.0087354618
5   9   5   8   -0.0751952520
5   9   5   9   0.4324710114
5   10   1   7   0.0108255608
5   10   1   10   -0.0370866060
5   10   1   11   -0.0047100902
5   10   2   8   0.0026438282
5   10   2   9   -0.0067754163
5   10   3   8   -0.0004717321
5   10   3   9   0.0042279008
5   10   4   7   -0.0048895279
5   10   4   10   -0.0133009790
5   10   4   11   0.0238822955
5   10   5   7   -0.0697451820
5   10   5   10   0.4241074113
5   10   5   11   0.0244620972
5   10   6   12   0.0016102214
5   11   1   7   0.0250337246
5   11   1   10   -0.0047100902
5   11   1   11   -0.0262988706
5   11   2   8   0.0051611577
5   11   2   9   -0.0038524887
5   11   3   8   -0.0038524887
5   11   3   9   0.0153669299
5   11   4   7   -0.0047100902
5   11   4   10   0.0238822955
5   11   4   11   0.0244620972
5   11   5   7   -0.0262988706
5   11   5   10   0.0244620972
5   11   5   11   0.5185138553
5   11   6   12   0.0239220232
5   12   1   12   -0.0293356004
5   12   4   12   0.0302671484
5   12   5   12   0.5069624691
5   12   6   7   -0.0007172932
5   12   6   10   0.0016102214
5   12   6   11   0.0239220232
6   7   1   12   0.0222104719
6   7   4   12   -0.0025736006
6   7   5   12   -0.0007172932
6   7   6   7   0.3287105962
6   7   6   10   -0.0760038851
6   7   6   11   -0.0293356004
6   8   2   12   0.0051834119
6   8   3   12   -0.0020708774
6   8   6   8   0.3104962093
6   8   6   9   -0.0766435591
6   9   2   12   -0.0020708774
6   9   3   12   0.0062568229
6   9   6   8   -0.0766435591
6   9   6   9   0.4208348644
6   10   1   12   -0.0025736006
6   10   4   12   0.0117427815
6   10   5   12   0.0016102214
6   10   6   7   -0.0760038851
6   10   6   10   0.4241510607
6   10   6   11   0.0302671484
6   11   1   12   -0.0007172932
6   11   4   12   0.0016102214
6   11   5   12   0.0239220232
6   11   6   7   -0.0293356004
6   11   6   10   0.0302671484
6   11   6   11   0.5069624691
6   12   1   7   0.0222104719
6   12   1   10   -0.0025736006
6   12   1   11   -0.0007172932
6   12   2   8   0.0051834119
6   12   2   9   -0.0020708774
6   12   3   8   -0.0020708774
6   12   3   9   0.0062568229
6   12   4   7   -0.0025736006
6   12   4   10   0.0117427815
6   12   4   11   0.0016102214
6   12   5   7   -0.0007172932
6   12   5   10   0.0016102214
6   12   5   11   0.0239220232
6   12   6   12   0.6070504761

End ABCD Block
Begin AIJB Block
1   6   1   7   0.0100686741
1   6   1   8   0.0000000000
1   6   1   9   0.0000000000
1   6   1   10   -0.0110814847
1   6   1   11   -0.0041207582
1   6   2   7   -0.0007633714
1   6   2   10   0.0025754789
1   6   2   11   0.0089967621
1   6   3   8   -0.0024460446
1   6   3   9   0.0021327251
1   6   4   7   0.0009422689
1   6   4   10   -0.0017088944
1   6   4   11   -0.0037434165
1   6   5   12   0.0087013146
1   7   1   7   -0.0007633714
1   7   1   10   0.0017043617
1   7   1   11   0.0050027242
1   7   2   7   0.0350378245
1   7   2   10   -0.0338545227
1   7   2   11   -0.0084982446
1   7   3   8   0.0108095228
1   7   3   9   -0.0104173975
1   7   4   7   -0.0194882450
1   7   4   10   0.0210066779
1   7   4   11   0.0092030155
1   7   5   12   -0.0172949363
1   8   1   8   0.0011867620
1   8   1   9   -0.0030118556
1   8   2   8   0.0317199971
1   8   2   9   -0.0159115082
1   8   3   7   0.0192563254
1   8   3   10   -0.0244707208
1   8   3   11   0.0015881154
1   8   4   8   -0.0210919581
1   8   4   9   0.0191019639
1   9   1   7   0.0009422689
1   9   1   10   0.0000658235
1   9   1   11   0.0060621067
1   9   2   7   -0.0194882450
1   9   2   10   0.0256347938
1   9   2   11   0.0359921405
1   9   3   8   -0.0080378675
1   9   3   9   0.0122445664
1   9   4   7   0.0196004714
1   9   4   10   -0.0200046183
1   9   4   11   -0.0221094161
1   9   5   12   -0.0010414248
1   10   1   12   -0.0039762670
1   10   2   12   -0.0523825959
1   10   4   12   0.0243167013
1   10   5   7   0.0112657955
1   10   5   10   -0.0104660490
1   10   5   11   0.0014306781
2   6   1   7   0.0000000000
2   6   1   8   0.0060899667
2   6   1   9   -0.0058382093
2   6   1   10   0.0000000000
2   6   2   8   -0.0052780728
2   6   2   9   0.0050153025
2   6   3   7   0.0011867620
2   6   3   10   -0.0014615803
2   6   3   11   0.0005665238
2   6   4   8   -0.0021101034
2   6   4   9   0.0023477260
2   7   1   8   -0.0052780728
2   7   1   9   0.0040803462
2   7   2   8   0.0184290269
2   7   2   9   -0.0153651383
2   7   3   7   0.0317199971
2   7   3   10   -0.0241644767
2   7   3   11   -0.0022336602
2   7   4   8   0.0042412239
2   7   4   9   -0.0042142709
2   8   1   7   -0.0024460446
2   8   1   10   -0.0002193140
2   8   1   11   0.0006336851
2   8   2   7   0.0108095228
2   8   2   10   -0.0021096796
2   8   2   11   -0.0061212580
2   8   3   8   0.0500500089
2   8   3   9   -0.0407574586
2   8   4   7   -0.0080378675
2   8   4   10   0.0164321467
2   8   4   11   0.0012110890
2   8   5   12   -0.0065817457
2   9   1   8   -0.0021101034
2   9   1   9   0.0046902255
2   9   2   8   0.0042412239
2   9   2   9   -0.0129113570
2   9   3   7   -0.0210919581
2   9   3   10   0.0267030205
2   9   3   11   0.0487857593
2   9   4   8   0.0124428059
2   9   4   9   -0.0213775522
2   10   3   12   -0.0581913782
2   10   5   8   0.0060309127
2   10   5   9   -0.0059501565
3   6   1   7   0.0000000000
3   6   1   8   -0.0058382093
3   6   1   9   0.0056312750
3   6   2   8   0.0040803462
3   6   2   9   -0.0041597485
3   6   3   7   -0.0030118556
3   6   3   10   0.0043698240
3   6   3   11   0.0051892449
3   6   4   8   0.0046902255
3   6   4   9   -0.0047602023
3   7   1   8   0.0050153025
3   7   1   9   -0.0041597485
3   7   2   8   -0.0153651383
3   7   2   9   0.0390841464
3   7   3   7   -0.0159115082
3   7   3   10   0.0309797820
3   7   3   11   -0.0059597032
3   7   4   8   -0.0129113570
3   7   4   9   -0.0070539319
3   8   1   7   0.0021327251
3   8   1   10   0.0004035608
3   8   1   11   -0.0001037295
3   8   2   7   -0.0104173975
3   8   2   10   0.0282275434
3   8   2   11   -0.0043380615
3   8   3   8   -0.0407574586
3   8   3   9   0.0875927826
3   8   4   7   0.0122445664
3   8   4   10   -0.0479411777
3   8   4   11   0.0104011168
3   8   5   12   0.0045940807
3   9   1   8   0.0023477260
3   9   1   9   -0.0047602023
3   9   2   8   -0.0042142709
3   9   2   9   -0.0070539319
3   9   3   7   0.0191019639
3   9   3   10   -0.0373562064
3   9   3   11   -0.0396848454
3   9   4   8   -0.0213775522
3   9   4   9   0.0577016967
3   10   3   12   0.0418017888
3   10   5   8   -0.0059501565
3   10   5   9   0.0096142093
4   6   1   7   -0.0110814847
4   6   1   8   0.0000000000
4   6   1   10   0.0134554629
4   6   1   11   0.0107489797
4   6   2   7   0.0017043617
4   6   2   10   -0.0042434265
4   6   2   11   -0.0115239263
4   6   3   8   -0.0002193140
4   6   3   9   0.0004035608
4   6   4   7   0.0000658235
4   6   4   10   0.0005095945
4   6   4   11   0.0028424961
4   6   5   12   -0.0122860265
4   7   1   7   0.0025754789
4   7   1   10   -0.0042434265
4   7   1   11   -0.0077027661
4   7   2   7   -0.0338545227
4   7   2   10   0.0527494218
4   7   2   11   0.0040266331
4   7   3   8   -0.0021096796
4   7   3   9   0.0282275434
4   7   4   7   0.0256347938
4   7   4   10   -0.0371636010
4   7   4   11   0.0025556148
4   7   5   12   0.0158092377
4   8   1   8   -0.0014615803
4   8   1   9   0.0043698240
4   8   2   8   -0.0241644767
4   8   2   9   0.0309797820
4   8   3   7   -0.0244707208
4   8   3   10   0.0727070242
4   8   3   11   -0.0192587331
4   8   4   8   0.0267030205
4   8   4   9   -0.0373562064
4   9   1   7   -0.0017088944
4   9   1   10   0.0005095945
4   9   1   11   -0.0077582283
4   9   2   7   0.0210066779
4   9   2   10   -0.0371636010
4   9   2   11   -0.0217976367
4   9   3   8   0.0164321467
4   9   3   9   -0.0479411777
4   9   4   7   -0.0200046183
4   9   4   10   0.0381106990
4   9   4   11   0.0357189730
4   9   5   12   -0.0006735988
4   10   1   12   0.0032280314
4   10   2   12   0.0441432086
4   10   4   12   -0.0395495943
4   10   5   7   -0.0104660490
4   10   5   10   0.0217531951
4   10   5   11   -0.0053437932
5   6   1   7   -0.0041207582
5   6   1   10   0.0107489797
5   6   1   11   0.0333304298
5   6   2   7   0.0050027242
5   6   2   10   -0.0077027661
5   6   2   11   -0.0135205100
5   6   3   8   0.0006336851
5   6   3   9   -0.0001037295
5   6   4   7   0.0060621067
5   6   4   10   -0.0077582283
5   6   4   11   -0.0074033706
5   6   5   12   0.0077817442
5   7   1   7   0.0089967621
5   7   1   10   -0.0115239263
5   7   1   11   -0.0135205100
5   7   2   7   -0.0084982446
5   7   2   10   0.0040266331
5   7   2   11   0.0344000607
5   7   3   8   -0.0061212580
5   7   3   9   -0.0043380615
5   7   4   7   0.0359921405
5   7   4   10   -0.0217976367
5   7   4   11   0.0114209874
5   7   5   12   -0.0071775874
5   8   1   8   0.0005665238
5   8   1   9   0.0051892449
5   8   2   8   -0.0022336602
5   8   2   9   -0.0059597032
5   8   3   7   0.0015881154
5   8   3   10   -0.0192587331
5   8   3   11   0.0250071391
5   8   4   8   0.0487857593
5   8   4   9   -0.0396848454
5   9   1   7   -0.0037434165
5   9   1   10   0.0028424961
5   9   1   11   -0.0074033706
5   9   2   7   0.0092030155
5   9   2   10   0.0025556148
5   9   2   11   0.0114209874
5   9   3   8   0.0012110890
5   9   3   9   0.0104011168
5   9   4   7   -0.0221094161
5   9   4   10   0.0357189730
5   9   4   11   0.1096109576
5   9   5   12   -0.0166899801
5   10   1   12   -0.0024430522
5   10   2   12   -0.0071223176
5   10   4   12   -0.0947020527
5   10   5   7   0.0014306781
5   10   5   10   -0.0053437932
5   10   5   11   0.0191115904
6   6   1   12   0.0487271923
6   6   2   12   -0.0222722139
6   6   4   12   -0.0081154116
6   6   5   7   -0.0039762670
6   6   5   10   0.0032280314
6   6   5   11   -0.0024430522
6   7   1   12   -0.0222722139
6   7   2   12   0.0380527233
6   7   4   12   0.0095981391
6   7   5   7   -0.0523825959
6   7   5   10   0.0441432086
6   7   5   11   -0.0071223176
6   8   3   12   0.0141187111
6   8   5   8   -0.0581913782
6   8   5   9   0.0418017888
6   9   1   12   -0.0081154116
6   9   2   12   0.0095981391
6   9   4   12   0.0188642250
6   9   5   7   0.0243167013
6   9   5   10   -0.0395495943
6   9   5   11   -0.0947020527
6   10   1   7   0.0087013146
6   10   1   10   -0.0122860265
6   10   1   11   0.0077817442
6   10   2   7   -0.0172949363
6   10   2   10   0.0158092377
6   10   2   11   -0.0071775874
6   10   3   8   -0.0065817457
6   10   3   9   0.0045940807
6   10   4   7   -0.0010414248
6   10   4   10   -0.0006735988
6   10   4   11   -0.0166899801
6   10   5   12   0.1517693424

1   6   6   1   -0.4091410977
1   6   6   4   0.1716263442
1   6   6   5   0.0889610407
1   6   7   1   -0.0018902903
1   6   7   4   0.0023623159
1   6   7   5   0.0011319815
1   6   8   2   0.0049880893
1   6   8   3   -0.0017649156
1   6   9   1   -0.0065544464
1   6   9   4   0.0069164936
1   6   9   5   0.0061010029
1   6   10   6   -0.0089867589
1   7   6   1   -0.0018902903
1   7   6   4   0.0023081620
1   7   6   5   0.0011578372
1   7   7   1   -0.3671910545
1   7   7   4   0.1132433269
1   7   7   5   0.0490075706
1   7   8   2   -0.0509712541
1   7   8   3   0.0102712238
1   7   9   1   0.0296337832
1   7   9   4   -0.0207590554
1   7   9   5   -0.0295338833
1   7   10   6   0.0411439240
1   8   6   2   0.0049566498
1   8   6   3   -0.0018106630
1   8   7   2   -0.0508805213
1   8   7   3   0.0103066518
1   8   8   1   -0.3576194522
1   8   8   4   0.1034813828
1   8   8   5   0.0372358376
1   8   9   2   0.0166641778
1   8   9   3   -0.0092114254
1   9   6   1   -0.0065544464
1   9   6   4   0.0069350179
1   9   6   5   0.0061053370
1   9   7   1   0.0296337832
1   9   7   4   -0.0206689363
1   9   7   5   -0.0294219466
1   9   8   2   0.0168732290
1   9   8   3   -0.0092605294
1   9   9   1   -0.3402559830
1   9   9   4   0.0891215512
1   9   9   5   0.0292271342
1   9   10   6   0.0057039181
1   10   6   6   -0.0090390377
1   10   7   6   0.0408945225
1   10   9   6   0.0059050878
1   10   10   1   -0.3469463483
1   10   10   4   0.0953658354
1   10   10   5   0.0342390744
2   6   6   2   -0.3985279145
2   6   6   3   0.1602489228
2   6   7   2   -0.0020592897
2   6   7   3   0.0023944505
2   6   8   1   0.0049566498
2   6   8   4   -0.0019080271
2   6   8   5   0.0004060216
2   6   9   2   -0.0017675163
2   6   9   3   -0.0006644324
2   7   6   2   -0.0020592897
2   7   6   3   0.0023844341
2   7   7   2   -0.3462036700
2   7   7   3   0.1009561130
2   7   8   1   -0.0508805213
2   7   8   4   0.0167213589
2   7   8   5   0.0057793488
2   7   9   2   0.0099973679
2   7   9   3   0.0083007977
2   8   6   1   0.0049880893
2   8   6   4   -0.0019956252
2   8   6   5   0.0005225884
2   8   7   1   -0.0509712541
2   8   7   4   0.0168714103
2   8   7   5   0.0058226376
2   8   8   2   -0.3495269202
2   8   8   3   0.0972073601
2   8   9   1   0.0168732290
2   8   9   4   -0.0111434014
2   8   9   5   -0.0088047217
2   8   10   6   0.0097092913
2   9   6   2   -0.0017675163
2   9   6   3   -0.0006445051
2   9   7   2   0.0099973679
2   9   7   3   0.0081603397
2   9   8   1   0.0166641778
2   9   8   4   -0.0109069419
2   9   8   5   -0.0087267566
2   9   9   2   -0.3269244319
2   9   9   3   0.0982624072
2   10   8   6   0.0094141134
2   10   10   2   -0.3289953733
2   10   10   3   0.0932109789
3   6   6   2   0.1602489228
3   6   6   3   -0.5595144346
3   6   7   2   0.0023844341
3   6   7   3   -0.0019835251
3   6   8   1   -0.0018106630
3   6   8   4   0.0044939624
3   6   8   5   -0.0019381267
3   6   9   2   -0.0006445051
3   6   9   3   -0.0013973596
3   7   6   2   0.0023944505
3   7   6   3   -0.0019835251
3   7   7   2   0.1009561130
3   7   7   3   -0.5121170923
3   7   8   1   0.0103066518
3   7   8   4   -0.0820817589
3   7   8   5   -0.0007250416
3   7   9   2   0.0081603397
3   7   9   3   0.0260456229
3   8   6   1   -0.0017649156
3   8   6   4   0.0044440001
3   8   6   5   -0.0021155225
3   8   7   1   0.0102712238
3   8   7   4   -0.0819858889
3   8   7   5   -0.0007883869
3   8   8   2   0.0972073601
3   8   8   3   -0.5203049955
3   8   9   1   -0.0092605294
3   8   9   4   0.0440383575
3   8   9   5   0.0039364614
3   8   10   6   -0.0047890606
3   9   6   2   -0.0006644324
3   9   6   3   -0.0013973596
3   9   7   2   0.0083007977
3   9   7   3   0.0260456229
3   9   8   1   -0.0092114254
3   9   8   4   0.0442539188
3   9   8   5   0.0037483444
3   9   9   2   0.0982624072
3   9   9   3   -0.4834790084
3   10   8   6   -0.0044957120
3   10   10   2   0.0932109789
3   10   10   3   -0.4641342946
4   6   6   1   0.1716263442
4   6   6   4   -0.5880569335
4   6   6   5   -0.1331265850
4   6   7   1   0.0023081620
4   6   7   4   -0.0025577139
4   6   7   5   -0.0042490312
4   6   8   2   -0.0019956252
4   6   8   3   0.0044440001
4   6   9   1   0.0069350179
4   6   9   4   -0.0116188683
4   6   9   5   -0.0026853829
4   6   10   6   0.0075788887
4   7   6   1   0.0023623159
4   7   6   4   -0.0025577139
4   7   6   5   -0.0042798376
4   7   7   1   0.1132433269
4   7   7   4   -0.5238269568
4   7   7   5   -0.0284081229
4   7   8   2   0.0168714103
4   7   8   3   -0.0819858889
4   7   9   1   -0.0206689363
4   7   9   4   0.0644279657
4   7   9   5   -0.0123169458
4   7   10   6   -0.0174076686
4   8   6   2   -0.0019080271
4   8   6   3   0.0044939624
4   8   7   2   0.0167213589
4   8   7   3   -0.0820817589
4   8   8   1   0.1034813828
4   8   8   4   -0.5245841077
4   8   8   5   -0.0070408086
4   8   9   2   -0.0109069419
4   8   9   3   0.0442539188
4   9   6   1   0.0069164936
4   9   6   4   -0.0116188683
4   9   6   5   -0.0026491623
4   9   7   1   -0.0207590554
4   9   7   4   0.0644279657
4   9   7   5   -0.0123179095
4   9   8   2   -0.0111434014
4   9   8   3   0.0440383575
4   9   9   1   0.0891215512
4   9   9   4   -0.4629092585
4   9   9   5   -0.0405367510
4   9   10   6   0.0033909171
4   10   6   6   0.0075696744
4   10   7   6   -0.0174021124
4   10   9   6   0.0029889782
4   10   10   1   0.0953658354
4   10   10   4   -0.4682924644
4   10   10   5   -0.0314399927
5   6   6   1   0.0889610407
5   6   6   4   -0.1331265850
5   6   6   5   -0.8279601086
5   6   7   1   0.0011578372
5   6   7   4   -0.0042798376
5   6   7   5   -0.0131495722
5   6   8   2   0.0005225884
5   6   8   3   -0.0021155225
5   6   9   1   0.0061053370
5   6   9   4   -0.0026491623
5   6   9   5   0.0027036225
5   6   10   6   -0.0053053045
5   7   6   1   0.0011319815
5   7   6   4   -0.0042490312
5   7   6   5   -0.0131495722
5   7   7   1   0.0490075706
5   7   7   4   -0.0284081229
5   7   7   5   -0.5715587700
5   7   8   2   0.0058226376
5   7   8   3   -0.0007883869
5   7   9   1   -0.0294219466
5   7   9   4   -0.0123179095
5   7   9   5   -0.0291573954
5   7   10   6   0.0087923349
5   8   6   2   0.0004060216
5   8   6   3   -0.0019381267
5   8   7   2   0.0057793488
5   8   7   3   -0.0007250416
5   8   8   1   0.0372358376
5   8   8   4   -0.0070408086
5   8   8   5   -0.5257250127
5   8   9   2   -0.0087267566
5   8   9   3   0.0037483444
5   9   6   1   0.0061010029
5   9   6   4   -0.0026853829
5   9   6   5   0.0027036225
5   9   7   1   -0.0295338833
5   9   7   4   -0.0123169458
5   9   7   5   -0.0291573954
5   9   8   2   -0.0088047217
5   9   8   3   0.0039364614
5   9   9   1   0.0292271342
5   9   9   4   -0.0405367510
5   9   9   5   -0.5885687517
5   9   10   6   0.0257127495
5   10   6   6   -0.0052460725
5   10   7   6   0.0089020510
5   10   9   6   0.0256912262
5   10   10   1   0.0342390744
5   10   10   4   -0.0314399927
5   10   10   5   -0.5544109345
6   6   6   6   -0.9971318974
6   6   7   6   -0.0182389357
6   6   9   6   -0.0054968207
6   6   10   1   -0.0090390377
6   6   10   4   0.0075696744
6   6   10   5   -0.0052460725
6   7   6   6   -0.0182389357
6   7   7   6   -0.6196130488
6   7   9   6   -0.0339664367
6   7   10   1   0.0408945225
6   7   10   4   -0.0174021124
6   7   10   5   0.0089020510
6   8   8   6   -0.5521749535
6   8   10   2   0.0094141134
6   8   10   3   -0.0044957120
6   9   6   6   -0.0054968207
6   9   7   6   -0.0339664367
6   9   9   6   -0.5872741131
6   9   10   1   0.0059050878
6   9   10   4   0.0029889782
6   9   10   5   0.0256912262
6   10   6   1   -0.0089867589
6   10   6   4   0.0075788887
6   10   6   5   -0.0053053045
6   10   7   1   0.0411439240
6   10   7   4   -0.0174076686
6   10   7   5   0.0087923349
6   10   8   2   0.0097092913
6   10   8   3   -0.0047890606
6   10   9   1   0.0057039181
6   10   9   4   0.0033909171
6   10   9   5   0.0257127495
6   10   10   6   -0.6588172910

End AIJB Block
Begin IJKA Block
1   6   1   7   -0.1452248021
1   6   1   10   0.1309959530
1   6   1   11   -0.0928098052
1   6   2   7   -0.0231607225
1   6   2   10   0.0217153451
1   6   2   11   -0.0098657747
1   6   3   8   -0.0110470864
1   6   3   9   0.0106205462
1   6   4   7   0.0006964059
1   6   4   10   -0.0068479916
1   6   4   11   -0.0311292386
1   6   5   12   0.0381946861
1   7   1   7   -0.1973895623
1   7   1   10   0.1632105115
1   7   1   11   -0.0268104018
1   7   2   7   -0.0041254136
1   7   2   10   0.0035110501
1   7   2   11   -0.0041852573
1   7   3   8   0.0097843305
1   7   3   9   -0.0073943537
1   7   4   7   -0.0093992678
1   7   4   10   0.0118086877
1   7   4   11   0.0126632807
1   7   5   12   -0.0191366680
1   8   1   8   -0.2319140907
1   8   1   9   0.1595164092
1   8   2   8   -0.0035266702
1   8   2   9   0.0044800969
1   8   3   7   0.0044167328
1   8   3   10   0.0006501979
1   8   3   11   -0.0015082087
1   8   4   8   -0.0007277108
1   8   4   9   -0.0050532018
1   9   1   7   0.1002323138
1   9   1   10   -0.1570969414
1   9   1   11   -0.3804594571
1   9   2   7   0.0002259043
1   9   2   10   -0.0024645473
1   9   2   11   -0.0116945292
1   9   3   8   0.0038601429
1   9   3   9   -0.0087529662
1   9   4   7   0.0037167733
1   9   4   10   -0.0031268021
1   9   4   11   0.0057255998
1   9   5   12   -0.0069081850
1   10   1   12   0.4790203556
1   10   2   12   0.0130991478
1   10   4   12   0.0040228318
1   10   5   7   0.0075931386
1   10   5   10   -0.0107112979
1   10   5   11   0.0066918872
2   6   1   7   -0.0237480828
2   6   1   10   0.0221726453
2   6   1   11   -0.0101176257
2   6   2   7   -0.0017862540
2   6   2   10   -0.0007549104
2   6   2   11   -0.0131401993
2   6   3   8   0.0129824382
2   6   3   9   -0.0120967768
2   6   4   7   -0.0093887494
2   6   4   10   0.0143883815
2   6   4   11   0.0241294149
2   6   5   12   -0.0348108994
2   7   1   7   -0.0038348915
2   7   1   10   0.0031579609
2   7   1   11   -0.0039690735
2   7   2   7   -0.1045230343
2   7   2   10   0.0675198645
2   7   2   11   0.0047196598
2   7   3   8   -0.0389410652
2   7   3   9   0.0034402972
2   7   4   7   0.0156870760
2   7   4   10   -0.0150631676
2   7   4   11   -0.0278992556
2   7   5   12   0.0386185903
2   8   1   8   -0.0032600598
2   8   1   9   0.0041373649
2   8   2   8   -0.1219143507
2   8   2   9   0.0341695211
2   8   3   7   -0.0012065680
2   8   3   10   -0.0551806284
2   8   3   11   0.0328978260
2   8   4   8   -0.0227228143
2   8   4   9   0.0678993559
2   9   1   7   0.0002163242
2   9   1   10   -0.0023576505
2   9   1   11   -0.0114721118
2   9   2   7   0.0567146501
2   9   2   10   -0.0634498689
2   9   2   11   -0.1399003795
2   9   3   8   -0.0230956413
2   9   3   9   0.0729300778
2   9   4   7   0.0034632531
2   9   4   10   -0.0085896003
2   9   4   11   -0.0427436890
2   9   5   12   0.0145504534
2   10   1   12   0.0129268689
2   10   2   12   0.1803923103
2   10   4   12   0.0240612195
2   10   5   7   -0.0203811873
2   10   5   10   0.0427842587
2   10   5   11   -0.0245058442
3   6   1   8   -0.0117513925
3   6   1   9   0.0112972906
3   6   2   8   0.0128837811
3   6   2   9   -0.0120060098
3   6   3   7   -0.0005100297
3   6   3   10   -0.0000254640
3   6   3   11   -0.0067455592
3   6   4   8   0.0019350015
3   6   4   9   -0.0026580678
3   7   1   8   0.0095961041
3   7   1   9   -0.0073697057
3   7   2   8   -0.0376624072
3   7   2   9   0.0031021702
3   7   3   7   -0.0776809880
3   7   3   10   0.0235100334
3   7   3   11   0.0126999428
3   7   4   8   -0.0080118119
3   7   4   9   0.0332422811
3   8   1   7   0.0043643629
3   8   1   10   0.0003878069
3   8   1   11   -0.0012946398
3   8   2   7   -0.0001486989
3   8   2   10   -0.0560131512
3   8   2   11   0.0328492643
3   8   3   8   -0.1047915883
3   8   3   9   0.0136951504
3   8   4   7   -0.0051273962
3   8   4   10   0.0220522281
3   8   4   11   -0.0126390508
3   8   5   12   0.0058608866
3   9   1   8   0.0036929565
3   9   1   9   -0.0082197390
3   9   2   8   -0.0229856561
3   9   2   9   0.0718149202
3   9   3   7   0.0365576206
3   9   3   10   -0.0296121897
3   9   3   11   -0.1137981787
3   9   4   8   -0.0058117672
3   9   4   9   -0.0058235295
3   10   3   12   0.1378130875
3   10   5   8   -0.0099079596
3   10   5   9   0.0111190335
4   6   1   7   0.0007254722
4   6   1   10   -0.0071923201
4   6   1   11   -0.0317282120
4   6   2   7   -0.0092116735
4   6   2   10   0.0142169410
4   6   2   11   0.0238226297
4   6   3   8   0.0020438914
4   6   3   9   -0.0026818958
4   6   4   7   -0.0071763419
4   6   4   10   0.0097258795
4   6   4   11   0.0117090733
4   6   5   12   -0.0111942672
4   7   1   7   -0.0089998989
4   7   1   10   0.0114320168
4   7   1   11   0.0118827509
4   7   2   7   0.0146419373
4   7   2   10   -0.0141684561
4   7   2   11   -0.0273813163
4   7   3   8   -0.0080182783
4   7   3   9   0.0335721489
4   7   4   7   -0.0732583048
4   7   4   10   0.0427191027
4   7   4   11   -0.0273049695
4   7   5   12   0.0121013182
4   8   1   8   -0.0007447427
4   8   1   9   -0.0046500383
4   8   2   8   -0.0227744532
4   8   2   9   0.0666543049
4   8   3   7   -0.0049755142
4   8   3   10   0.0219998744
4   8   3   11   -0.0130277991
4   8   4   8   -0.1083033505
4   8   4   9   0.0540822110
4   9   1   7   0.0036002146
4   9   1   10   -0.0031821306
4   9   1   11   0.0051367369
4   9   2   7   0.0030371163
4   9   2   10   -0.0087233205
4   9   2   11   -0.0426436993
4   9   3   8   -0.0058080413
4   9   3   9   -0.0067883391
4   9   4   7   0.0546206079
4   9   4   10   -0.0666628481
4   9   4   11   -0.1542226280
4   9   5   12   0.0130091312
4   10   1   12   0.0042336792
4   10   2   12   0.0241802493
4   10   4   12   0.1612939021
4   10   5   7   0.0008906588
4   10   5   10   0.0022997306
4   10   5   11   -0.0139291903
5   6   1   12   0.0387915530
5   6   2   12   -0.0343157212
5   6   4   12   -0.0110319077
5   6   5   7   -0.0026439724
5   6   5   10   0.0016861247
5   6   5   11   -0.0025520899
5   7   1   12   -0.0179657798
5   7   2   12   0.0379741814
5   7   4   12   0.0122751977
5   7   5   7   -0.0933770659
5   7   5   10   0.0754548501
5   7   5   11   -0.0163487107
5   8   3   12   0.0064029684
5   8   5   8   -0.1152877442
5   8   5   9   0.0619945745
5   9   1   12   -0.0063463202
5   9   2   12   0.0144248653
5   9   4   12   0.0127323974
5   9   5   7   0.0515085888
5   9   5   10   -0.0615700633
5   9   5   11   -0.1419539159
5   10   1   7   0.0070999082
5   10   1   10   -0.0102507068
5   10   1   11   0.0064273131
5   10   2   7   -0.0206494548
5   10   2   10   0.0416466059
5   10   2   11   -0.0237461976
5   10   3   8   -0.0103723368
5   10   3   9   0.0114752432
5   10   4   7   0.0005094058
5   10   4   10   0.0020220168
5   10   4   11   -0.0143414524
5   10   5   12   0.1943354773

End IJKA Block
Begin IABC Block
1   7   1   7   0.0009662561
1   7   1   10   -0.0009076069
1   7   1   11   -0.0011809325
1   7   2   8   0.0025741555
1   7   2   9   -0.0009397178
1   7   3   8   -0.0023587897
1   7   3   9   0.0008265983
1   7   4   7   -0.0022454530
1   7   4   10   0.0022828206
1   7   4   11   0.0023871257
1   7   5   7   -0.0062947574
1   7   5   10   0.0066418752
1   7   5   11   0.0059040736
1   7   6   12   0.0103594587
1   8   1   8   -0.0003275493
1   8   1   9   0.0010617031
1   8   2   7   0.0025791417
1   8   2   10   -0.0010161660
1   8   2   11   0.0003049338
1   8   3   7   -0.0023622346
1   8   3   10   0.0008054001
1   8   3   11   -0.0005528578
1   8   4   8   0.0002062826
1   8   4   9   -0.0014318033
1   8   5   8   -0.0015475618
1   8   5   9   -0.0008749268
1   9   1   8   0.0010524102
1   9   1   9   -0.0003696402
1   9   2   7   -0.0009590321
1   9   2   10   0.0022657305
1   9   2   11   -0.0011406909
1   9   3   7   0.0008253561
1   9   3   10   -0.0018985122
1   9   3   11   0.0012938626
1   9   4   8   -0.0014242314
1   9   4   9   0.0004685054
1   9   5   8   -0.0008588852
1   9   5   9   -0.0010962397
1   10   1   7   -0.0009108806
1   10   1   10   0.0020371408
1   10   1   11   -0.0008897366
1   10   2   8   -0.0010263373
1   10   2   9   0.0022555363
1   10   3   8   0.0008068245
1   10   3   9   -0.0018999741
1   10   4   7   0.0022730792
1   10   4   10   -0.0042359516
1   10   4   11   0.0004630062
1   10   5   7   0.0066514089
1   10   5   10   -0.0111421894
1   10   5   11   -0.0021590587
1   10   6   12   -0.0088815699
1   11   1   7   -0.0011976543
1   11   1   10   -0.0008764108
1   11   1   11   -0.0057188383
1   11   2   8   0.0003166205
1   11   2   9   -0.0011602384
1   11   3   8   -0.0005702442
1   11   3   9   0.0013143589
1   11   4   7   0.0024099961
1   11   4   10   0.0004368681
1   11   4   11   0.0068950404
1   11   5   7   0.0059135251
1   11   5   10   -0.0021769391
1   11   5   11   0.0047447341
1   11   6   12   0.0063097903
1   12   1   12   -0.0054084927
1   12   4   12   0.0044850227
1   12   5   12   -0.0030555134
1   12   6   7   0.0103856418
1   12   6   10   -0.0089167118
1   12   6   11   0.0063042521
2   7   1   7   -0.0183646881
2   7   1   10   0.0221963013
2   7   1   11   0.0132028830
2   7   2   8   0.0009769810
2   7   2   9   0.0005161645
2   7   3   8   -0.0093259138
2   7   3   9   0.0103141881
2   7   4   7   0.0097857651
2   7   4   10   -0.0091583332
2   7   4   11   -0.0133106381
2   7   5   7   0.0002921615
2   7   5   10   -0.0091219379
2   7   5   11   0.0041886282
2   7   6   12   -0.0056308899
2   8   1   8   -0.0138215234
2   8   1   9   0.0142046509
2   8   2   7   0.0009007160
2   8   2   10   0.0004260957
2   8   2   11   -0.0001795568
2   8   3   7   -0.0092708875
2   8   3   10   0.0091950323
2   8   3   11   0.0056632256
2   8   4   8   -0.0001280204
2   8   4   9   -0.0024010473
2   8   5   8   -0.0023886733
2   8   5   9   0.0041912284
2   9   1   8   0.0142280831
2   9   1   9   -0.0286727731
2   9   2   7   0.0005680785
2   9   2   10   0.0025901885
2   9   2   11   0.0038120130
2   9   3   7   0.0106481885
2   9   3   10   -0.0443592280
2   9   3   11   -0.0010197745
2   9   4   8   -0.0021082376
2   9   4   9   -0.0204016273
2   9   5   8   0.0046490427
2   9   5   9   0.0008070287
2   10   1   7   0.0218918462
2   10   1   10   -0.0382064803
2   10   1   11   -0.0147810415
2   10   2   8   0.0004199411
2   10   2   9   0.0026218695
2   10   3   8   0.0095581137
2   10   3   9   -0.0445601268
2   10   4   7   -0.0086122558
2   10   4   10   -0.0102444390
2   10   4   11   0.0227719327
2   10   5   7   -0.0092939940
2   10   5   10   0.0151969007
2   10   5   11   -0.0019417606
2   10   6   12   0.0162762637
2   11   1   7   0.0131048694
2   11   1   10   -0.0147645079
2   11   1   11   -0.0522992592
2   11   2   8   -0.0001912981
2   11   2   9   0.0036252379
2   11   3   8   0.0057256712
2   11   3   9   -0.0005403606
2   11   4   7   -0.0134677160
2   11   4   10   0.0229170038
2   11   4   11   0.0306818094
2   11   5   7   0.0038923371
2   11   5   10   -0.0016223796
2   11   5   11   -0.0153089986
2   11   6   12   -0.0084682891
2   12   1   12   -0.0735614481
2   12   4   12   0.0612545176
2   12   5   12   -0.0132723863
2   12   6   7   -0.0058192974
2   12   6   10   0.0158941433
2   12   6   11   -0.0081964541
3   7   1   8   0.0238644842
3   7   1   9   0.0004459913
3   7   2   7   -0.0128930538
3   7   2   10   0.0172518905
3   7   2   11   0.0051979337
3   7   3   7   -0.0155035062
3   7   3   10   0.0103568143
3   7   3   11   0.0125849054
3   7   4   8   -0.0367552653
3   7   4   9   0.0125669177
3   7   5   8   0.0121501073
3   7   5   9   0.0014520490
3   8   1   7   0.0236895548
3   8   1   10   -0.0031067421
3   8   1   11   0.0004931870
3   8   2   8   -0.0141286677
3   8   2   9   0.0243909943
3   8   3   8   -0.0054558792
3   8   3   9   -0.0053350702
3   8   4   7   -0.0365971901
3   8   4   10   0.0162417056
3   8   4   11   0.0020468667
3   8   5   7   0.0118174050
3   8   5   10   -0.0046599788
3   8   5   11   -0.0033046876
3   8   6   12   -0.0028865808
3   9   1   7   0.0001911606
3   9   1   10   0.0287736106
3   9   1   11   0.0069204104
3   9   2   8   0.0242738083
3   9   2   9   -0.0411667615
3   9   3   8   -0.0045540623
3   9   3   9   -0.0457463748
3   9   4   7   0.0134854962
3   9   4   10   -0.0873806669
3   9   4   11   0.0004819150
3   9   5   7   0.0018784743
3   9   5   10   0.0241013657
3   9   5   11   0.0021119814
3   9   6   12   0.0064213182
3   10   1   8   -0.0035241942
3   10   1   9   0.0284028501
3   10   2   7   0.0169187960
3   10   2   10   -0.0310954319
3   10   2   11   -0.0144560552
3   10   3   7   0.0107366462
3   10   3   10   -0.0652705079
3   10   3   11   0.0227582984
3   10   4   8   0.0173380679
3   10   4   9   -0.0867816806
3   10   5   8   -0.0049318708
3   10   5   9   0.0242063486
3   11   1   8   0.0009753289
3   11   1   9   0.0062607293
3   11   2   7   0.0052648592
3   11   2   10   -0.0147250985
3   11   2   11   -0.0777445137
3   11   3   7   0.0123333968
3   11   3   10   0.0231933397
3   11   3   11   0.0296602221
3   11   4   8   0.0013762869
3   11   4   9   0.0013933415
3   11   5   8   -0.0031907658
3   11   5   9   0.0021828373
3   12   2   12   -0.0958946589
3   12   3   12   0.0558726197
3   12   6   8   -0.0030606540
3   12   6   9   0.0066328286
4   7   1   7   0.0016906006
4   7   1   10   -0.0110667144
4   7   1   11   0.0013707702
4   7   2   8   -0.0178026146
4   7   2   9   0.0014219120
4   7   3   8   0.0313007003
4   7   3   9   -0.0077371781
4   7   4   7   -0.0069260978
4   7   4   10   0.0058658140
4   7   4   11   0.0096950077
4   7   5   7   -0.0195972223
4   7   5   10   0.0288886699
4   7   5   11   0.0124855560
4   7   6   12   -0.0009235210
4   8   1   8   -0.0019478022
4   8   1   9   -0.0059928704
4   8   2   7   -0.0179154677
4   8   2   10   0.0019056724
4   8   2   11   -0.0014740732
4   8   3   7   0.0313911414
4   8   3   10   -0.0102586165
4   8   3   11   -0.0015868266
4   8   4   8   -0.0020768584
4   8   4   9   0.0055878673
4   8   5   8   -0.0282789795
4   8   5   9   0.0263218451
4   9   1   8   -0.0058659332
4   9   1   9   0.0085633465
4   9   2   7   0.0017163562
4   9   2   10   -0.0183971938
4   9   2   11   -0.0015280285
4   9   3   7   -0.0082567072
4   9   3   10   0.0623048665
4   9   3   11   0.0038507016
4   9   4   8   0.0053535404
4   9   4   9   0.0129329867
4   9   5   8   0.0265584795
4   9   5   9   -0.0495175328
4   10   1   7   -0.0109752146
4   10   1   10   0.0094035541
4   10   1   11   0.0125418144
4   10   2   8   0.0020175104
4   10   2   9   -0.0183434039
4   10   3   8   -0.0106979493
4   10   3   9   0.0624740414
4   10   4   7   0.0054622627
4   10   4   10   0.0109906272
4   10   4   11   -0.0214374319
4   10   5   7   0.0285857260
4   10   5   10   -0.0553556629
4   10   5   11   -0.0268069853
4   10   6   12   0.0004031449
4   11   1   7   0.0012077780
4   11   1   10   0.0126756133
4   11   1   11   0.0376486390
4   11   2   8   -0.0016080558
4   11   2   9   -0.0013054324
4   11   3   8   -0.0011955738
4   11   3   9   0.0026895678
4   11   4   7   0.0096240250
4   11   4   10   -0.0215730500
4   11   4   11   -0.0448698693
4   11   5   7   0.0119070120
4   11   5   10   -0.0264850100
4   11   5   11   -0.0975056062
4   11   6   12   -0.0069502273
4   12   1   12   0.0421704822
4   12   4   12   -0.0518099328
4   12   5   12   -0.1208454055
4   12   6   7   -0.0009833531
4   12   6   10   -0.0000050428
4   12   6   11   -0.0068893046
5   7   1   12   0.0013901010
5   7   4   12   -0.0152284840
5   7   5   12   0.0046280528
5   7   6   7   0.0315706986
5   7   6   10   -0.0383212060
5   7   6   11   -0.0181434927
5   8   2   12   0.0027010419
5   8   3   12   -0.0037775923
5   8   6   8   0.0352704794
5   8   6   9   -0.0335485899
5   9   2   12   -0.0030319268
5   9   3   12   -0.0001374947
5   9   6   8   -0.0337439613
5   9   6   9   0.0605869383
5   10   1   12   -0.0095256958
5   10   4   12   0.0073408037
5   10   5   12   0.0021526689
5   10   6   7   -0.0382790820
5   10   6   10   0.0683440409
5   10   6   11   0.0299494731
5   11   1   12   -0.0010444212
5   11   4   12   0.0033682300
5   11   5   12   0.0044388711
5   11   6   7   -0.0177238629
5   11   6   10   0.0296839271
5   11   6   11   0.1122535512
5   12   1   7   0.0016952973
5   12   1   10   -0.0097008341
5   12   1   11   -0.0010600438
5   12   2   8   0.0028776618
5   12   2   9   -0.0031291074
5   12   3   8   -0.0039891581
5   12   3   9   0.0002068104
5   12   4   7   -0.0154826385
5   12   4   10   0.0079140938
5   12   4   11   0.0033000777
5   12   5   7   0.0048124459
5   12   5   10   0.0019099271
5   12   5   11   0.0044600905
5   12   6   12   0.1606045247

End IABC Block
