Number of strings: 462 462, CI size = 213444
String addressing array alpha: 5 11
0 126 196 231 246 251 252 252 252 252 252
0 0 56 91 111 121 125 126 126 126 126
0 0 0 21 36 46 52 55 56 56 56
0 0 0 0 6 11 15 18 20 21 21
0 0 0 0 0 1 2 3 4 5 6

Alpha strings 462 5
1 2 3 4 5
1 2 3 4 6
1 2 3 4 7
1 2 3 4 8
1 2 3 4 9
1 2 3 4 10
1 2 3 4 11
1 2 3 5 6
1 2 3 5 7
1 2 3 5 8
1 2 3 5 9
1 2 3 5 10
1 2 3 5 11
1 2 3 6 7
1 2 3 6 8
1 2 3 6 9
1 2 3 6 10
1 2 3 6 11
1 2 3 7 8
1 2 3 7 9
1 2 3 7 10
1 2 3 7 11
1 2 3 8 9
1 2 3 8 10
1 2 3 8 11
1 2 3 9 10
1 2 3 9 11
1 2 3 10 11
1 2 4 5 6
1 2 4 5 7
1 2 4 5 8
1 2 4 5 9
1 2 4 5 10
1 2 4 5 11
1 2 4 6 7
1 2 4 6 8
1 2 4 6 9
1 2 4 6 10
1 2 4 6 11
1 2 4 7 8
1 2 4 7 9
1 2 4 7 10
1 2 4 7 11
1 2 4 8 9
1 2 4 8 10
1 2 4 8 11
1 2 4 9 10
1 2 4 9 11
1 2 4 10 11
1 2 5 6 7
1 2 5 6 8
1 2 5 6 9
1 2 5 6 10
1 2 5 6 11
1 2 5 7 8
1 2 5 7 9
1 2 5 7 10
1 2 5 7 11
1 2 5 8 9
1 2 5 8 10
1 2 5 8 11
1 2 5 9 10
1 2 5 9 11
1 2 5 10 11
1 2 6 7 8
1 2 6 7 9
1 2 6 7 10
1 2 6 7 11
1 2 6 8 9
1 2 6 8 10
1 2 6 8 11
1 2 6 9 10
1 2 6 9 11
1 2 6 10 11
1 2 7 8 9
1 2 7 8 10
1 2 7 8 11
1 2 7 9 10
1 2 7 9 11
1 2 7 10 11
1 2 8 9 10
1 2 8 9 11
1 2 8 10 11
1 2 9 10 11
1 3 4 5 6
1 3 4 5 7
1 3 4 5 8
1 3 4 5 9
1 3 4 5 10
1 3 4 5 11
1 3 4 6 7
1 3 4 6 8
1 3 4 6 9
1 3 4 6 10
1 3 4 6 11
1 3 4 7 8
1 3 4 7 9
1 3 4 7 10
1 3 4 7 11
1 3 4 8 9
1 3 4 8 10
1 3 4 8 11
1 3 4 9 10
1 3 4 9 11
1 3 4 10 11
1 3 5 6 7
1 3 5 6 8
1 3 5 6 9
1 3 5 6 10
1 3 5 6 11
1 3 5 7 8
1 3 5 7 9
1 3 5 7 10
1 3 5 7 11
1 3 5 8 9
1 3 5 8 10
1 3 5 8 11
1 3 5 9 10
1 3 5 9 11
1 3 5 10 11
1 3 6 7 8
1 3 6 7 9
1 3 6 7 10
1 3 6 7 11
1 3 6 8 9
1 3 6 8 10
1 3 6 8 11
1 3 6 9 10
1 3 6 9 11
1 3 6 10 11
1 3 7 8 9
1 3 7 8 10
1 3 7 8 11
1 3 7 9 10
1 3 7 9 11
1 3 7 10 11
1 3 8 9 10
1 3 8 9 11
1 3 8 10 11
1 3 9 10 11
1 4 5 6 7
1 4 5 6 8
1 4 5 6 9
1 4 5 6 10
1 4 5 6 11
1 4 5 7 8
1 4 5 7 9
1 4 5 7 10
1 4 5 7 11
1 4 5 8 9
1 4 5 8 10
1 4 5 8 11
1 4 5 9 10
1 4 5 9 11
1 4 5 10 11
1 4 6 7 8
1 4 6 7 9
1 4 6 7 10
1 4 6 7 11
1 4 6 8 9
1 4 6 8 10
1 4 6 8 11
1 4 6 9 10
1 4 6 9 11
1 4 6 10 11
1 4 7 8 9
1 4 7 8 10
1 4 7 8 11
1 4 7 9 10
1 4 7 9 11
1 4 7 10 11
1 4 8 9 10
1 4 8 9 11
1 4 8 10 11
1 4 9 10 11
1 5 6 7 8
1 5 6 7 9
1 5 6 7 10
1 5 6 7 11
1 5 6 8 9
1 5 6 8 10
1 5 6 8 11
1 5 6 9 10
1 5 6 9 11
1 5 6 10 11
1 5 7 8 9
1 5 7 8 10
1 5 7 8 11
1 5 7 9 10
1 5 7 9 11
1 5 7 10 11
1 5 8 9 10
1 5 8 9 11
1 5 8 10 11
1 5 9 10 11
1 6 7 8 9
1 6 7 8 10
1 6 7 8 11
1 6 7 9 10
1 6 7 9 11
1 6 7 10 11
1 6 8 9 10
1 6 8 9 11
1 6 8 10 11
1 6 9 10 11
1 7 8 9 10
1 7 8 9 11
1 7 8 10 11
1 7 9 10 11
1 8 9 10 11
2 3 4 5 6
2 3 4 5 7
2 3 4 5 8
2 3 4 5 9
2 3 4 5 10
2 3 4 5 11
2 3 4 6 7
2 3 4 6 8
2 3 4 6 9
2 3 4 6 10
2 3 4 6 11
2 3 4 7 8
2 3 4 7 9
2 3 4 7 10
2 3 4 7 11
2 3 4 8 9
2 3 4 8 10
2 3 4 8 11
2 3 4 9 10
2 3 4 9 11
2 3 4 10 11
2 3 5 6 7
2 3 5 6 8
2 3 5 6 9
2 3 5 6 10
2 3 5 6 11
2 3 5 7 8
2 3 5 7 9
2 3 5 7 10
2 3 5 7 11
2 3 5 8 9
2 3 5 8 10
2 3 5 8 11
2 3 5 9 10
2 3 5 9 11
2 3 5 10 11
2 3 6 7 8
2 3 6 7 9
2 3 6 7 10
2 3 6 7 11
2 3 6 8 9
2 3 6 8 10
2 3 6 8 11
2 3 6 9 10
2 3 6 9 11
2 3 6 10 11
2 3 7 8 9
2 3 7 8 10
2 3 7 8 11
2 3 7 9 10
2 3 7 9 11
2 3 7 10 11
2 3 8 9 10
2 3 8 9 11
2 3 8 10 11
2 3 9 10 11
2 4 5 6 7
2 4 5 6 8
2 4 5 6 9
2 4 5 6 10
2 4 5 6 11
2 4 5 7 8
2 4 5 7 9
2 4 5 7 10
2 4 5 7 11
2 4 5 8 9
2 4 5 8 10
2 4 5 8 11
2 4 5 9 10
2 4 5 9 11
2 4 5 10 11
2 4 6 7 8
2 4 6 7 9
2 4 6 7 10
2 4 6 7 11
2 4 6 8 9
2 4 6 8 10
2 4 6 8 11
2 4 6 9 10
2 4 6 9 11
2 4 6 10 11
2 4 7 8 9
2 4 7 8 10
2 4 7 8 11
2 4 7 9 10
2 4 7 9 11
2 4 7 10 11
2 4 8 9 10
2 4 8 9 11
2 4 8 10 11
2 4 9 10 11
2 5 6 7 8
2 5 6 7 9
2 5 6 7 10
2 5 6 7 11
2 5 6 8 9
2 5 6 8 10
2 5 6 8 11
2 5 6 9 10
2 5 6 9 11
2 5 6 10 11
2 5 7 8 9
2 5 7 8 10
2 5 7 8 11
2 5 7 9 10
2 5 7 9 11
2 5 7 10 11
2 5 8 9 10
2 5 8 9 11
2 5 8 10 11
2 5 9 10 11
2 6 7 8 9
2 6 7 8 10
2 6 7 8 11
2 6 7 9 10
2 6 7 9 11
2 6 7 10 11
2 6 8 9 10
2 6 8 9 11
2 6 8 10 11
2 6 9 10 11
2 7 8 9 10
2 7 8 9 11
2 7 8 10 11
2 7 9 10 11
2 8 9 10 11
3 4 5 6 7
3 4 5 6 8
3 4 5 6 9
3 4 5 6 10
3 4 5 6 11
3 4 5 7 8
3 4 5 7 9
3 4 5 7 10
3 4 5 7 11
3 4 5 8 9
3 4 5 8 10
3 4 5 8 11
3 4 5 9 10
3 4 5 9 11
3 4 5 10 11
3 4 6 7 8
3 4 6 7 9
3 4 6 7 10
3 4 6 7 11
3 4 6 8 9
3 4 6 8 10
3 4 6 8 11
3 4 6 9 10
3 4 6 9 11
3 4 6 10 11
3 4 7 8 9
3 4 7 8 10
3 4 7 8 11
3 4 7 9 10
3 4 7 9 11
3 4 7 10 11
3 4 8 9 10
3 4 8 9 11
3 4 8 10 11
3 4 9 10 11
3 5 6 7 8
3 5 6 7 9
3 5 6 7 10
3 5 6 7 11
3 5 6 8 9
3 5 6 8 10
3 5 6 8 11
3 5 6 9 10
3 5 6 9 11
3 5 6 10 11
3 5 7 8 9
3 5 7 8 10
3 5 7 8 11
3 5 7 9 10
3 5 7 9 11
3 5 7 10 11
3 5 8 9 10
3 5 8 9 11
3 5 8 10 11
3 5 9 10 11
3 6 7 8 9
3 6 7 8 10
3 6 7 8 11
3 6 7 9 10
3 6 7 9 11
3 6 7 10 11
3 6 8 9 10
3 6 8 9 11
3 6 8 10 11
3 6 9 10 11
3 7 8 9 10
3 7 8 9 11
3 7 8 10 11
3 7 9 10 11
3 8 9 10 11
4 5 6 7 8
4 5 6 7 9
4 5 6 7 10
4 5 6 7 11
4 5 6 8 9
4 5 6 8 10
4 5 6 8 11
4 5 6 9 10
4 5 6 9 11
4 5 6 10 11
4 5 7 8 9
4 5 7 8 10
4 5 7 8 11
4 5 7 9 10
4 5 7 9 11
4 5 7 10 11
4 5 8 9 10
4 5 8 9 11
4 5 8 10 11
4 5 9 10 11
4 6 7 8 9
4 6 7 8 10
4 6 7 8 11
4 6 7 9 10
4 6 7 9 11
4 6 7 10 11
4 6 8 9 10
4 6 8 9 11
4 6 8 10 11
4 6 9 10 11
4 7 8 9 10
4 7 8 9 11
4 7 8 10 11
4 7 9 10 11
4 8 9 10 11
5 6 7 8 9
5 6 7 8 10
5 6 7 8 11
5 6 7 9 10
5 6 7 9 11
5 6 7 10 11
5 6 8 9 10
5 6 8 9 11
5 6 8 10 11
5 6 9 10 11
5 7 8 9 10
5 7 8 9 11
5 7 8 10 11
5 7 9 10 11
5 8 9 10 11
6 7 8 9 10
6 7 8 9 11
6 7 8 10 11
6 7 9 10 11
6 8 9 10 11
7 8 9 10 11

Is hamiltonian hermitian? 1
Implicit Hamiltonian constructed
E(core)= 9.189534427600
H(1,1) + E(core) energy = -76.164218823500
Davidson: iter=0 dim=0 root=0 eigenvalue=-85.353753251100
Davidson: iter=1 dim=1 root=0 eigenvalue=-85.422535956090
Davidson: iter=2 dim=2 root=0 eigenvalue=-85.426765079049
Davidson: iter=3 dim=3 root=0 eigenvalue=-85.427155361404
Davidson: iter=4 dim=4 root=0 eigenvalue=-85.427175801052
Davidson: iter=5 dim=5 root=0 eigenvalue=-85.427177315527
Davidson: iter=6 dim=6 root=0 eigenvalue=-85.427177440279
Davidson: iter=7 dim=7 root=0 eigenvalue=-85.427177450258
Davidson: iter=8 dim=8 root=0 eigenvalue=-85.427177451196
Davidson: iter=9 dim=9 root=0 eigenvalue=-85.427177451285
Davidson: iter=10 dim=10 root=0 eigenvalue=-85.427177451291
Davidson: iter=11 dim=11 root=0 eigenvalue=-85.427177451291
root no. 0 converged
Davidson converged in 11 iterations.
E(core)= 9.189534427600
E(0)= -76.237643023691
FCI Excitation energies = 1
0.000000000000

Vacuum coefficients in CI state 0 = -0.985853530607
Eigenvector 0 in string basis
0: -0.985853530607 seniority 0 ... 5
1 2 3 4 5
 | 5
1 2 3 4 5

2778: 0.050739927921 seniority 0 ... 5
1 2 3 4 11
 | 5
1 2 3 4 11

Seniority vectors for all roots (nroots/seniority)
1 6
0.981199777542 0.003925850116 -0.973458670396 0.153179919445 1.000023679715 0.000000000220

Calculating transition densities
Root 0 MO occupations numbers (density matrix diagonal)
11
1.999986650434 1.993025881116 1.981853493457 1.981900756034 1.986386576294 0.007778047898 0.008552993258 0.009404368944 0.009463677887 0.008724865813 0.012922688867
Transition densities done:
Trandens between roots 0 0
11 11
1.999986650434 0.000040732209 0.000000000000 0.000053954960 0.000000000000 0.000078602868 0.000000000000 0.000000000000 -0.000059000139 0.000119578326 0.000000000000
0.000040732209 1.993025881116 0.000000000000 0.005522685011 0.000000000000 0.004823869088 0.000000000000 0.000000000000 0.000709977103 0.007114147645 0.000000000000
0.000000000000 0.000000000000 1.981853493457 0.000000000000 0.000000000000 0.000000000000 0.005487952315 -0.002491135349 0.000000000000 0.000000000000 0.000000000000
0.000053954960 0.005522685011 0.000000000000 1.981900756034 0.000000000000 -0.009603876189 0.000000000000 0.000000000000 0.004440667380 -0.002834593610 0.000000000000
0.000000000000 0.000000000000 0.000000000000 0.000000000000 1.986386576294 0.000000000000 0.000000000000 0.000000000000 0.000000000000 0.000000000000 -0.001508379414
0.000078602868 0.004823869088 0.000000000000 -0.009603876189 0.000000000000 0.007778047898 0.000000000000 0.000000000000 -0.007715765349 -0.003428825707 0.000000000000
0.000000000000 0.000000000000 0.005487952315 0.000000000000 0.000000000000 0.000000000000 0.008552993258 -0.007683020125 0.000000000000 0.000000000000 0.000000000000
0.000000000000 0.000000000000 -0.002491135349 0.000000000000 0.000000000000 0.000000000000 -0.007683020125 0.009404368944 0.000000000000 0.000000000000 0.000000000000
-0.000059000139 0.000709977103 0.000000000000 0.004440667380 0.000000000000 -0.007715765349 0.000000000000 0.000000000000 0.009463677887 0.003618122836 0.000000000000
0.000119578326 0.007114147645 0.000000000000 -0.002834593610 0.000000000000 -0.003428825707 0.000000000000 0.000000000000 0.003618122836 0.008724865813 0.000000000000
0.000000000000 0.000000000000 0.000000000000 0.000000000000 -0.001508379414 0.000000000000 0.000000000000 0.000000000000 0.000000000000 0.000000000000 0.012922688867

State 0 :
Natural orbital occupations
11
1.999987450673 1.995319425265 1.986387729195 1.981871956316 1.979704906011 0.018809228713 0.016657636675 0.012921535967 0.006221328294 0.001281262667 0.000837540224
Natural orbitals (in MO basis)
11 11
-0.999920145211 0.012528373221 -0.000000000000 -0.000000000000 -0.001654397131 -0.000016964790 0.000000000000 0.000000000000 -0.000074914601 -0.000000000000 0.000011670953
-0.010958545946 -0.924851416941 -0.000000000000 -0.000000000000 -0.380145836318 0.000360841224 0.000000000000 0.000000000000 -0.003759769281 -0.000000000000 0.002154973711
-0.000000000000 -0.000000000000 -0.000000000000 0.999995307742 -0.000000000000 0.000000000000 0.002839559526 0.000000000000 0.000000000000 0.001149519465 0.000000000000
-0.006293166531 -0.380110063366 -0.000000000000 -0.000000000000 0.924903102545 0.003800186720 0.000000000000 0.000000000000 0.003417109069 0.000000000000 -0.002206497840
0.000000000000 0.000000000000 0.999999707900 0.000000000000 0.000000000000 0.000000000000 0.000000000000 -0.000764330223 0.000000000000 0.000000000000 0.000000000000
-0.000035539062 -0.000398084348 -0.000000000000 0.000000000000 -0.005437570587 0.600228508034 -0.000000000000 0.000000000000 0.274930350441 0.000000000000 -0.751072109482
0.000000000000 -0.000000000000 -0.000000000000 0.002786023596 -0.000000000000 -0.000000000000 -0.686961447786 0.000000000000 -0.000000000000 -0.726688521533 -0.000000000000
0.000000000000 0.000000000000 -0.000000000000 -0.001273799758 0.000000000000 0.000000000000 0.726688314311 0.000000000000 0.000000000000 -0.686966135466 -0.000000000000
0.000011663896 -0.001184505313 -0.000000000000 0.000000000000 0.001964030851 -0.665485644091 0.000000000000 0.000000000000 -0.349216205250 0.000000000000 -0.659675404190
-0.000090157302 -0.002770315940 -0.000000000000 -0.000000000000 -0.002689314537 -0.443666568200 -0.000000000000 0.000000000000 0.895787656917 0.000000000000 -0.026637094154
0.000000000000 0.000000000000 -0.000764330223 0.000000000000 0.000000000000 0.000000000000 0.000000000000 -0.999999707900 0.000000000000 0.000000000000 0.000000000000

