Begin IJ Block
1   1   -33.0221168227
1   2   -0.5827937913
1   3   -0.0000000000
1   4   -0.1834669976
2   2   -7.8732632450
2   3   0.0000000001
2   4   -0.2090169645
3   3   -6.7743380209
3   4   -0.0000000000
4   4   -6.8920639005
5   5   -7.0027216906

End IJ Block
Begin IA Block
1   1   -0.0946221079
1   2   -0.0000000000
2   1   -0.4720870681
2   2   0.0000000001
3   1   0.0000000000
3   2   0.4993512925
4   1   0.2534662201
4   2   0.0000000001

End IA Block
Begin AB Block
1   1   -2.2903915714
1   2   0.0000000018
2   2   -1.9032780203

End AB Block
Begin IJAB Block
1   6   1   3   0.0031559943
1   6   1   4   -0.0000000000
1   6   2   3   -0.0000000000
1   6   2   4   0.0013229183
1   7   1   3   -0.0005351043
1   7   1   4   -0.0000000000
1   7   2   3   -0.0000000000
1   7   2   4   -0.0011359160
1   8   1   3   0.0000000000
1   8   1   4   0.0000745598
1   8   2   3   0.0007786058
1   8   2   4   -0.0000000000
1   9   1   3   0.0005864047
1   9   1   4   0.0000000000
1   9   2   3   0.0000000000
1   9   2   4   -0.0003285610
2   6   1   3   -0.0005351043
2   6   1   4   -0.0000000000
2   6   2   3   -0.0000000000
2   6   2   4   -0.0011359160
2   7   1   3   0.0131854344
2   7   1   4   -0.0000000000
2   7   2   3   -0.0000000000
2   7   2   4   0.0048629668
2   8   1   3   -0.0000000000
2   8   1   4   -0.0092493672
2   8   2   3   -0.0045395085
2   8   2   4   0.0000000000
2   9   1   3   -0.0077188931
2   9   1   4   -0.0000000000
2   9   2   3   -0.0000000000
2   9   2   4   0.0006490223
3   6   1   3   0.0000000000
3   6   1   4   0.0007786058
3   6   2   3   0.0000745598
3   6   2   4   -0.0000000000
3   7   1   3   -0.0000000000
3   7   1   4   -0.0045395085
3   7   2   3   -0.0092493672
3   7   2   4   0.0000000000
3   8   1   3   0.0079375280
3   8   1   4   -0.0000000000
3   8   2   3   -0.0000000000
3   8   2   4   0.0116186052
3   9   1   3   0.0000000000
3   9   1   4   0.0023662681
3   9   2   3   0.0053920926
3   9   2   4   -0.0000000000
4   6   1   3   0.0005864047
4   6   1   4   0.0000000000
4   6   2   3   0.0000000000
4   6   2   4   -0.0003285610
4   7   1   3   -0.0077188931
4   7   1   4   -0.0000000000
4   7   2   3   -0.0000000000
4   7   2   4   0.0006490223
4   8   1   3   0.0000000000
4   8   1   4   0.0053920926
4   8   2   3   0.0023662681
4   8   2   4   -0.0000000000
4   9   1   3   0.0080929865
4   9   1   4   -0.0000000000
4   9   2   3   -0.0000000000
4   9   2   4   0.0030950708
5   10   1   3   0.0064790954
5   10   1   4   -0.0000000001
5   10   2   3   -0.0000000001
5   10   2   4   0.0021728349

End IJAB Block
Begin IJKL Block
1   6   1   6   4.7101798044
1   6   1   7   0.4269594375
1   6   1   8   -0.0000000000
1   6   1   9   0.1348453447
1   6   2   6   0.4269594375
1   6   2   7   0.0593960851
1   6   2   8   -0.0000000000
1   6   2   9   0.0159277650
1   6   3   6   -0.0000000000
1   6   3   7   -0.0000000000
1   6   3   8   0.0165517803
1   6   3   9   0.0000000000
1   6   4   6   0.1348453447
1   6   4   7   0.0159277650
1   6   4   8   0.0000000000
1   6   4   9   0.0256140312
1   6   5   10   0.0248657627
1   7   1   6   0.4269594375
1   7   1   7   1.0481366265
1   7   1   8   -0.0000000000
1   7   1   9   0.0815059576
1   7   2   6   0.0633172459
1   7   2   7   0.0147121125
1   7   2   8   -0.0000000000
1   7   2   9   0.0073975462
1   7   3   6   -0.0000000000
1   7   3   8   -0.0229331311
1   7   3   9   0.0000000000
1   7   4   6   0.0158378422
1   7   4   7   0.0145101425
1   7   4   8   -0.0000000000
1   7   4   9   -0.0218198643
1   7   5   10   -0.0279855075
1   8   1   6   -0.0000000000
1   8   1   7   -0.0000000000
1   8   1   8   0.8939879809
1   8   1   9   -0.0000000000
1   8   2   6   -0.0000000000
1   8   2   7   -0.0000000000
1   8   2   8   0.0076072533
1   8   2   9   0.0000000000
1   8   3   6   0.0212677814
1   8   3   7   -0.0237867568
1   8   3   8   -0.0000000000
1   8   3   9   -0.0030532604
1   8   4   7   -0.0000000000
1   8   4   8   0.0075500024
1   8   4   9   0.0000000000
1   8   5   10   0.0000000000
1   9   1   6   0.1348453447
1   9   1   7   0.0815059576
1   9   1   8   -0.0000000000
1   9   1   9   0.9778519296
1   9   2   6   0.0158378422
1   9   2   7   0.0076702303
1   9   2   8   0.0000000000
1   9   2   9   0.0134382285
1   9   3   7   0.0000000000
1   9   3   8   -0.0026380547
1   9   3   9   0.0000000000
1   9   4   6   0.0306878265
1   9   4   7   -0.0225129582
1   9   4   8   0.0000000000
1   9   4   9   -0.0079382216
1   9   5   10   -0.0083919489
1   10   1   10   1.0190228773
1   10   2   10   0.0121382128
1   10   3   10   0.0000000000
1   10   4   10   0.0047796891
1   10   5   6   0.0303116880
1   10   5   7   -0.0283027353
1   10   5   9   -0.0087064535
2   6   1   6   0.4269594375
2   6   1   7   0.0633172459
2   6   1   8   -0.0000000000
2   6   1   9   0.0158378422
2   6   2   6   1.0481366265
2   6   2   7   0.0147121125
2   6   2   9   0.0145101425
2   6   3   6   -0.0000000000
2   6   3   7   -0.0000000000
2   6   3   8   -0.0229331311
2   6   3   9   -0.0000000000
2   6   4   6   0.0815059576
2   6   4   7   0.0073975462
2   6   4   8   0.0000000000
2   6   4   9   -0.0218198643
2   6   5   10   -0.0279855075
2   7   1   6   0.0593960851
2   7   1   7   0.0147121125
2   7   1   8   -0.0000000000
2   7   1   9   0.0076702303
2   7   2   6   0.0147121125
2   7   2   7   0.7434310263
2   7   2   8   -0.0000000000
2   7   2   9   -0.0176045099
2   7   3   6   -0.0000000000
2   7   3   7   -0.0000000000
2   7   3   8   0.1402879899
2   7   3   9   -0.0000000000
2   7   4   6   0.0076702303
2   7   4   7   -0.0176045099
2   7   4   8   -0.0000000000
2   7   4   9   0.1115335385
2   7   5   10   0.1140672568
2   8   1   6   -0.0000000000
2   8   1   7   -0.0000000000
2   8   1   8   0.0076072533
2   8   1   9   0.0000000000
2   8   2   7   -0.0000000000
2   8   2   8   0.6748878032
2   8   2   9   -0.0000000000
2   8   3   6   -0.0237867568
2   8   3   7   0.1456341000
2   8   3   8   0.0000000000
2   8   3   9   -0.0132757401
2   8   4   6   0.0000000000
2   8   4   7   -0.0000000000
2   8   4   8   -0.0120006491
2   8   4   9   0.0000000000
2   8   5   10   -0.0000000000
2   9   1   6   0.0159277650
2   9   1   7   0.0073975462
2   9   1   8   0.0000000000
2   9   1   9   0.0134382285
2   9   2   6   0.0145101425
2   9   2   7   -0.0176045099
2   9   2   8   -0.0000000000
2   9   2   9   0.6662907105
2   9   3   6   -0.0000000000
2   9   3   7   -0.0000000000
2   9   3   8   -0.0137732867
2   9   3   9   -0.0000000000
2   9   4   6   -0.0225129582
2   9   4   7   0.1166487145
2   9   4   8   0.0000000000
2   9   4   9   0.0610540422
2   9   5   10   0.0267911748
2   10   1   10   0.0121382128
2   10   2   10   0.6928469560
2   10   3   10   -0.0000000000
2   10   4   10   0.0298814098
2   10   5   6   -0.0283027353
2   10   5   7   0.1183057797
2   10   5   8   0.0000000000
2   10   5   9   0.0265330930
3   6   1   6   -0.0000000000
3   6   1   7   -0.0000000000
3   6   1   8   0.0212677814
3   6   2   6   -0.0000000000
3   6   2   7   -0.0000000000
3   6   2   8   -0.0237867568
3   6   2   9   -0.0000000000
3   6   3   6   0.8939879809
3   6   3   7   0.0076072533
3   6   3   8   -0.0000000000
3   6   3   9   0.0075500024
3   6   4   6   -0.0000000000
3   6   4   7   0.0000000000
3   6   4   8   -0.0030532604
3   6   4   9   0.0000000000
3   6   5   10   0.0000000000
3   7   1   6   -0.0000000000
3   7   1   8   -0.0237867568
3   7   1   9   0.0000000000
3   7   2   6   -0.0000000000
3   7   2   7   -0.0000000000
3   7   2   8   0.1456341000
3   7   2   9   -0.0000000000
3   7   3   6   0.0076072533
3   7   3   7   0.6748878032
3   7   3   8   0.0000000000
3   7   3   9   -0.0120006491
3   7   4   6   0.0000000000
3   7   4   7   -0.0000000000
3   7   4   8   -0.0132757401
3   7   4   9   0.0000000000
3   7   5   10   -0.0000000000
3   8   1   6   0.0165517803
3   8   1   7   -0.0229331311
3   8   1   8   -0.0000000000
3   8   1   9   -0.0026380547
3   8   2   6   -0.0229331311
3   8   2   7   0.1402879899
3   8   2   8   0.0000000000
3   8   2   9   -0.0137732867
3   8   3   6   -0.0000000000
3   8   3   7   0.0000000000
3   8   3   8   0.6500311757
3   8   3   9   -0.0000000000
3   8   4   6   -0.0026380547
3   8   4   7   -0.0137732867
3   8   4   8   -0.0000000000
3   8   4   9   0.0285524525
3   8   5   10   0.0206377529
3   9   1   6   0.0000000000
3   9   1   7   0.0000000000
3   9   1   8   -0.0030532604
3   9   1   9   0.0000000000
3   9   2   6   -0.0000000000
3   9   2   7   -0.0000000000
3   9   2   8   -0.0132757401
3   9   2   9   -0.0000000000
3   9   3   6   0.0075500024
3   9   3   7   -0.0120006491
3   9   3   8   -0.0000000000
3   9   3   9   0.5976855505
3   9   4   6   0.0000000000
3   9   4   7   0.0000000000
3   9   4   8   0.0353810668
3   9   4   9   0.0000000000
3   9   5   10   0.0000000000
3   10   1   10   0.0000000000
3   10   2   10   -0.0000000000
3   10   3   10   0.6105291643
3   10   4   10   0.0000000000
3   10   5   7   0.0000000000
3   10   5   8   0.0270182927
3   10   5   9   0.0000000000
4   6   1   6   0.1348453447
4   6   1   7   0.0158378422
4   6   1   9   0.0306878265
4   6   2   6   0.0815059576
4   6   2   7   0.0076702303
4   6   2   8   0.0000000000
4   6   2   9   -0.0225129582
4   6   3   6   -0.0000000000
4   6   3   7   0.0000000000
4   6   3   8   -0.0026380547
4   6   3   9   0.0000000000
4   6   4   6   0.9778519296
4   6   4   7   0.0134382285
4   6   4   8   0.0000000000
4   6   4   9   -0.0079382216
4   6   5   10   -0.0083919489
4   7   1   6   0.0159277650
4   7   1   7   0.0145101425
4   7   1   8   -0.0000000000
4   7   1   9   -0.0225129582
4   7   2   6   0.0073975462
4   7   2   7   -0.0176045099
4   7   2   8   -0.0000000000
4   7   2   9   0.1166487145
4   7   3   6   0.0000000000
4   7   3   7   -0.0000000000
4   7   3   8   -0.0137732867
4   7   3   9   0.0000000000
4   7   4   6   0.0134382285
4   7   4   7   0.6662907105
4   7   4   8   -0.0000000000
4   7   4   9   0.0610540422
4   7   5   10   0.0267911748
4   8   1   6   0.0000000000
4   8   1   7   -0.0000000000
4   8   1   8   0.0075500024
4   8   1   9   0.0000000000
4   8   2   6   0.0000000000
4   8   2   7   -0.0000000000
4   8   2   8   -0.0120006491
4   8   2   9   0.0000000000
4   8   3   6   -0.0030532604
4   8   3   7   -0.0132757401
4   8   3   8   -0.0000000000
4   8   3   9   0.0353810668
4   8   4   6   0.0000000000
4   8   4   7   -0.0000000000
4   8   4   8   0.5976855505
4   8   4   9   0.0000000000
4   8   5   10   0.0000000000
4   9   1   6   0.0256140312
4   9   1   7   -0.0218198643
4   9   1   8   0.0000000000
4   9   1   9   -0.0079382216
4   9   2   6   -0.0218198643
4   9   2   7   0.1115335385
4   9   2   8   0.0000000000
4   9   2   9   0.0610540422
4   9   3   6   0.0000000000
4   9   3   7   0.0000000000
4   9   3   8   0.0285524525
4   9   3   9   0.0000000000
4   9   4   6   -0.0079382216
4   9   4   7   0.0610540422
4   9   4   8   0.0000000000
4   9   4   9   0.6891210491
4   9   5   10   0.0305097957
4   10   1   10   0.0047796891
4   10   2   10   0.0298814098
4   10   3   10   0.0000000000
4   10   4   10   0.6366341629
4   10   5   6   -0.0087064535
4   10   5   7   0.0265330930
4   10   5   8   0.0000000000
4   10   5   9   0.0363608989
5   6   1   10   0.0303116880
5   6   2   10   -0.0283027353
5   6   4   10   -0.0087064535
5   6   5   6   1.0190228773
5   6   5   7   0.0121382128
5   6   5   8   0.0000000000
5   6   5   9   0.0047796891
5   7   1   10   -0.0283027353
5   7   2   10   0.1183057797
5   7   3   10   0.0000000000
5   7   4   10   0.0265330930
5   7   5   6   0.0121382128
5   7   5   7   0.6928469560
5   7   5   8   -0.0000000000
5   7   5   9   0.0298814098
5   8   2   10   0.0000000000
5   8   3   10   0.0270182927
5   8   4   10   0.0000000000
5   8   5   6   0.0000000000
5   8   5   7   -0.0000000000
5   8   5   8   0.6105291643
5   8   5   9   0.0000000000
5   9   1   10   -0.0087064535
5   9   2   10   0.0265330930
5   9   3   10   0.0000000000
5   9   4   10   0.0363608989
5   9   5   6   0.0047796891
5   9   5   7   0.0298814098
5   9   5   8   0.0000000000
5   9   5   9   0.6366341629
5   10   1   6   0.0248657627
5   10   1   7   -0.0279855075
5   10   1   8   0.0000000000
5   10   1   9   -0.0083919489
5   10   2   6   -0.0279855075
5   10   2   7   0.1140672568
5   10   2   8   -0.0000000000
5   10   2   9   0.0267911748
5   10   3   6   0.0000000000
5   10   3   7   -0.0000000000
5   10   3   8   0.0206377529
5   10   3   9   0.0000000000
5   10   4   6   -0.0083919489
5   10   4   7   0.0267911748
5   10   4   8   0.0000000000
5   10   4   9   0.0305097957
5   10   5   10   0.7082309189

End IJKL Block
Begin ABCD Block
1   3   1   3   0.2013159152
1   3   1   4   0.0000000015
1   3   2   3   0.0000000015
1   3   2   4   0.0452435110
1   4   1   3   0.0000000015
1   4   1   4   0.1830012890
1   4   2   3   0.0452416211
1   4   2   4   -0.0000000003
2   3   1   3   0.0000000015
2   3   1   4   0.0452416211
2   3   2   3   0.1830012890
2   3   2   4   -0.0000000003
2   4   1   3   0.0452435109
2   4   1   4   -0.0000000003
2   4   2   3   -0.0000000003
2   4   2   4   0.1885081613

End ABCD Block
Begin AIJB Block
1   6   1   3   0.0028612928
1   6   2   3   -0.0003256635
1   6   3   3   0.0000000000
1   6   3   4   0.0006317899
1   6   4   3   0.0003574877
1   7   1   3   -0.0003256635
1   7   1   4   0.0000000000
1   7   2   3   0.0098919235
1   7   3   3   0.0000000000
1   7   3   4   -0.0027241951
1   7   4   3   -0.0054398161
1   7   4   4   0.0000000000
1   8   1   3   0.0000000000
1   8   1   4   -0.0000923698
1   8   2   3   0.0000000000
1   8   2   4   -0.0072497859
1   8   3   3   0.0056314567
1   8   3   4   -0.0000000000
1   8   4   3   0.0000000000
1   8   4   4   0.0045790529
1   9   1   3   0.0003574877
1   9   1   4   0.0000000000
1   9   2   3   -0.0054398161
1   9   2   4   0.0000000000
1   9   3   3   0.0000000000
1   9   3   4   0.0016266144
1   9   4   3   0.0065881662
1   9   4   4   0.0000000000
1   10   5   3   0.0046136432
1   10   5   4   0.0000000000
2   6   1   4   0.0012073399
2   6   2   3   0.0000000000
2   6   2   4   -0.0010293867
2   6   3   3   -0.0000923698
2   6   4   3   0.0000000000
2   6   4   4   -0.0003151418
2   7   1   4   -0.0010293867
2   7   2   4   0.0037153836
2   7   3   3   -0.0072497859
2   7   3   4   -0.0000000000
2   7   4   3   0.0000000000
2   7   4   4   0.0004606355
2   8   1   3   0.0006317899
2   8   2   3   -0.0027241951
2   8   2   4   -0.0000000000
2   8   3   3   -0.0000000000
2   8   3   4   0.0092124145
2   8   4   3   0.0016266144
2   8   4   4   -0.0000000000
2   9   1   4   -0.0003151418
2   9   2   3   0.0000000000
2   9   2   4   0.0004606355
2   9   3   3   0.0045790529
2   9   3   4   -0.0000000000
2   9   4   3   0.0000000000
2   9   4   4   0.0019683781
2   10   5   3   0.0000000000
2   10   5   4   0.0013363243

1   6   6   1   -0.2511258871
1   6   6   2   -0.0000000000
1   6   7   1   -0.0004061500
1   6   7   2   0.0000000000
1   6   8   1   0.0000000000
1   6   8   2   -0.0018754829
1   6   9   1   -0.0023708832
1   6   9   2   0.0000000000
1   7   6   1   -0.0004061500
1   7   6   2   0.0000000000
1   7   7   1   -0.2417221923
1   7   7   2   0.0000000002
1   7   8   1   -0.0000000001
1   7   8   2   0.0232596528
1   7   9   1   0.0148533935
1   7   9   2   0.0000000001
1   8   6   1   0.0000000000
1   8   6   2   -0.0018838155
1   8   7   1   -0.0000000001
1   8   7   2   0.0232477105
1   8   8   1   -0.2391298867
1   8   8   2   -0.0000000001
1   8   9   1   0.0000000000
1   8   9   2   -0.0067263676
1   9   6   1   -0.0023708832
1   9   6   2   0.0000000000
1   9   7   1   0.0148533935
1   9   7   2   0.0000000001
1   9   8   1   0.0000000000
1   9   8   2   -0.0067579134
1   9   9   1   -0.2307019271
1   9   9   2   0.0000000001
1   10   10   1   -0.2336119003
1   10   10   2   0.0000000006
2   6   6   1   -0.0000000000
2   6   6   2   -0.2115619028
2   6   7   1   0.0000000000
2   6   7   2   -0.0003248747
2   6   8   1   -0.0018838155
2   6   8   2   -0.0000000000
2   6   9   1   0.0000000000
2   6   9   2   -0.0006866026
2   7   6   1   0.0000000000
2   7   6   2   -0.0003248747
2   7   7   1   0.0000000002
2   7   7   2   -0.2035973781
2   7   8   1   0.0232477105
2   7   8   2   0.0000000000
2   7   9   1   0.0000000001
2   7   9   2   0.0064938891
2   8   6   1   -0.0018754829
2   8   6   2   -0.0000000000
2   8   7   1   0.0232596528
2   8   7   2   0.0000000000
2   8   8   1   -0.0000000000
2   8   8   2   -0.2067850667
2   8   9   1   -0.0067579134
2   8   9   2   -0.0000000000
2   9   6   1   0.0000000000
2   9   6   2   -0.0006866026
2   9   7   1   0.0000000001
2   9   7   2   0.0064938891
2   9   8   1   -0.0067263676
2   9   8   2   -0.0000000000
2   9   9   1   0.0000000001
2   9   9   2   -0.1966756416
2   10   10   1   0.0000000006
2   10   10   2   -0.1974414353

End AIJB Block
Begin IJKA Block
1   6   1   3   0.0770284408
1   6   1   4   0.0000000000
1   6   2   3   0.0125267174
1   6   2   4   -0.0000000000
1   6   3   3   0.0000000000
1   6   3   4   -0.0050087371
1   6   4   3   -0.0004033650
1   6   4   4   0.0000000000
1   7   1   3   0.0937673945
1   7   1   4   0.0000000000
1   7   2   3   0.0013800044
1   7   2   4   -0.0000000000
1   7   3   3   0.0000000000
1   7   3   4   0.0044380247
1   7   4   3   0.0048951282
1   7   4   4   -0.0000000000
1   8   1   3   0.0000000000
1   8   1   4   -0.0882958084
1   8   2   4   -0.0005276285
1   8   3   3   -0.0026680462
1   8   3   4   0.0000000000
1   8   4   3   -0.0000000000
1   8   4   4   -0.0003757533
1   9   1   3   -0.0435625081
1   9   1   4   -0.0000000000
1   9   2   3   0.0005651962
1   9   2   4   -0.0000000000
1   9   3   3   -0.0000000000
1   9   3   4   0.0013042707
1   9   4   3   -0.0018866456
1   9   4   4   -0.0000000000
1   10   5   3   -0.0037975566
1   10   5   4   0.0000000000
2   6   1   3   0.0132709816
2   6   1   4   0.0000000000
2   6   2   3   0.0006707650
2   6   2   4   -0.0000000000
2   6   3   3   0.0000000000
2   6   3   4   0.0057311739
2   6   4   3   0.0047701059
2   6   4   4   0.0000000000
2   7   1   3   0.0006225549
2   7   1   4   -0.0000000000
2   7   2   3   0.0559541491
2   7   2   4   -0.0000000000
2   7   3   3   0.0000000000
2   7   3   4   -0.0195472968
2   7   4   3   -0.0105946808
2   7   4   4   0.0000000000
2   8   1   3   -0.0000000000
2   8   1   4   -0.0000264131
2   8   2   3   -0.0000000000
2   8   2   4   -0.0550678230
2   8   3   3   0.0041591782
2   8   3   4   -0.0000000000
2   8   4   3   -0.0000000000
2   8   4   4   -0.0050366063
2   9   1   3   0.0007284886
2   9   1   4   -0.0000000000
2   9   2   3   -0.0292775832
2   9   2   4   -0.0000000000
2   9   3   3   0.0000000000
2   9   3   4   -0.0059887021
2   9   4   3   0.0001741604
2   9   4   4   -0.0000000000
2   10   5   3   0.0098121759
2   10   5   4   0.0000000000
3   6   1   4   -0.0055191629
3   6   2   3   0.0000000000
3   6   2   4   0.0059057761
3   6   3   3   0.0003002604
3   6   4   3   0.0000000000
3   6   4   4   0.0009026201
3   7   1   3   -0.0000000000
3   7   1   4   0.0045325562
3   7   2   3   -0.0000000000
3   7   2   4   -0.0192457619
3   7   3   3   0.0418484685
3   7   3   4   0.0000000000
3   7   4   3   -0.0000000000
3   7   4   4   -0.0019408569
3   8   1   3   -0.0025133177
3   8   1   4   -0.0000000000
3   8   2   3   0.0044173718
3   8   2   4   -0.0000000000
3   8   3   3   -0.0000000000
3   8   3   4   -0.0511144775
3   8   4   3   0.0004876616
3   8   4   4   0.0000000000
3   9   1   4   0.0012786194
3   9   2   3   0.0000000000
3   9   2   4   -0.0053751311
3   9   3   3   -0.0204541071
3   9   3   4   0.0000000000
3   9   4   3   0.0000000000
3   9   4   4   -0.0044773809
3   10   5   3   -0.0000000000
3   10   5   4   -0.0049867115
4   6   1   3   -0.0006678700
4   6   1   4   -0.0000000000
4   6   2   3   0.0049538764
4   6   2   4   0.0000000000
4   6   3   3   0.0000000000
4   6   3   4   0.0008416840
4   6   4   3   0.0037475359
4   6   4   4   0.0000000000
4   7   1   3   0.0047744963
4   7   1   4   -0.0000000000
4   7   2   3   -0.0109247703
4   7   2   4   0.0000000000
4   7   3   3   -0.0000000000
4   7   3   4   -0.0021027490
4   7   4   3   0.0379729294
4   7   4   4   -0.0000000000
4   8   1   4   -0.0003411224
4   8   2   3   -0.0000000000
4   8   2   4   -0.0043549393
4   8   3   3   0.0004882865
4   8   3   4   0.0000000000
4   8   4   4   -0.0475837790
4   9   1   3   -0.0015832259
4   9   1   4   -0.0000000000
4   9   2   3   0.0006394649
4   9   2   4   -0.0000000000
4   9   3   3   0.0000000000
4   9   3   4   -0.0047468893
4   9   4   3   -0.0287885418
4   9   4   4   -0.0000000000
4   10   5   3   -0.0011969945
4   10   5   4   -0.0000000000
5   6   5   3   0.0013764387
5   6   5   4   -0.0000000000
5   7   5   3   0.0478854498
5   7   5   4   -0.0000000000
5   8   5   3   -0.0000000000
5   8   5   4   -0.0496558161
5   9   5   3   -0.0254077833
5   9   5   4   -0.0000000001
5   10   1   3   -0.0033502595
5   10   1   4   -0.0000000000
5   10   2   3   0.0097237914
5   10   2   4   0.0000000000
5   10   3   3   -0.0000000000
5   10   3   4   -0.0050985534
5   10   4   3   -0.0015374113
5   10   4   4   -0.0000000000

End IJKA Block
Begin IABC Block
1   3   1   3   -0.0002242560
1   3   1   4   0.0000000000
1   3   2   3   0.0000000000
1   3   2   4   -0.0004154399
1   4   1   3   0.0000000000
1   4   1   4   -0.0000284435
1   4   2   3   -0.0004180977
2   3   1   3   0.0030378532
2   3   1   4   0.0000000000
2   3   2   3   0.0000000001
2   3   2   4   -0.0005844220
2   4   1   3   0.0000000000
2   4   1   4   0.0013067669
2   4   2   3   -0.0005488898
2   4   2   4   -0.0000000000
3   3   1   3   0.0000000000
3   3   1   4   0.0082214223
3   3   2   3   -0.0019907663
3   3   2   4   -0.0000000000
3   4   1   3   0.0080808738
3   4   1   4   -0.0000000000
3   4   2   3   -0.0000000000
3   4   2   4   0.0001998662
4   3   1   3   0.0029010032
4   3   1   4   0.0000000001
4   3   2   3   0.0000000001
4   3   2   4   0.0039283241
4   4   1   3   0.0000000001
4   4   1   4   0.0026647697
4   4   2   3   0.0038932459
4   4   2   4   -0.0000000000

End IABC Block
