Begin IJ Block
1   1   -33.0220507232
1   2   -0.5808730613
1   4   -0.1861445870
2   2   -7.8565860727
2   4   -0.2460045049
3   3   -6.6990778866
4   4   -6.9210234572
5   5   -7.0960153266

End IJ Block
Begin IA Block
1   1   0.1800907745
1   4   -0.1612151869
1   5   0.1202589757
2   1   0.9489713486
2   4   -0.6785298081
2   5   0.0638184976
3   2   1.2004512855
3   3   -0.6185599118
4   1   -0.5337640005
4   4   0.6955518739
4   5   1.6233695709
5   6   -2.0148231883

End IA Block
Begin AB Block
1   1   -3.3592187744
1   2   0.0000000000
1   4   1.0423779602
1   5   0.4426106339
2   2   -3.1483627511
2   3   1.0073275793
2   4   0.0000000000
3   3   -4.0847443895
4   4   -4.0759662597
4   5   -0.4516116240
5   5   -4.7414982197
6   6   -5.3438687359

End AB Block
Begin IJAB Block
1   6   1   7   0.0103756263
1   6   1   8   0.0000000000
1   6   1   9   0.0000000000
1   6   1   10   -0.0113913346
1   6   1   11   -0.0041928683
1   6   2   7   0.0000000000
1   6   2   8   0.0064096584
1   6   2   9   -0.0061230232
1   6   2   10   0.0000000000
1   6   3   7   0.0000000000
1   6   3   8   -0.0061230232
1   6   3   9   0.0058166833
1   6   4   7   -0.0113913346
1   6   4   8   0.0000000000
1   6   4   10   0.0137595065
1   6   4   11   0.0109525107
1   6   5   7   -0.0041928683
1   6   5   10   0.0109525107
1   6   5   11   0.0335589021
1   6   6   12   0.0484046466
1   7   1   7   -0.0009407505
1   7   1   10   0.0019291539
1   7   1   11   0.0053101758
1   7   2   8   -0.0056729848
1   7   2   9   0.0044368015
1   7   3   8   0.0053433283
1   7   3   9   -0.0044823515
1   7   4   7   0.0028568511
1   7   4   10   -0.0046025983
1   7   4   11   -0.0081049667
1   7   5   7   0.0090335296
1   7   5   10   -0.0117281064
1   7   5   11   -0.0141222334
1   7   6   12   -0.0229917168
1   8   1   8   0.0010207747
1   8   1   9   -0.0029121588
1   8   2   7   -0.0026534255
1   8   2   10   -0.0001046311
1   8   2   11   0.0006429923
1   8   3   7   0.0022860405
1   8   3   10   0.0002922187
1   8   3   11   -0.0000259222
1   8   4   8   -0.0012832891
1   8   4   9   0.0042469819
1   8   5   8   0.0005530412
1   8   5   9   0.0050374134
1   9   1   7   0.0011070442
1   9   1   10   -0.0000973983
1   9   1   11   0.0059744739
1   9   2   8   -0.0022411590
1   9   2   9   0.0048504061
1   9   3   8   0.0024672482
1   9   3   9   -0.0048302074
1   9   4   7   -0.0019370755
1   9   4   10   0.0007209705
1   9   4   11   -0.0077516754
1   9   5   7   -0.0037569061
1   9   5   10   0.0026663037
1   9   5   11   -0.0078333571
1   9   6   12   -0.0083589355
1   10   1   12   -0.0035729087
1   10   4   12   0.0028488435
1   10   5   12   -0.0019668361
1   10   6   7   0.0088615933
1   10   6   10   -0.0121509686
1   10   6   11   0.0076837732
2   6   1   7   -0.0009407505
2   6   1   10   0.0028568511
2   6   1   11   0.0090335296
2   6   2   8   -0.0056729848
2   6   2   9   0.0053433283
2   6   3   8   0.0044368015
2   6   3   9   -0.0044823515
2   6   4   7   0.0019291539
2   6   4   10   -0.0046025983
2   6   4   11   -0.0117281064
2   6   5   7   0.0053101758
2   6   5   10   -0.0081049667
2   6   5   11   -0.0141222334
2   6   6   12   -0.0229917168
2   7   1   7   0.0373725506
2   7   1   10   -0.0356887067
2   7   1   11   -0.0085404428
2   7   2   8   0.0214847544
2   7   2   9   -0.0174163724
2   7   3   8   -0.0174163724
2   7   3   9   0.0419991890
2   7   4   7   -0.0356887067
2   7   4   10   0.0559123660
2   7   4   11   0.0047040950
2   7   5   7   -0.0085404428
2   7   5   10   0.0047040950
2   7   5   11   0.0369581716
2   7   6   12   0.0411469278
2   8   1   8   0.0338589966
2   8   1   9   -0.0161674744
2   8   2   7   0.0128989446
2   8   2   10   -0.0024552867
2   8   2   11   -0.0052734547
2   8   3   7   -0.0106459424
2   8   3   10   0.0271815581
2   8   3   11   -0.0047446515
2   8   4   8   -0.0240237781
2   8   4   9   0.0299025924
2   8   5   8   -0.0015316598
2   8   5   9   -0.0057616232
2   9   1   7   -0.0192277264
2   9   1   10   0.0259532902
2   9   1   11   0.0363471262
2   9   2   8   0.0047111825
2   9   2   9   -0.0136018920
2   9   3   8   -0.0053365450
2   9   3   9   -0.0062556175
2   9   4   7   0.0210989331
2   9   4   10   -0.0372967796
2   9   4   11   -0.0209146141
2   9   5   7   0.0095887215
2   9   5   10   0.0027614866
2   9   5   11   0.0136015486
2   9   6   12   0.0107063111
2   10   1   12   -0.0532150642
2   10   4   12   0.0442438618
2   10   5   12   -0.0082103008
2   10   6   7   -0.0184632339
2   10   6   10   0.0166249963
2   10   6   11   -0.0078351835
3   6   1   8   -0.0026534255
3   6   1   9   0.0022860405
3   6   2   7   0.0010207747
3   6   2   10   -0.0012832891
3   6   2   11   0.0005530412
3   6   3   7   -0.0029121588
3   6   3   10   0.0042469819
3   6   3   11   0.0050374134
3   6   4   8   -0.0001046311
3   6   4   9   0.0002922187
3   6   5   8   0.0006429923
3   6   5   9   -0.0000259222
3   7   1   8   0.0128989446
3   7   1   9   -0.0106459424
3   7   2   7   0.0338589966
3   7   2   10   -0.0240237781
3   7   2   11   -0.0015316598
3   7   3   7   -0.0161674744
3   7   3   10   0.0299025924
3   7   3   11   -0.0057616232
3   7   4   8   -0.0024552867
3   7   4   9   0.0271815581
3   7   5   8   -0.0052734547
3   7   5   9   -0.0047446515
3   8   1   7   0.0206603530
3   8   1   10   -0.0248024261
3   8   1   11   0.0016247073
3   8   2   8   0.0529297210
3   8   2   9   -0.0405962403
3   8   3   8   -0.0405962403
3   8   3   9   0.0864928729
3   8   4   7   -0.0248024261
3   8   4   10   0.0731916179
3   8   4   11   -0.0185542109
3   8   5   7   0.0016247073
3   8   5   10   -0.0185542109
3   8   5   11   0.0239890526
3   8   6   12   0.0137134160
3   9   1   8   -0.0074241129
3   9   1   9   0.0113143539
3   9   2   7   -0.0201608493
3   9   2   10   0.0264090685
3   9   2   11   0.0484568160
3   9   3   7   0.0179591673
3   9   3   10   -0.0362979324
3   9   3   11   -0.0393416283
3   9   4   8   0.0160708308
3   9   4   9   -0.0464946074
3   9   5   8   0.0025223401
3   9   5   9   0.0081291423
3   10   2   12   -0.0576394102
3   10   3   12   0.0410164315
3   10   6   8   -0.0076436675
3   10   6   9   0.0054530099
4   6   1   7   0.0011070442
4   6   1   10   -0.0019370755
4   6   1   11   -0.0037569061
4   6   2   8   -0.0022411590
4   6   2   9   0.0024672482
4   6   3   8   0.0048504061
4   6   3   9   -0.0048302074
4   6   4   7   -0.0000973983
4   6   4   10   0.0007209705
4   6   4   11   0.0026663037
4   6   5   7   0.0059744739
4   6   5   10   -0.0077516754
4   6   5   11   -0.0078333571
4   6   6   12   -0.0083589355
4   7   1   7   -0.0192277264
4   7   1   10   0.0210989331
4   7   1   11   0.0095887215
4   7   2   8   0.0047111825
4   7   2   9   -0.0053365450
4   7   3   8   -0.0136018920
4   7   3   9   -0.0062556175
4   7   4   7   0.0259532902
4   7   4   10   -0.0372967796
4   7   4   11   0.0027614866
4   7   5   7   0.0363471262
4   7   5   10   -0.0209146141
4   7   5   11   0.0136015486
4   7   6   12   0.0107063111
4   8   1   8   -0.0201608493
4   8   1   9   0.0179591673
4   8   2   7   -0.0074241129
4   8   2   10   0.0160708308
4   8   2   11   0.0025223401
4   8   3   7   0.0113143539
4   8   3   10   -0.0464946074
4   8   3   11   0.0081291423
4   8   4   8   0.0264090685
4   8   4   9   -0.0362979324
4   8   5   8   0.0484568160
4   8   5   9   -0.0393416283
4   9   1   7   0.0201682870
4   9   1   10   -0.0199811718
4   9   1   11   -0.0207035483
4   9   2   8   0.0137012538
4   9   2   9   -0.0222670054
4   9   3   8   -0.0222670054
4   9   3   9   0.0587648100
4   9   4   7   -0.0199811718
4   9   4   10   0.0387309533
4   9   4   11   0.0360092505
4   9   5   7   -0.0207035483
4   9   5   10   0.0360092505
4   9   5   11   0.1095106630
4   9   6   12   0.0181106088
4   10   1   12   0.0223571175
4   10   4   12   -0.0382756221
4   10   5   12   -0.0928302943
4   10   6   7   -0.0012180718
4   10   6   10   -0.0009813023
4   10   6   11   -0.0185176384
5   6   1   12   0.0088615933
5   6   4   12   -0.0121509686
5   6   5   12   0.0076837732
5   6   6   7   -0.0035729087
5   6   6   10   0.0028488435
5   6   6   11   -0.0019668361
5   7   1   12   -0.0184632339
5   7   4   12   0.0166249963
5   7   5   12   -0.0078351835
5   7   6   7   -0.0532150642
5   7   6   10   0.0442438618
5   7   6   11   -0.0082103008
5   8   2   12   -0.0076436675
5   8   3   12   0.0054530099
5   8   6   8   -0.0576394102
5   8   6   9   0.0410164315
5   9   1   12   -0.0012180718
5   9   4   12   -0.0009813023
5   9   5   12   -0.0185176384
5   9   6   7   0.0223571175
5   9   6   10   -0.0382756221
5   9   6   11   -0.0928302943
5   10   1   7   0.0132180705
5   10   1   10   -0.0116463213
5   10   1   11   0.0014122223
5   10   2   8   0.0078994772
5   10   2   9   -0.0071728279
5   10   3   8   -0.0071728279
5   10   3   9   0.0104784952
5   10   4   7   -0.0116463213
5   10   4   10   0.0235191980
5   10   4   11   -0.0050560735
5   10   5   7   0.0014122223
5   10   5   10   -0.0050560735
5   10   5   11   0.0176130406
5   10   6   12   0.1482503723

End IJAB Block
Begin IJKL Block
1   6   1   6   4.7390236545
1   6   1   7   0.4309510499
1   6   1   9   0.1390861805
1   6   2   6   0.4309510499
1   6   2   7   0.0622727435
1   6   2   9   0.0168867347
1   6   3   8   0.0177154874
1   6   4   6   0.1390861805
1   6   4   7   0.0168867347
1   6   4   9   0.0287207526
1   6   5   10   0.0290368914
1   7   1   6   0.4309510499
1   7   1   7   1.0459983192
1   7   1   9   0.0893039122
1   7   2   6   0.0638849265
1   7   2   7   0.0144535300
1   7   2   9   0.0077896802
1   7   3   8   -0.0225957892
1   7   4   6   0.0168194628
1   7   4   7   0.0146205947
1   7   4   9   -0.0224479936
1   7   5   10   -0.0295327987
1   8   1   8   0.8785319724
1   8   2   8   0.0068387926
1   8   3   6   0.0198191435
1   8   3   7   -0.0231364348
1   8   3   9   -0.0031884596
1   8   4   8   0.0072137877
1   9   1   6   0.1390861805
1   9   1   7   0.0893039122
1   9   1   9   0.9822743094
1   9   2   6   0.0168194628
1   9   2   7   0.0078788646
1   9   2   9   0.0127948471
1   9   3   8   -0.0029322527
1   9   4   6   0.0299995876
1   9   4   7   -0.0225487834
1   9   4   9   -0.0090230251
1   9   5   10   -0.0092489050
1   10   1   10   1.0365554749
1   10   2   10   0.0114597128
1   10   4   10   0.0045026942
1   10   5   6   0.0300546179
1   10   5   7   -0.0294693181
1   10   5   9   -0.0093256298
2   6   1   6   0.4309510499
2   6   1   7   0.0638849265
2   6   1   9   0.0168194628
2   6   2   6   1.0459983192
2   6   2   7   0.0144535300
2   6   2   9   0.0146205947
2   6   3   8   -0.0225957892
2   6   4   6   0.0893039122
2   6   4   7   0.0077896802
2   6   4   9   -0.0224479936
2   6   5   10   -0.0295327987
2   7   1   6   0.0622727435
2   7   1   7   0.0144535300
2   7   1   9   0.0078788646
2   7   2   6   0.0144535300
2   7   2   7   0.7473975518
2   7   2   9   -0.0169458320
2   7   3   8   0.1463031643
2   7   4   6   0.0078788646
2   7   4   7   -0.0169458320
2   7   4   9   0.1202571690
2   7   5   10   0.1224740089
2   8   1   8   0.0068387926
2   8   2   8   0.6738631252
2   8   3   6   -0.0231364348
2   8   3   7   0.1485814884
2   8   3   9   -0.0159323286
2   8   4   8   -0.0125834877
2   9   1   6   0.0168867347
2   9   1   7   0.0077896802
2   9   1   9   0.0127948471
2   9   2   6   0.0146205947
2   9   2   7   -0.0169458320
2   9   2   9   0.6761130099
2   9   3   8   -0.0165233655
2   9   4   6   -0.0225487834
2   9   4   7   0.1231818995
2   9   4   9   0.0682543118
2   9   5   10   0.0295105268
2   10   1   10   0.0114597128
2   10   2   10   0.7100383935
2   10   4   10   0.0362973215
2   10   5   6   -0.0294693181
2   10   5   7   0.1257699360
2   10   5   9   0.0297203493
3   6   1   8   0.0198191435
3   6   2   8   -0.0231364348
3   6   3   6   0.8785319724
3   6   3   7   0.0068387926
3   6   3   9   0.0072137877
3   6   4   8   -0.0031884596
3   7   1   8   -0.0231364348
3   7   2   8   0.1485814884
3   7   3   6   0.0068387926
3   7   3   7   0.6738631252
3   7   3   9   -0.0125834877
3   7   4   8   -0.0159323286
3   8   1   6   0.0177154874
3   8   1   7   -0.0225957892
3   8   1   9   -0.0029322527
3   8   2   6   -0.0225957892
3   8   2   7   0.1463031643
3   8   2   9   -0.0165233655
3   8   3   8   0.6534432118
3   8   4   6   -0.0029322527
3   8   4   7   -0.0165233655
3   8   4   9   0.0357279186
3   8   5   10   0.0252992467
3   9   1   8   -0.0031884596
3   9   2   8   -0.0159323286
3   9   3   6   0.0072137877
3   9   3   7   -0.0125834877
3   9   3   9   0.6015681351
3   9   4   8   0.0390925645
3   10   3   10   0.6179291330
3   10   5   8   0.0294640120
4   6   1   6   0.1390861805
4   6   1   7   0.0168194628
4   6   1   9   0.0299995876
4   6   2   6   0.0893039122
4   6   2   7   0.0078788646
4   6   2   9   -0.0225487834
4   6   3   8   -0.0029322527
4   6   4   6   0.9822743094
4   6   4   7   0.0127948471
4   6   4   9   -0.0090230251
4   6   5   10   -0.0092489050
4   7   1   6   0.0168867347
4   7   1   7   0.0146205947
4   7   1   9   -0.0225487834
4   7   2   6   0.0077896802
4   7   2   7   -0.0169458320
4   7   2   9   0.1231818995
4   7   3   8   -0.0165233655
4   7   4   6   0.0127948471
4   7   4   7   0.6761130099
4   7   4   9   0.0682543118
4   7   5   10   0.0295105268
4   8   1   8   0.0072137877
4   8   2   8   -0.0125834877
4   8   3   6   -0.0031884596
4   8   3   7   -0.0159323286
4   8   3   9   0.0390925645
4   8   4   8   0.6015681351
4   9   1   6   0.0287207526
4   9   1   7   -0.0224479936
4   9   1   9   -0.0090230251
4   9   2   6   -0.0224479936
4   9   2   7   0.1202571690
4   9   2   9   0.0682543118
4   9   3   8   0.0357279186
4   9   4   6   -0.0090230251
4   9   4   7   0.0682543118
4   9   4   9   0.7182344916
4   9   5   10   0.0376234351
4   10   1   10   0.0045026942
4   10   2   10   0.0362973215
4   10   4   10   0.6598648556
4   10   5   6   -0.0093256298
4   10   5   7   0.0297203493
4   10   5   9   0.0421955411
5   6   1   10   0.0300546179
5   6   2   10   -0.0294693181
5   6   4   10   -0.0093256298
5   6   5   6   1.0365554749
5   6   5   7   0.0114597128
5   6   5   9   0.0045026942
5   7   1   10   -0.0294693181
5   7   2   10   0.1257699360
5   7   4   10   0.0297203493
5   7   5   6   0.0114597128
5   7   5   7   0.7100383935
5   7   5   9   0.0362973215
5   8   3   10   0.0294640120
5   8   5   8   0.6179291330
5   9   1   10   -0.0093256298
5   9   2   10   0.0297203493
5   9   4   10   0.0421955411
5   9   5   6   0.0045026942
5   9   5   7   0.0362973215
5   9   5   9   0.6598648556
5   10   1   6   0.0290368914
5   10   1   7   -0.0295327987
5   10   1   9   -0.0092489050
5   10   2   6   -0.0295327987
5   10   2   7   0.1224740089
5   10   2   9   0.0295105268
5   10   3   8   0.0252992467
5   10   4   6   -0.0092489050
5   10   4   7   0.0295105268
5   10   4   9   0.0376234351
5   10   5   10   0.7507952930

End IJKL Block
Begin ABCD Block
1   7   1   7   0.3011188688
1   7   1   10   -0.0360343679
1   7   1   11   -0.0259733053
1   7   2   8   0.0738924811
1   7   2   9   0.0024297086
1   7   3   8   0.0024297086
1   7   3   9   0.0138746701
1   7   4   7   -0.0360343679
1   7   4   10   0.0381580048
1   7   4   11   0.0108641606
1   7   5   7   -0.0259733053
1   7   5   10   0.0108641606
1   7   5   11   0.0250278030
1   7   6   12   0.0222255622
1   8   1   8   0.2890996412
1   8   1   9   -0.0301022718
1   8   2   7   0.0738975871
1   8   2   10   -0.0050189314
1   8   2   11   -0.0017790709
1   8   3   7   0.0024323178
1   8   3   10   0.0102750085
1   8   3   11   0.0039837769
1   8   4   8   -0.0338502982
1   8   4   9   0.0239894663
1   8   5   8   -0.0175033192
1   8   5   9   0.0093563486
1   9   1   8   -0.0301022718
1   9   1   9   0.3321152303
1   9   2   7   0.0024323178
1   9   2   10   0.0613222185
1   9   2   11   0.0118470368
1   9   3   7   0.0138801437
1   9   3   10   -0.0204410757
1   9   3   11   0.0025197559
1   9   4   8   0.0239906157
1   9   4   9   -0.0793741946
1   9   5   8   0.0093525115
1   9   5   9   -0.0263682267
1   10   1   7   -0.0360343679
1   10   1   10   0.3469757378
1   10   1   11   -0.0003500447
1   10   2   8   -0.0050193993
1   10   2   9   0.0613328541
1   10   3   8   0.0102887660
1   10   3   9   -0.0204392234
1   10   4   7   0.0381600203
1   10   4   10   -0.0950472091
1   10   4   11   -0.0049332366
1   10   5   7   0.0108638015
1   10   5   10   -0.0371359864
1   10   5   11   -0.0047201838
1   10   6   12   -0.0026234704
1   11   1   7   -0.0259733053
1   11   1   10   -0.0003500447
1   11   1   11   0.3262864712
1   11   2   8   -0.0017893189
1   11   2   9   0.0118541836
1   11   3   8   0.0039760803
1   11   3   9   0.0025428732
1   11   4   7   0.0108638015
1   11   4   10   -0.0049226754
1   11   4   11   -0.0699041794
1   11   5   7   0.0250528258
1   11   5   10   -0.0047350563
1   11   5   11   -0.0263509374
1   11   6   12   -0.0007044069
1   12   1   12   0.3290415006
1   12   4   12   -0.0762591276
1   12   5   12   -0.0294119455
1   12   6   7   0.0222583593
1   12   6   10   -0.0026436663
1   12   6   11   -0.0006791798
2   7   1   8   0.0738975871
2   7   1   9   0.0024323178
2   7   2   7   0.2890996412
2   7   2   10   -0.0338502982
2   7   2   11   -0.0175033192
2   7   3   7   -0.0301022718
2   7   3   10   0.0239894663
2   7   3   11   0.0093563486
2   7   4   8   -0.0050189314
2   7   4   9   0.0102750085
2   7   5   8   -0.0017790709
2   7   5   9   0.0039837769
2   8   1   7   0.0738924811
2   8   1   10   -0.0050193993
2   8   1   11   -0.0017893189
2   8   2   8   0.2955503425
2   8   2   9   -0.0272610703
2   8   3   8   -0.0272610703
2   8   3   9   0.0288968450
2   8   4   7   -0.0050193993
2   8   4   10   0.0127537952
2   8   4   11   0.0026605604
2   8   5   7   -0.0017893189
2   8   5   10   0.0026605604
2   8   5   11   0.0051685759
2   8   6   12   0.0051913439
2   9   1   7   0.0024297086
2   9   1   10   0.0613328541
2   9   1   11   0.0118541836
2   9   2   8   -0.0272610703
2   9   2   9   0.3223174205
2   9   3   8   0.0289182438
2   9   3   9   -0.0737065462
2   9   4   7   0.0102887660
2   9   4   10   -0.0261918205
2   9   4   11   -0.0005053565
2   9   5   7   0.0039760803
2   9   5   10   -0.0067881290
2   9   5   11   -0.0038447224
2   9   6   12   -0.0020868118
2   10   1   8   -0.0050189314
2   10   1   9   0.0613222185
2   10   2   7   -0.0338502982
2   10   2   10   0.3302321415
2   10   2   11   -0.0001241043
2   10   3   7   0.0239906157
2   10   3   10   -0.0702908162
2   10   3   11   -0.0050982525
2   10   4   8   0.0127482554
2   10   4   9   -0.0261759429
2   10   5   8   0.0026376282
2   10   5   9   -0.0067790541
2   11   1   8   -0.0017790709
2   11   1   9   0.0118470368
2   11   2   7   -0.0175033192
2   11   2   10   -0.0001241043
2   11   2   11   0.3065600209
2   11   3   7   0.0093525115
2   11   3   10   -0.0050938588
2   11   3   11   -0.0753332477
2   11   4   8   0.0026376282
2   11   4   9   -0.0004651290
2   11   5   8   0.0051975813
2   11   5   9   -0.0038904955
2   12   2   12   0.3108185673
2   12   3   12   -0.0768286354
2   12   6   8   0.0051971030
2   12   6   9   -0.0020803909
3   7   1   8   0.0024323178
3   7   1   9   0.0138801437
3   7   2   7   -0.0301022718
3   7   2   10   0.0239906157
3   7   2   11   0.0093525115
3   7   3   7   0.3321152303
3   7   3   10   -0.0793741946
3   7   3   11   -0.0263682267
3   7   4   8   0.0613222185
3   7   4   9   -0.0204410757
3   7   5   8   0.0118470368
3   7   5   9   0.0025197559
3   8   1   7   0.0024297086
3   8   1   10   0.0102887660
3   8   1   11   0.0039760803
3   8   2   8   -0.0272610703
3   8   2   9   0.0289182438
3   8   3   8   0.3223174205
3   8   3   9   -0.0737065462
3   8   4   7   0.0613328541
3   8   4   10   -0.0261918205
3   8   4   11   -0.0067881290
3   8   5   7   0.0118541836
3   8   5   10   -0.0005053565
3   8   5   11   -0.0038447224
3   8   6   12   -0.0020868118
3   9   1   7   0.0138746701
3   9   1   10   -0.0204392234
3   9   1   11   0.0025428732
3   9   2   8   0.0288968450
3   9   2   9   -0.0737065462
3   9   3   8   -0.0737065462
3   9   3   9   0.4928674709
3   9   4   7   -0.0204392234
3   9   4   10   0.1310524328
3   9   4   11   0.0042237029
3   9   5   7   0.0025428732
3   9   5   10   0.0042237029
3   9   5   11   0.0153429171
3   9   6   12   0.0062688643
3   10   1   8   0.0102750085
3   10   1   9   -0.0204410757
3   10   2   7   0.0239894663
3   10   2   10   -0.0702908162
3   10   2   11   -0.0050938588
3   10   3   7   -0.0793741946
3   10   3   10   0.4887946028
3   10   3   11   -0.0086562720
3   10   4   8   -0.0261759429
3   10   4   9   0.1310756610
3   10   5   8   -0.0004651290
3   10   5   9   0.0042083804
3   11   1   8   0.0039837769
3   11   1   9   0.0025197559
3   11   2   7   0.0093563486
3   11   2   10   -0.0050982525
3   11   2   11   -0.0753332477
3   11   3   7   -0.0263682267
3   11   3   10   -0.0086562720
3   11   3   11   0.4327330657
3   11   4   8   -0.0067790541
3   11   4   9   0.0042083804
3   11   5   8   -0.0038904955
3   11   5   9   0.0154486195
3   12   2   12   -0.0768286354
3   12   3   12   0.4212131650
3   12   6   8   -0.0020803909
3   12   6   9   0.0062544422
4   7   1   7   -0.0360343679
4   7   1   10   0.0381600203
4   7   1   11   0.0108638015
4   7   2   8   -0.0050193993
4   7   2   9   0.0102887660
4   7   3   8   0.0613328541
4   7   3   9   -0.0204392234
4   7   4   7   0.3469757378
4   7   4   10   -0.0950472091
4   7   4   11   -0.0371359864
4   7   5   7   -0.0003500447
4   7   5   10   -0.0049332366
4   7   5   11   -0.0047201838
4   7   6   12   -0.0026234704
4   8   1   8   -0.0338502982
4   8   1   9   0.0239906157
4   8   2   7   -0.0050189314
4   8   2   10   0.0127482554
4   8   2   11   0.0026376282
4   8   3   7   0.0613222185
4   8   3   10   -0.0261759429
4   8   3   11   -0.0067790541
4   8   4   8   0.3302321415
4   8   4   9   -0.0702908162
4   8   5   8   -0.0001241043
4   8   5   9   -0.0050982525
4   9   1   8   0.0239894663
4   9   1   9   -0.0793741946
4   9   2   7   0.0102750085
4   9   2   10   -0.0261759429
4   9   2   11   -0.0004651290
4   9   3   7   -0.0204410757
4   9   3   10   0.1310756610
4   9   3   11   0.0042083804
4   9   4   8   -0.0702908162
4   9   4   9   0.4887946028
4   9   5   8   -0.0050938588
4   9   5   9   -0.0086562720
4   10   1   7   0.0381580048
4   10   1   10   -0.0950472091
4   10   1   11   -0.0049226754
4   10   2   8   0.0127537952
4   10   2   9   -0.0261918205
4   10   3   8   -0.0261918205
4   10   3   9   0.1310524328
4   10   4   7   -0.0950472091
4   10   4   10   0.5277607483
4   10   4   11   -0.0132269974
4   10   5   7   -0.0049226754
4   10   5   10   -0.0132269974
4   10   5   11   0.0238824900
4   10   6   12   0.0117510553
4   11   1   7   0.0108641606
4   11   1   10   -0.0049332366
4   11   1   11   -0.0699041794
4   11   2   8   0.0026605604
4   11   2   9   -0.0005053565
4   11   3   8   -0.0067881290
4   11   3   9   0.0042237029
4   11   4   7   -0.0371359864
4   11   4   10   -0.0132269974
4   11   4   11   0.4243648977
4   11   5   7   -0.0047350563
4   11   5   10   0.0239142953
4   11   5   11   0.0245454291
4   11   6   12   0.0016126200
4   12   1   12   -0.0762591276
4   12   4   12   0.4245529791
4   12   5   12   0.0303526006
4   12   6   7   -0.0026436663
4   12   6   10   0.0118043511
4   12   6   11   0.0015868482
5   7   1   7   -0.0259733053
5   7   1   10   0.0108638015
5   7   1   11   0.0250528258
5   7   2   8   -0.0017893189
5   7   2   9   0.0039760803
5   7   3   8   0.0118541836
5   7   3   9   0.0025428732
5   7   4   7   -0.0003500447
5   7   4   10   -0.0049226754
5   7   4   11   -0.0047350563
5   7   5   7   0.3262864712
5   7   5   10   -0.0699041794
5   7   5   11   -0.0263509374
5   7   6   12   -0.0007044069
5   8   1   8   -0.0175033192
5   8   1   9   0.0093525115
5   8   2   7   -0.0017790709
5   8   2   10   0.0026376282
5   8   2   11   0.0051975813
5   8   3   7   0.0118470368
5   8   3   10   -0.0004651290
5   8   3   11   -0.0038904955
5   8   4   8   -0.0001241043
5   8   4   9   -0.0050938588
5   8   5   8   0.3065600209
5   8   5   9   -0.0753332477
5   9   1   8   0.0093563486
5   9   1   9   -0.0263682267
5   9   2   7   0.0039837769
5   9   2   10   -0.0067790541
5   9   2   11   -0.0038904955
5   9   3   7   0.0025197559
5   9   3   10   0.0042083804
5   9   3   11   0.0154486195
5   9   4   8   -0.0050982525
5   9   4   9   -0.0086562720
5   9   5   8   -0.0753332477
5   9   5   9   0.4327330657
5   10   1   7   0.0108641606
5   10   1   10   -0.0371359864
5   10   1   11   -0.0047350563
5   10   2   8   0.0026605604
5   10   2   9   -0.0067881290
5   10   3   8   -0.0005053565
5   10   3   9   0.0042237029
5   10   4   7   -0.0049332366
5   10   4   10   -0.0132269974
5   10   4   11   0.0239142953
5   10   5   7   -0.0699041794
5   10   5   10   0.4243648977
5   10   5   11   0.0245454291
5   10   6   12   0.0016126200
5   11   1   7   0.0250278030
5   11   1   10   -0.0047201838
5   11   1   11   -0.0263509374
5   11   2   8   0.0051685759
5   11   2   9   -0.0038447224
5   11   3   8   -0.0038447224
5   11   3   9   0.0153429171
5   11   4   7   -0.0047201838
5   11   4   10   0.0238824900
5   11   4   11   0.0245454291
5   11   5   7   -0.0263509374
5   11   5   10   0.0245454291
5   11   5   11   0.5190959421
5   11   6   12   0.0239675977
5   12   1   12   -0.0294119455
5   12   4   12   0.0303526006
5   12   5   12   0.5076586342
5   12   6   7   -0.0006791798
5   12   6   10   0.0015868482
5   12   6   11   0.0240021549
6   7   1   12   0.0222583593
6   7   4   12   -0.0026436663
6   7   5   12   -0.0006791798
6   7   6   7   0.3290415006
6   7   6   10   -0.0762591276
6   7   6   11   -0.0294119455
6   8   2   12   0.0051971030
6   8   3   12   -0.0020803909
6   8   6   8   0.3108185673
6   8   6   9   -0.0768286354
6   9   2   12   -0.0020803909
6   9   3   12   0.0062544422
6   9   6   8   -0.0768286354
6   9   6   9   0.4212131650
6   10   1   12   -0.0026436663
6   10   4   12   0.0118043511
6   10   5   12   0.0015868482
6   10   6   7   -0.0762591276
6   10   6   10   0.4245529791
6   10   6   11   0.0303526006
6   11   1   12   -0.0006791798
6   11   4   12   0.0015868482
6   11   5   12   0.0240021549
6   11   6   7   -0.0294119455
6   11   6   10   0.0303526006
6   11   6   11   0.5076586342
6   12   1   7   0.0222255622
6   12   1   10   -0.0026234704
6   12   1   11   -0.0007044069
6   12   2   8   0.0051913439
6   12   2   9   -0.0020868118
6   12   3   8   -0.0020868118
6   12   3   9   0.0062688643
6   12   4   7   -0.0026234704
6   12   4   10   0.0117510553
6   12   4   11   0.0016126200
6   12   5   7   -0.0007044069
6   12   5   10   0.0016126200
6   12   5   11   0.0239675977
6   12   6   12   0.6081849608

End ABCD Block
Begin AIJB Block
1   6   1   7   0.0100778784
1   6   1   8   0.0000000000
1   6   1   9   0.0000000000
1   6   1   10   -0.0110813165
1   6   1   11   -0.0040982081
1   6   2   7   -0.0007565800
1   6   2   10   0.0025702604
1   6   2   11   0.0089574045
1   6   3   8   -0.0024338702
1   6   3   9   0.0021140103
1   6   4   7   0.0009319748
1   6   4   10   -0.0016923765
1   6   4   11   -0.0037230087
1   6   5   12   0.0086567502
1   7   1   7   -0.0007565800
1   7   1   10   0.0016985587
1   7   1   11   0.0049865145
1   7   2   7   0.0349027158
1   7   2   10   -0.0337054900
1   7   2   11   -0.0084519389
1   7   3   8   0.0107999303
1   7   3   9   -0.0103394890
1   7   4   7   -0.0193152682
1   7   4   10   0.0208169624
1   7   4   11   0.0091853940
1   7   5   12   -0.0172101149
1   8   1   8   0.0011791966
1   8   1   9   -0.0029818790
1   8   2   8   0.0314739091
1   8   2   9   -0.0157779961
1   8   3   7   0.0192713797
1   8   3   10   -0.0244608386
1   8   3   11   0.0015494727
1   8   4   8   -0.0208536663
1   8   4   9   0.0188690917
1   9   1   7   0.0009319748
1   9   1   10   0.0000760831
1   9   1   11   0.0060432744
1   9   2   7   -0.0193152682
1   9   2   10   0.0253941334
1   9   2   11   0.0357013379
1   9   3   8   -0.0080340993
1   9   3   9   0.0122331467
1   9   4   7   0.0195388626
1   9   4   10   -0.0198900952
1   9   4   11   -0.0219335539
1   9   5   12   -0.0009597287
1   10   1   12   -0.0039779159
1   10   2   12   -0.0519376291
1   10   4   12   0.0240492933
1   10   5   7   0.0112279095
1   10   5   10   -0.0103779317
1   10   5   11   0.0013846619
2   6   1   7   0.0000000000
2   6   1   8   0.0060922345
2   6   1   9   -0.0058400398
2   6   1   10   0.0000000000
2   6   2   8   -0.0052524345
2   6   2   9   0.0049883415
2   6   3   7   0.0011791966
2   6   3   10   -0.0014556990
2   6   3   11   0.0005651955
2   6   4   8   -0.0020957240
2   6   4   9   0.0023405860
2   7   1   8   -0.0052524345
2   7   1   9   0.0040610762
2   7   2   8   0.0184247685
2   7   2   9   -0.0153597052
2   7   3   7   0.0314739091
2   7   3   10   -0.0239164490
2   7   3   11   -0.0022923949
2   7   4   8   0.0041682867
2   7   4   9   -0.0042200116
2   8   1   7   -0.0024338702
2   8   1   10   -0.0002148203
2   8   1   11   0.0006232781
2   8   2   7   0.0107999303
2   8   2   10   -0.0021656718
2   8   2   11   -0.0060709899
2   8   3   8   0.0496944368
2   8   3   9   -0.0404055221
2   8   4   7   -0.0080340993
2   8   4   10   0.0163106213
2   8   4   11   0.0013481078
2   8   5   12   -0.0066699289
2   9   1   8   -0.0020957240
2   9   1   9   0.0046556235
2   9   2   8   0.0041682867
2   9   2   9   -0.0127253058
2   9   3   7   -0.0208536663
2   9   3   10   0.0264049728
2   9   3   11   0.0482073087
2   9   4   8   0.0124030502
2   9   4   9   -0.0212083440
2   10   3   12   -0.0575041774
2   10   5   8   0.0060707353
2   10   5   9   -0.0059934294
3   6   1   7   0.0000000000
3   6   1   8   -0.0058400398
3   6   1   9   0.0056457368
3   6   2   8   0.0040610762
3   6   2   9   -0.0041560962
3   6   3   7   -0.0029818790
3   6   3   10   0.0043423416
3   6   3   11   0.0051664633
3   6   4   8   0.0046556235
3   6   4   9   -0.0047367550
3   7   1   8   0.0049883415
3   7   1   9   -0.0041560962
3   7   2   8   -0.0153597052
3   7   2   9   0.0391514665
3   7   3   7   -0.0157779961
3   7   3   10   0.0307771955
3   7   3   11   -0.0058242901
3   7   4   8   -0.0127253058
3   7   4   9   -0.0070598345
3   8   1   7   0.0021140103
3   8   1   10   0.0004018239
3   8   1   11   -0.0000929415
3   8   2   7   -0.0103394890
3   8   2   10   0.0280644394
3   8   2   11   -0.0043384945
3   8   3   8   -0.0404055221
3   8   3   9   0.0868658139
3   8   4   7   0.0122331467
3   8   4   10   -0.0475788680
3   8   4   11   0.0101560331
3   8   5   12   0.0047047265
3   9   1   8   0.0023405860
3   9   1   9   -0.0047367550
3   9   2   8   -0.0042200116
3   9   2   9   -0.0070598345
3   9   3   7   0.0188690917
3   9   3   10   -0.0370407413
3   9   3   11   -0.0390440044
3   9   4   8   -0.0212083440
3   9   4   9   0.0573122797
3   10   3   12   0.0411935976
3   10   5   8   -0.0059934294
3   10   5   9   0.0097204720
4   6   1   7   -0.0110813165
4   6   1   8   0.0000000000
4   6   1   10   0.0134601848
4   6   1   11   0.0107217711
4   6   2   7   0.0016985587
4   6   2   10   -0.0042425197
4   6   2   11   -0.0114590997
4   6   3   8   -0.0002148203
4   6   3   9   0.0004018239
4   6   4   7   0.0000760831
4   6   4   10   0.0004926654
4   6   4   11   0.0028221921
4   6   5   12   -0.0122111901
4   7   1   7   0.0025702604
4   7   1   10   -0.0042425197
4   7   1   11   -0.0076632243
4   7   2   7   -0.0337054900
4   7   2   10   0.0526543584
4   7   2   11   0.0039570904
4   7   3   8   -0.0021656718
4   7   3   9   0.0280644394
4   7   4   7   0.0253941334
4   7   4   10   -0.0368528911
4   7   4   11   0.0025000732
4   7   5   12   0.0157019159
4   8   1   8   -0.0014556990
4   8   1   9   0.0043423416
4   8   2   8   -0.0239164490
4   8   2   9   0.0307771955
4   8   3   7   -0.0244608386
4   8   3   10   0.0724176979
4   8   3   11   -0.0190678965
4   8   4   8   0.0264049728
4   8   4   9   -0.0370407413
4   9   1   7   -0.0016923765
4   9   1   10   0.0004926654
4   9   1   11   -0.0077220173
4   9   2   7   0.0208169624
4   9   2   10   -0.0368528911
4   9   2   11   -0.0215537828
4   9   3   8   0.0163106213
4   9   3   9   -0.0475788680
4   9   4   7   -0.0198900952
4   9   4   10   0.0379372359
4   9   4   11   0.0353970862
4   9   5   12   -0.0007949680
4   10   1   12   0.0032190709
4   10   2   12   0.0437450842
4   10   4   12   -0.0390905467
4   10   5   7   -0.0103779317
4   10   5   10   0.0216194421
4   10   5   11   -0.0052661023
5   6   1   7   -0.0040982081
5   6   1   10   0.0107217711
5   6   1   11   0.0333208523
5   6   2   7   0.0049865145
5   6   2   10   -0.0076632243
5   6   2   11   -0.0134718447
5   6   3   8   0.0006232781
5   6   3   9   -0.0000929415
5   6   4   7   0.0060432744
5   6   4   10   -0.0077220173
5   6   4   11   -0.0073744245
5   6   5   12   0.0077543792
5   7   1   7   0.0089574045
5   7   1   10   -0.0114590997
5   7   1   11   -0.0134718447
5   7   2   7   -0.0084519389
5   7   2   10   0.0039570904
5   7   2   11   0.0344345993
5   7   3   8   -0.0060709899
5   7   3   9   -0.0043384945
5   7   4   7   0.0357013379
5   7   4   10   -0.0215537828
5   7   4   11   0.0113654646
5   7   5   12   -0.0071452240
5   8   1   8   0.0005651955
5   8   1   9   0.0051664633
5   8   2   8   -0.0022923949
5   8   2   9   -0.0058242901
5   8   3   7   0.0015494727
5   8   3   10   -0.0190678965
5   8   3   11   0.0250949963
5   8   4   8   0.0482073087
5   8   4   9   -0.0390440044
5   9   1   7   -0.0037230087
5   9   1   10   0.0028221921
5   9   1   11   -0.0073744245
5   9   2   7   0.0091853940
5   9   2   10   0.0025000732
5   9   2   11   0.0113654646
5   9   3   8   0.0013481078
5   9   3   9   0.0101560331
5   9   4   7   -0.0219335539
5   9   4   10   0.0353970862
5   9   4   11   0.1089417709
5   9   5   12   -0.0167272898
5   10   1   12   -0.0024293999
5   10   2   12   -0.0070825074
5   10   4   12   -0.0938483583
5   10   5   7   0.0013846619
5   10   5   10   -0.0052661023
5   10   5   11   0.0190993037
6   6   1   12   0.0487199364
6   6   2   12   -0.0222013885
6   6   4   12   -0.0080846754
6   6   5   7   -0.0039779159
6   6   5   10   0.0032190709
6   6   5   11   -0.0024293999
6   7   1   12   -0.0222013885
6   7   2   12   0.0380573032
6   7   4   12   0.0095927294
6   7   5   7   -0.0519376291
6   7   5   10   0.0437450842
6   7   5   11   -0.0070825074
6   8   3   12   0.0143076806
6   8   5   8   -0.0575041774
6   8   5   9   0.0411935976
6   9   1   12   -0.0080846754
6   9   2   12   0.0095927294
6   9   4   12   0.0188819693
6   9   5   7   0.0240492933
6   9   5   10   -0.0390905467
6   9   5   11   -0.0938483583
6   10   1   7   0.0086567502
6   10   1   10   -0.0122111901
6   10   1   11   0.0077543792
6   10   2   7   -0.0172101149
6   10   2   10   0.0157019159
6   10   2   11   -0.0071452240
6   10   3   8   -0.0066699289
6   10   3   9   0.0047047265
6   10   4   7   -0.0009597287
6   10   4   10   -0.0007949680
6   10   4   11   -0.0167272898
6   10   5   12   0.1508081115

1   6   6   1   -0.4094374117
1   6   6   4   0.1717460473
1   6   6   5   0.0888345245
1   6   7   1   -0.0018778450
1   6   7   4   0.0023412527
1   6   7   5   0.0011204411
1   6   8   2   0.0049657525
1   6   8   3   -0.0017603713
1   6   9   1   -0.0065254181
1   6   9   4   0.0068837208
1   6   9   5   0.0060773704
1   6   10   6   -0.0089551627
1   7   6   1   -0.0018778450
1   7   6   4   0.0022910884
1   7   6   5   0.0011415462
1   7   7   1   -0.3672998488
1   7   7   4   0.1132551913
1   7   7   5   0.0488932898
1   7   8   2   -0.0509864772
1   7   8   3   0.0103022833
1   7   9   1   0.0295868396
1   7   9   4   -0.0207322505
1   7   9   5   -0.0294711170
1   7   10   6   0.0410790092
1   8   6   2   0.0049320674
1   8   6   3   -0.0018051224
1   8   7   2   -0.0508862906
1   8   7   3   0.0103884847
1   8   8   1   -0.3575715819
1   8   8   4   0.1033592399
1   8   8   5   0.0370559573
1   8   9   2   0.0166795959
1   8   9   3   -0.0091717046
1   9   6   1   -0.0065254181
1   9   6   4   0.0069017506
1   9   6   5   0.0060770898
1   9   7   1   0.0295868396
1   9   7   4   -0.0206560675
1   9   7   5   -0.0293500907
1   9   8   2   0.0168902361
1   9   8   3   -0.0092340800
1   9   9   1   -0.3403257681
1   9   9   4   0.0890825577
1   9   9   5   0.0291466446
1   9   10   6   0.0056367437
1   10   6   6   -0.0090116594
1   10   7   6   0.0408391242
1   10   9   6   0.0058936122
1   10   10   1   -0.3470380069
1   10   10   4   0.0953350128
1   10   10   5   0.0341037550
2   6   6   2   -0.3987916686
2   6   6   3   0.1603551038
2   6   7   2   -0.0020493133
2   6   7   3   0.0023881953
2   6   8   1   0.0049320674
2   6   8   4   -0.0019041464
2   6   8   5   0.0003997689
2   6   9   2   -0.0017614746
2   6   9   3   -0.0006619852
2   7   6   2   -0.0020493133
2   7   6   3   0.0023732907
2   7   7   2   -0.3463137184
2   7   7   3   0.1009440191
2   7   8   1   -0.0508862906
2   7   8   4   0.0167460581
2   7   8   5   0.0058032807
2   7   9   2   0.0099424748
2   7   9   3   0.0083510560
2   8   6   1   0.0049657525
2   8   6   4   -0.0019933774
2   8   6   5   0.0005187583
2   8   7   1   -0.0509864772
2   8   7   4   0.0169093229
2   8   7   5   0.0057899798
2   8   8   2   -0.3495481406
2   8   8   3   0.0971739599
2   8   9   1   0.0168902361
2   8   9   4   -0.0111243559
2   8   9   5   -0.0089093377
2   8   10   6   0.0098230477
2   9   6   2   -0.0017614746
2   9   6   3   -0.0006303757
2   9   7   2   0.0099424748
2   9   7   3   0.0081729544
2   9   8   1   0.0166795959
2   9   8   4   -0.0109185165
2   9   8   5   -0.0087735816
2   9   9   2   -0.3269780099
2   9   9   3   0.0981625704
2   10   8   6   0.0095004652
2   10   10   2   -0.3290514466
2   10   10   3   0.0931586500
3   6   6   2   0.1603551038
3   6   6   3   -0.5600299970
3   6   7   2   0.0023732907
3   6   7   3   -0.0020019290
3   6   8   1   -0.0018051224
3   6   8   4   0.0044739847
3   6   8   5   -0.0019145754
3   6   9   2   -0.0006303757
3   6   9   3   -0.0014083564
3   7   6   2   0.0023881953
3   7   6   3   -0.0020019290
3   7   7   2   0.1009440191
3   7   7   3   -0.5120809029
3   7   8   1   0.0103884847
3   7   8   4   -0.0819170279
3   7   8   5   -0.0007705090
3   7   9   2   0.0081729544
3   7   9   3   0.0259149818
3   8   6   1   -0.0017603713
3   8   6   4   0.0044291455
3   8   6   5   -0.0021024065
3   8   7   1   0.0103022833
3   8   7   4   -0.0817604348
3   8   7   5   -0.0007577761
3   8   8   2   0.0971739599
3   8   8   3   -0.5199263905
3   8   9   1   -0.0092340800
3   8   9   4   0.0439403193
3   8   9   5   0.0040652758
3   8   10   6   -0.0049316076
3   9   6   2   -0.0006619852
3   9   6   3   -0.0014083564
3   9   7   2   0.0083510560
3   9   7   3   0.0259149818
3   9   8   1   -0.0091717046
3   9   8   4   0.0442200901
3   9   8   5   0.0037696764
3   9   9   2   0.0981625704
3   9   9   3   -0.4834064607
3   10   8   6   -0.0046055948
3   10   10   2   0.0931586500
3   10   10   3   -0.4641410121
4   6   6   1   0.1717460473
4   6   6   4   -0.5883225470
4   6   6   5   -0.1328384584
4   6   7   1   0.0022910884
4   6   7   4   -0.0025451416
4   6   7   5   -0.0042142721
4   6   8   2   -0.0019933774
4   6   8   3   0.0044291455
4   6   9   1   0.0069017506
4   6   9   4   -0.0115661278
4   6   9   5   -0.0026669114
4   6   10   6   0.0075278034
4   7   6   1   0.0023412527
4   7   6   4   -0.0025451416
4   7   6   5   -0.0042422070
4   7   7   1   0.1132551913
4   7   7   4   -0.5237152613
4   7   7   5   -0.0282287187
4   7   8   2   0.0169093229
4   7   8   3   -0.0817604348
4   7   9   1   -0.0206560675
4   7   9   4   0.0642460951
4   7   9   5   -0.0122401608
4   7   10   6   -0.0174275363
4   8   6   2   -0.0019041464
4   8   6   3   0.0044739847
4   8   7   2   0.0167460581
4   8   7   3   -0.0819170279
4   8   8   1   0.1033592399
4   8   8   4   -0.5240586273
4   8   8   5   -0.0069147740
4   8   9   2   -0.0109185165
4   8   9   3   0.0442200901
4   9   6   1   0.0068837208
4   9   6   4   -0.0115661278
4   9   6   5   -0.0026335730
4   9   7   1   -0.0207322505
4   9   7   4   0.0642460951
4   9   7   5   -0.0122441763
4   9   8   2   -0.0111243559
4   9   8   3   0.0439403193
4   9   9   1   0.0890825577
4   9   9   4   -0.4628544839
4   9   9   5   -0.0403325549
4   9   10   6   0.0034558720
4   10   6   6   0.0075547306
4   10   7   6   -0.0174653452
4   10   9   6   0.0030010621
4   10   10   1   0.0953350128
4   10   10   4   -0.4682130509
4   10   10   5   -0.0311939619
5   6   6   1   0.0888345245
5   6   6   4   -0.1328384584
5   6   6   5   -0.8283091492
5   6   7   1   0.0011415462
5   6   7   4   -0.0042422070
5   6   7   5   -0.0130923034
5   6   8   2   0.0005187583
5   6   8   3   -0.0021024065
5   6   9   1   0.0060770898
5   6   9   4   -0.0026335730
5   6   9   5   0.0026925161
5   6   10   6   -0.0052859151
5   7   6   1   0.0011204411
5   7   6   4   -0.0042142721
5   7   6   5   -0.0130923034
5   7   7   1   0.0488932898
5   7   7   4   -0.0282287187
5   7   7   5   -0.5712124404
5   7   8   2   0.0057899798
5   7   8   3   -0.0007577761
5   7   9   1   -0.0293500907
5   7   9   4   -0.0122441763
5   7   9   5   -0.0291501378
5   7   10   6   0.0088028057
5   8   6   2   0.0003997689
5   8   6   3   -0.0019145754
5   8   7   2   0.0058032807
5   8   7   3   -0.0007705090
5   8   8   1   0.0370559573
5   8   8   4   -0.0069147740
5   8   8   5   -0.5252059304
5   8   9   2   -0.0087735816
5   8   9   3   0.0037696764
5   9   6   1   0.0060773704
5   9   6   4   -0.0026669114
5   9   6   5   0.0026925161
5   9   7   1   -0.0294711170
5   9   7   4   -0.0122401608
5   9   7   5   -0.0291501378
5   9   8   2   -0.0089093377
5   9   8   3   0.0040652758
5   9   9   1   0.0291466446
5   9   9   4   -0.0403325549
5   9   9   5   -0.5882384409
5   9   10   6   0.0257918154
5   10   6   6   -0.0052365583
5   10   7   6   0.0089314366
5   10   9   6   0.0257151090
5   10   10   1   0.0341037550
5   10   10   4   -0.0311939619
5   10   10   5   -0.5540507210
6   6   6   6   -0.9975066576
6   6   7   6   -0.0181373584
6   6   9   6   -0.0054667479
6   6   10   1   -0.0090116594
6   6   10   4   0.0075547306
6   6   10   5   -0.0052365583
6   7   6   6   -0.0181373584
6   7   7   6   -0.6191242313
6   7   9   6   -0.0339167751
6   7   10   1   0.0408391242
6   7   10   4   -0.0174653452
6   7   10   5   0.0089314366
6   8   8   6   -0.5515114577
6   8   10   2   0.0095004652
6   8   10   3   -0.0046055948
6   9   6   6   -0.0054667479
6   9   7   6   -0.0339167751
6   9   9   6   -0.5867050576
6   9   10   1   0.0058936122
6   9   10   4   0.0030010621
6   9   10   5   0.0257151090
6   10   6   1   -0.0089551627
6   10   6   4   0.0075278034
6   10   6   5   -0.0052859151
6   10   7   1   0.0410790092
6   10   7   4   -0.0174275363
6   10   7   5   0.0088028057
6   10   8   2   0.0098230477
6   10   8   3   -0.0049316076
6   10   9   1   0.0056367437
6   10   9   4   0.0034558720
6   10   9   5   0.0257918154
6   10   10   6   -0.6583923940

End AIJB Block
Begin IJKA Block
1   6   1   7   -0.1450526230
1   6   1   10   0.1308232717
1   6   1   11   -0.0927887373
1   6   2   7   -0.0230639415
1   6   2   10   0.0216231268
1   6   2   11   -0.0098345960
1   6   3   8   -0.0109970513
1   6   3   9   0.0105575384
1   6   4   7   0.0006740716
1   6   4   10   -0.0068081468
1   6   4   11   -0.0310003583
1   6   5   12   0.0380487250
1   7   1   7   -0.1976390480
1   7   1   10   0.1633473033
1   7   1   11   -0.0268815787
1   7   2   7   -0.0041169322
1   7   2   10   0.0035134427
1   7   2   11   -0.0041519322
1   7   3   8   0.0097259443
1   7   3   9   -0.0073440540
1   7   4   7   -0.0093284952
1   7   4   10   0.0117327434
1   7   4   11   0.0125730962
1   7   5   12   -0.0189905666
1   8   1   8   -0.2315802509
1   8   1   9   0.1591504241
1   8   2   8   -0.0035271443
1   8   2   9   0.0044745549
1   8   3   7   0.0044288039
1   8   3   10   0.0005939485
1   8   3   11   -0.0014762753
1   8   4   8   -0.0007240222
1   8   4   9   -0.0050042090
1   9   1   7   0.1003678788
1   9   1   10   -0.1572712007
1   9   1   11   -0.3805704476
1   9   2   7   0.0002518995
1   9   2   10   -0.0024822104
1   9   2   11   -0.0116558696
1   9   3   8   0.0038168182
1   9   3   9   -0.0086626645
1   9   4   7   0.0037086184
1   9   4   10   -0.0031260127
1   9   4   11   0.0056778506
1   9   5   12   -0.0068504632
1   10   1   12   0.4793415821
1   10   2   12   0.0130717231
1   10   4   12   0.0039987890
1   10   5   7   0.0075450549
1   10   5   10   -0.0106517355
1   10   5   11   0.0066489012
2   6   1   7   -0.0236810620
2   6   1   10   0.0221059710
2   6   1   11   -0.0100968045
2   6   2   7   -0.0017473893
2   6   2   10   -0.0007670611
2   6   2   11   -0.0130882898
2   6   3   8   0.0129277568
2   6   3   9   -0.0120298120
2   6   4   7   -0.0093108256
2   6   4   10   0.0142935153
2   6   4   11   0.0239955602
2   6   5   12   -0.0345788391
2   7   1   7   -0.0038070334
2   7   1   10   0.0031428547
2   7   1   11   -0.0039485771
2   7   2   7   -0.1043592968
2   7   2   10   0.0674153714
2   7   2   11   0.0047655159
2   7   3   8   -0.0388043377
2   7   3   9   0.0034228864
2   7   4   7   0.0156223194
2   7   4   10   -0.0149652222
2   7   4   11   -0.0278997586
2   7   5   12   0.0385629609
2   8   1   8   -0.0032183307
2   8   1   9   0.0040935001
2   8   2   8   -0.1215871335
2   8   2   9   0.0341323161
2   8   3   7   -0.0012796375
2   8   3   10   -0.0547943255
2   8   3   11   0.0327978395
2   8   4   8   -0.0225613908
2   8   4   9   0.0675508739
2   9   1   7   0.0002174751
2   9   1   10   -0.0023436870
2   9   1   11   -0.0113881744
2   9   2   7   0.0566348235
2   9   2   10   -0.0634216448
2   9   2   11   -0.1397712384
2   9   3   8   -0.0229841754
2   9   3   9   0.0726345316
2   9   4   7   0.0033943299
2   9   4   10   -0.0085496044
2   9   4   11   -0.0425847304
2   9   5   12   0.0145120822
2   10   1   12   0.0128322115
2   10   2   12   0.1801419951
2   10   4   12   0.0239888094
2   10   5   7   -0.0203541734
2   10   5   10   0.0426139004
2   10   5   11   -0.0243946571
3   6   1   8   -0.0117067283
3   6   1   9   0.0112474300
3   6   2   8   0.0128393242
3   6   2   9   -0.0119524942
3   6   3   7   -0.0004802244
3   6   3   10   -0.0000311859
3   6   3   11   -0.0067028934
3   6   4   8   0.0019369870
3   6   4   9   -0.0026465102
3   7   1   8   0.0095437791
3   7   1   9   -0.0073221810
3   7   2   8   -0.0376042525
3   7   2   9   0.0030804871
3   7   3   7   -0.0776235677
3   7   3   10   0.0236812659
3   7   3   11   0.0128411319
3   7   4   8   -0.0078902965
3   7   4   9   0.0331002921
3   8   1   7   0.0043509594
3   8   1   10   0.0003625782
3   8   1   11   -0.0012648476
3   8   2   7   -0.0002448821
3   8   2   10   -0.0555572542
3   8   2   11   0.0326629736
3   8   3   8   -0.1046403137
3   8   3   9   0.0140202950
3   8   4   7   -0.0050913958
3   8   4   10   0.0220844214
3   8   4   11   -0.0127284956
3   8   5   12   0.0058884735
3   9   1   8   0.0036670624
3   9   1   9   -0.0081419877
3   9   2   8   -0.0228286417
3   9   2   9   0.0713970861
3   9   3   7   0.0365334175
3   9   3   10   -0.0297426578
3   9   3   11   -0.1137884735
3   9   4   8   -0.0058337138
3   9   4   9   -0.0059121013
3   10   3   12   0.1377496606
3   10   5   8   -0.0099413437
3   10   5   9   0.0110916810
4   6   1   7   0.0007126216
4   6   1   10   -0.0071578229
4   6   1   11   -0.0316132909
4   6   2   7   -0.0091517392
4   6   2   10   0.0141329451
4   6   2   11   0.0237342114
4   6   3   8   0.0020237954
4   6   3   9   -0.0026638741
4   6   4   7   -0.0071083521
4   6   4   10   0.0096465973
4   6   4   11   0.0116406876
4   6   5   12   -0.0111109083
4   7   1   7   -0.0089519517
4   7   1   10   0.0113760244
4   7   1   11   0.0118452920
4   7   2   7   0.0146637859
4   7   2   10   -0.0141185603
4   7   2   11   -0.0273840603
4   7   3   8   -0.0079112682
4   7   3   9   0.0334542280
4   7   4   7   -0.0732602022
4   7   4   10   0.0427468800
4   7   4   11   -0.0271530666
4   7   5   12   0.0120769964
4   8   1   8   -0.0007389210
4   8   1   9   -0.0045962676
4   8   2   8   -0.0225837455
4   8   2   9   0.0662697938
4   8   3   7   -0.0049157662
4   8   3   10   0.0219116244
4   8   3   11   -0.0131082634
4   8   4   8   -0.1080359131
4   8   4   9   0.0538926859
4   9   1   7   0.0035957702
4   9   1   10   -0.0031689199
4   9   1   11   0.0051140896
4   9   2   7   0.0030347273
4   9   2   10   -0.0086272933
4   9   2   11   -0.0424374385
4   9   3   8   -0.0057945614
4   9   3   9   -0.0067799241
4   9   4   7   0.0545280483
4   9   4   10   -0.0665985078
4   9   4   11   -0.1540389214
4   9   5   12   0.0130561855
4   10   1   12   0.0042102962
4   10   2   12   0.0240317458
4   10   4   12   0.1610657199
4   10   5   7   0.0008769961
4   10   5   10   0.0022654110
4   10   5   11   -0.0139402938
5   6   1   12   0.0386395823
5   6   2   12   -0.0341214671
5   6   4   12   -0.0109716293
5   6   5   7   -0.0026122450
5   6   5   10   0.0016581975
5   6   5   11   -0.0025505460
5   7   1   12   -0.0179023803
5   7   2   12   0.0378582105
5   7   4   12   0.0122238914
5   7   5   7   -0.0933744073
5   7   5   10   0.0754277489
5   7   5   11   -0.0162853350
5   8   3   12   0.0064626285
5   8   5   8   -0.1150581710
5   8   5   9   0.0618506195
5   9   1   12   -0.0063187401
5   9   2   12   0.0143529522
5   9   4   12   0.0127556501
5   9   5   7   0.0514151997
5   9   5   10   -0.0615280779
5   9   5   11   -0.1417952176
5   10   1   7   0.0070709768
5   10   1   10   -0.0101745721
5   10   1   11   0.0063823073
5   10   2   7   -0.0205146975
5   10   2   10   0.0414902746
5   10   2   11   -0.0236240716
5   10   3   8   -0.0103857013
5   10   3   9   0.0115680564
5   10   4   7   0.0005994624
5   10   4   10   0.0019152536
5   10   4   11   -0.0143344959
5   10   5   12   0.1941948371

End IJKA Block
Begin IABC Block
1   7   1   7   0.0009650821
1   7   1   10   -0.0009064738
1   7   1   11   -0.0011824614
1   7   2   8   0.0025722042
1   7   2   9   -0.0009348013
1   7   3   8   -0.0023542830
1   7   3   9   0.0008215667
1   7   4   7   -0.0022474995
1   7   4   10   0.0022838339
1   7   4   11   0.0023869432
1   7   5   7   -0.0063014363
1   7   5   10   0.0066416683
1   7   5   11   0.0059086890
1   7   6   12   0.0103815132
1   8   1   8   -0.0003298072
1   8   1   9   0.0010670141
1   8   2   7   0.0025791070
1   8   2   10   -0.0010128764
1   8   2   11   0.0003030986
1   8   3   7   -0.0023586234
1   8   3   10   0.0007985921
1   8   3   11   -0.0005552356
1   8   4   8   0.0002093426
1   8   4   9   -0.0014399891
1   8   5   8   -0.0015488400
1   8   5   9   -0.0008788552
1   9   1   8   0.0010539129
1   9   1   9   -0.0003840337
1   9   2   7   -0.0009575281
1   9   2   10   0.0022605706
1   9   2   11   -0.0011347099
1   9   3   7   0.0008236854
1   9   3   10   -0.0018899056
1   9   3   11   0.0012911168
1   9   4   8   -0.0014275941
1   9   4   9   0.0004845324
1   9   5   8   -0.0008575649
1   9   5   9   -0.0011060466
1   10   1   7   -0.0009113465
1   10   1   10   0.0020300554
1   10   1   11   -0.0008859618
1   10   2   8   -0.0010248483
1   10   2   9   0.0022494315
1   10   3   8   0.0008045484
1   10   3   9   -0.0018933837
1   10   4   7   0.0022767524
1   10   4   10   -0.0042332955
1   10   4   11   0.0004627883
1   10   5   7   0.0066522429
1   10   5   10   -0.0111418082
1   10   5   11   -0.0021535012
1   10   6   12   -0.0088823071
1   11   1   7   -0.0011973389
1   11   1   10   -0.0008741827
1   11   1   11   -0.0057291481
1   11   2   8   0.0003177982
1   11   2   9   -0.0011608542
1   11   3   8   -0.0005694474
1   11   3   9   0.0013096094
1   11   4   7   0.0024092822
1   11   4   10   0.0004358023
1   11   4   11   0.0069014295
1   11   5   7   0.0059137757
1   11   5   10   -0.0021674751
1   11   5   11   0.0047524890
1   11   6   12   0.0063279857
1   12   1   12   -0.0054145227
1   12   4   12   0.0044807933
1   12   5   12   -0.0030573990
1   12   6   7   0.0104063396
1   12   6   10   -0.0089292559
1   12   6   11   0.0063274339
2   7   1   7   -0.0184319384
2   7   1   10   0.0222334631
2   7   1   11   0.0131999901
2   7   2   8   0.0009325130
2   7   2   9   0.0005148069
2   7   3   8   -0.0092736935
2   7   3   9   0.0102617138
2   7   4   7   0.0098337923
2   7   4   10   -0.0091994038
2   7   4   11   -0.0132783916
2   7   5   7   0.0002745861
2   7   5   10   -0.0090625653
2   7   5   11   0.0041649930
2   7   6   12   -0.0056135416
2   8   1   8   -0.0138706575
2   8   1   9   0.0142222504
2   8   2   7   0.0008513065
2   8   2   10   0.0004434904
2   8   2   11   -0.0001567944
2   8   3   7   -0.0092156165
2   8   3   10   0.0091407817
2   8   3   11   0.0056449793
2   8   4   8   -0.0000675111
2   8   4   9   -0.0024479366
2   8   5   8   -0.0023825248
2   8   5   9   0.0042057930
2   9   1   8   0.0142398555
2   9   1   9   -0.0287485780
2   9   2   7   0.0005615037
2   9   2   10   0.0025351899
2   9   2   11   0.0037599631
2   9   3   7   0.0106000309
2   9   3   10   -0.0441848948
2   9   3   11   -0.0009741774
2   9   4   8   -0.0021663998
2   9   4   9   -0.0202082241
2   9   5   8   0.0046022303
2   9   5   9   0.0008195877
2   10   1   7   0.0219338038
2   10   1   10   -0.0382948912
2   10   1   11   -0.0147458577
2   10   2   8   0.0004226831
2   10   2   9   0.0025657115
2   10   3   8   0.0095029078
2   10   3   9   -0.0443518650
2   10   4   7   -0.0086622254
2   10   4   10   -0.0100609280
2   10   4   11   0.0226891997
2   10   5   7   -0.0092316258
2   10   5   10   0.0151186278
2   10   5   11   -0.0019524531
2   10   6   12   0.0161379570
2   11   1   7   0.0131094137
2   11   1   10   -0.0147413335
2   11   1   11   -0.0523825121
2   11   2   8   -0.0001729116
2   11   2   9   0.0036040454
2   11   3   8   0.0056963533
2   11   3   9   -0.0005103916
2   11   4   7   -0.0134428701
2   11   4   10   0.0228573702
2   11   4   11   0.0307315648
2   11   5   7   0.0038710967
2   11   5   10   -0.0016405503
2   11   5   11   -0.0153214838
2   11   6   12   -0.0084085786
2   12   1   12   -0.0736594793
2   12   4   12   0.0612484346
2   12   5   12   -0.0133435041
2   12   6   7   -0.0058383877
2   12   6   10   0.0158723547
2   12   6   11   -0.0081757418
3   7   1   8   0.0237116409
3   7   1   9   0.0004704495
3   7   2   7   -0.0129253142
3   7   2   10   0.0172547657
3   7   2   11   0.0051841087
3   7   3   7   -0.0154234522
3   7   3   10   0.0102868220
3   7   3   11   0.0125589033
3   7   4   8   -0.0365575915
3   7   4   9   0.0124577374
3   7   5   8   0.0121128551
3   7   5   9   0.0014646171
3   8   1   7   0.0235555229
3   8   1   10   -0.0030671387
3   8   1   11   0.0005194351
3   8   2   8   -0.0141580333
3   8   2   9   0.0243619749
3   8   3   8   -0.0053953479
3   8   3   9   -0.0053557793
3   8   4   7   -0.0364245231
3   8   4   10   0.0161378586
3   8   4   11   0.0020091622
3   8   5   7   0.0118011585
3   8   5   10   -0.0046507860
3   8   5   11   -0.0033038700
3   8   6   12   -0.0029223027
3   9   1   7   0.0002178278
3   9   1   10   0.0285317901
3   9   1   11   0.0068446987
3   9   2   8   0.0242547578
3   9   2   9   -0.0411800819
3   9   3   8   -0.0046324943
3   9   3   9   -0.0453490607
3   9   4   7   0.0133412291
3   9   4   10   -0.0867883188
3   9   4   11   0.0005222092
3   9   5   7   0.0018613373
3   9   5   10   0.0239950391
3   9   5   11   0.0020923732
3   9   6   12   0.0064277962
3   10   1   8   -0.0034571252
3   10   1   9   0.0281799402
3   10   2   7   0.0169326611
3   10   2   10   -0.0311273396
3   10   2   11   -0.0143935227
3   10   3   7   0.0106440199
3   10   3   10   -0.0648777360
3   10   3   11   0.0226292497
3   10   4   8   0.0171748882
3   10   4   9   -0.0862373447
3   10   5   8   -0.0048976731
3   10   5   9   0.0240762297
3   11   1   8   0.0009791376
3   11   1   9   0.0062151295
3   11   2   7   0.0052528454
3   11   2   10   -0.0146572024
3   11   2   11   -0.0775867249
3   11   3   7   0.0123111857
3   11   3   10   0.0230600069
3   11   3   11   0.0295963851
3   11   4   8   0.0013771254
3   11   4   9   0.0013978073
3   11   5   8   -0.0031839513
3   11   5   9   0.0021682314
3   12   2   12   -0.0957027436
3   12   3   12   0.0556649828
3   12   6   8   -0.0030611877
3   12   6   9   0.0066269144
4   7   1   7   0.0017468232
4   7   1   10   -0.0110755546
4   7   1   11   0.0013568873
4   7   2   8   -0.0177275922
4   7   2   9   0.0013926886
4   7   3   8   0.0311930042
4   7   3   9   -0.0076551527
4   7   4   7   -0.0069619953
4   7   4   10   0.0059088608
4   7   4   11   0.0096420399
4   7   5   7   -0.0196367637
4   7   5   10   0.0288663795
4   7   5   11   0.0124333601
4   7   6   12   -0.0008940559
4   8   1   8   -0.0018804812
4   8   1   9   -0.0060223215
4   8   2   7   -0.0178344206
4   8   2   10   0.0018810452
4   8   2   11   -0.0014482349
4   8   3   7   0.0312882469
4   8   3   10   -0.0101831356
4   8   3   11   -0.0016031830
4   8   4   8   -0.0021273170
4   8   4   9   0.0056404043
4   8   5   8   -0.0282525148
4   8   5   9   0.0262924679
4   9   1   8   -0.0059053967
4   9   1   9   0.0086595414
4   9   2   7   0.0016793966
4   9   2   10   -0.0182903583
4   9   2   11   -0.0015291978
4   9   3   7   -0.0081686456
4   9   3   10   0.0620003881
4   9   3   11   0.0038278208
4   9   4   8   0.0054084165
4   9   4   9   0.0127009862
4   9   5   8   0.0265363341
4   9   5   9   -0.0495896783
4   10   1   7   -0.0109940530
4   10   1   10   0.0094838386
4   10   1   11   0.0124990971
4   10   2   8   0.0019794706
4   10   2   9   -0.0182180400
4   10   3   8   -0.0105956339
4   10   3   9   0.0621333266
4   10   4   7   0.0055213623
4   10   4   10   0.0107741987
4   10   4   11   -0.0213349008
4   10   5   7   0.0285888576
4   10   5   10   -0.0553460226
4   10   5   11   -0.0266987117
4   10   6   12   0.0003509429
4   11   1   7   0.0011900403
4   11   1   10   0.0126219910
4   11   1   11   0.0376556776
4   11   2   8   -0.0015918266
4   11   2   9   -0.0013270195
4   11   3   8   -0.0012273104
4   11   3   9   0.0027459703
4   11   4   7   0.0095704360
4   11   4   10   -0.0214556860
4   11   4   11   -0.0448763585
4   11   5   7   0.0118811839
4   11   5   10   -0.0264030598
4   11   5   11   -0.0975095198
4   11   6   12   -0.0069653657
4   12   1   12   0.0421897913
4   12   4   12   -0.0518333856
4   12   5   12   -0.1208749694
4   12   6   7   -0.0009869613
4   12   6   10   0.0000023889
4   12   6   11   -0.0068253349
5   7   1   12   0.0013910887
5   7   4   12   -0.0151869086
5   7   5   12   0.0046566616
5   7   6   7   0.0316233148
5   7   6   10   -0.0383227469
5   7   6   11   -0.0180936168
5   8   2   12   0.0026742276
5   8   3   12   -0.0037564705
5   8   6   8   0.0352718011
5   8   6   9   -0.0335360290
5   9   2   12   -0.0030142459
5   9   3   12   -0.0001418301
5   9   6   8   -0.0337429837
5   9   6   9   0.0607082888
5   10   1   12   -0.0094816031
5   10   4   12   0.0073197448
5   10   5   12   0.0020938485
5   10   6   7   -0.0382895053
5   10   6   10   0.0684034368
5   10   6   11   0.0298538078
5   11   1   12   -0.0010341652
5   11   4   12   0.0033263212
5   11   5   12   0.0044145050
5   11   6   7   -0.0176952975
5   11   6   10   0.0296080959
5   11   6   11   0.1123909417
5   12   1   7   0.0016753473
5   12   1   10   -0.0096160817
5   12   1   11   -0.0010641745
5   12   2   8   0.0028495546
5   12   2   9   -0.0030935361
5   12   3   8   -0.0039486903
5   12   3   9   0.0001480763
5   12   4   7   -0.0153981173
5   12   4   10   0.0078114865
5   12   4   11   0.0032880845
5   12   5   7   0.0048102350
5   12   5   10   0.0019014129
5   12   5   11   0.0045076854
5   12   6   12   0.1607949476

End IABC Block
