Begin IJ Block
1   1   -1.6202565490
1   2   -0.0000000000
1   3   -0.0975632264
2   2   -1.4775041204
2   3   0.0000000000
3   3   -1.4412617711

End IJ Block
Begin IA Block
1   2   -0.0563154573
1   3   -0.0000000000
2   1   -0.1361860071
2   2   -0.0000000000
2   3   -0.0517079736
3   1   0.0000000000
3   2   0.1215533252
3   3   -0.0000000000

End IA Block
Begin AB Block
1   1   -1.3375812996
1   2   -0.0000000000
1   3   0.1536794942
2   2   -1.1789836590
3   3   -1.1273074410

End AB Block
Begin IJAB Block
1   4   1   4   0.0613799626
1   4   1   6   -0.0241069548
1   4   2   5   0.0357655038
1   4   3   4   -0.0241069548
1   4   3   6   0.0419565527
1   5   1   5   0.0377882524
1   5   1   6   0.0000000000
1   5   2   4   0.0230438846
1   5   2   6   0.0275385556
1   5   3   5   0.0164498684
1   5   3   6   -0.0000000000
1   6   1   4   0.0101399586
1   6   1   6   -0.0469227977
1   6   2   5   -0.0155892267
1   6   3   4   -0.0257830252
1   6   3   5   0.0000000000
1   6   3   6   0.0158638347
2   4   1   5   0.0230438846
2   4   2   4   0.0377882524
2   4   2   6   0.0164498684
2   4   3   4   0.0000000000
2   4   3   5   0.0275385556
2   4   3   6   -0.0000000000
2   5   1   4   0.0567941632
2   5   1   6   0.0109127751
2   5   2   5   0.0547024311
2   5   2   6   -0.0000000000
2   5   3   4   0.0109127751
2   5   3   5   -0.0000000000
2   5   3   6   0.0298310107
2   6   1   5   -0.0477331265
2   6   2   4   -0.0211988785
2   6   2   6   -0.0314002253
2   6   3   5   -0.0137164554
2   6   3   6   0.0000000000
3   4   1   4   0.0101399586
3   4   1   6   -0.0257830252
3   4   2   5   -0.0155892267
3   4   2   6   0.0000000000
3   4   3   4   -0.0469227977
3   4   3   6   0.0158638347
3   5   1   5   -0.0211988785
3   5   2   4   -0.0477331265
3   5   2   6   -0.0137164554
3   5   3   5   -0.0314002253
3   5   3   6   0.0000000000
3   6   1   4   0.0609894253
3   6   1   6   -0.0159932623
3   6   2   5   0.0489888913
3   6   2   6   -0.0000000000
3   6   3   4   -0.0159932623
3   6   3   5   -0.0000000000
3   6   3   6   0.0455173607

End IJAB Block
Begin IJKL Block
1   4   1   4   0.3010552935
1   4   1   6   0.0580222284
1   4   2   5   0.1009218843
1   4   3   4   0.0580222284
1   4   3   6   0.0863331450
1   5   1   5   0.2376733713
1   5   2   4   0.1009218843
1   5   2   6   -0.0817307957
1   5   3   5   -0.0325136240
1   6   1   4   0.0580222284
1   6   1   6   0.2609227198
1   6   2   5   -0.0817307957
1   6   3   4   0.0863331450
1   6   3   6   0.0228374503
2   4   1   5   0.1009218843
2   4   2   4   0.2376733713
2   4   2   6   -0.0325136240
2   4   3   5   -0.0817307957
2   5   1   4   0.1009218843
2   5   1   6   -0.0817307957
2   5   2   5   0.2698035278
2   5   3   4   -0.0817307957
2   5   3   6   0.0957249054
2   6   1   5   -0.0817307957
2   6   2   4   -0.0325136240
2   6   2   6   0.2378977472
2   6   3   5   0.0957249054
3   4   1   4   0.0580222284
3   4   1   6   0.0863331450
3   4   2   5   -0.0817307957
3   4   3   4   0.2609227198
3   4   3   6   0.0228374503
3   5   1   5   -0.0325136240
3   5   2   4   -0.0817307957
3   5   2   6   0.0957249054
3   5   3   5   0.2378977472
3   6   1   4   0.0863331450
3   6   1   6   0.0228374503
3   6   2   5   0.0957249054
3   6   3   4   0.0228374503
3   6   3   6   0.2565221985

End IJKL Block
Begin ABCD Block
1   4   1   4   0.2404030904
1   4   1   5   0.0000000000
1   4   1   6   -0.0304997767
1   4   2   4   0.0000000000
1   4   2   5   0.0760083134
1   4   2   6   0.0000000000
1   4   3   4   -0.0304997767
1   4   3   5   0.0000000000
1   4   3   6   0.0562218201
1   5   1   4   0.0000000000
1   5   1   5   0.2179986243
1   5   1   6   0.0000000000
1   5   2   4   0.0760083134
1   5   2   5   0.0000000000
1   5   2   6   0.0614800900
1   5   3   4   0.0000000000
1   5   3   5   0.0027816187
1   5   3   6   -0.0000000000
1   6   1   4   -0.0304997767
1   6   1   5   0.0000000000
1   6   1   6   0.2266956112
1   6   2   4   0.0000000000
1   6   2   5   0.0614800900
1   6   2   6   -0.0000000000
1   6   3   4   0.0562218201
1   6   3   5   -0.0000000000
1   6   3   6   -0.0412994545
2   4   1   4   0.0000000000
2   4   1   5   0.0760083134
2   4   1   6   0.0000000000
2   4   2   4   0.2179986243
2   4   2   5   0.0000000000
2   4   2   6   0.0027816187
2   4   3   4   0.0000000000
2   4   3   5   0.0614800900
2   4   3   6   -0.0000000000
2   5   1   4   0.0760083134
2   5   1   5   0.0000000000
2   5   1   6   0.0614800900
2   5   2   4   0.0000000000
2   5   2   5   0.2237968838
2   5   2   6   -0.0000000000
2   5   3   4   0.0614800900
2   5   3   5   -0.0000000000
2   5   3   6   0.0633373367
2   6   1   4   0.0000000000
2   6   1   5   0.0614800900
2   6   1   6   -0.0000000000
2   6   2   4   0.0027816187
2   6   2   5   -0.0000000000
2   6   2   6   0.2071298330
2   6   3   4   -0.0000000000
2   6   3   5   0.0633373367
2   6   3   6   -0.0000000000
3   4   1   4   -0.0304997767
3   4   1   5   0.0000000000
3   4   1   6   0.0562218201
3   4   2   4   0.0000000000
3   4   2   5   0.0614800900
3   4   2   6   -0.0000000000
3   4   3   4   0.2266956112
3   4   3   5   -0.0000000000
3   4   3   6   -0.0412994545
3   5   1   4   0.0000000000
3   5   1   5   0.0027816187
3   5   1   6   -0.0000000000
3   5   2   4   0.0614800900
3   5   2   5   -0.0000000000
3   5   2   6   0.0633373367
3   5   3   4   -0.0000000000
3   5   3   5   0.2071298330
3   5   3   6   -0.0000000000
3   6   1   4   0.0562218201
3   6   1   5   -0.0000000000
3   6   1   6   -0.0412994545
3   6   2   4   -0.0000000000
3   6   2   5   0.0633373367
3   6   2   6   -0.0000000000
3   6   3   4   -0.0412994545
3   6   3   5   -0.0000000000
3   6   3   6   0.2324412216

End ABCD Block
Begin AIJB Block
1   4   1   4   0.0613799626
1   4   1   6   -0.0241069548
1   4   2   5   0.0230438846
1   4   3   4   0.0101399586
1   4   3   6   -0.0257830252
1   5   1   5   0.0377882524
1   5   1   6   0.0000000000
1   5   2   4   0.0567941632
1   5   2   6   0.0109127751
1   5   3   5   -0.0211988785
1   6   1   4   0.0101399586
1   6   1   6   -0.0469227977
1   6   2   5   -0.0477331265
1   6   3   4   0.0609894253
1   6   3   6   -0.0159932623
2   4   1   5   0.0357655038
2   4   2   4   0.0377882524
2   4   2   6   0.0164498684
2   4   3   5   -0.0155892267
2   4   3   6   0.0000000000
2   5   1   4   0.0230438846
2   5   1   6   0.0275385556
2   5   2   5   0.0547024311
2   5   2   6   -0.0000000000
2   5   3   4   -0.0477331265
2   5   3   6   -0.0137164554
2   6   1   5   -0.0155892267
2   6   2   4   -0.0211988785
2   6   2   6   -0.0314002253
2   6   3   5   0.0489888913
2   6   3   6   -0.0000000000
3   4   1   4   -0.0241069548
3   4   1   6   0.0419565527
3   4   2   4   0.0000000000
3   4   2   5   0.0275385556
3   4   2   6   -0.0000000000
3   4   3   4   -0.0469227977
3   4   3   6   0.0158638347
3   5   1   5   0.0164498684
3   5   1   6   -0.0000000000
3   5   2   4   0.0109127751
3   5   2   5   -0.0000000000
3   5   2   6   0.0298310107
3   5   3   5   -0.0314002253
3   5   3   6   0.0000000000
3   6   1   4   -0.0257830252
3   6   1   5   0.0000000000
3   6   1   6   0.0158638347
3   6   2   5   -0.0137164554
3   6   2   6   0.0000000000
3   6   3   4   -0.0159932623
3   6   3   5   -0.0000000000
3   6   3   6   0.0455173607

1   4   4   1   -0.2525798869
1   4   4   2   -0.0000000000
1   4   4   3   0.0627619654
1   4   5   2   -0.0737790906
1   4   5   3   -0.0000000000
1   4   6   1   -0.0205613121
1   4   6   3   0.0623081233
1   5   4   2   -0.0737790906
1   5   4   3   -0.0000000000
1   5   5   1   -0.2299373104
1   5   5   2   -0.0000000000
1   5   5   3   -0.0034077394
1   5   6   2   0.0777097270
1   6   4   1   -0.0205613121
1   6   4   3   0.0623081233
1   6   5   2   0.0777097270
1   6   6   1   -0.2387494038
1   6   6   2   -0.0000000000
1   6   6   3   0.0320792420
2   4   4   1   -0.0000000000
2   4   4   2   -0.2230344585
2   4   5   1   -0.0737790906
2   4   5   2   -0.0000000000
2   4   5   3   -0.0724384668
2   4   6   2   0.0145661598
2   4   6   3   0.0000000000
2   5   4   1   -0.0737790906
2   5   4   2   -0.0000000000
2   5   4   3   -0.0724384668
2   5   5   1   -0.0000000000
2   5   5   2   -0.2369939959
2   5   6   1   0.0777097270
2   5   6   3   0.0641067487
2   6   4   2   0.0145661598
2   6   4   3   0.0000000000
2   6   5   1   0.0777097270
2   6   5   3   0.0641067487
2   6   6   1   -0.0000000000
2   6   6   2   -0.2207780171
2   6   6   3   0.0000000000
3   4   4   1   0.0627619654
3   4   4   3   -0.2567683000
3   4   5   1   -0.0000000000
3   4   5   2   -0.0724384668
3   4   5   3   0.0000000000
3   4   6   1   0.0623081233
3   4   6   2   0.0000000000
3   4   6   3   -0.0376964764
3   5   4   1   -0.0000000000
3   5   4   2   -0.0724384668
3   5   4   3   0.0000000000
3   5   5   1   -0.0034077394
3   5   5   3   -0.2156716304
3   5   6   2   0.0641067487
3   5   6   3   -0.0000000000
3   6   4   1   0.0623081233
3   6   4   2   0.0000000000
3   6   4   3   -0.0376964764
3   6   5   2   0.0641067487
3   6   5   3   -0.0000000000
3   6   6   1   0.0320792420
3   6   6   2   0.0000000000
3   6   6   3   -0.2311988990

End AIJB Block
Begin IJKA Block
1   4   1   5   0.0076206302
1   4   1   6   0.0000000000
1   4   2   4   0.0354261352
1   4   2   6   0.0004715408
1   4   3   5   -0.0216100841
1   4   3   6   0.0000000000
1   5   1   4   0.0517487234
1   5   1   6   0.0092346795
1   5   2   5   0.0274120541
1   5   3   4   0.0415081573
1   5   3   6   -0.0253577620
1   6   1   5   -0.0540641948
1   6   1   6   0.0000000000
1   6   2   4   0.0537164149
1   6   2   6   -0.0409730244
1   6   3   5   -0.0406912709
2   4   1   4   0.0354261352
2   4   1   6   0.0004715408
2   4   2   5   0.0263278256
2   4   3   4   0.0092744255
2   4   3   6   -0.0195461888
2   5   1   5   0.0274120541
2   5   2   4   0.0038473648
2   5   2   6   0.0336666473
2   5   3   5   -0.0008683644
2   6   1   4   0.0537164149
2   6   1   6   -0.0409730244
2   6   2   5   -0.0086666200
2   6   2   6   0.0000000000
2   6   3   4   -0.0499148262
2   6   3   6   0.0086539603
3   4   1   5   -0.0216100841
3   4   1   6   0.0000000000
3   4   2   4   0.0092744255
3   4   2   6   -0.0195461888
3   4   3   5   -0.0086200204
3   5   1   4   0.0415081573
3   5   1   6   -0.0253577620
3   5   2   5   -0.0008683644
3   5   3   4   0.0071762523
3   5   3   6   0.0043487342
3   6   1   5   -0.0406912709
3   6   2   4   -0.0499148262
3   6   2   6   0.0086539603
3   6   3   5   -0.0185701440
3   6   3   6   0.0000000000

End IJKA Block
Begin IABC Block
1   4   1   5   0.0017765589
1   4   2   4   0.0003759368
1   4   2   6   0.0091612635
1   4   3   4   0.0000000000
1   4   3   5   0.0081216288
1   5   1   4   0.0017765589
1   5   1   6   0.0184888331
1   5   2   5   0.0146569283
1   5   2   6   -0.0000000000
1   5   3   4   0.0081216288
1   5   3   5   -0.0000000000
1   5   3   6   -0.0009849964
1   6   1   5   0.0184888331
1   6   2   4   0.0091612635
1   6   2   5   -0.0000000000
1   6   2   6   0.0042630626
1   6   3   5   -0.0009849964
1   6   3   6   -0.0000000000
2   4   1   4   0.0156950542
2   4   1   6   -0.0371043262
2   4   2   5   0.0004192823
2   4   3   4   -0.0003887822
2   4   3   6   0.0124328071
2   5   1   5   0.0046311570
2   5   2   4   0.0004192823
2   5   2   5   -0.0000000000
2   5   2   6   0.0111588258
2   5   3   5   0.0181504102
2   5   3   6   -0.0000000000
2   6   1   4   -0.0371043262
2   6   1   6   0.0329111436
2   6   2   5   0.0111588258
2   6   2   6   -0.0000000000
2   6   3   4   0.0124328071
2   6   3   5   -0.0000000000
2   6   3   6   0.0051533126
3   4   1   5   0.0477527204
3   4   2   4   -0.0130791384
3   4   2   6   0.0357782811
3   4   3   5   -0.0058846154
3   4   3   6   0.0000000000
3   5   1   4   0.0477527204
3   5   1   6   0.0443089999
3   5   2   5   -0.0062011561
3   5   2   6   0.0000000000
3   5   3   4   -0.0058846154
3   5   3   5   0.0000000000
3   5   3   6   -0.0226601879
3   6   1   5   0.0443089999
3   6   2   4   0.0357782811
3   6   2   5   0.0000000000
3   6   2   6   -0.0341420046
3   6   3   4   0.0000000000
3   6   3   5   -0.0226601879
3   6   3   6   -0.0000000000

End IABC Block
