Number of strings: 1287 1287, CI size = 1656369
String addressing array alpha: 5 13
0 330 540 666 736 771 786 791 792 792 792 792 792
0 0 120 204 260 295 315 325 329 330 330 330 330
0 0 0 36 64 85 100 110 116 119 120 120 120
0 0 0 0 8 15 21 26 30 33 35 36 36
0 0 0 0 0 1 2 3 4 5 6 7 8

Alpha strings 1287 5
1 2 3 4 5
1 2 3 4 6
1 2 3 4 7
1 2 3 4 8
1 2 3 4 9
1 2 3 4 10
1 2 3 4 11
1 2 3 4 12
1 2 3 4 13
1 2 3 5 6
1 2 3 5 7
1 2 3 5 8
1 2 3 5 9
1 2 3 5 10
1 2 3 5 11
1 2 3 5 12
1 2 3 5 13
1 2 3 6 7
1 2 3 6 8
1 2 3 6 9
1 2 3 6 10
1 2 3 6 11
1 2 3 6 12
1 2 3 6 13
1 2 3 7 8
1 2 3 7 9
1 2 3 7 10
1 2 3 7 11
1 2 3 7 12
1 2 3 7 13
1 2 3 8 9
1 2 3 8 10
1 2 3 8 11
1 2 3 8 12
1 2 3 8 13
1 2 3 9 10
1 2 3 9 11
1 2 3 9 12
1 2 3 9 13
1 2 3 10 11
1 2 3 10 12
1 2 3 10 13
1 2 3 11 12
1 2 3 11 13
1 2 3 12 13
1 2 4 5 6
1 2 4 5 7
1 2 4 5 8
1 2 4 5 9
1 2 4 5 10
1 2 4 5 11
1 2 4 5 12
1 2 4 5 13
1 2 4 6 7
1 2 4 6 8
1 2 4 6 9
1 2 4 6 10
1 2 4 6 11
1 2 4 6 12
1 2 4 6 13
1 2 4 7 8
1 2 4 7 9
1 2 4 7 10
1 2 4 7 11
1 2 4 7 12
1 2 4 7 13
1 2 4 8 9
1 2 4 8 10
1 2 4 8 11
1 2 4 8 12
1 2 4 8 13
1 2 4 9 10
1 2 4 9 11
1 2 4 9 12
1 2 4 9 13
1 2 4 10 11
1 2 4 10 12
1 2 4 10 13
1 2 4 11 12
1 2 4 11 13
1 2 4 12 13
1 2 5 6 7
1 2 5 6 8
1 2 5 6 9
1 2 5 6 10
1 2 5 6 11
1 2 5 6 12
1 2 5 6 13
1 2 5 7 8
1 2 5 7 9
1 2 5 7 10
1 2 5 7 11
1 2 5 7 12
1 2 5 7 13
1 2 5 8 9
1 2 5 8 10
1 2 5 8 11
1 2 5 8 12
1 2 5 8 13
1 2 5 9 10
1 2 5 9 11
1 2 5 9 12
1 2 5 9 13
1 2 5 10 11
1 2 5 10 12
1 2 5 10 13
1 2 5 11 12
1 2 5 11 13
1 2 5 12 13
1 2 6 7 8
1 2 6 7 9
1 2 6 7 10
1 2 6 7 11
1 2 6 7 12
1 2 6 7 13
1 2 6 8 9
1 2 6 8 10
1 2 6 8 11
1 2 6 8 12
1 2 6 8 13
1 2 6 9 10
1 2 6 9 11
1 2 6 9 12
1 2 6 9 13
1 2 6 10 11
1 2 6 10 12
1 2 6 10 13
1 2 6 11 12
1 2 6 11 13
1 2 6 12 13
1 2 7 8 9
1 2 7 8 10
1 2 7 8 11
1 2 7 8 12
1 2 7 8 13
1 2 7 9 10
1 2 7 9 11
1 2 7 9 12
1 2 7 9 13
1 2 7 10 11
1 2 7 10 12
1 2 7 10 13
1 2 7 11 12
1 2 7 11 13
1 2 7 12 13
1 2 8 9 10
1 2 8 9 11
1 2 8 9 12
1 2 8 9 13
1 2 8 10 11
1 2 8 10 12
1 2 8 10 13
1 2 8 11 12
1 2 8 11 13
1 2 8 12 13
1 2 9 10 11
1 2 9 10 12
1 2 9 10 13
1 2 9 11 12
1 2 9 11 13
1 2 9 12 13
1 2 10 11 12
1 2 10 11 13
1 2 10 12 13
1 2 11 12 13
1 3 4 5 6
1 3 4 5 7
1 3 4 5 8
1 3 4 5 9
1 3 4 5 10
1 3 4 5 11
1 3 4 5 12
1 3 4 5 13
1 3 4 6 7
1 3 4 6 8
1 3 4 6 9
1 3 4 6 10
1 3 4 6 11
1 3 4 6 12
1 3 4 6 13
1 3 4 7 8
1 3 4 7 9
1 3 4 7 10
1 3 4 7 11
1 3 4 7 12
1 3 4 7 13
1 3 4 8 9
1 3 4 8 10
1 3 4 8 11
1 3 4 8 12
1 3 4 8 13
1 3 4 9 10
1 3 4 9 11
1 3 4 9 12
1 3 4 9 13
1 3 4 10 11
1 3 4 10 12
1 3 4 10 13
1 3 4 11 12
1 3 4 11 13
1 3 4 12 13
1 3 5 6 7
1 3 5 6 8
1 3 5 6 9
1 3 5 6 10
1 3 5 6 11
1 3 5 6 12
1 3 5 6 13
1 3 5 7 8
1 3 5 7 9
1 3 5 7 10
1 3 5 7 11
1 3 5 7 12
1 3 5 7 13
1 3 5 8 9
1 3 5 8 10
1 3 5 8 11
1 3 5 8 12
1 3 5 8 13
1 3 5 9 10
1 3 5 9 11
1 3 5 9 12
1 3 5 9 13
1 3 5 10 11
1 3 5 10 12
1 3 5 10 13
1 3 5 11 12
1 3 5 11 13
1 3 5 12 13
1 3 6 7 8
1 3 6 7 9
1 3 6 7 10
1 3 6 7 11
1 3 6 7 12
1 3 6 7 13
1 3 6 8 9
1 3 6 8 10
1 3 6 8 11
1 3 6 8 12
1 3 6 8 13
1 3 6 9 10
1 3 6 9 11
1 3 6 9 12
1 3 6 9 13
1 3 6 10 11
1 3 6 10 12
1 3 6 10 13
1 3 6 11 12
1 3 6 11 13
1 3 6 12 13
1 3 7 8 9
1 3 7 8 10
1 3 7 8 11
1 3 7 8 12
1 3 7 8 13
1 3 7 9 10
1 3 7 9 11
1 3 7 9 12
1 3 7 9 13
1 3 7 10 11
1 3 7 10 12
1 3 7 10 13
1 3 7 11 12
1 3 7 11 13
1 3 7 12 13
1 3 8 9 10
1 3 8 9 11
1 3 8 9 12
1 3 8 9 13
1 3 8 10 11
1 3 8 10 12
1 3 8 10 13
1 3 8 11 12
1 3 8 11 13
1 3 8 12 13
1 3 9 10 11
1 3 9 10 12
1 3 9 10 13
1 3 9 11 12
1 3 9 11 13
1 3 9 12 13
1 3 10 11 12
1 3 10 11 13
1 3 10 12 13
1 3 11 12 13
1 4 5 6 7
1 4 5 6 8
1 4 5 6 9
1 4 5 6 10
1 4 5 6 11
1 4 5 6 12
1 4 5 6 13
1 4 5 7 8
1 4 5 7 9
1 4 5 7 10
1 4 5 7 11
1 4 5 7 12
1 4 5 7 13
1 4 5 8 9
1 4 5 8 10
1 4 5 8 11
1 4 5 8 12
1 4 5 8 13
1 4 5 9 10
1 4 5 9 11
1 4 5 9 12
1 4 5 9 13
1 4 5 10 11
1 4 5 10 12
1 4 5 10 13
1 4 5 11 12
1 4 5 11 13
1 4 5 12 13
1 4 6 7 8
1 4 6 7 9
1 4 6 7 10
1 4 6 7 11
1 4 6 7 12
1 4 6 7 13
1 4 6 8 9
1 4 6 8 10
1 4 6 8 11
1 4 6 8 12
1 4 6 8 13
1 4 6 9 10
1 4 6 9 11
1 4 6 9 12
1 4 6 9 13
1 4 6 10 11
1 4 6 10 12
1 4 6 10 13
1 4 6 11 12
1 4 6 11 13
1 4 6 12 13
1 4 7 8 9
1 4 7 8 10
1 4 7 8 11
1 4 7 8 12
1 4 7 8 13
1 4 7 9 10
1 4 7 9 11
1 4 7 9 12
1 4 7 9 13
1 4 7 10 11
1 4 7 10 12
1 4 7 10 13
1 4 7 11 12
1 4 7 11 13
1 4 7 12 13
1 4 8 9 10
1 4 8 9 11
1 4 8 9 12
1 4 8 9 13
1 4 8 10 11
1 4 8 10 12
1 4 8 10 13
1 4 8 11 12
1 4 8 11 13
1 4 8 12 13
1 4 9 10 11
1 4 9 10 12
1 4 9 10 13
1 4 9 11 12
1 4 9 11 13
1 4 9 12 13
1 4 10 11 12
1 4 10 11 13
1 4 10 12 13
1 4 11 12 13
1 5 6 7 8
1 5 6 7 9
1 5 6 7 10
1 5 6 7 11
1 5 6 7 12
1 5 6 7 13
1 5 6 8 9
1 5 6 8 10
1 5 6 8 11
1 5 6 8 12
1 5 6 8 13
1 5 6 9 10
1 5 6 9 11
1 5 6 9 12
1 5 6 9 13
1 5 6 10 11
1 5 6 10 12
1 5 6 10 13
1 5 6 11 12
1 5 6 11 13
1 5 6 12 13
1 5 7 8 9
1 5 7 8 10
1 5 7 8 11
1 5 7 8 12
1 5 7 8 13
1 5 7 9 10
1 5 7 9 11
1 5 7 9 12
1 5 7 9 13
1 5 7 10 11
1 5 7 10 12
1 5 7 10 13
1 5 7 11 12
1 5 7 11 13
1 5 7 12 13
1 5 8 9 10
1 5 8 9 11
1 5 8 9 12
1 5 8 9 13
1 5 8 10 11
1 5 8 10 12
1 5 8 10 13
1 5 8 11 12
1 5 8 11 13
1 5 8 12 13
1 5 9 10 11
1 5 9 10 12
1 5 9 10 13
1 5 9 11 12
1 5 9 11 13
1 5 9 12 13
1 5 10 11 12
1 5 10 11 13
1 5 10 12 13
1 5 11 12 13
1 6 7 8 9
1 6 7 8 10
1 6 7 8 11
1 6 7 8 12
1 6 7 8 13
1 6 7 9 10
1 6 7 9 11
1 6 7 9 12
1 6 7 9 13
1 6 7 10 11
1 6 7 10 12
1 6 7 10 13
1 6 7 11 12
1 6 7 11 13
1 6 7 12 13
1 6 8 9 10
1 6 8 9 11
1 6 8 9 12
1 6 8 9 13
1 6 8 10 11
1 6 8 10 12
1 6 8 10 13
1 6 8 11 12
1 6 8 11 13
1 6 8 12 13
1 6 9 10 11
1 6 9 10 12
1 6 9 10 13
1 6 9 11 12
1 6 9 11 13
1 6 9 12 13
1 6 10 11 12
1 6 10 11 13
1 6 10 12 13
1 6 11 12 13
1 7 8 9 10
1 7 8 9 11
1 7 8 9 12
1 7 8 9 13
1 7 8 10 11
1 7 8 10 12
1 7 8 10 13
1 7 8 11 12
1 7 8 11 13
1 7 8 12 13
1 7 9 10 11
1 7 9 10 12
1 7 9 10 13
1 7 9 11 12
1 7 9 11 13
1 7 9 12 13
1 7 10 11 12
1 7 10 11 13
1 7 10 12 13
1 7 11 12 13
1 8 9 10 11
1 8 9 10 12
1 8 9 10 13
1 8 9 11 12
1 8 9 11 13
1 8 9 12 13
1 8 10 11 12
1 8 10 11 13
1 8 10 12 13
1 8 11 12 13
1 9 10 11 12
1 9 10 11 13
1 9 10 12 13
1 9 11 12 13
1 10 11 12 13
2 3 4 5 6
2 3 4 5 7
2 3 4 5 8
2 3 4 5 9
2 3 4 5 10
2 3 4 5 11
2 3 4 5 12
2 3 4 5 13
2 3 4 6 7
2 3 4 6 8
2 3 4 6 9
2 3 4 6 10
2 3 4 6 11
2 3 4 6 12
2 3 4 6 13
2 3 4 7 8
2 3 4 7 9
2 3 4 7 10
2 3 4 7 11
2 3 4 7 12
2 3 4 7 13
2 3 4 8 9
2 3 4 8 10
2 3 4 8 11
2 3 4 8 12
2 3 4 8 13
2 3 4 9 10
2 3 4 9 11
2 3 4 9 12
2 3 4 9 13
2 3 4 10 11
2 3 4 10 12
2 3 4 10 13
2 3 4 11 12
2 3 4 11 13
2 3 4 12 13
2 3 5 6 7
2 3 5 6 8
2 3 5 6 9
2 3 5 6 10
2 3 5 6 11
2 3 5 6 12
2 3 5 6 13
2 3 5 7 8
2 3 5 7 9
2 3 5 7 10
2 3 5 7 11
2 3 5 7 12
2 3 5 7 13
2 3 5 8 9
2 3 5 8 10
2 3 5 8 11
2 3 5 8 12
2 3 5 8 13
2 3 5 9 10
2 3 5 9 11
2 3 5 9 12
2 3 5 9 13
2 3 5 10 11
2 3 5 10 12
2 3 5 10 13
2 3 5 11 12
2 3 5 11 13
2 3 5 12 13
2 3 6 7 8
2 3 6 7 9
2 3 6 7 10
2 3 6 7 11
2 3 6 7 12
2 3 6 7 13
2 3 6 8 9
2 3 6 8 10
2 3 6 8 11
2 3 6 8 12
2 3 6 8 13
2 3 6 9 10
2 3 6 9 11
2 3 6 9 12
2 3 6 9 13
2 3 6 10 11
2 3 6 10 12
2 3 6 10 13
2 3 6 11 12
2 3 6 11 13
2 3 6 12 13
2 3 7 8 9
2 3 7 8 10
2 3 7 8 11
2 3 7 8 12
2 3 7 8 13
2 3 7 9 10
2 3 7 9 11
2 3 7 9 12
2 3 7 9 13
2 3 7 10 11
2 3 7 10 12
2 3 7 10 13
2 3 7 11 12
2 3 7 11 13
2 3 7 12 13
2 3 8 9 10
2 3 8 9 11
2 3 8 9 12
2 3 8 9 13
2 3 8 10 11
2 3 8 10 12
2 3 8 10 13
2 3 8 11 12
2 3 8 11 13
2 3 8 12 13
2 3 9 10 11
2 3 9 10 12
2 3 9 10 13
2 3 9 11 12
2 3 9 11 13
2 3 9 12 13
2 3 10 11 12
2 3 10 11 13
2 3 10 12 13
2 3 11 12 13
2 4 5 6 7
2 4 5 6 8
2 4 5 6 9
2 4 5 6 10
2 4 5 6 11
2 4 5 6 12
2 4 5 6 13
2 4 5 7 8
2 4 5 7 9
2 4 5 7 10
2 4 5 7 11
2 4 5 7 12
2 4 5 7 13
2 4 5 8 9
2 4 5 8 10
2 4 5 8 11
2 4 5 8 12
2 4 5 8 13
2 4 5 9 10
2 4 5 9 11
2 4 5 9 12
2 4 5 9 13
2 4 5 10 11
2 4 5 10 12
2 4 5 10 13
2 4 5 11 12
2 4 5 11 13
2 4 5 12 13
2 4 6 7 8
2 4 6 7 9
2 4 6 7 10
2 4 6 7 11
2 4 6 7 12
2 4 6 7 13
2 4 6 8 9
2 4 6 8 10
2 4 6 8 11
2 4 6 8 12
2 4 6 8 13
2 4 6 9 10
2 4 6 9 11
2 4 6 9 12
2 4 6 9 13
2 4 6 10 11
2 4 6 10 12
2 4 6 10 13
2 4 6 11 12
2 4 6 11 13
2 4 6 12 13
2 4 7 8 9
2 4 7 8 10
2 4 7 8 11
2 4 7 8 12
2 4 7 8 13
2 4 7 9 10
2 4 7 9 11
2 4 7 9 12
2 4 7 9 13
2 4 7 10 11
2 4 7 10 12
2 4 7 10 13
2 4 7 11 12
2 4 7 11 13
2 4 7 12 13
2 4 8 9 10
2 4 8 9 11
2 4 8 9 12
2 4 8 9 13
2 4 8 10 11
2 4 8 10 12
2 4 8 10 13
2 4 8 11 12
2 4 8 11 13
2 4 8 12 13
2 4 9 10 11
2 4 9 10 12
2 4 9 10 13
2 4 9 11 12
2 4 9 11 13
2 4 9 12 13
2 4 10 11 12
2 4 10 11 13
2 4 10 12 13
2 4 11 12 13
2 5 6 7 8
2 5 6 7 9
2 5 6 7 10
2 5 6 7 11
2 5 6 7 12
2 5 6 7 13
2 5 6 8 9
2 5 6 8 10
2 5 6 8 11
2 5 6 8 12
2 5 6 8 13
2 5 6 9 10
2 5 6 9 11
2 5 6 9 12
2 5 6 9 13
2 5 6 10 11
2 5 6 10 12
2 5 6 10 13
2 5 6 11 12
2 5 6 11 13
2 5 6 12 13
2 5 7 8 9
2 5 7 8 10
2 5 7 8 11
2 5 7 8 12
2 5 7 8 13
2 5 7 9 10
2 5 7 9 11
2 5 7 9 12
2 5 7 9 13
2 5 7 10 11
2 5 7 10 12
2 5 7 10 13
2 5 7 11 12
2 5 7 11 13
2 5 7 12 13
2 5 8 9 10
2 5 8 9 11
2 5 8 9 12
2 5 8 9 13
2 5 8 10 11
2 5 8 10 12
2 5 8 10 13
2 5 8 11 12
2 5 8 11 13
2 5 8 12 13
2 5 9 10 11
2 5 9 10 12
2 5 9 10 13
2 5 9 11 12
2 5 9 11 13
2 5 9 12 13
2 5 10 11 12
2 5 10 11 13
2 5 10 12 13
2 5 11 12 13
2 6 7 8 9
2 6 7 8 10
2 6 7 8 11
2 6 7 8 12
2 6 7 8 13
2 6 7 9 10
2 6 7 9 11
2 6 7 9 12
2 6 7 9 13
2 6 7 10 11
2 6 7 10 12
2 6 7 10 13
2 6 7 11 12
2 6 7 11 13
2 6 7 12 13
2 6 8 9 10
2 6 8 9 11
2 6 8 9 12
2 6 8 9 13
2 6 8 10 11
2 6 8 10 12
2 6 8 10 13
2 6 8 11 12
2 6 8 11 13
2 6 8 12 13
2 6 9 10 11
2 6 9 10 12
2 6 9 10 13
2 6 9 11 12
2 6 9 11 13
2 6 9 12 13
2 6 10 11 12
2 6 10 11 13
2 6 10 12 13
2 6 11 12 13
2 7 8 9 10
2 7 8 9 11
2 7 8 9 12
2 7 8 9 13
2 7 8 10 11
2 7 8 10 12
2 7 8 10 13
2 7 8 11 12
2 7 8 11 13
2 7 8 12 13
2 7 9 10 11
2 7 9 10 12
2 7 9 10 13
2 7 9 11 12
2 7 9 11 13
2 7 9 12 13
2 7 10 11 12
2 7 10 11 13
2 7 10 12 13
2 7 11 12 13
2 8 9 10 11
2 8 9 10 12
2 8 9 10 13
2 8 9 11 12
2 8 9 11 13
2 8 9 12 13
2 8 10 11 12
2 8 10 11 13
2 8 10 12 13
2 8 11 12 13
2 9 10 11 12
2 9 10 11 13
2 9 10 12 13
2 9 11 12 13
2 10 11 12 13
3 4 5 6 7
3 4 5 6 8
3 4 5 6 9
3 4 5 6 10
3 4 5 6 11
3 4 5 6 12
3 4 5 6 13
3 4 5 7 8
3 4 5 7 9
3 4 5 7 10
3 4 5 7 11
3 4 5 7 12
3 4 5 7 13
3 4 5 8 9
3 4 5 8 10
3 4 5 8 11
3 4 5 8 12
3 4 5 8 13
3 4 5 9 10
3 4 5 9 11
3 4 5 9 12
3 4 5 9 13
3 4 5 10 11
3 4 5 10 12
3 4 5 10 13
3 4 5 11 12
3 4 5 11 13
3 4 5 12 13
3 4 6 7 8
3 4 6 7 9
3 4 6 7 10
3 4 6 7 11
3 4 6 7 12
3 4 6 7 13
3 4 6 8 9
3 4 6 8 10
3 4 6 8 11
3 4 6 8 12
3 4 6 8 13
3 4 6 9 10
3 4 6 9 11
3 4 6 9 12
3 4 6 9 13
3 4 6 10 11
3 4 6 10 12
3 4 6 10 13
3 4 6 11 12
3 4 6 11 13
3 4 6 12 13
3 4 7 8 9
3 4 7 8 10
3 4 7 8 11
3 4 7 8 12
3 4 7 8 13
3 4 7 9 10
3 4 7 9 11
3 4 7 9 12
3 4 7 9 13
3 4 7 10 11
3 4 7 10 12
3 4 7 10 13
3 4 7 11 12
3 4 7 11 13
3 4 7 12 13
3 4 8 9 10
3 4 8 9 11
3 4 8 9 12
3 4 8 9 13
3 4 8 10 11
3 4 8 10 12
3 4 8 10 13
3 4 8 11 12
3 4 8 11 13
3 4 8 12 13
3 4 9 10 11
3 4 9 10 12
3 4 9 10 13
3 4 9 11 12
3 4 9 11 13
3 4 9 12 13
3 4 10 11 12
3 4 10 11 13
3 4 10 12 13
3 4 11 12 13
3 5 6 7 8
3 5 6 7 9
3 5 6 7 10
3 5 6 7 11
3 5 6 7 12
3 5 6 7 13
3 5 6 8 9
3 5 6 8 10
3 5 6 8 11
3 5 6 8 12
3 5 6 8 13
3 5 6 9 10
3 5 6 9 11
3 5 6 9 12
3 5 6 9 13
3 5 6 10 11
3 5 6 10 12
3 5 6 10 13
3 5 6 11 12
3 5 6 11 13
3 5 6 12 13
3 5 7 8 9
3 5 7 8 10
3 5 7 8 11
3 5 7 8 12
3 5 7 8 13
3 5 7 9 10
3 5 7 9 11
3 5 7 9 12
3 5 7 9 13
3 5 7 10 11
3 5 7 10 12
3 5 7 10 13
3 5 7 11 12
3 5 7 11 13
3 5 7 12 13
3 5 8 9 10
3 5 8 9 11
3 5 8 9 12
3 5 8 9 13
3 5 8 10 11
3 5 8 10 12
3 5 8 10 13
3 5 8 11 12
3 5 8 11 13
3 5 8 12 13
3 5 9 10 11
3 5 9 10 12
3 5 9 10 13
3 5 9 11 12
3 5 9 11 13
3 5 9 12 13
3 5 10 11 12
3 5 10 11 13
3 5 10 12 13
3 5 11 12 13
3 6 7 8 9
3 6 7 8 10
3 6 7 8 11
3 6 7 8 12
3 6 7 8 13
3 6 7 9 10
3 6 7 9 11
3 6 7 9 12
3 6 7 9 13
3 6 7 10 11
3 6 7 10 12
3 6 7 10 13
3 6 7 11 12
3 6 7 11 13
3 6 7 12 13
3 6 8 9 10
3 6 8 9 11
3 6 8 9 12
3 6 8 9 13
3 6 8 10 11
3 6 8 10 12
3 6 8 10 13
3 6 8 11 12
3 6 8 11 13
3 6 8 12 13
3 6 9 10 11
3 6 9 10 12
3 6 9 10 13
3 6 9 11 12
3 6 9 11 13
3 6 9 12 13
3 6 10 11 12
3 6 10 11 13
3 6 10 12 13
3 6 11 12 13
3 7 8 9 10
3 7 8 9 11
3 7 8 9 12
3 7 8 9 13
3 7 8 10 11
3 7 8 10 12
3 7 8 10 13
3 7 8 11 12
3 7 8 11 13
3 7 8 12 13
3 7 9 10 11
3 7 9 10 12
3 7 9 10 13
3 7 9 11 12
3 7 9 11 13
3 7 9 12 13
3 7 10 11 12
3 7 10 11 13
3 7 10 12 13
3 7 11 12 13
3 8 9 10 11
3 8 9 10 12
3 8 9 10 13
3 8 9 11 12
3 8 9 11 13
3 8 9 12 13
3 8 10 11 12
3 8 10 11 13
3 8 10 12 13
3 8 11 12 13
3 9 10 11 12
3 9 10 11 13
3 9 10 12 13
3 9 11 12 13
3 10 11 12 13
4 5 6 7 8
4 5 6 7 9
4 5 6 7 10
4 5 6 7 11
4 5 6 7 12
4 5 6 7 13
4 5 6 8 9
4 5 6 8 10
4 5 6 8 11
4 5 6 8 12
4 5 6 8 13
4 5 6 9 10
4 5 6 9 11
4 5 6 9 12
4 5 6 9 13
4 5 6 10 11
4 5 6 10 12
4 5 6 10 13
4 5 6 11 12
4 5 6 11 13
4 5 6 12 13
4 5 7 8 9
4 5 7 8 10
4 5 7 8 11
4 5 7 8 12
4 5 7 8 13
4 5 7 9 10
4 5 7 9 11
4 5 7 9 12
4 5 7 9 13
4 5 7 10 11
4 5 7 10 12
4 5 7 10 13
4 5 7 11 12
4 5 7 11 13
4 5 7 12 13
4 5 8 9 10
4 5 8 9 11
4 5 8 9 12
4 5 8 9 13
4 5 8 10 11
4 5 8 10 12
4 5 8 10 13
4 5 8 11 12
4 5 8 11 13
4 5 8 12 13
4 5 9 10 11
4 5 9 10 12
4 5 9 10 13
4 5 9 11 12
4 5 9 11 13
4 5 9 12 13
4 5 10 11 12
4 5 10 11 13
4 5 10 12 13
4 5 11 12 13
4 6 7 8 9
4 6 7 8 10
4 6 7 8 11
4 6 7 8 12
4 6 7 8 13
4 6 7 9 10
4 6 7 9 11
4 6 7 9 12
4 6 7 9 13
4 6 7 10 11
4 6 7 10 12
4 6 7 10 13
4 6 7 11 12
4 6 7 11 13
4 6 7 12 13
4 6 8 9 10
4 6 8 9 11
4 6 8 9 12
4 6 8 9 13
4 6 8 10 11
4 6 8 10 12
4 6 8 10 13
4 6 8 11 12
4 6 8 11 13
4 6 8 12 13
4 6 9 10 11
4 6 9 10 12
4 6 9 10 13
4 6 9 11 12
4 6 9 11 13
4 6 9 12 13
4 6 10 11 12
4 6 10 11 13
4 6 10 12 13
4 6 11 12 13
4 7 8 9 10
4 7 8 9 11
4 7 8 9 12
4 7 8 9 13
4 7 8 10 11
4 7 8 10 12
4 7 8 10 13
4 7 8 11 12
4 7 8 11 13
4 7 8 12 13
4 7 9 10 11
4 7 9 10 12
4 7 9 10 13
4 7 9 11 12
4 7 9 11 13
4 7 9 12 13
4 7 10 11 12
4 7 10 11 13
4 7 10 12 13
4 7 11 12 13
4 8 9 10 11
4 8 9 10 12
4 8 9 10 13
4 8 9 11 12
4 8 9 11 13
4 8 9 12 13
4 8 10 11 12
4 8 10 11 13
4 8 10 12 13
4 8 11 12 13
4 9 10 11 12
4 9 10 11 13
4 9 10 12 13
4 9 11 12 13
4 10 11 12 13
5 6 7 8 9
5 6 7 8 10
5 6 7 8 11
5 6 7 8 12
5 6 7 8 13
5 6 7 9 10
5 6 7 9 11
5 6 7 9 12
5 6 7 9 13
5 6 7 10 11
5 6 7 10 12
5 6 7 10 13
5 6 7 11 12
5 6 7 11 13
5 6 7 12 13
5 6 8 9 10
5 6 8 9 11
5 6 8 9 12
5 6 8 9 13
5 6 8 10 11
5 6 8 10 12
5 6 8 10 13
5 6 8 11 12
5 6 8 11 13
5 6 8 12 13
5 6 9 10 11
5 6 9 10 12
5 6 9 10 13
5 6 9 11 12
5 6 9 11 13
5 6 9 12 13
5 6 10 11 12
5 6 10 11 13
5 6 10 12 13
5 6 11 12 13
5 7 8 9 10
5 7 8 9 11
5 7 8 9 12
5 7 8 9 13
5 7 8 10 11
5 7 8 10 12
5 7 8 10 13
5 7 8 11 12
5 7 8 11 13
5 7 8 12 13
5 7 9 10 11
5 7 9 10 12
5 7 9 10 13
5 7 9 11 12
5 7 9 11 13
5 7 9 12 13
5 7 10 11 12
5 7 10 11 13
5 7 10 12 13
5 7 11 12 13
5 8 9 10 11
5 8 9 10 12
5 8 9 10 13
5 8 9 11 12
5 8 9 11 13
5 8 9 12 13
5 8 10 11 12
5 8 10 11 13
5 8 10 12 13
5 8 11 12 13
5 9 10 11 12
5 9 10 11 13
5 9 10 12 13
5 9 11 12 13
5 10 11 12 13
6 7 8 9 10
6 7 8 9 11
6 7 8 9 12
6 7 8 9 13
6 7 8 10 11
6 7 8 10 12
6 7 8 10 13
6 7 8 11 12
6 7 8 11 13
6 7 8 12 13
6 7 9 10 11
6 7 9 10 12
6 7 9 10 13
6 7 9 11 12
6 7 9 11 13
6 7 9 12 13
6 7 10 11 12
6 7 10 11 13
6 7 10 12 13
6 7 11 12 13
6 8 9 10 11
6 8 9 10 12
6 8 9 10 13
6 8 9 11 12
6 8 9 11 13
6 8 9 12 13
6 8 10 11 12
6 8 10 11 13
6 8 10 12 13
6 8 11 12 13
6 9 10 11 12
6 9 10 11 13
6 9 10 12 13
6 9 11 12 13
6 10 11 12 13
7 8 9 10 11
7 8 9 10 12
7 8 9 10 13
7 8 9 11 12
7 8 9 11 13
7 8 9 12 13
7 8 10 11 12
7 8 10 11 13
7 8 10 12 13
7 8 11 12 13
7 9 10 11 12
7 9 10 11 13
7 9 10 12 13
7 9 11 12 13
7 10 11 12 13
8 9 10 11 12
8 9 10 11 13
8 9 10 12 13
8 9 11 12 13
8 10 11 12 13
9 10 11 12 13

Is hamiltonian hermitian? 1
Implicit Hamiltonian constructed
E(core)= 9.189534427600
H(1,1) + E(core) energy = -76.337819346400
Davidson: iter=0 dim=0 root=0 eigenvalue=-85.527353774000
Davidson: iter=1 dim=1 root=0 eigenvalue=-85.566905312764
Davidson: iter=2 dim=2 root=0 eigenvalue=-85.570824166496
Davidson: iter=3 dim=3 root=0 eigenvalue=-85.570989917075
Davidson: iter=4 dim=4 root=0 eigenvalue=-85.571002473861
Davidson: iter=5 dim=5 root=0 eigenvalue=-85.571003162059
Davidson: iter=6 dim=6 root=0 eigenvalue=-85.571003223345
Davidson: iter=7 dim=7 root=0 eigenvalue=-85.571003227142
Davidson: iter=8 dim=8 root=0 eigenvalue=-85.571003227422
Davidson: iter=9 dim=9 root=0 eigenvalue=-85.571003227446
Davidson: iter=10 dim=10 root=0 eigenvalue=-85.571003227448
root no. 0 converged
Davidson converged in 10 iterations.
E(core)= 9.189534427600
E(0)= -76.381468799848
FCI Excitation energies = 1
0.000000000000

Vacuum coefficients in CI state 0 = -0.989522573808
Eigenvector 0 in string basis
0: -0.989522573808 seniority 0 ... 5
1 2 3 4 5
 | 5
1 2 3 4 5

Seniority vectors for all roots (nroots/seniority)
1 6
0.984269070675 0.003612080520 -0.979751698394 0.128672001665 1.000008723922 0.000000000062

Calculating transition densities
Root 0 MO occupations numbers (density matrix diagonal)
13
1.999996806387 1.995402809563 1.985255885314 1.987945138971 1.989289490338 0.004111605825 0.003927304451 0.004101147902 0.003765058237 0.007153761065 0.010222543542 0.002169254597 0.006659193819
Transition densities done:
Trandens between roots 0 0
13 13
1.999996806387 -0.000025349532 0.000000000000 0.000017729381 0.000000000000 0.000222356509 0.000000000000 0.000000000000 -0.000186641779 0.000147614646 0.000000000000 0.000144363311 0.000000000000
-0.000025349532 1.995402809563 0.000000000000 -0.003816768521 0.000000000000 0.000225552110 0.000000000000 0.000000000000 0.006235977379 0.003711351208 0.000000000000 0.001819087497 0.000000000000
0.000000000000 0.000000000000 1.985255885314 0.000000000000 0.000000000000 0.000000000000 0.002522480784 0.000885641302 0.000000000000 0.000000000000 0.000000000000 0.000000000000 -0.008707085153
0.000017729381 -0.003816768521 0.000000000000 1.987945138971 0.000000000000 -0.003757768463 0.000000000000 0.000000000000 -0.003721054986 -0.000148625978 0.000000000000 -0.006336994451 0.000000000000
0.000000000000 0.000000000000 0.000000000000 0.000000000000 1.989289490338 0.000000000000 0.000000000000 0.000000000000 0.000000000000 0.000000000000 -0.010171047424 0.000000000000 0.000000000000
0.000222356509 0.000225552110 0.000000000000 -0.003757768463 0.000000000000 0.004111605825 0.000000000000 0.000000000000 0.001011743992 0.004929137615 0.000000000000 0.002347078790 0.000000000000
0.000000000000 0.000000000000 0.002522480784 0.000000000000 0.000000000000 0.000000000000 0.003927304451 -0.003203771470 0.000000000000 0.000000000000 0.000000000000 0.000000000000 -0.005073204977
0.000000000000 0.000000000000 0.000885641302 0.000000000000 0.000000000000 0.000000000000 -0.003203771470 0.004101147902 0.000000000000 0.000000000000 0.000000000000 0.000000000000 0.004134461621
-0.000186641779 0.006235977379 0.000000000000 -0.003721054986 0.000000000000 0.001011743992 0.000000000000 0.000000000000 0.003765058237 0.002172997558 0.000000000000 0.001280655219 0.000000000000
0.000147614646 0.003711351208 0.000000000000 -0.000148625978 0.000000000000 0.004929137615 0.000000000000 0.000000000000 0.002172997558 0.007153761065 0.000000000000 0.002563045177 0.000000000000
0.000000000000 0.000000000000 0.000000000000 0.000000000000 -0.010171047424 0.000000000000 0.000000000000 0.000000000000 0.000000000000 0.000000000000 0.010222543542 0.000000000000 0.000000000000
0.000144363311 0.001819087497 0.000000000000 -0.006336994451 0.000000000000 0.002347078790 0.000000000000 0.000000000000 0.001280655219 0.002563045177 0.000000000000 0.002169254597 0.000000000000
0.000000000000 0.000000000000 -0.008707085153 0.000000000000 0.000000000000 0.000000000000 -0.005073204977 0.004134461621 0.000000000000 0.000000000000 0.000000000000 0.000000000000 0.006659193819

State 0 :
Natural orbital occupations
13
1.999997181827 1.997051680476 1.989341761169 1.986358453138 1.985297845903 0.013443448588 0.012753104122 0.010170272711 0.003121052169 0.001168611229 0.001109818357 0.000153144556 0.000033625765
Natural orbitals (in MO basis)
13 13
-0.999947399577 0.010245928092 0.000000000000 -0.000432542266 -0.000000000000 0.000000000000 0.000111397667 0.000000000000 -0.000129604608 0.000000000000 0.000052297095 -0.000001206571 0.000000000000
0.009268887778 0.921037346096 -0.000000000000 0.389345799897 -0.000000000000 0.000000000000 0.002596388704 0.000000000000 0.002652895965 0.000000000000 -0.000375675385 -0.000471905882 0.000000000000
0.000000000000 -0.000000000000 0.000000000000 0.000000000000 0.999989388454 -0.003513883428 0.000000000000 0.000000000000 0.000000000000 -0.002493518123 -0.000000000000 -0.000000000000 -0.001630328277
-0.004387779867 -0.389312273859 -0.000000000000 0.921085982941 0.000000000000 -0.000000000000 -0.002642222564 0.000000000000 -0.001323954862 0.000000000000 -0.002915587316 -0.000279273654 -0.000000000000
-0.000000000000 -0.000000000000 -0.999986794682 -0.000000000000 0.000000000000 0.000000000000 0.000000000000 0.005139110884 -0.000000000000 0.000000000000 0.000000000000 -0.000000000000 -0.000000000000
-0.000102225576 0.000848076217 -0.000000000000 -0.001703557200 -0.000000000000 -0.000000000000 -0.535034417929 0.000000000000 0.312957015826 0.000000000000 -0.236854397755 -0.748125952197 0.000000000000
0.000000000000 0.000000000000 -0.000000000000 -0.000000000000 0.001283654220 0.532163449593 -0.000000000000 -0.000000000000 0.000000000000 0.285901401486 0.000000000000 -0.000000000000 -0.796907023295
0.000000000000 -0.000000000000 0.000000000000 -0.000000000000 0.000435754735 -0.488766158932 0.000000000000 0.000000000000 0.000000000000 0.872311242100 0.000000000000 -0.000000000000 -0.013436848794
0.000130480381 0.003610945941 -0.000000000000 -0.000505901294 -0.000000000000 -0.000000000000 -0.279682026231 0.000000000000 -0.935380977979 -0.000000000000 0.056050061715 -0.209010690941 0.000000000000
-0.000056654310 0.001756388000 -0.000000000000 0.000652743334 -0.000000000000 -0.000000000000 -0.727223749562 0.000000000000 0.154755071406 -0.000000000000 0.520297775879 0.420099031396 -0.000000000000
0.000000000000 0.000000000000 0.005139110884 0.000000000000 -0.000000000000 0.000000000000 0.000000000000 0.999986794682 -0.000000000000 0.000000000000 0.000000000000 -0.000000000000 0.000000000000
-0.000050008061 0.002082886140 0.000000000000 -0.002586294891 -0.000000000000 -0.000000000000 -0.326570082713 0.000000000000 -0.056235154869 0.000000000000 -0.818559689177 0.469189294264 -0.000000000000
-0.000000000000 0.000000000000 -0.000000000000 0.000000000000 -0.004402877391 -0.691301206004 0.000000000000 0.000000000000 0.000000000000 -0.396645014971 -0.000000000000 -0.000000000000 -0.603950320264

