Begin IJ Block
1   1   -33.0257827628
1   2   -0.5829576064
1   4   -0.1857839129
2   2   -7.8666476743
2   4   -0.2229078487
3   3   -6.7361593476
4   4   -6.9003870924
5   5   -7.0415518267

End IJ Block
Begin IA Block
1   1   0.1547550203
2   1   0.7144922698
4   1   -0.3521728098

End IA Block
Begin AB Block
1   1   -3.0237310025

End AB Block
Begin IJAB Block
1   6   1   2   0.0080151166
1   7   1   2   -0.0012104729
1   9   1   2   0.0014771059
2   6   1   2   -0.0012104729
2   7   1   2   0.0294075799
2   9   1   2   -0.0162824462
3   8   1   2   0.0183902363
4   6   1   2   0.0014771059
4   7   1   2   -0.0162824462
4   9   1   2   0.0158386503
5   10   1   2   0.0123862153

End IJAB Block
Begin IJKL Block
1   6   1   6   4.7302005850
1   6   1   7   0.4308553921
1   6   1   9   0.1378702481
1   6   2   6   0.4308553921
1   6   2   7   0.0599915596
1   6   2   9   0.0162263654
1   6   3   8   0.0169168536
1   6   4   6   0.1378702481
1   6   4   7   0.0162263654
1   6   4   9   0.0266301706
1   6   5   10   0.0261672047
1   7   1   6   0.4308553921
1   7   1   7   1.0478600110
1   7   1   9   0.0846398345
1   7   2   6   0.0636557812
1   7   2   7   0.0145177815
1   7   2   9   0.0076289554
1   7   3   8   -0.0228954295
1   7   4   6   0.0163179941
1   7   4   7   0.0145833997
1   7   4   9   -0.0220616032
1   7   5   10   -0.0286767481
1   8   1   8   0.8882233565
1   8   2   8   0.0069735205
1   8   3   6   0.0207963977
1   8   3   7   -0.0236719319
1   8   3   9   -0.0030259020
1   8   4   8   0.0075625322
1   9   1   6   0.1378702481
1   9   1   7   0.0846398345
1   9   1   9   0.9816104477
1   9   2   6   0.0163179941
1   9   2   7   0.0078918071
1   9   2   9   0.0130286287
1   9   3   8   -0.0026509442
1   9   4   6   0.0308419704
1   9   4   7   -0.0226823506
1   9   4   9   -0.0082643960
1   9   5   10   -0.0087171700
1   10   1   10   1.0288107145
1   10   2   10   0.0116916380
1   10   4   10   0.0047679366
1   10   5   6   0.0307146269
1   10   5   7   -0.0289812587
1   10   5   9   -0.0090202716
2   6   1   6   0.4308553921
2   6   1   7   0.0636557812
2   6   1   9   0.0163179941
2   6   2   6   1.0478600110
2   6   2   7   0.0145177815
2   6   2   9   0.0145833997
2   6   3   8   -0.0228954295
2   6   4   6   0.0846398345
2   6   4   7   0.0076289554
2   6   4   9   -0.0220616032
2   6   5   10   -0.0286767481
2   7   1   6   0.0599915596
2   7   1   7   0.0145177815
2   7   1   9   0.0078918071
2   7   2   6   0.0145177815
2   7   2   7   0.7450070998
2   7   2   9   -0.0173047056
2   7   3   8   0.1428302482
2   7   4   6   0.0078918071
2   7   4   7   -0.0173047056
2   7   4   9   0.1147522927
2   7   5   10   0.1180114632
2   8   1   8   0.0069735205
2   8   2   8   0.6742847120
2   8   3   6   -0.0236719319
2   8   3   7   0.1473308739
2   8   3   9   -0.0141470854
2   8   4   8   -0.0119529951
2   9   1   6   0.0162263654
2   9   1   7   0.0076289554
2   9   1   9   0.0130286287
2   9   2   6   0.0145833997
2   9   2   7   -0.0173047056
2   9   2   9   0.6698257994
2   9   3   8   -0.0147097905
2   9   4   6   -0.0226823506
2   9   4   7   0.1191339510
2   9   4   9   0.0638052569
2   9   5   10   0.0275990163
2   10   1   10   0.0116916380
2   10   2   10   0.6999309128
2   10   4   10   0.0325953153
2   10   5   6   -0.0289812587
2   10   5   7   0.1218122213
2   10   5   9   0.0276247981
3   6   1   8   0.0207963977
3   6   2   8   -0.0236719319
3   6   3   6   0.8882233565
3   6   3   7   0.0069735205
3   6   3   9   0.0075625322
3   6   4   8   -0.0030259020
3   7   1   8   -0.0236719319
3   7   2   8   0.1473308739
3   7   3   6   0.0069735205
3   7   3   7   0.6742847120
3   7   3   9   -0.0119529951
3   7   4   8   -0.0141470854
3   8   1   6   0.0169168536
3   8   1   7   -0.0228954295
3   8   1   9   -0.0026509442
3   8   2   6   -0.0228954295
3   8   2   7   0.1428302482
3   8   2   9   -0.0147097905
3   8   3   8   0.6476874092
3   8   4   6   -0.0026509442
3   8   4   7   -0.0147097905
3   8   4   9   0.0308975460
3   8   5   10   0.0224723852
3   9   1   8   -0.0030259020
3   9   2   8   -0.0141470854
3   9   3   6   0.0075625322
3   9   3   7   -0.0119529951
3   9   3   9   0.5962070329
3   9   4   8   0.0366748259
3   10   3   10   0.6111122449
3   10   5   8   0.0280691482
4   6   1   6   0.1378702481
4   6   1   7   0.0163179941
4   6   1   9   0.0308419704
4   6   2   6   0.0846398345
4   6   2   7   0.0078918071
4   6   2   9   -0.0226823506
4   6   3   8   -0.0026509442
4   6   4   6   0.9816104477
4   6   4   7   0.0130286287
4   6   4   9   -0.0082643960
4   6   5   10   -0.0087171700
4   7   1   6   0.0162263654
4   7   1   7   0.0145833997
4   7   1   9   -0.0226823506
4   7   2   6   0.0076289554
4   7   2   7   -0.0173047056
4   7   2   9   0.1191339510
4   7   3   8   -0.0147097905
4   7   4   6   0.0130286287
4   7   4   7   0.6698257994
4   7   4   9   0.0638052569
4   7   5   10   0.0275990163
4   8   1   8   0.0075625322
4   8   2   8   -0.0119529951
4   8   3   6   -0.0030259020
4   8   3   7   -0.0141470854
4   8   3   9   0.0366748259
4   8   4   8   0.5962070329
4   9   1   6   0.0266301706
4   9   1   7   -0.0220616032
4   9   1   9   -0.0082643960
4   9   2   6   -0.0220616032
4   9   2   7   0.1147522927
4   9   2   9   0.0638052569
4   9   3   8   0.0308975460
4   9   4   6   -0.0082643960
4   9   4   7   0.0638052569
4   9   4   9   0.6961706528
4   9   5   10   0.0328976504
4   10   1   10   0.0047679366
4   10   2   10   0.0325953153
4   10   4   10   0.6426592813
4   10   5   6   -0.0090202716
4   10   5   7   0.0276247981
4   10   5   9   0.0382995949
5   6   1   10   0.0307146269
5   6   2   10   -0.0289812587
5   6   4   10   -0.0090202716
5   6   5   6   1.0288107145
5   6   5   7   0.0116916380
5   6   5   9   0.0047679366
5   7   1   10   -0.0289812587
5   7   2   10   0.1218122213
5   7   4   10   0.0276247981
5   7   5   6   0.0116916380
5   7   5   7   0.6999309128
5   7   5   9   0.0325953153
5   8   3   10   0.0280691482
5   8   5   8   0.6111122449
5   9   1   10   -0.0090202716
5   9   2   10   0.0276247981
5   9   4   10   0.0382995949
5   9   5   6   0.0047679366
5   9   5   7   0.0325953153
5   9   5   9   0.6426592813
5   10   1   6   0.0261672047
5   10   1   7   -0.0286767481
5   10   1   9   -0.0087171700
5   10   2   6   -0.0286767481
5   10   2   7   0.1180114632
5   10   2   9   0.0275990163
5   10   3   8   0.0224723852
5   10   4   6   -0.0087171700
5   10   4   7   0.0275990163
5   10   4   9   0.0328976504
5   10   5   10   0.7213519046

End IJKL Block
Begin ABCD Block
1   2   1   2   0.2662831115

End ABCD Block
Begin AIJB Block
1   6   1   2   0.0072877063
1   6   2   2   -0.0006584792
1   6   4   2   0.0009400246
1   7   1   2   -0.0006584792
1   7   2   2   0.0236076549
1   7   4   2   -0.0126780076
1   8   3   2   0.0144368222
1   9   1   2   0.0009400246
1   9   2   2   -0.0126780076
1   9   4   2   0.0140172571
1   10   5   2   0.0091307955

1   6   6   1   -0.3550816157
1   6   7   1   -0.0012702653
1   6   9   1   -0.0049537018
1   7   6   1   -0.0012702653
1   7   7   1   -0.3266784326
1   7   9   1   0.0237794141
1   8   8   1   -0.3207704897
1   9   6   1   -0.0049537018
1   9   7   1   0.0237794141
1   9   9   1   -0.3067483680
1   10   10   1   -0.3112839770

End AIJB Block
Begin IJKA Block
1   6   1   2   -0.1260985889
1   6   2   2   -0.0205007580
1   6   4   2   0.0000779987
1   7   1   2   -0.1442151824
1   7   2   2   -0.0021957262
1   7   4   2   -0.0076717607
1   8   3   2   0.0039943166
1   9   1   2   0.0608844840
1   9   2   2   -0.0011313755
1   9   4   2   0.0030131014
1   10   5   2   0.0065937193
2   6   1   2   -0.0216702491
2   6   2   2   -0.0013298601
2   6   4   2   -0.0074707871
2   7   1   2   -0.0010465056
2   7   2   2   -0.0839559224
2   7   4   2   0.0147900997
2   8   3   2   -0.0037881591
2   9   1   2   -0.0012872089
2   9   2   2   0.0403429450
2   9   4   2   -0.0002191468
2   10   5   2   -0.0186233537
3   6   3   2   -0.0005780678
3   7   3   2   -0.0620503364
3   8   1   2   0.0038907297
3   8   2   2   -0.0035954507
3   8   4   2   -0.0022049011
3   9   3   2   0.0279605090
4   6   1   2   0.0004528077
4   6   2   2   -0.0077737361
4   6   4   2   -0.0060254829
4   7   1   2   -0.0075452215
4   7   2   2   0.0151650083
4   7   4   2   -0.0570487807
4   8   3   2   -0.0013971130
4   9   1   2   0.0026274878
4   9   2   2   -0.0004168385
4   9   4   2   0.0397834377
4   10   5   2   0.0007790211
5   6   5   2   -0.0022204341
5   7   5   2   -0.0744437268
5   9   5   2   0.0353172032
5   10   1   2   0.0059313517
5   10   2   2   -0.0176637418
5   10   4   2   0.0011379848

End IJKA Block
Begin IABC Block
1   2   1   2   0.0005616157
2   2   1   2   -0.0106553758
4   2   1   2   -0.0012921438

End IABC Block
