Number of strings: 1287 1287, CI size = 1656369
String addressing array alpha: 5 13
0 330 540 666 736 771 786 791 792 792 792 792 792
0 0 120 204 260 295 315 325 329 330 330 330 330
0 0 0 36 64 85 100 110 116 119 120 120 120
0 0 0 0 8 15 21 26 30 33 35 36 36
0 0 0 0 0 1 2 3 4 5 6 7 8

Alpha strings 1287 5
1 2 3 4 5
1 2 3 4 6
1 2 3 4 7
1 2 3 4 8
1 2 3 4 9
1 2 3 4 10
1 2 3 4 11
1 2 3 4 12
1 2 3 4 13
1 2 3 5 6
1 2 3 5 7
1 2 3 5 8
1 2 3 5 9
1 2 3 5 10
1 2 3 5 11
1 2 3 5 12
1 2 3 5 13
1 2 3 6 7
1 2 3 6 8
1 2 3 6 9
1 2 3 6 10
1 2 3 6 11
1 2 3 6 12
1 2 3 6 13
1 2 3 7 8
1 2 3 7 9
1 2 3 7 10
1 2 3 7 11
1 2 3 7 12
1 2 3 7 13
1 2 3 8 9
1 2 3 8 10
1 2 3 8 11
1 2 3 8 12
1 2 3 8 13
1 2 3 9 10
1 2 3 9 11
1 2 3 9 12
1 2 3 9 13
1 2 3 10 11
1 2 3 10 12
1 2 3 10 13
1 2 3 11 12
1 2 3 11 13
1 2 3 12 13
1 2 4 5 6
1 2 4 5 7
1 2 4 5 8
1 2 4 5 9
1 2 4 5 10
1 2 4 5 11
1 2 4 5 12
1 2 4 5 13
1 2 4 6 7
1 2 4 6 8
1 2 4 6 9
1 2 4 6 10
1 2 4 6 11
1 2 4 6 12
1 2 4 6 13
1 2 4 7 8
1 2 4 7 9
1 2 4 7 10
1 2 4 7 11
1 2 4 7 12
1 2 4 7 13
1 2 4 8 9
1 2 4 8 10
1 2 4 8 11
1 2 4 8 12
1 2 4 8 13
1 2 4 9 10
1 2 4 9 11
1 2 4 9 12
1 2 4 9 13
1 2 4 10 11
1 2 4 10 12
1 2 4 10 13
1 2 4 11 12
1 2 4 11 13
1 2 4 12 13
1 2 5 6 7
1 2 5 6 8
1 2 5 6 9
1 2 5 6 10
1 2 5 6 11
1 2 5 6 12
1 2 5 6 13
1 2 5 7 8
1 2 5 7 9
1 2 5 7 10
1 2 5 7 11
1 2 5 7 12
1 2 5 7 13
1 2 5 8 9
1 2 5 8 10
1 2 5 8 11
1 2 5 8 12
1 2 5 8 13
1 2 5 9 10
1 2 5 9 11
1 2 5 9 12
1 2 5 9 13
1 2 5 10 11
1 2 5 10 12
1 2 5 10 13
1 2 5 11 12
1 2 5 11 13
1 2 5 12 13
1 2 6 7 8
1 2 6 7 9
1 2 6 7 10
1 2 6 7 11
1 2 6 7 12
1 2 6 7 13
1 2 6 8 9
1 2 6 8 10
1 2 6 8 11
1 2 6 8 12
1 2 6 8 13
1 2 6 9 10
1 2 6 9 11
1 2 6 9 12
1 2 6 9 13
1 2 6 10 11
1 2 6 10 12
1 2 6 10 13
1 2 6 11 12
1 2 6 11 13
1 2 6 12 13
1 2 7 8 9
1 2 7 8 10
1 2 7 8 11
1 2 7 8 12
1 2 7 8 13
1 2 7 9 10
1 2 7 9 11
1 2 7 9 12
1 2 7 9 13
1 2 7 10 11
1 2 7 10 12
1 2 7 10 13
1 2 7 11 12
1 2 7 11 13
1 2 7 12 13
1 2 8 9 10
1 2 8 9 11
1 2 8 9 12
1 2 8 9 13
1 2 8 10 11
1 2 8 10 12
1 2 8 10 13
1 2 8 11 12
1 2 8 11 13
1 2 8 12 13
1 2 9 10 11
1 2 9 10 12
1 2 9 10 13
1 2 9 11 12
1 2 9 11 13
1 2 9 12 13
1 2 10 11 12
1 2 10 11 13
1 2 10 12 13
1 2 11 12 13
1 3 4 5 6
1 3 4 5 7
1 3 4 5 8
1 3 4 5 9
1 3 4 5 10
1 3 4 5 11
1 3 4 5 12
1 3 4 5 13
1 3 4 6 7
1 3 4 6 8
1 3 4 6 9
1 3 4 6 10
1 3 4 6 11
1 3 4 6 12
1 3 4 6 13
1 3 4 7 8
1 3 4 7 9
1 3 4 7 10
1 3 4 7 11
1 3 4 7 12
1 3 4 7 13
1 3 4 8 9
1 3 4 8 10
1 3 4 8 11
1 3 4 8 12
1 3 4 8 13
1 3 4 9 10
1 3 4 9 11
1 3 4 9 12
1 3 4 9 13
1 3 4 10 11
1 3 4 10 12
1 3 4 10 13
1 3 4 11 12
1 3 4 11 13
1 3 4 12 13
1 3 5 6 7
1 3 5 6 8
1 3 5 6 9
1 3 5 6 10
1 3 5 6 11
1 3 5 6 12
1 3 5 6 13
1 3 5 7 8
1 3 5 7 9
1 3 5 7 10
1 3 5 7 11
1 3 5 7 12
1 3 5 7 13
1 3 5 8 9
1 3 5 8 10
1 3 5 8 11
1 3 5 8 12
1 3 5 8 13
1 3 5 9 10
1 3 5 9 11
1 3 5 9 12
1 3 5 9 13
1 3 5 10 11
1 3 5 10 12
1 3 5 10 13
1 3 5 11 12
1 3 5 11 13
1 3 5 12 13
1 3 6 7 8
1 3 6 7 9
1 3 6 7 10
1 3 6 7 11
1 3 6 7 12
1 3 6 7 13
1 3 6 8 9
1 3 6 8 10
1 3 6 8 11
1 3 6 8 12
1 3 6 8 13
1 3 6 9 10
1 3 6 9 11
1 3 6 9 12
1 3 6 9 13
1 3 6 10 11
1 3 6 10 12
1 3 6 10 13
1 3 6 11 12
1 3 6 11 13
1 3 6 12 13
1 3 7 8 9
1 3 7 8 10
1 3 7 8 11
1 3 7 8 12
1 3 7 8 13
1 3 7 9 10
1 3 7 9 11
1 3 7 9 12
1 3 7 9 13
1 3 7 10 11
1 3 7 10 12
1 3 7 10 13
1 3 7 11 12
1 3 7 11 13
1 3 7 12 13
1 3 8 9 10
1 3 8 9 11
1 3 8 9 12
1 3 8 9 13
1 3 8 10 11
1 3 8 10 12
1 3 8 10 13
1 3 8 11 12
1 3 8 11 13
1 3 8 12 13
1 3 9 10 11
1 3 9 10 12
1 3 9 10 13
1 3 9 11 12
1 3 9 11 13
1 3 9 12 13
1 3 10 11 12
1 3 10 11 13
1 3 10 12 13
1 3 11 12 13
1 4 5 6 7
1 4 5 6 8
1 4 5 6 9
1 4 5 6 10
1 4 5 6 11
1 4 5 6 12
1 4 5 6 13
1 4 5 7 8
1 4 5 7 9
1 4 5 7 10
1 4 5 7 11
1 4 5 7 12
1 4 5 7 13
1 4 5 8 9
1 4 5 8 10
1 4 5 8 11
1 4 5 8 12
1 4 5 8 13
1 4 5 9 10
1 4 5 9 11
1 4 5 9 12
1 4 5 9 13
1 4 5 10 11
1 4 5 10 12
1 4 5 10 13
1 4 5 11 12
1 4 5 11 13
1 4 5 12 13
1 4 6 7 8
1 4 6 7 9
1 4 6 7 10
1 4 6 7 11
1 4 6 7 12
1 4 6 7 13
1 4 6 8 9
1 4 6 8 10
1 4 6 8 11
1 4 6 8 12
1 4 6 8 13
1 4 6 9 10
1 4 6 9 11
1 4 6 9 12
1 4 6 9 13
1 4 6 10 11
1 4 6 10 12
1 4 6 10 13
1 4 6 11 12
1 4 6 11 13
1 4 6 12 13
1 4 7 8 9
1 4 7 8 10
1 4 7 8 11
1 4 7 8 12
1 4 7 8 13
1 4 7 9 10
1 4 7 9 11
1 4 7 9 12
1 4 7 9 13
1 4 7 10 11
1 4 7 10 12
1 4 7 10 13
1 4 7 11 12
1 4 7 11 13
1 4 7 12 13
1 4 8 9 10
1 4 8 9 11
1 4 8 9 12
1 4 8 9 13
1 4 8 10 11
1 4 8 10 12
1 4 8 10 13
1 4 8 11 12
1 4 8 11 13
1 4 8 12 13
1 4 9 10 11
1 4 9 10 12
1 4 9 10 13
1 4 9 11 12
1 4 9 11 13
1 4 9 12 13
1 4 10 11 12
1 4 10 11 13
1 4 10 12 13
1 4 11 12 13
1 5 6 7 8
1 5 6 7 9
1 5 6 7 10
1 5 6 7 11
1 5 6 7 12
1 5 6 7 13
1 5 6 8 9
1 5 6 8 10
1 5 6 8 11
1 5 6 8 12
1 5 6 8 13
1 5 6 9 10
1 5 6 9 11
1 5 6 9 12
1 5 6 9 13
1 5 6 10 11
1 5 6 10 12
1 5 6 10 13
1 5 6 11 12
1 5 6 11 13
1 5 6 12 13
1 5 7 8 9
1 5 7 8 10
1 5 7 8 11
1 5 7 8 12
1 5 7 8 13
1 5 7 9 10
1 5 7 9 11
1 5 7 9 12
1 5 7 9 13
1 5 7 10 11
1 5 7 10 12
1 5 7 10 13
1 5 7 11 12
1 5 7 11 13
1 5 7 12 13
1 5 8 9 10
1 5 8 9 11
1 5 8 9 12
1 5 8 9 13
1 5 8 10 11
1 5 8 10 12
1 5 8 10 13
1 5 8 11 12
1 5 8 11 13
1 5 8 12 13
1 5 9 10 11
1 5 9 10 12
1 5 9 10 13
1 5 9 11 12
1 5 9 11 13
1 5 9 12 13
1 5 10 11 12
1 5 10 11 13
1 5 10 12 13
1 5 11 12 13
1 6 7 8 9
1 6 7 8 10
1 6 7 8 11
1 6 7 8 12
1 6 7 8 13
1 6 7 9 10
1 6 7 9 11
1 6 7 9 12
1 6 7 9 13
1 6 7 10 11
1 6 7 10 12
1 6 7 10 13
1 6 7 11 12
1 6 7 11 13
1 6 7 12 13
1 6 8 9 10
1 6 8 9 11
1 6 8 9 12
1 6 8 9 13
1 6 8 10 11
1 6 8 10 12
1 6 8 10 13
1 6 8 11 12
1 6 8 11 13
1 6 8 12 13
1 6 9 10 11
1 6 9 10 12
1 6 9 10 13
1 6 9 11 12
1 6 9 11 13
1 6 9 12 13
1 6 10 11 12
1 6 10 11 13
1 6 10 12 13
1 6 11 12 13
1 7 8 9 10
1 7 8 9 11
1 7 8 9 12
1 7 8 9 13
1 7 8 10 11
1 7 8 10 12
1 7 8 10 13
1 7 8 11 12
1 7 8 11 13
1 7 8 12 13
1 7 9 10 11
1 7 9 10 12
1 7 9 10 13
1 7 9 11 12
1 7 9 11 13
1 7 9 12 13
1 7 10 11 12
1 7 10 11 13
1 7 10 12 13
1 7 11 12 13
1 8 9 10 11
1 8 9 10 12
1 8 9 10 13
1 8 9 11 12
1 8 9 11 13
1 8 9 12 13
1 8 10 11 12
1 8 10 11 13
1 8 10 12 13
1 8 11 12 13
1 9 10 11 12
1 9 10 11 13
1 9 10 12 13
1 9 11 12 13
1 10 11 12 13
2 3 4 5 6
2 3 4 5 7
2 3 4 5 8
2 3 4 5 9
2 3 4 5 10
2 3 4 5 11
2 3 4 5 12
2 3 4 5 13
2 3 4 6 7
2 3 4 6 8
2 3 4 6 9
2 3 4 6 10
2 3 4 6 11
2 3 4 6 12
2 3 4 6 13
2 3 4 7 8
2 3 4 7 9
2 3 4 7 10
2 3 4 7 11
2 3 4 7 12
2 3 4 7 13
2 3 4 8 9
2 3 4 8 10
2 3 4 8 11
2 3 4 8 12
2 3 4 8 13
2 3 4 9 10
2 3 4 9 11
2 3 4 9 12
2 3 4 9 13
2 3 4 10 11
2 3 4 10 12
2 3 4 10 13
2 3 4 11 12
2 3 4 11 13
2 3 4 12 13
2 3 5 6 7
2 3 5 6 8
2 3 5 6 9
2 3 5 6 10
2 3 5 6 11
2 3 5 6 12
2 3 5 6 13
2 3 5 7 8
2 3 5 7 9
2 3 5 7 10
2 3 5 7 11
2 3 5 7 12
2 3 5 7 13
2 3 5 8 9
2 3 5 8 10
2 3 5 8 11
2 3 5 8 12
2 3 5 8 13
2 3 5 9 10
2 3 5 9 11
2 3 5 9 12
2 3 5 9 13
2 3 5 10 11
2 3 5 10 12
2 3 5 10 13
2 3 5 11 12
2 3 5 11 13
2 3 5 12 13
2 3 6 7 8
2 3 6 7 9
2 3 6 7 10
2 3 6 7 11
2 3 6 7 12
2 3 6 7 13
2 3 6 8 9
2 3 6 8 10
2 3 6 8 11
2 3 6 8 12
2 3 6 8 13
2 3 6 9 10
2 3 6 9 11
2 3 6 9 12
2 3 6 9 13
2 3 6 10 11
2 3 6 10 12
2 3 6 10 13
2 3 6 11 12
2 3 6 11 13
2 3 6 12 13
2 3 7 8 9
2 3 7 8 10
2 3 7 8 11
2 3 7 8 12
2 3 7 8 13
2 3 7 9 10
2 3 7 9 11
2 3 7 9 12
2 3 7 9 13
2 3 7 10 11
2 3 7 10 12
2 3 7 10 13
2 3 7 11 12
2 3 7 11 13
2 3 7 12 13
2 3 8 9 10
2 3 8 9 11
2 3 8 9 12
2 3 8 9 13
2 3 8 10 11
2 3 8 10 12
2 3 8 10 13
2 3 8 11 12
2 3 8 11 13
2 3 8 12 13
2 3 9 10 11
2 3 9 10 12
2 3 9 10 13
2 3 9 11 12
2 3 9 11 13
2 3 9 12 13
2 3 10 11 12
2 3 10 11 13
2 3 10 12 13
2 3 11 12 13
2 4 5 6 7
2 4 5 6 8
2 4 5 6 9
2 4 5 6 10
2 4 5 6 11
2 4 5 6 12
2 4 5 6 13
2 4 5 7 8
2 4 5 7 9
2 4 5 7 10
2 4 5 7 11
2 4 5 7 12
2 4 5 7 13
2 4 5 8 9
2 4 5 8 10
2 4 5 8 11
2 4 5 8 12
2 4 5 8 13
2 4 5 9 10
2 4 5 9 11
2 4 5 9 12
2 4 5 9 13
2 4 5 10 11
2 4 5 10 12
2 4 5 10 13
2 4 5 11 12
2 4 5 11 13
2 4 5 12 13
2 4 6 7 8
2 4 6 7 9
2 4 6 7 10
2 4 6 7 11
2 4 6 7 12
2 4 6 7 13
2 4 6 8 9
2 4 6 8 10
2 4 6 8 11
2 4 6 8 12
2 4 6 8 13
2 4 6 9 10
2 4 6 9 11
2 4 6 9 12
2 4 6 9 13
2 4 6 10 11
2 4 6 10 12
2 4 6 10 13
2 4 6 11 12
2 4 6 11 13
2 4 6 12 13
2 4 7 8 9
2 4 7 8 10
2 4 7 8 11
2 4 7 8 12
2 4 7 8 13
2 4 7 9 10
2 4 7 9 11
2 4 7 9 12
2 4 7 9 13
2 4 7 10 11
2 4 7 10 12
2 4 7 10 13
2 4 7 11 12
2 4 7 11 13
2 4 7 12 13
2 4 8 9 10
2 4 8 9 11
2 4 8 9 12
2 4 8 9 13
2 4 8 10 11
2 4 8 10 12
2 4 8 10 13
2 4 8 11 12
2 4 8 11 13
2 4 8 12 13
2 4 9 10 11
2 4 9 10 12
2 4 9 10 13
2 4 9 11 12
2 4 9 11 13
2 4 9 12 13
2 4 10 11 12
2 4 10 11 13
2 4 10 12 13
2 4 11 12 13
2 5 6 7 8
2 5 6 7 9
2 5 6 7 10
2 5 6 7 11
2 5 6 7 12
2 5 6 7 13
2 5 6 8 9
2 5 6 8 10
2 5 6 8 11
2 5 6 8 12
2 5 6 8 13
2 5 6 9 10
2 5 6 9 11
2 5 6 9 12
2 5 6 9 13
2 5 6 10 11
2 5 6 10 12
2 5 6 10 13
2 5 6 11 12
2 5 6 11 13
2 5 6 12 13
2 5 7 8 9
2 5 7 8 10
2 5 7 8 11
2 5 7 8 12
2 5 7 8 13
2 5 7 9 10
2 5 7 9 11
2 5 7 9 12
2 5 7 9 13
2 5 7 10 11
2 5 7 10 12
2 5 7 10 13
2 5 7 11 12
2 5 7 11 13
2 5 7 12 13
2 5 8 9 10
2 5 8 9 11
2 5 8 9 12
2 5 8 9 13
2 5 8 10 11
2 5 8 10 12
2 5 8 10 13
2 5 8 11 12
2 5 8 11 13
2 5 8 12 13
2 5 9 10 11
2 5 9 10 12
2 5 9 10 13
2 5 9 11 12
2 5 9 11 13
2 5 9 12 13
2 5 10 11 12
2 5 10 11 13
2 5 10 12 13
2 5 11 12 13
2 6 7 8 9
2 6 7 8 10
2 6 7 8 11
2 6 7 8 12
2 6 7 8 13
2 6 7 9 10
2 6 7 9 11
2 6 7 9 12
2 6 7 9 13
2 6 7 10 11
2 6 7 10 12
2 6 7 10 13
2 6 7 11 12
2 6 7 11 13
2 6 7 12 13
2 6 8 9 10
2 6 8 9 11
2 6 8 9 12
2 6 8 9 13
2 6 8 10 11
2 6 8 10 12
2 6 8 10 13
2 6 8 11 12
2 6 8 11 13
2 6 8 12 13
2 6 9 10 11
2 6 9 10 12
2 6 9 10 13
2 6 9 11 12
2 6 9 11 13
2 6 9 12 13
2 6 10 11 12
2 6 10 11 13
2 6 10 12 13
2 6 11 12 13
2 7 8 9 10
2 7 8 9 11
2 7 8 9 12
2 7 8 9 13
2 7 8 10 11
2 7 8 10 12
2 7 8 10 13
2 7 8 11 12
2 7 8 11 13
2 7 8 12 13
2 7 9 10 11
2 7 9 10 12
2 7 9 10 13
2 7 9 11 12
2 7 9 11 13
2 7 9 12 13
2 7 10 11 12
2 7 10 11 13
2 7 10 12 13
2 7 11 12 13
2 8 9 10 11
2 8 9 10 12
2 8 9 10 13
2 8 9 11 12
2 8 9 11 13
2 8 9 12 13
2 8 10 11 12
2 8 10 11 13
2 8 10 12 13
2 8 11 12 13
2 9 10 11 12
2 9 10 11 13
2 9 10 12 13
2 9 11 12 13
2 10 11 12 13
3 4 5 6 7
3 4 5 6 8
3 4 5 6 9
3 4 5 6 10
3 4 5 6 11
3 4 5 6 12
3 4 5 6 13
3 4 5 7 8
3 4 5 7 9
3 4 5 7 10
3 4 5 7 11
3 4 5 7 12
3 4 5 7 13
3 4 5 8 9
3 4 5 8 10
3 4 5 8 11
3 4 5 8 12
3 4 5 8 13
3 4 5 9 10
3 4 5 9 11
3 4 5 9 12
3 4 5 9 13
3 4 5 10 11
3 4 5 10 12
3 4 5 10 13
3 4 5 11 12
3 4 5 11 13
3 4 5 12 13
3 4 6 7 8
3 4 6 7 9
3 4 6 7 10
3 4 6 7 11
3 4 6 7 12
3 4 6 7 13
3 4 6 8 9
3 4 6 8 10
3 4 6 8 11
3 4 6 8 12
3 4 6 8 13
3 4 6 9 10
3 4 6 9 11
3 4 6 9 12
3 4 6 9 13
3 4 6 10 11
3 4 6 10 12
3 4 6 10 13
3 4 6 11 12
3 4 6 11 13
3 4 6 12 13
3 4 7 8 9
3 4 7 8 10
3 4 7 8 11
3 4 7 8 12
3 4 7 8 13
3 4 7 9 10
3 4 7 9 11
3 4 7 9 12
3 4 7 9 13
3 4 7 10 11
3 4 7 10 12
3 4 7 10 13
3 4 7 11 12
3 4 7 11 13
3 4 7 12 13
3 4 8 9 10
3 4 8 9 11
3 4 8 9 12
3 4 8 9 13
3 4 8 10 11
3 4 8 10 12
3 4 8 10 13
3 4 8 11 12
3 4 8 11 13
3 4 8 12 13
3 4 9 10 11
3 4 9 10 12
3 4 9 10 13
3 4 9 11 12
3 4 9 11 13
3 4 9 12 13
3 4 10 11 12
3 4 10 11 13
3 4 10 12 13
3 4 11 12 13
3 5 6 7 8
3 5 6 7 9
3 5 6 7 10
3 5 6 7 11
3 5 6 7 12
3 5 6 7 13
3 5 6 8 9
3 5 6 8 10
3 5 6 8 11
3 5 6 8 12
3 5 6 8 13
3 5 6 9 10
3 5 6 9 11
3 5 6 9 12
3 5 6 9 13
3 5 6 10 11
3 5 6 10 12
3 5 6 10 13
3 5 6 11 12
3 5 6 11 13
3 5 6 12 13
3 5 7 8 9
3 5 7 8 10
3 5 7 8 11
3 5 7 8 12
3 5 7 8 13
3 5 7 9 10
3 5 7 9 11
3 5 7 9 12
3 5 7 9 13
3 5 7 10 11
3 5 7 10 12
3 5 7 10 13
3 5 7 11 12
3 5 7 11 13
3 5 7 12 13
3 5 8 9 10
3 5 8 9 11
3 5 8 9 12
3 5 8 9 13
3 5 8 10 11
3 5 8 10 12
3 5 8 10 13
3 5 8 11 12
3 5 8 11 13
3 5 8 12 13
3 5 9 10 11
3 5 9 10 12
3 5 9 10 13
3 5 9 11 12
3 5 9 11 13
3 5 9 12 13
3 5 10 11 12
3 5 10 11 13
3 5 10 12 13
3 5 11 12 13
3 6 7 8 9
3 6 7 8 10
3 6 7 8 11
3 6 7 8 12
3 6 7 8 13
3 6 7 9 10
3 6 7 9 11
3 6 7 9 12
3 6 7 9 13
3 6 7 10 11
3 6 7 10 12
3 6 7 10 13
3 6 7 11 12
3 6 7 11 13
3 6 7 12 13
3 6 8 9 10
3 6 8 9 11
3 6 8 9 12
3 6 8 9 13
3 6 8 10 11
3 6 8 10 12
3 6 8 10 13
3 6 8 11 12
3 6 8 11 13
3 6 8 12 13
3 6 9 10 11
3 6 9 10 12
3 6 9 10 13
3 6 9 11 12
3 6 9 11 13
3 6 9 12 13
3 6 10 11 12
3 6 10 11 13
3 6 10 12 13
3 6 11 12 13
3 7 8 9 10
3 7 8 9 11
3 7 8 9 12
3 7 8 9 13
3 7 8 10 11
3 7 8 10 12
3 7 8 10 13
3 7 8 11 12
3 7 8 11 13
3 7 8 12 13
3 7 9 10 11
3 7 9 10 12
3 7 9 10 13
3 7 9 11 12
3 7 9 11 13
3 7 9 12 13
3 7 10 11 12
3 7 10 11 13
3 7 10 12 13
3 7 11 12 13
3 8 9 10 11
3 8 9 10 12
3 8 9 10 13
3 8 9 11 12
3 8 9 11 13
3 8 9 12 13
3 8 10 11 12
3 8 10 11 13
3 8 10 12 13
3 8 11 12 13
3 9 10 11 12
3 9 10 11 13
3 9 10 12 13
3 9 11 12 13
3 10 11 12 13
4 5 6 7 8
4 5 6 7 9
4 5 6 7 10
4 5 6 7 11
4 5 6 7 12
4 5 6 7 13
4 5 6 8 9
4 5 6 8 10
4 5 6 8 11
4 5 6 8 12
4 5 6 8 13
4 5 6 9 10
4 5 6 9 11
4 5 6 9 12
4 5 6 9 13
4 5 6 10 11
4 5 6 10 12
4 5 6 10 13
4 5 6 11 12
4 5 6 11 13
4 5 6 12 13
4 5 7 8 9
4 5 7 8 10
4 5 7 8 11
4 5 7 8 12
4 5 7 8 13
4 5 7 9 10
4 5 7 9 11
4 5 7 9 12
4 5 7 9 13
4 5 7 10 11
4 5 7 10 12
4 5 7 10 13
4 5 7 11 12
4 5 7 11 13
4 5 7 12 13
4 5 8 9 10
4 5 8 9 11
4 5 8 9 12
4 5 8 9 13
4 5 8 10 11
4 5 8 10 12
4 5 8 10 13
4 5 8 11 12
4 5 8 11 13
4 5 8 12 13
4 5 9 10 11
4 5 9 10 12
4 5 9 10 13
4 5 9 11 12
4 5 9 11 13
4 5 9 12 13
4 5 10 11 12
4 5 10 11 13
4 5 10 12 13
4 5 11 12 13
4 6 7 8 9
4 6 7 8 10
4 6 7 8 11
4 6 7 8 12
4 6 7 8 13
4 6 7 9 10
4 6 7 9 11
4 6 7 9 12
4 6 7 9 13
4 6 7 10 11
4 6 7 10 12
4 6 7 10 13
4 6 7 11 12
4 6 7 11 13
4 6 7 12 13
4 6 8 9 10
4 6 8 9 11
4 6 8 9 12
4 6 8 9 13
4 6 8 10 11
4 6 8 10 12
4 6 8 10 13
4 6 8 11 12
4 6 8 11 13
4 6 8 12 13
4 6 9 10 11
4 6 9 10 12
4 6 9 10 13
4 6 9 11 12
4 6 9 11 13
4 6 9 12 13
4 6 10 11 12
4 6 10 11 13
4 6 10 12 13
4 6 11 12 13
4 7 8 9 10
4 7 8 9 11
4 7 8 9 12
4 7 8 9 13
4 7 8 10 11
4 7 8 10 12
4 7 8 10 13
4 7 8 11 12
4 7 8 11 13
4 7 8 12 13
4 7 9 10 11
4 7 9 10 12
4 7 9 10 13
4 7 9 11 12
4 7 9 11 13
4 7 9 12 13
4 7 10 11 12
4 7 10 11 13
4 7 10 12 13
4 7 11 12 13
4 8 9 10 11
4 8 9 10 12
4 8 9 10 13
4 8 9 11 12
4 8 9 11 13
4 8 9 12 13
4 8 10 11 12
4 8 10 11 13
4 8 10 12 13
4 8 11 12 13
4 9 10 11 12
4 9 10 11 13
4 9 10 12 13
4 9 11 12 13
4 10 11 12 13
5 6 7 8 9
5 6 7 8 10
5 6 7 8 11
5 6 7 8 12
5 6 7 8 13
5 6 7 9 10
5 6 7 9 11
5 6 7 9 12
5 6 7 9 13
5 6 7 10 11
5 6 7 10 12
5 6 7 10 13
5 6 7 11 12
5 6 7 11 13
5 6 7 12 13
5 6 8 9 10
5 6 8 9 11
5 6 8 9 12
5 6 8 9 13
5 6 8 10 11
5 6 8 10 12
5 6 8 10 13
5 6 8 11 12
5 6 8 11 13
5 6 8 12 13
5 6 9 10 11
5 6 9 10 12
5 6 9 10 13
5 6 9 11 12
5 6 9 11 13
5 6 9 12 13
5 6 10 11 12
5 6 10 11 13
5 6 10 12 13
5 6 11 12 13
5 7 8 9 10
5 7 8 9 11
5 7 8 9 12
5 7 8 9 13
5 7 8 10 11
5 7 8 10 12
5 7 8 10 13
5 7 8 11 12
5 7 8 11 13
5 7 8 12 13
5 7 9 10 11
5 7 9 10 12
5 7 9 10 13
5 7 9 11 12
5 7 9 11 13
5 7 9 12 13
5 7 10 11 12
5 7 10 11 13
5 7 10 12 13
5 7 11 12 13
5 8 9 10 11
5 8 9 10 12
5 8 9 10 13
5 8 9 11 12
5 8 9 11 13
5 8 9 12 13
5 8 10 11 12
5 8 10 11 13
5 8 10 12 13
5 8 11 12 13
5 9 10 11 12
5 9 10 11 13
5 9 10 12 13
5 9 11 12 13
5 10 11 12 13
6 7 8 9 10
6 7 8 9 11
6 7 8 9 12
6 7 8 9 13
6 7 8 10 11
6 7 8 10 12
6 7 8 10 13
6 7 8 11 12
6 7 8 11 13
6 7 8 12 13
6 7 9 10 11
6 7 9 10 12
6 7 9 10 13
6 7 9 11 12
6 7 9 11 13
6 7 9 12 13
6 7 10 11 12
6 7 10 11 13
6 7 10 12 13
6 7 11 12 13
6 8 9 10 11
6 8 9 10 12
6 8 9 10 13
6 8 9 11 12
6 8 9 11 13
6 8 9 12 13
6 8 10 11 12
6 8 10 11 13
6 8 10 12 13
6 8 11 12 13
6 9 10 11 12
6 9 10 11 13
6 9 10 12 13
6 9 11 12 13
6 10 11 12 13
7 8 9 10 11
7 8 9 10 12
7 8 9 10 13
7 8 9 11 12
7 8 9 11 13
7 8 9 12 13
7 8 10 11 12
7 8 10 11 13
7 8 10 12 13
7 8 11 12 13
7 9 10 11 12
7 9 10 11 13
7 9 10 12 13
7 9 11 12 13
7 10 11 12 13
8 9 10 11 12
8 9 10 11 13
8 9 10 12 13
8 9 11 12 13
8 10 11 12 13
9 10 11 12 13

Is hamiltonian hermitian? 1
Implicit Hamiltonian constructed
E(core)= 9.189534427600
H(1,1) + E(core) energy = -76.131949890400
Davidson: iter=0 dim=0 root=0 eigenvalue=-85.321484318000
Davidson: iter=1 dim=1 root=0 eigenvalue=-85.418704290999
Davidson: iter=2 dim=2 root=0 eigenvalue=-85.425320943191
Davidson: iter=3 dim=3 root=0 eigenvalue=-85.425883889196
Davidson: iter=4 dim=4 root=0 eigenvalue=-85.425936352071
Davidson: iter=5 dim=5 root=0 eigenvalue=-85.425939843562
Davidson: iter=6 dim=6 root=0 eigenvalue=-85.425940223479
Davidson: iter=7 dim=7 root=0 eigenvalue=-85.425940267997
Davidson: iter=8 dim=8 root=0 eigenvalue=-85.425940272330
Davidson: iter=9 dim=9 root=0 eigenvalue=-85.425940272913
Davidson: iter=10 dim=10 root=0 eigenvalue=-85.425940272957
Davidson: iter=11 dim=11 root=0 eigenvalue=-85.425940272961
root no. 0 converged
Davidson converged in 11 iterations.
E(core)= 9.189534427600
E(0)= -76.236405845361
FCI Excitation energies = 1
0.000000000000

Vacuum coefficients in CI state 0 = -0.981695990672
Eigenvector 0 in string basis
0: -0.981695990672 seniority 0 ... 5
1 2 3 4 5
 | 5
1 2 3 4 5

7728: 0.050477670032 seniority 0 ... 5
1 2 3 4 11
 | 5
1 2 3 4 11

Seniority vectors for all roots (nroots/seniority)
1 6
0.973955987917 0.005190422178 -0.964449413342 0.172388334883 1.000054963016 0.000000000728

Calculating transition densities
Root 0 MO occupations numbers (density matrix diagonal)
13
1.999979166251 1.990427342963 1.973390930063 1.978455458044 1.983989619389 0.008843670532 0.009516727502 0.010416567351 0.010302150935 0.009953233050 0.015072981656 0.006573814182 0.003078338094
Transition densities done:
Trandens between roots 0 0
13 13
1.999979166251 0.000061456739 0.000000000000 0.000044396166 0.000000000000 0.000081981449 0.000000000000 0.000000000000 -0.000061077386 0.000122120031 0.000000000000 0.000000000000 -0.000162929251
0.000061456739 1.990427342963 0.000000000000 0.005922791595 0.000000000000 0.004767989884 0.000000000000 0.000000000000 0.001003330756 0.007294743204 0.000000000000 0.000000000000 0.000356935804
0.000000000000 0.000000000000 1.973390930063 0.000000000000 0.000000000000 0.000000000000 0.006477275523 -0.002381284010 0.000000000000 0.000000000000 0.000000000000 -0.009865796178 0.000000000000
0.000044396166 0.005922791595 0.000000000000 1.978455458044 0.000000000000 -0.009666681157 0.000000000000 0.000000000000 0.004445097646 -0.002826795532 0.000000000000 0.000000000000 0.004999168779
0.000000000000 0.000000000000 0.000000000000 0.000000000000 1.983989619389 0.000000000000 0.000000000000 0.000000000000 0.000000000000 0.000000000000 -0.001809904145 0.000000000000 0.000000000000
0.000081981449 0.004767989884 0.000000000000 -0.009666681157 0.000000000000 0.008843670532 0.000000000000 0.000000000000 -0.008556203861 -0.003793782053 0.000000000000 0.000000000000 -0.001971339697
0.000000000000 0.000000000000 0.006477275523 0.000000000000 0.000000000000 0.000000000000 0.009516727502 -0.008314277778 0.000000000000 0.000000000000 0.000000000000 0.006966370177 0.000000000000
0.000000000000 0.000000000000 -0.002381284010 0.000000000000 0.000000000000 0.000000000000 -0.008314277778 0.010416567351 0.000000000000 0.000000000000 0.000000000000 -0.004666109111 0.000000000000
-0.000061077386 0.001003330756 0.000000000000 0.004445097646 0.000000000000 -0.008556203861 0.000000000000 0.000000000000 0.010302150935 0.004133643952 0.000000000000 0.000000000000 0.000676311518
0.000122120031 0.007294743204 0.000000000000 -0.002826795532 0.000000000000 -0.003793782053 0.000000000000 0.000000000000 0.004133643952 0.009953233050 0.000000000000 0.000000000000 -0.000826386598
0.000000000000 0.000000000000 0.000000000000 0.000000000000 -0.001809904145 0.000000000000 0.000000000000 0.000000000000 0.000000000000 0.000000000000 0.015072981656 0.000000000000 0.000000000000
0.000000000000 0.000000000000 -0.009865796178 0.000000000000 0.000000000000 0.000000000000 0.006966370177 -0.004666109111 0.000000000000 0.000000000000 0.000000000000 0.006573814182 0.000000000000
-0.000162929251 0.000356935804 0.000000000000 0.004999168779 0.000000000000 -0.001971339697 0.000000000000 0.000000000000 0.000676311518 -0.000826386598 0.000000000000 0.000000000000 0.003078338094

State 0 :
Natural orbital occupations
13
1.999979971862 1.992883967558 1.983991283121 1.976111438849 1.973464447512 0.022528150336 0.021064796614 0.015071317923 0.007585010818 0.003649891004 0.002910759045 0.000503415124 0.000255550246
Natural orbitals (in MO basis)
13 13
0.999945625678 0.010404650721 0.000000000000 -0.000689821063 -0.000000000000 -0.000000000000 -0.000023605232 -0.000000000000 0.000099668090 0.000000000000 0.000047816581 0.000017345010 -0.000000000000
0.009363109200 -0.925050135347 0.000000000000 -0.379703724854 -0.000000000000 0.000000000000 0.000520658723 0.000000000000 0.003695909885 -0.000000000000 -0.000403777762 -0.002359394205 -0.000000000000
0.000000000000 -0.000000000000 -0.000000000000 -0.000000000000 0.999981357996 0.000550300137 -0.000000000000 0.000000000000 0.000000000000 0.003610829123 0.000000000000 -0.000000000000 0.004893132217
0.004589476427 -0.379687578408 -0.000000000000 0.925082893087 -0.000000000000 0.000000000000 0.004010226392 -0.000000000000 -0.004155936411 0.000000000000 -0.001712299904 0.001278566298 0.000000000000
-0.000000000000 0.000000000000 0.999999577501 0.000000000000 0.000000000000 -0.000000000000 0.000000000000 -0.000919237420 0.000000000000 -0.000000000000 0.000000000000 -0.000000000000 0.000000000000
0.000041276396 -0.000360404519 0.000000000000 -0.005471305883 -0.000000000000 0.000000000000 0.605535318905 -0.000000000000 -0.304476689051 0.000000000000 -0.187952661346 0.710819705476 0.000000000000
-0.000000000000 -0.000000000000 -0.000000000000 -0.000000000000 0.003285431673 -0.639568455464 0.000000000000 0.000000000000 0.000000000000 0.195188939924 0.000000000000 0.000000000000 -0.743533909412
0.000000000000 -0.000000000000 0.000000000000 0.000000000000 -0.001215058948 0.616075497642 -0.000000000000 0.000000000000 0.000000000000 0.708644595699 0.000000000000 0.000000000000 -0.343907461133
-0.000015736399 -0.001324546682 -0.000000000000 0.001916894936 -0.000000000000 -0.000000000000 -0.655374563436 -0.000000000000 0.265955073148 0.000000000000 -0.435055429414 0.557201422152 0.000000000000
0.000089082384 -0.002862740486 0.000000000000 -0.002725188213 0.000000000000 -0.000000000000 -0.446071488717 -0.000000000000 -0.854736475446 0.000000000000 0.252817899454 0.080704797512 0.000000000000
0.000000000000 0.000000000000 -0.000919237420 -0.000000000000 -0.000000000000 -0.000000000000 0.000000000000 -0.999999577501 0.000000000000 0.000000000000 0.000000000000 -0.000000000000 0.000000000000
0.000000000000 0.000000000000 0.000000000000 -0.000000000000 -0.005001322881 -0.459785677408 0.000000000000 0.000000000000 0.000000000000 0.678019967722 0.000000000000 -0.000000000000 0.573464071228
-0.000068506341 -0.001119617206 -0.000000000000 0.002282557922 0.000000000000 -0.000000000000 -0.069390435617 0.000000000000 0.325509540478 -0.000000000000 0.843493084057 0.421593946047 0.000000000000

