&FCI NORB=  6,NELEC= 10,MS2=0,
 ORBSYM=1,1,1,1,1,1
 ISYM=1,
&END
 0.9822505033     1     1     2     2
 0.0710050988     1     1     2     4
 -0.1452543962     1     1     2     6
 0.8563196561     1     1     3     3
 0.0710050988     1     1     4     2
 0.9517484269     1     1     4     4
 0.0769905149     1     1     4     6
 1.0042828452     1     1     5     5
 -0.1452543962     1     1     6     2
 0.0769905149     1     1     6     4
 0.3998456588     1     1     6     6
 -0.9822505033     1     2     2     1
 -0.0069487023     1     2     2     4
 -0.0015741613     1     2     2     6
 0.0299360647     1     2     3     3
 -0.0710050988     1     2     4     1
 0.0354840280     1     2     4     4
 0.0085264893     1     2     4     6
 0.0408164581     1     2     5     5
 0.1452543962     1     2     6     1
 0.0077963983     1     2     6     4
 0.0028099828     1     2     6     6
 -0.8563196561     1     3     3     1
 -0.0299360647     1     3     3     2
 -0.0104185866     1     3     3     4
 0.0047465300     1     3     3     6
 -0.0710050988     1     4     2     1
 0.0069487023     1     4     2     2
 0.0001477190     1     4     2     6
 0.0104185866     1     4     3     3
 -0.9517484269     1     4     4     1
 -0.0354840280     1     4     4     2
 0.0105603065     1     4     4     6
 0.0138592164     1     4     5     5
 -0.0769905149     1     4     6     1
 -0.0077963983     1     4     6     2
 0.0053991592     1     4     6     6
 -1.0042828452     1     5     5     1
 -0.0408164581     1     5     5     2
 -0.0138592164     1     5     5     4
 0.0100056941     1     5     5     6
 0.1452543962     1     6     2     1
 0.0015741613     1     6     2     2
 -0.0001477190     1     6     2     4
 -0.0047465300     1     6     3     3
 -0.0769905149     1     6     4     1
 -0.0085264893     1     6     4     2
 -0.0105603065     1     6     4     4
 -0.0100056941     1     6     5     5
 -0.3998456588     1     6     6     1
 -0.0028099828     1     6     6     2
 -0.0053991592     1     6     6     4
 -0.9822505033     2     1     1     2
 -0.0710050988     2     1     1     4
 0.1452543962     2     1     1     6
 0.0299360647     2     1     3     3
 -0.0069487023     2     1     4     2
 0.0354840280     2     1     4     4
 0.0077963983     2     1     4     6
 0.0408164581     2     1     5     5
 -0.0015741613     2     1     6     2
 0.0085264893     2     1     6     4
 0.0028099828     2     1     6     6
 0.9822505033     2     2     1     1
 0.0069487023     2     2     1     4
 0.0015741613     2     2     1     6
 0.5240788917     2     2     3     3
 0.0069487023     2     2     4     1
 0.5527070406     2     2     4     4
 0.0310409620     2     2     4     6
 0.5832326466     2     2     5     5
 0.0015741613     2     2     6     1
 0.0310409620     2     2     6     4
 0.3359194117     2     2     6     6
 -0.0299360647     2     3     3     1
 -0.5240788917     2     3     3     2
 -0.0029525090     2     3     3     4
 0.0671276285     2     3     3     6
 0.0710050988     2     4     1     1
 -0.0069487023     2     4     1     2
 -0.0001477190     2     4     1     6
 0.0029525090     2     4     3     3
 -0.0354840280     2     4     4     1
 -0.5527070406     2     4     4     2
 0.0656077112     2     4     4     6
 0.0064236070     2     4     5     5
 -0.0085264893     2     4     6     1
 -0.0310409620     2     4     6     2
 -0.0127499100     2     4     6     6
 -0.0408164581     2     5     5     1
 -0.5832326466     2     5     5     2
 -0.0064236070     2     5     5     4
 0.0639042285     2     5     5     6
 -0.1452543962     2     6     1     1
 -0.0015741613     2     6     1     2
 0.0001477190     2     6     1     4
 -0.0671276285     2     6     3     3
 -0.0077963983     2     6     4     1
 -0.0310409620     2     6     4     2
 -0.0656077112     2     6     4     4
 -0.0639042285     2     6     5     5
 -0.0028099828     2     6     6     1
 -0.3359194117     2     6     6     2
 0.0127499100     2     6     6     4
 -0.8563196561     3     1     1     3
 -0.0299360647     3     1     2     3
 -0.0104185866     3     1     4     3
 0.0047465300     3     1     6     3
 -0.0299360647     3     2     1     3
 -0.5240788917     3     2     2     3
 -0.0029525090     3     2     4     3
 0.0671276285     3     2     6     3
 0.8563196561     3     3     1     1
 0.0299360647     3     3     1     2
 0.0104185866     3     3     1     4
 -0.0047465300     3     3     1     6
 0.0299360647     3     3     2     1
 0.5240788917     3     3     2     2
 0.0029525090     3     3     2     4
 -0.0671276285     3     3     2     6
 0.0104185866     3     3     4     1
 0.0029525090     3     3     4     2
 0.5604379178     3     3     4     4
 0.0351053748     3     3     4     6
 0.5865277002     3     3     5     5
 -0.0047465300     3     3     6     1
 -0.0671276285     3     3     6     2
 0.0351053748     3     3     6     4
 0.3387103334     3     3     6     6
 -0.0104185866     3     4     1     3
 -0.0029525090     3     4     2     3
 -0.5604379178     3     4     4     3
 -0.0351053748     3     4     6     3
 -0.5865277002     3     5     5     3
 0.0047465300     3     6     1     3
 0.0671276285     3     6     2     3
 -0.0351053748     3     6     4     3
 -0.3387103334     3     6     6     3
 -0.0710050988     4     1     1     2
 -0.9517484269     4     1     1     4
 -0.0769905149     4     1     1     6
 0.0069487023     4     1     2     2
 -0.0354840280     4     1     2     4
 -0.0077963983     4     1     2     6
 0.0104185866     4     1     3     3
 0.0138592164     4     1     5     5
 0.0001477190     4     1     6     2
 0.0105603065     4     1     6     4
 0.0053991592     4     1     6     6
 0.0710050988     4     2     1     1
 -0.0354840280     4     2     1     4
 -0.0085264893     4     2     1     6
 -0.0069487023     4     2     2     1
 -0.5527070406     4     2     2     4
 -0.0310409620     4     2     2     6
 0.0029525090     4     2     3     3
 0.0064236070     4     2     5     5
 -0.0001477190     4     2     6     1
 0.0656077112     4     2     6     4
 -0.0127499100     4     2     6     6
 -0.0104185866     4     3     3     1
 -0.0029525090     4     3     3     2
 -0.5604379178     4     3     3     4
 -0.0351053748     4     3     3     6
 0.9517484269     4     4     1     1
 0.0354840280     4     4     1     2
 -0.0105603065     4     4     1     6
 0.0354840280     4     4     2     1
 0.5527070406     4     4     2     2
 -0.0656077112     4     4     2     6
 0.5604379178     4     4     3     3
 0.6153165474     4     4     5     5
 -0.0105603065     4     4     6     1
 -0.0656077112     4     4     6     2
 0.3228186648     4     4     6     6
 -0.0138592164     4     5     5     1
 -0.0064236070     4     5     5     2
 -0.6153165474     4     5     5     4
 -0.0423143313     4     5     5     6
 0.0769905149     4     6     1     1
 0.0085264893     4     6     1     2
 0.0105603065     4     6     1     4
 0.0077963983     4     6     2     1
 0.0310409620     4     6     2     2
 0.0656077112     4     6     2     4
 0.0351053748     4     6     3     3
 0.0423143313     4     6     5     5
 -0.0053991592     4     6     6     1
 0.0127499100     4     6     6     2
 -0.3228186648     4     6     6     4
 -1.0042828452     5     1     1     5
 -0.0408164581     5     1     2     5
 -0.0138592164     5     1     4     5
 0.0100056941     5     1     6     5
 -0.0408164581     5     2     1     5
 -0.5832326466     5     2     2     5
 -0.0064236070     5     2     4     5
 0.0639042285     5     2     6     5
 -0.5865277002     5     3     3     5
 -0.0138592164     5     4     1     5
 -0.0064236070     5     4     2     5
 -0.6153165474     5     4     4     5
 -0.0423143313     5     4     6     5
 1.0042828452     5     5     1     1
 0.0408164581     5     5     1     2
 0.0138592164     5     5     1     4
 -0.0100056941     5     5     1     6
 0.0408164581     5     5     2     1
 0.5832326466     5     5     2     2
 0.0064236070     5     5     2     4
 -0.0639042285     5     5     2     6
 0.5865277002     5     5     3     3
 0.0138592164     5     5     4     1
 0.0064236070     5     5     4     2
 0.6153165474     5     5     4     4
 0.0423143313     5     5     4     6
 -0.0100056941     5     5     6     1
 -0.0639042285     5     5     6     2
 0.0423143313     5     5     6     4
 0.3362392488     5     5     6     6
 0.0100056941     5     6     1     5
 0.0639042285     5     6     2     5
 -0.0423143313     5     6     4     5
 -0.3362392488     5     6     6     5
 0.1452543962     6     1     1     2
 -0.0769905149     6     1     1     4
 -0.3998456588     6     1     1     6
 0.0015741613     6     1     2     2
 -0.0085264893     6     1     2     4
 -0.0028099828     6     1     2     6
 -0.0047465300     6     1     3     3
 -0.0001477190     6     1     4     2
 -0.0105603065     6     1     4     4
 -0.0053991592     6     1     4     6
 -0.0100056941     6     1     5     5
 -0.1452543962     6     2     1     1
 -0.0077963983     6     2     1     4
 -0.0028099828     6     2     1     6
 -0.0015741613     6     2     2     1
 -0.0310409620     6     2     2     4
 -0.3359194117     6     2     2     6
 -0.0671276285     6     2     3     3
 0.0001477190     6     2     4     1
 -0.0656077112     6     2     4     4
 0.0127499100     6     2     4     6
 -0.0639042285     6     2     5     5
 0.0047465300     6     3     3     1
 0.0671276285     6     3     3     2
 -0.0351053748     6     3     3     4
 -0.3387103334     6     3     3     6
 0.0769905149     6     4     1     1
 0.0077963983     6     4     1     2
 -0.0053991592     6     4     1     6
 0.0085264893     6     4     2     1
 0.0310409620     6     4     2     2
 0.0127499100     6     4     2     6
 0.0351053748     6     4     3     3
 0.0105603065     6     4     4     1
 0.0656077112     6     4     4     2
 -0.3228186648     6     4     4     6
 0.0423143313     6     4     5     5
 0.0100056941     6     5     5     1
 0.0639042285     6     5     5     2
 -0.0423143313     6     5     5     4
 -0.3362392488     6     5     5     6
 0.3998456588     6     6     1     1
 0.0028099828     6     6     1     2
 0.0053991592     6     6     1     4
 0.0028099828     6     6     2     1
 0.3359194117     6     6     2     2
 -0.0127499100     6     6     2     4
 0.3387103334     6     6     3     3
 0.0053991592     6     6     4     1
 -0.0127499100     6     6     4     2
 0.3228186648     6     6     4     4
 0.3362392488     6     6     5     5
0.0 0 0 0 0
 0.9822505033     1     1     2     2
 0.0710050988     1     1     2     4
 -0.1452543962     1     1     2     6
 0.8563196561     1     1     3     3
 0.0710050988     1     1     4     2
 0.9517484269     1     1     4     4
 0.0769905149     1     1     4     6
 1.0042828452     1     1     5     5
 -0.1452543962     1     1     6     2
 0.0769905149     1     1     6     4
 0.3998456588     1     1     6     6
 -0.9822505033     1     2     2     1
 -0.0069487023     1     2     2     4
 -0.0015741613     1     2     2     6
 0.0299360647     1     2     3     3
 -0.0710050988     1     2     4     1
 0.0354840280     1     2     4     4
 0.0085264893     1     2     4     6
 0.0408164581     1     2     5     5
 0.1452543962     1     2     6     1
 0.0077963983     1     2     6     4
 0.0028099828     1     2     6     6
 -0.8563196561     1     3     3     1
 -0.0299360647     1     3     3     2
 -0.0104185866     1     3     3     4
 0.0047465300     1     3     3     6
 -0.0710050988     1     4     2     1
 0.0069487023     1     4     2     2
 0.0001477190     1     4     2     6
 0.0104185866     1     4     3     3
 -0.9517484269     1     4     4     1
 -0.0354840280     1     4     4     2
 0.0105603065     1     4     4     6
 0.0138592164     1     4     5     5
 -0.0769905149     1     4     6     1
 -0.0077963983     1     4     6     2
 0.0053991592     1     4     6     6
 -1.0042828452     1     5     5     1
 -0.0408164581     1     5     5     2
 -0.0138592164     1     5     5     4
 0.0100056941     1     5     5     6
 0.1452543962     1     6     2     1
 0.0015741613     1     6     2     2
 -0.0001477190     1     6     2     4
 -0.0047465300     1     6     3     3
 -0.0769905149     1     6     4     1
 -0.0085264893     1     6     4     2
 -0.0105603065     1     6     4     4
 -0.0100056941     1     6     5     5
 -0.3998456588     1     6     6     1
 -0.0028099828     1     6     6     2
 -0.0053991592     1     6     6     4
 -0.9822505033     2     1     1     2
 -0.0710050988     2     1     1     4
 0.1452543962     2     1     1     6
 0.0299360647     2     1     3     3
 -0.0069487023     2     1     4     2
 0.0354840280     2     1     4     4
 0.0077963983     2     1     4     6
 0.0408164581     2     1     5     5
 -0.0015741613     2     1     6     2
 0.0085264893     2     1     6     4
 0.0028099828     2     1     6     6
 0.9822505033     2     2     1     1
 0.0069487023     2     2     1     4
 0.0015741613     2     2     1     6
 0.5240788917     2     2     3     3
 0.0069487023     2     2     4     1
 0.5527070406     2     2     4     4
 0.0310409620     2     2     4     6
 0.5832326466     2     2     5     5
 0.0015741613     2     2     6     1
 0.0310409620     2     2     6     4
 0.3359194117     2     2     6     6
 -0.0299360647     2     3     3     1
 -0.5240788917     2     3     3     2
 -0.0029525090     2     3     3     4
 0.0671276285     2     3     3     6
 0.0710050988     2     4     1     1
 -0.0069487023     2     4     1     2
 -0.0001477190     2     4     1     6
 0.0029525090     2     4     3     3
 -0.0354840280     2     4     4     1
 -0.5527070406     2     4     4     2
 0.0656077112     2     4     4     6
 0.0064236070     2     4     5     5
 -0.0085264893     2     4     6     1
 -0.0310409620     2     4     6     2
 -0.0127499100     2     4     6     6
 -0.0408164581     2     5     5     1
 -0.5832326466     2     5     5     2
 -0.0064236070     2     5     5     4
 0.0639042285     2     5     5     6
 -0.1452543962     2     6     1     1
 -0.0015741613     2     6     1     2
 0.0001477190     2     6     1     4
 -0.0671276285     2     6     3     3
 -0.0077963983     2     6     4     1
 -0.0310409620     2     6     4     2
 -0.0656077112     2     6     4     4
 -0.0639042285     2     6     5     5
 -0.0028099828     2     6     6     1
 -0.3359194117     2     6     6     2
 0.0127499100     2     6     6     4
 -0.8563196561     3     1     1     3
 -0.0299360647     3     1     2     3
 -0.0104185866     3     1     4     3
 0.0047465300     3     1     6     3
 -0.0299360647     3     2     1     3
 -0.5240788917     3     2     2     3
 -0.0029525090     3     2     4     3
 0.0671276285     3     2     6     3
 0.8563196561     3     3     1     1
 0.0299360647     3     3     1     2
 0.0104185866     3     3     1     4
 -0.0047465300     3     3     1     6
 0.0299360647     3     3     2     1
 0.5240788917     3     3     2     2
 0.0029525090     3     3     2     4
 -0.0671276285     3     3     2     6
 0.0104185866     3     3     4     1
 0.0029525090     3     3     4     2
 0.5604379178     3     3     4     4
 0.0351053748     3     3     4     6
 0.5865277002     3     3     5     5
 -0.0047465300     3     3     6     1
 -0.0671276285     3     3     6     2
 0.0351053748     3     3     6     4
 0.3387103334     3     3     6     6
 -0.0104185866     3     4     1     3
 -0.0029525090     3     4     2     3
 -0.5604379178     3     4     4     3
 -0.0351053748     3     4     6     3
 -0.5865277002     3     5     5     3
 0.0047465300     3     6     1     3
 0.0671276285     3     6     2     3
 -0.0351053748     3     6     4     3
 -0.3387103334     3     6     6     3
 -0.0710050988     4     1     1     2
 -0.9517484269     4     1     1     4
 -0.0769905149     4     1     1     6
 0.0069487023     4     1     2     2
 -0.0354840280     4     1     2     4
 -0.0077963983     4     1     2     6
 0.0104185866     4     1     3     3
 0.0138592164     4     1     5     5
 0.0001477190     4     1     6     2
 0.0105603065     4     1     6     4
 0.0053991592     4     1     6     6
 0.0710050988     4     2     1     1
 -0.0354840280     4     2     1     4
 -0.0085264893     4     2     1     6
 -0.0069487023     4     2     2     1
 -0.5527070406     4     2     2     4
 -0.0310409620     4     2     2     6
 0.0029525090     4     2     3     3
 0.0064236070     4     2     5     5
 -0.0001477190     4     2     6     1
 0.0656077112     4     2     6     4
 -0.0127499100     4     2     6     6
 -0.0104185866     4     3     3     1
 -0.0029525090     4     3     3     2
 -0.5604379178     4     3     3     4
 -0.0351053748     4     3     3     6
 0.9517484269     4     4     1     1
 0.0354840280     4     4     1     2
 -0.0105603065     4     4     1     6
 0.0354840280     4     4     2     1
 0.5527070406     4     4     2     2
 -0.0656077112     4     4     2     6
 0.5604379178     4     4     3     3
 0.6153165474     4     4     5     5
 -0.0105603065     4     4     6     1
 -0.0656077112     4     4     6     2
 0.3228186648     4     4     6     6
 -0.0138592164     4     5     5     1
 -0.0064236070     4     5     5     2
 -0.6153165474     4     5     5     4
 -0.0423143313     4     5     5     6
 0.0769905149     4     6     1     1
 0.0085264893     4     6     1     2
 0.0105603065     4     6     1     4
 0.0077963983     4     6     2     1
 0.0310409620     4     6     2     2
 0.0656077112     4     6     2     4
 0.0351053748     4     6     3     3
 0.0423143313     4     6     5     5
 -0.0053991592     4     6     6     1
 0.0127499100     4     6     6     2
 -0.3228186648     4     6     6     4
 -1.0042828452     5     1     1     5
 -0.0408164581     5     1     2     5
 -0.0138592164     5     1     4     5
 0.0100056941     5     1     6     5
 -0.0408164581     5     2     1     5
 -0.5832326466     5     2     2     5
 -0.0064236070     5     2     4     5
 0.0639042285     5     2     6     5
 -0.5865277002     5     3     3     5
 -0.0138592164     5     4     1     5
 -0.0064236070     5     4     2     5
 -0.6153165474     5     4     4     5
 -0.0423143313     5     4     6     5
 1.0042828452     5     5     1     1
 0.0408164581     5     5     1     2
 0.0138592164     5     5     1     4
 -0.0100056941     5     5     1     6
 0.0408164581     5     5     2     1
 0.5832326466     5     5     2     2
 0.0064236070     5     5     2     4
 -0.0639042285     5     5     2     6
 0.5865277002     5     5     3     3
 0.0138592164     5     5     4     1
 0.0064236070     5     5     4     2
 0.6153165474     5     5     4     4
 0.0423143313     5     5     4     6
 -0.0100056941     5     5     6     1
 -0.0639042285     5     5     6     2
 0.0423143313     5     5     6     4
 0.3362392488     5     5     6     6
 0.0100056941     5     6     1     5
 0.0639042285     5     6     2     5
 -0.0423143313     5     6     4     5
 -0.3362392488     5     6     6     5
 0.1452543962     6     1     1     2
 -0.0769905149     6     1     1     4
 -0.3998456588     6     1     1     6
 0.0015741613     6     1     2     2
 -0.0085264893     6     1     2     4
 -0.0028099828     6     1     2     6
 -0.0047465300     6     1     3     3
 -0.0001477190     6     1     4     2
 -0.0105603065     6     1     4     4
 -0.0053991592     6     1     4     6
 -0.0100056941     6     1     5     5
 -0.1452543962     6     2     1     1
 -0.0077963983     6     2     1     4
 -0.0028099828     6     2     1     6
 -0.0015741613     6     2     2     1
 -0.0310409620     6     2     2     4
 -0.3359194117     6     2     2     6
 -0.0671276285     6     2     3     3
 0.0001477190     6     2     4     1
 -0.0656077112     6     2     4     4
 0.0127499100     6     2     4     6
 -0.0639042285     6     2     5     5
 0.0047465300     6     3     3     1
 0.0671276285     6     3     3     2
 -0.0351053748     6     3     3     4
 -0.3387103334     6     3     3     6
 0.0769905149     6     4     1     1
 0.0077963983     6     4     1     2
 -0.0053991592     6     4     1     6
 0.0085264893     6     4     2     1
 0.0310409620     6     4     2     2
 0.0127499100     6     4     2     6
 0.0351053748     6     4     3     3
 0.0105603065     6     4     4     1
 0.0656077112     6     4     4     2
 -0.3228186648     6     4     4     6
 0.0423143313     6     4     5     5
 0.0100056941     6     5     5     1
 0.0639042285     6     5     5     2
 -0.0423143313     6     5     5     4
 -0.3362392488     6     5     5     6
 0.3998456588     6     6     1     1
 0.0028099828     6     6     1     2
 0.0053991592     6     6     1     4
 0.0028099828     6     6     2     1
 0.3359194117     6     6     2     2
 -0.0127499100     6     6     2     4
 0.3387103334     6     6     3     3
 0.0053991592     6     6     4     1
 -0.0127499100     6     6     4     2
 0.3228186648     6     6     4     4
 0.3362392488     6     6     5     5
0.0 0 0 0 0
 4.7388808175     1     1     1     1
 0.4302467825     1     1     1     2
 0.1393991903     1     1     1     4
 -0.1438713623     1     1     1     6
 0.4302467825     1     1     2     1
 1.0460025457     1     1     2     2
 0.0876929103     1     1     2     4
 -0.1697539797     1     1     2     6
 0.8760321958     1     1     3     3
 0.1393991903     1     1     4     1
 0.0876929103     1     1     4     2
 0.9817561742     1     1     4     4
 0.0783429255     1     1     4     6
 1.0341460923     1     1     5     5
 -0.1438713623     1     1     6     1
 -0.1697539797     1     1     6     2
 0.0783429255     1     1     6     4
 0.4099371009     1     1     6     6
 0.4302467825     1     2     1     1
 0.0613454694     1     2     1     2
 0.0169789666     1     2     1     4
 -0.0229747816     1     2     1     6
 0.0637520424     1     2     2     1
 0.0148142423     1     2     2     2
 0.0076821935     1     2     2     4
 -0.0026031789     1     2     2     6
 0.0069024651     1     2     3     3
 0.0166878115     1     2     4     1
 0.0080003108     1     2     4     2
 0.0130529554     1     2     4     4
 -0.0008975878     1     2     4     6
 0.0116928176     1     2     5     5
 -0.0244995835     1     2     6     1
 -0.0011553626     1     2     6     2
 -0.0012974644     1     2     6     4
 0.0016880980     1     2     6     6
 0.0165373736     1     3     1     3
 -0.0218559369     1     3     2     3
 0.0197125397     1     3     3     1
 -0.0230335996     1     3     3     2
 -0.0031122117     1     3     3     4
 0.0043566293     1     3     3     6
 -0.0025776369     1     3     4     3
 0.0043164445     1     3     6     3
 0.1393991903     1     4     1     1
 0.0169789666     1     4     1     2
 0.0270539729     1     4     1     4
 0.0007430658     1     4     1     6
 0.0166878115     1     4     2     1
 0.0146308958     1     4     2     2
 -0.0214515474     1     4     2     4
 -0.0089556485     1     4     2     6
 0.0073063749     1     4     3     3
 0.0300077473     1     4     4     1
 -0.0224310726     1     4     4     2
 -0.0085773125     1     4     4     4
 0.0033789747     1     4     4     6
 0.0045496627     1     4     5     5
 0.0013524106     1     4     6     1
 -0.0090938627     1     4     6     2
 0.0028758074     1     4     6     4
 0.0065985321     1     4     6     6
 0.0270502414     1     5     1     5
 -0.0285398681     1     5     2     5
 -0.0089269255     1     5     4     5
 0.0298632471     1     5     5     1
 -0.0291236405     1     5     5     2
 -0.0093095537     1     5     5     4
 0.0075333064     1     5     5     6
 0.0069782533     1     5     6     5
 -0.1438713623     1     6     1     1
 -0.0229747816     1     6     1     2
 0.0007430658     1     6     1     4
 0.0103853662     1     6     1     6
 -0.0244995835     1     6     2     1
 -0.0010290176     1     6     2     2
 -0.0091033675     1     6     2     4
 -0.0018550122     1     6     2     6
 -0.0003899007     1     6     3     3
 0.0013524106     1     6     4     1
 -0.0094240771     1     6     4     2
 -0.0071813318     1     6     4     4
 0.0018298901     1     6     4     6
 -0.0024723877     1     6     5     5
 0.0100914421     1     6     6     1
 -0.0011218848     1     6     6     2
 0.0011993729     1     6     6     4
 0.0010218627     1     6     6     6
 0.4302467825     2     1     1     1
 0.0637520424     2     1     1     2
 0.0166878115     2     1     1     4
 -0.0244995835     2     1     1     6
 0.0613454694     2     1     2     1
 0.0148142423     2     1     2     2
 0.0080003108     2     1     2     4
 -0.0011553626     2     1     2     6
 0.0069024651     2     1     3     3
 0.0169789666     2     1     4     1
 0.0076821935     2     1     4     2
 0.0130529554     2     1     4     4
 -0.0012974644     2     1     4     6
 0.0116928176     2     1     5     5
 -0.0229747816     2     1     6     1
 -0.0026031789     2     1     6     2
 -0.0008975878     2     1     6     4
 0.0016880980     2     1     6     6
 1.0460025457     2     2     1     1
 0.0148142423     2     2     1     2
 0.0146308958     2     2     1     4
 -0.0010290176     2     2     1     6
 0.0148142423     2     2     2     1
 0.7449467720     2     2     2     2
 -0.0165798915     2     2     2     4
 -0.0965114357     2     2     2     6
 0.6715699638     2     2     3     3
 0.0146308958     2     2     4     1
 -0.0165798915     2     2     4     2
 0.6743730247     2     2     4     4
 0.0489262804     2     2     4     6
 0.7074748392     2     2     5     5
 -0.0010290176     2     2     6     1
 -0.0965114357     2     2     6     2
 0.0489262804     2     2     6     4
 0.3682138310     2     2     6     6
 -0.0218559369     2     3     1     3
 0.1414266362     2     3     2     3
 -0.0230335996     2     3     3     1
 0.1474910721     2     3     3     2
 -0.0148948121     2     3     3     4
 -0.0029960396     2     3     3     6
 -0.0163740533     2     3     4     3
 -0.0019943437     2     3     6     3
 0.0876929103     2     4     1     1
 0.0076821935     2     4     1     2
 -0.0214515474     2     4     1     4
 -0.0091033675     2     4     1     6
 0.0080003108     2     4     2     1
 -0.0165798915     2     4     2     2
 0.1155253595     2     4     2     4
 0.0174586647     2     4     2     6
 -0.0119423031     2     4     3     3
 -0.0224310726     2     4     4     1
 0.1216659841     2     4     4     2
 0.0685108959     2     4     4     4
 0.0006137258     2     4     4     6
 0.0363198698     2     4     5     5
 -0.0094240771     2     4     6     1
 0.0178853184     2     4     6     2
 0.0009127874     2     4     6     4
 -0.0302705250     2     4     6     6
 -0.0285398681     2     5     1     5
 0.1192532330     2     5     2     5
 0.0295801080     2     5     4     5
 -0.0291236405     2     5     5     1
 0.1242421926     2     5     5     2
 0.0298962628     2     5     5     4
 -0.0231297158     2     5     5     6
 -0.0214770521     2     5     6     5
 -0.1697539797     2     6     1     1
 -0.0026031789     2     6     1     2
 -0.0089556485     2     6     1     4
 -0.0018550122     2     6     1     6
 -0.0011553626     2     6     2     1
 -0.0965114357     2     6     2     2
 0.0174586647     2     6     2     4
 0.0399698728     2     6     2     6
 -0.0701236681     2     6     3     3
 -0.0090938627     2     6     4     1
 0.0178853184     2     6     4     2
 -0.0649939854     2     6     4     4
 -0.0220991455     2     6     4     6
 -0.0870339443     2     6     5     5
 -0.0011218848     2     6     6     1
 0.0322944193     2     6     6     2
 -0.0175206150     2     6     6     4
 -0.0172867181     2     6     6     6
 0.0197125397     3     1     1     3
 -0.0230335996     3     1     2     3
 0.0165373736     3     1     3     1
 -0.0218559369     3     1     3     2
 -0.0025776369     3     1     3     4
 0.0043164445     3     1     3     6
 -0.0031122117     3     1     4     3
 0.0043566293     3     1     6     3
 -0.0230335996     3     2     1     3
 0.1474910721     3     2     2     3
 -0.0218559369     3     2     3     1
 0.1414266362     3     2     3     2
 -0.0163740533     3     2     3     4
 -0.0019943437     3     2     3     6
 -0.0148948121     3     2     4     3
 -0.0029960396     3     2     6     3
 0.8760321958     3     3     1     1
 0.0069024651     3     3     1     2
 0.0073063749     3     3     1     4
 -0.0003899007     3     3     1     6
 0.0069024651     3     3     2     1
 0.6715699638     3     3     2     2
 -0.0119423031     3     3     2     4
 -0.0701236681     3     3     2     6
 0.6430069744     3     3     3     3
 0.0073063749     3     3     4     1
 -0.0119423031     3     3     4     2
 0.5972833477     3     3     4     4
 0.0324423148     3     3     4     6
 0.6152070934     3     3     5     5
 -0.0003899007     3     3     6     1
 -0.0701236681     3     3     6     2
 0.0324423148     3     3     6     4
 0.3586681438     3     3     6     6
 -0.0031122117     3     4     1     3
 -0.0148948121     3     4     2     3
 -0.0025776369     3     4     3     1
 -0.0163740533     3     4     3     2
 0.0299795537     3     4     3     4
 -0.0039121678     3     4     3     6
 0.0368454299     3     4     4     3
 -0.0026630600     3     4     6     3
 0.0223310120     3     5     3     5
 0.0286793932     3     5     5     3
 0.0043566293     3     6     1     3
 -0.0029960396     3     6     2     3
 0.0043164445     3     6     3     1
 -0.0019943437     3     6     3     2
 -0.0039121678     3     6     3     4
 0.0242275739     3     6     3     6
 -0.0026630600     3     6     4     3
 0.0199578104     3     6     6     3
 0.1393991903     4     1     1     1
 0.0166878115     4     1     1     2
 0.0300077473     4     1     1     4
 0.0013524106     4     1     1     6
 0.0169789666     4     1     2     1
 0.0146308958     4     1     2     2
 -0.0224310726     4     1     2     4
 -0.0090938627     4     1     2     6
 0.0073063749     4     1     3     3
 0.0270539729     4     1     4     1
 -0.0214515474     4     1     4     2
 -0.0085773125     4     1     4     4
 0.0028758074     4     1     4     6
 0.0045496627     4     1     5     5
 0.0007430658     4     1     6     1
 -0.0089556485     4     1     6     2
 0.0033789747     4     1     6     4
 0.0065985321     4     1     6     6
 0.0876929103     4     2     1     1
 0.0080003108     4     2     1     2
 -0.0224310726     4     2     1     4
 -0.0094240771     4     2     1     6
 0.0076821935     4     2     2     1
 -0.0165798915     4     2     2     2
 0.1216659841     4     2     2     4
 0.0178853184     4     2     2     6
 -0.0119423031     4     2     3     3
 -0.0214515474     4     2     4     1
 0.1155253595     4     2     4     2
 0.0685108959     4     2     4     4
 0.0009127874     4     2     4     6
 0.0363198698     4     2     5     5
 -0.0091033675     4     2     6     1
 0.0174586647     4     2     6     2
 0.0006137258     4     2     6     4
 -0.0302705250     4     2     6     6
 -0.0025776369     4     3     1     3
 -0.0163740533     4     3     2     3
 -0.0031122117     4     3     3     1
 -0.0148948121     4     3     3     2
 0.0368454299     4     3     3     4
 -0.0026630600     4     3     3     6
 0.0299795537     4     3     4     3
 -0.0039121678     4     3     6     3
 0.9817561742     4     4     1     1
 0.0130529554     4     4     1     2
 -0.0085773125     4     4     1     4
 -0.0071813318     4     4     1     6
 0.0130529554     4     4     2     1
 0.6743730247     4     4     2     2
 0.0685108959     4     4     2     4
 -0.0649939854     4     4     2     6
 0.5972833477     4     4     3     3
 -0.0085773125     4     4     4     1
 0.0685108959     4     4     4     2
 0.7097892942     4     4     4     4
 0.0487447487     4     4     4     6
 0.6561333646     4     4     5     5
 -0.0071813318     4     4     6     1
 -0.0649939854     4     4     6     2
 0.0487447487     4     4     6     4
 0.3414110513     4     4     6     6
 -0.0089269255     4     5     1     5
 0.0295801080     4     5     2     5
 0.0350022003     4     5     4     5
 -0.0093095537     4     5     5     1
 0.0298962628     4     5     5     2
 0.0408168172     4     5     5     4
 0.0011630664     4     5     5     6
 0.0014479133     4     5     6     5
 0.0783429255     4     6     1     1
 -0.0008975878     4     6     1     2
 0.0033789747     4     6     1     4
 0.0018298901     4     6     1     6
 -0.0012974644     4     6     2     1
 0.0489262804     4     6     2     2
 0.0006137258     4     6     2     4
 -0.0220991455     4     6     2     6
 0.0324423148     4     6     3     3
 0.0028758074     4     6     4     1
 0.0009127874     4     6     4     2
 0.0487447487     4     6     4     4
 0.0205206501     4     6     4     6
 0.0434773977     4     6     5     5
 0.0011993729     4     6     6     1
 -0.0175206150     4     6     6     2
 0.0185923865     4     6     6     4
 0.0010834775     4     6     6     6
 0.0298632471     5     1     1     5
 -0.0291236405     5     1     2     5
 -0.0093095537     5     1     4     5
 0.0270502414     5     1     5     1
 -0.0285398681     5     1     5     2
 -0.0089269255     5     1     5     4
 0.0069782533     5     1     5     6
 0.0075333064     5     1     6     5
 -0.0291236405     5     2     1     5
 0.1242421926     5     2     2     5
 0.0298962628     5     2     4     5
 -0.0285398681     5     2     5     1
 0.1192532330     5     2     5     2
 0.0295801080     5     2     5     4
 -0.0214770521     5     2     5     6
 -0.0231297158     5     2     6     5
 0.0286793932     5     3     3     5
 0.0223310120     5     3     5     3
 -0.0093095537     5     4     1     5
 0.0298962628     5     4     2     5
 0.0408168172     5     4     4     5
 -0.0089269255     5     4     5     1
 0.0295801080     5     4     5     2
 0.0350022003     5     4     5     4
 0.0014479133     5     4     5     6
 0.0011630664     5     4     6     5
 1.0341460923     5     5     1     1
 0.0116928176     5     5     1     2
 0.0045496627     5     5     1     4
 -0.0024723877     5     5     1     6
 0.0116928176     5     5     2     1
 0.7074748392     5     5     2     2
 0.0363198698     5     5     2     4
 -0.0870339443     5     5     2     6
 0.6152070934     5     5     3     3
 0.0045496627     5     5     4     1
 0.0363198698     5     5     4     2
 0.6561333646     5     5     4     4
 0.0434773977     5     5     4     6
 0.7415567543     5     5     5     5
 -0.0024723877     5     5     6     1
 -0.0870339443     5     5     6     2
 0.0434773977     5     5     6     4
 0.3478735186     5     5     6     6
 0.0075333064     5     6     1     5
 -0.0231297158     5     6     2     5
 0.0011630664     5     6     4     5
 0.0069782533     5     6     5     1
 -0.0214770521     5     6     5     2
 0.0014479133     5     6     5     4
 0.0153758438     5     6     5     6
 0.0116342698     5     6     6     5
 -0.1438713623     6     1     1     1
 -0.0244995835     6     1     1     2
 0.0013524106     6     1     1     4
 0.0100914421     6     1     1     6
 -0.0229747816     6     1     2     1
 -0.0010290176     6     1     2     2
 -0.0094240771     6     1     2     4
 -0.0011218848     6     1     2     6
 -0.0003899007     6     1     3     3
 0.0007430658     6     1     4     1
 -0.0091033675     6     1     4     2
 -0.0071813318     6     1     4     4
 0.0011993729     6     1     4     6
 -0.0024723877     6     1     5     5
 0.0103853662     6     1     6     1
 -0.0018550122     6     1     6     2
 0.0018298901     6     1     6     4
 0.0010218627     6     1     6     6
 -0.1697539797     6     2     1     1
 -0.0011553626     6     2     1     2
 -0.0090938627     6     2     1     4
 -0.0011218848     6     2     1     6
 -0.0026031789     6     2     2     1
 -0.0965114357     6     2     2     2
 0.0178853184     6     2     2     4
 0.0322944193     6     2     2     6
 -0.0701236681     6     2     3     3
 -0.0089556485     6     2     4     1
 0.0174586647     6     2     4     2
 -0.0649939854     6     2     4     4
 -0.0175206150     6     2     4     6
 -0.0870339443     6     2     5     5
 -0.0018550122     6     2     6     1
 0.0399698728     6     2     6     2
 -0.0220991455     6     2     6     4
 -0.0172867181     6     2     6     6
 0.0043164445     6     3     1     3
 -0.0019943437     6     3     2     3
 0.0043566293     6     3     3     1
 -0.0029960396     6     3     3     2
 -0.0026630600     6     3     3     4
 0.0199578104     6     3     3     6
 -0.0039121678     6     3     4     3
 0.0242275739     6     3     6     3
 0.0783429255     6     4     1     1
 -0.0012974644     6     4     1     2
 0.0028758074     6     4     1     4
 0.0011993729     6     4     1     6
 -0.0008975878     6     4     2     1
 0.0489262804     6     4     2     2
 0.0009127874     6     4     2     4
 -0.0175206150     6     4     2     6
 0.0324423148     6     4     3     3
 0.0033789747     6     4     4     1
 0.0006137258     6     4     4     2
 0.0487447487     6     4     4     4
 0.0185923865     6     4     4     6
 0.0434773977     6     4     5     5
 0.0018298901     6     4     6     1
 -0.0220991455     6     4     6     2
 0.0205206501     6     4     6     4
 0.0010834775     6     4     6     6
 0.0069782533     6     5     1     5
 -0.0214770521     6     5     2     5
 0.0014479133     6     5     4     5
 0.0075333064     6     5     5     1
 -0.0231297158     6     5     5     2
 0.0011630664     6     5     5     4
 0.0116342698     6     5     5     6
 0.0153758438     6     5     6     5
 0.4099371009     6     6     1     1
 0.0016880980     6     6     1     2
 0.0065985321     6     6     1     4
 0.0010218627     6     6     1     6
 0.0016880980     6     6     2     1
 0.3682138310     6     6     2     2
 -0.0302705250     6     6     2     4
 -0.0172867181     6     6     2     6
 0.3586681438     6     6     3     3
 0.0065985321     6     6     4     1
 -0.0302705250     6     6     4     2
 0.3414110513     6     6     4     4
 0.0010834775     6     6     4     6
 0.3478735186     6     6     5     5
 0.0010218627     6     6     6     1
 -0.0172867181     6     6     6     2
 0.0010834775     6     6     6     4
 0.3016773343     6     6     6     6
0.0 0 0 0 0
 -33.0247918530     1     1     0     0
 -0.5807794580     1     2     0     0
 -0.1865336448     1     4     0     0
 0.1775114165     1     6     0     0
 -0.5807794580     2     1     0     0
 -7.8590257030     2     2     0     0
 -0.2391307021     2     4     0     0
 0.8284604139     2     6     0     0
 -6.6907042163     3     3     0     0
 -0.1865336448     4     1     0     0
 -0.2391307021     4     2     0     0
 -6.9236879520     4     4     0     0
 -0.4358764284     4     6     0     0
 -7.0911044845     5     5     0     0
 0.1775114165     6     1     0     0
 0.8284604139     6     2     0     0
 -0.4358764284     6     4     0     0
 -3.3664131033     6     6     0     0
0.0 0 0 0 0
 -33.0247918530     1     1     0     0
 -0.5807794580     1     2     0     0
 -0.1865336448     1     4     0     0
 0.1775114165     1     6     0     0
 -0.5807794580     2     1     0     0
 -7.8590257030     2     2     0     0
 -0.2391307021     2     4     0     0
 0.8284604139     2     6     0     0
 -6.6907042163     3     3     0     0
 -0.1865336448     4     1     0     0
 -0.2391307021     4     2     0     0
 -6.9236879520     4     4     0     0
 -0.4358764284     4     6     0     0
 -7.0911044845     5     5     0     0
 0.1775114165     6     1     0     0
 0.8284604139     6     2     0     0
 -0.4358764284     6     4     0     0
 -3.3664131033     6     6     0     0
9.1895344276 0 0 0 0
