Begin IJ Block
1   1   -33.0258358385
1   2   -0.5831816090
1   4   -0.1853846387
2   2   -7.8653717449
2   4   -0.2259185254
3   3   -6.7427758550
4   4   -6.9125558118
5   5   -7.0680144058

End IJ Block
Begin IA Block
1   1   0.1554208119
1   3   -0.0000000000
1   4   0.1475213517
1   5   0.0127187453
1   7   0.0829929032
2   1   0.8048540743
2   3   -0.0000000000
2   4   0.5713222455
2   5   -0.2224731583
2   7   0.3351846402
3   2   -0.9809451726
3   3   -0.4477276325
3   4   -0.0000000000
3   5   -0.0000000000
3   7   0.0000000000
4   1   -0.4264310347
4   3   -0.0000000000
4   4   -0.2863020374
4   5   1.3492876120
4   7   -0.1244162163
5   6   1.7008850890

End IA Block
Begin AB Block
1   1   -3.0201797482
1   3   0.0000000000
1   4   -0.7444932155
1   5   0.5868023816
1   7   -0.3793555718
2   2   -2.7103992455
2   3   -0.6811416835
2   4   -0.0000000000
2   5   -0.0000000000
2   7   0.0000000000
3   3   -3.5990161636
3   4   -0.0000000000
3   5   -0.0000000000
3   7   0.0000000000
4   4   -3.5554715871
4   5   0.2462349650
4   7   -0.0354886945
5   5   -3.6796966741
5   7   0.2850522739
6   6   -4.3265888988
7   7   -3.2660684773

End AB Block
Begin IJAB Block
1   6   1   8   0.0079354739
1   6   1   11   0.0077711603
1   6   1   12   -0.0046199749
1   6   1   14   0.0045699841
1   6   2   9   0.0045798917
1   6   2   10   0.0038116527
1   6   3   9   0.0038116527
1   6   3   10   0.0031515901
1   6   4   8   0.0077711603
1   6   4   11   0.0076198446
1   6   4   12   -0.0051166615
1   6   4   14   0.0045067991
1   6   5   8   -0.0046199749
1   6   5   11   -0.0051166615
1   6   5   12   0.0134777135
1   6   5   14   -0.0032417443
1   6   6   13   0.0187189682
1   6   7   8   0.0045699841
1   6   7   11   0.0045067991
1   6   7   12   -0.0032417443
1   6   7   14   0.0026427610
1   7   1   8   -0.0006844579
1   7   1   11   -0.0005786607
1   7   1   12   0.0034127605
1   7   1   14   -0.0001087011
1   7   2   9   -0.0038656699
1   7   2   10   -0.0027204711
1   7   3   9   -0.0031876709
1   7   3   10   -0.0024886292
1   7   4   8   -0.0008840431
1   7   4   11   -0.0009725648
1   7   4   12   0.0036098147
1   7   4   14   -0.0001443704
1   7   5   8   0.0048970174
1   7   5   11   0.0045540958
1   7   5   12   -0.0094496640
1   7   5   14   0.0020997873
1   7   6   13   -0.0136988341
1   7   7   8   -0.0005882880
1   7   7   11   -0.0004470371
1   7   7   12   0.0022360631
1   7   7   14   -0.0004092378
1   8   1   9   -0.0004512307
1   8   1   10   -0.0016590162
1   8   2   8   0.0020059769
1   8   2   11   -0.0000432997
1   8   2   12   -0.0004204351
1   8   2   14   0.0024734347
1   8   3   8   0.0015580653
1   8   3   11   -0.0000131239
1   8   3   12   -0.0000138239
1   8   3   14   0.0020480680
1   8   4   9   -0.0006333416
1   8   4   10   -0.0018057121
1   8   5   9   -0.0001189504
1   8   5   10   0.0032692185
1   8   7   9   -0.0000517283
1   8   7   10   -0.0008374687
1   9   1   8   0.0010149467
1   9   1   11   0.0010074790
1   9   1   12   0.0020163486
1   9   1   14   -0.0010809918
1   9   2   9   -0.0014675985
1   9   2   10   -0.0032128432
1   9   3   9   -0.0014640672
1   9   3   10   -0.0028276904
1   9   4   8   0.0011455738
1   9   4   11   0.0011874592
1   9   4   12   0.0019721333
1   9   4   14   -0.0011101700
1   9   5   8   -0.0024828626
1   9   5   11   -0.0026767394
1   9   5   12   -0.0025957468
1   9   5   14   0.0027276087
1   9   6   13   -0.0049762354
1   9   7   8   0.0004728618
1   9   7   11   0.0004280484
1   9   7   12   0.0016817465
1   9   7   14   -0.0008208584
1   10   1   13   0.0011509950
1   10   4   13   0.0008042133
1   10   5   13   0.0001201474
1   10   6   8   -0.0053081725
1   10   6   11   -0.0078492845
1   10   6   12   -0.0016448697
1   10   6   14   -0.0043438219
1   10   7   13   0.0004501063
2   6   1   8   -0.0006844579
2   6   1   11   -0.0008840431
2   6   1   12   0.0048970174
2   6   1   14   -0.0005882880
2   6   2   9   -0.0038656699
2   6   2   10   -0.0031876709
2   6   3   9   -0.0027204711
2   6   3   10   -0.0024886292
2   6   4   8   -0.0005786607
2   6   4   11   -0.0009725648
2   6   4   12   0.0045540958
2   6   4   14   -0.0004470371
2   6   5   8   0.0034127605
2   6   5   11   0.0036098147
2   6   5   12   -0.0094496640
2   6   5   14   0.0022360631
2   6   6   13   -0.0136988341
2   6   7   8   -0.0001087011
2   6   7   11   -0.0001443704
2   6   7   12   0.0020997873
2   6   7   14   -0.0004092378
2   7   1   8   0.0271014693
2   7   1   11   0.0239139593
2   7   1   12   -0.0166965029
2   7   1   14   0.0106670979
2   7   2   9   0.0146769514
2   7   2   10   0.0106488857
2   7   3   9   0.0106488857
2   7   3   10   0.0260997101
2   7   4   8   0.0239139593
2   7   4   11   0.0369477803
2   7   4   12   -0.0126344745
2   7   4   14   0.0054779267
2   7   5   8   -0.0166965029
2   7   5   11   -0.0126344745
2   7   5   12   0.0270793611
2   7   5   14   -0.0072406188
2   7   6   13   0.0341591769
2   7   7   8   0.0106670979
2   7   7   11   0.0054779267
2   7   7   12   -0.0072406188
2   7   7   14   0.0217053281
2   8   1   9   -0.0239794741
2   8   1   10   -0.0105865383
2   8   2   8   -0.0094881202
2   8   2   11   -0.0017747994
2   8   2   12   0.0034090092
2   8   2   14   -0.0089794371
2   8   3   8   -0.0076608445
2   8   3   11   -0.0173751885
2   8   3   12   0.0016696522
2   8   3   14   -0.0108333884
2   8   4   9   -0.0167076839
2   8   4   10   -0.0182606561
2   8   5   9   0.0068468016
2   8   5   10   -0.0012225341
2   8   7   9   -0.0131526863
2   8   7   10   -0.0166534690
2   9   1   8   -0.0139482343
2   9   1   11   -0.0128965737
2   9   1   12   0.0300989594
2   9   1   14   -0.0012126168
2   9   2   9   0.0029149166
2   9   2   10   0.0087925429
2   9   3   9   0.0031326308
2   9   3   10   -0.0027624558
2   9   4   8   -0.0132511658
2   9   4   11   -0.0212183024
2   9   4   12   0.0236708164
2   9   4   14   -0.0016460344
2   9   5   8   0.0125488923
2   9   5   11   0.0095362855
2   9   5   12   -0.0020721313
2   9   5   14   -0.0001100726
2   9   6   13   0.0093320391
2   9   7   8   -0.0052659613
2   9   7   11   -0.0010297514
2   9   7   12   0.0127451312
2   9   7   14   -0.0107083009
2   10   1   13   0.0399064523
2   10   4   13   0.0324031246
2   10   5   13   -0.0083516037
2   10   6   8   0.0154627005
2   10   6   11   0.0154597964
2   10   6   12   0.0000757143
2   10   6   14   0.0085945209
2   10   7   13   0.0187535504
3   6   1   9   0.0020059769
3   6   1   10   0.0015580653
3   6   2   8   -0.0004512307
3   6   2   11   -0.0006333416
3   6   2   12   -0.0001189504
3   6   2   14   -0.0000517283
3   6   3   8   -0.0016590162
3   6   3   11   -0.0018057121
3   6   3   12   0.0032692185
3   6   3   14   -0.0008374687
3   6   4   9   -0.0000432997
3   6   4   10   -0.0000131239
3   6   5   9   -0.0004204351
3   6   5   10   -0.0000138239
3   6   7   9   0.0024734347
3   6   7   10   0.0020480680
3   7   1   9   -0.0094881202
3   7   1   10   -0.0076608445
3   7   2   8   -0.0239794741
3   7   2   11   -0.0167076839
3   7   2   12   0.0068468016
3   7   2   14   -0.0131526863
3   7   3   8   -0.0105865383
3   7   3   11   -0.0182606561
3   7   3   12   -0.0012225341
3   7   3   14   -0.0166534690
3   7   4   9   -0.0017747994
3   7   4   10   -0.0173751885
3   7   5   9   0.0034090092
3   7   5   10   0.0016696522
3   7   7   9   -0.0089794371
3   7   7   10   -0.0108333884
3   8   1   8   0.0159665634
3   8   1   11   0.0202056487
3   8   1   12   -0.0055547058
3   8   1   14   0.0013362443
3   8   2   9   0.0372221700
3   8   2   10   0.0266967071
3   8   3   9   0.0266967071
3   8   3   10   0.0572472938
3   8   4   8   0.0202056487
3   8   4   11   0.0571882739
3   8   4   12   -0.0041310026
3   8   4   14   -0.0088189637
3   8   5   8   -0.0055547058
3   8   5   11   -0.0041310026
3   8   5   12   0.0101957628
3   8   5   14   -0.0057276356
3   8   6   13   0.0109520320
3   8   7   8   0.0013362443
3   8   7   11   -0.0088189637
3   8   7   12   -0.0057276356
3   8   7   14   0.0190189743
3   9   1   9   0.0051975589
3   9   1   10   0.0103861949
3   9   2   8   0.0136971817
3   9   2   11   0.0111200691
3   9   2   12   -0.0349634314
3   9   2   14   0.0099989995
3   9   3   8   0.0137807972
3   9   3   11   0.0170039349
3   9   3   12   -0.0237045503
3   9   3   14   0.0301767173
3   9   4   9   0.0110143850
3   9   4   10   0.0348592233
3   9   5   9   -0.0060043054
3   9   5   10   -0.0049786918
3   9   7   9   -0.0015192514
3   9   7   10   -0.0032685829
3   10   2   13   -0.0420046340
3   10   3   13   -0.0258068833
3   10   6   9   -0.0066096506
3   10   6   10   -0.0044693380
4   6   1   8   0.0010149467
4   6   1   11   0.0011455738
4   6   1   12   -0.0024828626
4   6   1   14   0.0004728618
4   6   2   9   -0.0014675985
4   6   2   10   -0.0014640672
4   6   3   9   -0.0032128432
4   6   3   10   -0.0028276904
4   6   4   8   0.0010074790
4   6   4   11   0.0011874592
4   6   4   12   -0.0026767394
4   6   4   14   0.0004280484
4   6   5   8   0.0020163486
4   6   5   11   0.0019721333
4   6   5   12   -0.0025957468
4   6   5   14   0.0016817465
4   6   6   13   -0.0049762354
4   6   7   8   -0.0010809918
4   6   7   11   -0.0011101700
4   6   7   12   0.0027276087
4   6   7   14   -0.0008208584
4   7   1   8   -0.0139482343
4   7   1   11   -0.0132511658
4   7   1   12   0.0125488923
4   7   1   14   -0.0052659613
4   7   2   9   0.0029149166
4   7   2   10   0.0031326308
4   7   3   9   0.0087925429
4   7   3   10   -0.0027624558
4   7   4   8   -0.0128965737
4   7   4   11   -0.0212183024
4   7   4   12   0.0095362855
4   7   4   14   -0.0010297514
4   7   5   8   0.0300989594
4   7   5   11   0.0236708164
4   7   5   12   -0.0020721313
4   7   5   14   0.0127451312
4   7   6   13   0.0093320391
4   7   7   8   -0.0012126168
4   7   7   11   -0.0016460344
4   7   7   12   -0.0001100726
4   7   7   14   -0.0107083009
4   8   1   9   0.0136971817
4   8   1   10   0.0137807972
4   8   2   8   0.0051975589
4   8   2   11   0.0110143850
4   8   2   12   -0.0060043054
4   8   2   14   -0.0015192514
4   8   3   8   0.0103861949
4   8   3   11   0.0348592233
4   8   3   12   -0.0049786918
4   8   3   14   -0.0032685829
4   8   4   9   0.0111200691
4   8   4   10   0.0170039349
4   8   5   9   -0.0349634314
4   8   5   10   -0.0237045503
4   8   7   9   0.0099989995
4   8   7   10   0.0301767173
4   9   1   8   0.0149557384
4   9   1   11   0.0106304463
4   9   1   12   -0.0169785925
4   9   1   14   0.0131959420
4   9   2   9   0.0097256554
4   9   2   10   0.0156374593
4   9   3   9   0.0156374593
4   9   3   10   0.0440635957
4   9   4   8   0.0106304463
4   9   4   11   0.0179497433
4   9   4   12   -0.0144897550
4   9   4   14   0.0052370832
4   9   5   8   -0.0169785925
4   9   5   11   -0.0144897550
4   9   5   12   0.0695052021
4   9   5   14   -0.0131401172
4   9   6   13   0.0153542718
4   9   7   8   0.0131959420
4   9   7   11   0.0052370832
4   9   7   12   -0.0131401172
4   9   7   14   0.0421233253
4   10   1   13   -0.0155182728
4   10   4   13   -0.0122016932
4   10   5   13   0.0619951329
4   10   6   8   0.0005678170
4   10   6   11   0.0028371245
4   10   6   12   0.0125172969
4   10   6   14   0.0015024911
4   10   7   13   -0.0085051402
5   6   1   13   -0.0053081725
5   6   4   13   -0.0078492845
5   6   5   13   -0.0016448697
5   6   6   8   0.0011509950
5   6   6   11   0.0008042133
5   6   6   12   0.0001201474
5   6   6   14   0.0004501063
5   6   7   13   -0.0043438219
5   7   1   13   0.0154627005
5   7   4   13   0.0154597964
5   7   5   13   0.0000757143
5   7   6   8   0.0399064523
5   7   6   11   0.0324031246
5   7   6   12   -0.0083516037
5   7   6   14   0.0187535504
5   7   7   13   0.0085945209
5   8   2   13   -0.0066096506
5   8   3   13   -0.0044693380
5   8   6   9   -0.0420046340
5   8   6   10   -0.0258068833
5   9   1   13   0.0005678170
5   9   4   13   0.0028371245
5   9   5   13   0.0125172969
5   9   6   8   -0.0155182728
5   9   6   11   -0.0122016932
5   9   6   12   0.0619951329
5   9   6   14   -0.0085051402
5   9   7   13   0.0015024911
5   10   1   8   0.0108170255
5   10   1   11   0.0071478218
5   10   1   12   -0.0040138043
5   10   1   14   0.0041522080
5   10   2   9   0.0059406929
5   10   2   10   0.0047253731
5   10   3   9   0.0047253731
5   10   3   10   0.0083602858
5   10   4   8   0.0071478218
5   10   4   11   0.0215882453
5   10   4   12   0.0031515415
5   10   4   14   0.0091952771
5   10   5   8   -0.0040138043
5   10   5   11   0.0031515415
5   10   5   12   0.0126756423
5   10   5   14   0.0011591974
5   10   6   13   0.1051175614
5   10   7   8   0.0041522080
5   10   7   11   0.0091952771
5   10   7   12   0.0011591974
5   10   7   14   0.0091714499

End IJAB Block
Begin IJKL Block
1   6   1   6   4.7303041719
1   6   1   7   0.4309482237
1   6   1   9   0.1375239574
1   6   2   6   0.4309482237
1   6   2   7   0.0603523288
1   6   2   9   0.0160599842
1   6   3   8   0.0174525629
1   6   4   6   0.1375239574
1   6   4   7   0.0160599842
1   6   4   9   0.0274165308
1   6   5   10   0.0271652234
1   7   1   6   0.4309482237
1   7   1   7   1.0476656290
1   7   1   9   0.0852609403
1   7   2   6   0.0636733007
1   7   2   7   0.0143971417
1   7   2   9   0.0076418261
1   7   3   8   -0.0231728972
1   7   4   6   0.0163298332
1   7   4   7   0.0145737598
1   7   4   9   -0.0225791941
1   7   5   10   -0.0293414012
1   8   1   8   0.8895936472
1   8   2   8   0.0070505699
1   8   3   6   0.0208621537
1   8   3   7   -0.0237210448
1   8   3   9   -0.0030462583
1   8   4   8   0.0074915586
1   9   1   6   0.1375239574
1   9   1   7   0.0852609403
1   9   1   9   0.9843436332
1   9   2   6   0.0163298332
1   9   2   7   0.0077730548
1   9   2   9   0.0131032491
1   9   3   8   -0.0027740744
1   9   4   6   0.0309790615
1   9   4   7   -0.0228391393
1   9   4   9   -0.0085433313
1   9   5   10   -0.0089420544
1   10   1   10   1.0345752865
1   10   2   10   0.0118376561
1   10   4   10   0.0047628945
1   10   5   6   0.0310361116
1   10   5   7   -0.0293339407
1   10   5   9   -0.0090603061
2   6   1   6   0.4309482237
2   6   1   7   0.0636733007
2   6   1   9   0.0163298332
2   6   2   6   1.0476656290
2   6   2   7   0.0143971417
2   6   2   9   0.0145737598
2   6   3   8   -0.0231728972
2   6   4   6   0.0852609403
2   6   4   7   0.0076418261
2   6   4   9   -0.0225791941
2   6   5   10   -0.0293414012
2   7   1   6   0.0603523288
2   7   1   7   0.0143971417
2   7   1   9   0.0077730548
2   7   2   6   0.0143971417
2   7   2   7   0.7461861410
2   7   2   9   -0.0175868608
2   7   3   8   0.1450116786
2   7   4   6   0.0077730548
2   7   4   7   -0.0175868608
2   7   4   9   0.1176451902
2   7   5   10   0.1206295161
2   8   1   8   0.0070505699
2   8   2   8   0.6754054210
2   8   3   6   -0.0237210448
2   8   3   7   0.1478374705
2   8   3   9   -0.0148071591
2   8   4   8   -0.0124573884
2   9   1   6   0.0160599842
2   9   1   7   0.0076418261
2   9   1   9   0.0131032491
2   9   2   6   0.0145737598
2   9   2   7   -0.0175868608
2   9   2   9   0.6718906893
2   9   3   8   -0.0152135624
2   9   4   6   -0.0228391393
2   9   4   7   0.1202622891
2   9   4   9   0.0639070865
2   9   5   10   0.0278318801
2   10   1   10   0.0118376561
2   10   2   10   0.7036940547
2   10   4   10   0.0323579251
2   10   5   6   -0.0293339407
2   10   5   7   0.1234360481
2   10   5   9   0.0276104860
3   6   1   8   0.0208621537
3   6   2   8   -0.0237210448
3   6   3   6   0.8895936472
3   6   3   7   0.0070505699
3   6   3   9   0.0074915586
3   6   4   8   -0.0030462583
3   7   1   8   -0.0237210448
3   7   2   8   0.1478374705
3   7   3   6   0.0070505699
3   7   3   7   0.6754054210
3   7   3   9   -0.0124573884
3   7   4   8   -0.0148071591
3   8   1   6   0.0174525629
3   8   1   7   -0.0231728972
3   8   1   9   -0.0027740744
3   8   2   6   -0.0231728972
3   8   2   7   0.1450116786
3   8   2   9   -0.0152135624
3   8   3   8   0.6530241505
3   8   4   6   -0.0027740744
3   8   4   7   -0.0152135624
3   8   4   9   0.0337062976
3   8   5   10   0.0240286780
3   9   1   8   -0.0030462583
3   9   2   8   -0.0148071591
3   9   3   6   0.0074915586
3   9   3   7   -0.0124573884
3   9   3   9   0.5999068352
3   9   4   8   0.0375822356
3   10   3   10   0.6149551440
3   10   5   8   0.0285482165
4   6   1   6   0.1375239574
4   6   1   7   0.0163298332
4   6   1   9   0.0309790615
4   6   2   6   0.0852609403
4   6   2   7   0.0077730548
4   6   2   9   -0.0228391393
4   6   3   8   -0.0027740744
4   6   4   6   0.9843436332
4   6   4   7   0.0131032491
4   6   4   9   -0.0085433313
4   6   5   10   -0.0089420544
4   7   1   6   0.0160599842
4   7   1   7   0.0145737598
4   7   1   9   -0.0228391393
4   7   2   6   0.0076418261
4   7   2   7   -0.0175868608
4   7   2   9   0.1202622891
4   7   3   8   -0.0152135624
4   7   4   6   0.0131032491
4   7   4   7   0.6718906893
4   7   4   9   0.0639070865
4   7   5   10   0.0278318801
4   8   1   8   0.0074915586
4   8   2   8   -0.0124573884
4   8   3   6   -0.0030462583
4   8   3   7   -0.0148071591
4   8   3   9   0.0375822356
4   8   4   8   0.5999068352
4   9   1   6   0.0274165308
4   9   1   7   -0.0225791941
4   9   1   9   -0.0085433313
4   9   2   6   -0.0225791941
4   9   2   7   0.1176451902
4   9   2   9   0.0639070865
4   9   3   8   0.0337062976
4   9   4   6   -0.0085433313
4   9   4   7   0.0639070865
4   9   4   9   0.7037990506
4   9   5   10   0.0347954558
4   10   1   10   0.0047628945
4   10   2   10   0.0323579251
4   10   4   10   0.6483074598
4   10   5   6   -0.0090603061
4   10   5   7   0.0276104860
4   10   5   9   0.0391289782
5   6   1   10   0.0310361116
5   6   2   10   -0.0293339407
5   6   4   10   -0.0090603061
5   6   5   6   1.0345752865
5   6   5   7   0.0118376561
5   6   5   9   0.0047628945
5   7   1   10   -0.0293339407
5   7   2   10   0.1234360481
5   7   4   10   0.0276104860
5   7   5   6   0.0118376561
5   7   5   7   0.7036940547
5   7   5   9   0.0323579251
5   8   3   10   0.0285482165
5   8   5   8   0.6149551440
5   9   1   10   -0.0090603061
5   9   2   10   0.0276104860
5   9   4   10   0.0391289782
5   9   5   6   0.0047628945
5   9   5   7   0.0323579251
5   9   5   9   0.6483074598
5   10   1   6   0.0271652234
5   10   1   7   -0.0293414012
5   10   1   9   -0.0089420544
5   10   2   6   -0.0293414012
5   10   2   7   0.1206295161
5   10   2   9   0.0278318801
5   10   3   8   0.0240286780
5   10   4   6   -0.0089420544
5   10   4   7   0.0278318801
5   10   4   9   0.0347954558
5   10   5   10   0.7324726590

End IJKL Block
Begin ABCD Block
1   8   1   8   0.2662831115
1   8   1   11   0.0210220908
1   8   1   12   -0.0322476540
1   8   1   14   0.0109026765
1   8   2   9   0.0656745629
1   8   2   10   0.0000160918
1   8   3   9   0.0000160918
1   8   3   10   0.0174509106
1   8   4   8   0.0210220908
1   8   4   11   0.0296164401
1   8   4   12   -0.0053532314
1   8   4   14   0.0008869526
1   8   5   8   -0.0322476540
1   8   5   11   -0.0053532314
1   8   5   12   0.0335093960
1   8   5   14   -0.0089993161
1   8   6   13   0.0264159967
1   8   7   8   0.0109026765
1   8   7   11   0.0008869526
1   8   7   12   -0.0089993161
1   8   7   14   0.0194989244
1   9   1   9   0.2533277313
1   9   1   10   0.0242202204
1   9   2   8   0.0656745629
1   9   2   11   0.0101162327
1   9   2   12   -0.0023815949
1   9   2   14   -0.0114339960
1   9   3   8   0.0000160918
1   9   3   11   0.0069709153
1   9   3   12   -0.0083531123
1   9   3   14   0.0080827485
1   9   4   9   0.0233081551
1   9   4   10   0.0124711799
1   9   5   9   -0.0245477173
1   9   5   10   -0.0152264044
1   9   7   9   0.0022956773
1   9   7   10   0.0112897885
1   10   1   9   0.0242202204
1   10   1   10   0.2838496673
1   10   2   8   0.0000160918
1   10   2   11   0.0363022240
1   10   2   12   -0.0314009037
1   10   2   14   0.0259878949
1   10   3   8   0.0174509106
1   10   3   11   0.0151764411
1   10   3   12   0.0023760505
1   10   3   14   0.0109686625
1   10   4   9   0.0124711799
1   10   4   10   0.0495284187
1   10   5   9   -0.0152264044
1   10   5   10   -0.0281519429
1   10   5   12   -0.0000000000
1   10   7   9   0.0112897885
1   10   7   10   0.0225686127
1   11   1   8   0.0210220908
1   11   1   11   0.3001217537
1   11   1   12   -0.0054769296
1   11   1   14   -0.0049314568
1   11   2   9   0.0101162327
1   11   2   10   0.0363022240
1   11   3   9   0.0069709153
1   11   3   10   0.0151764411
1   11   4   8   0.0296164401
1   11   4   11   0.0567521775
1   11   4   12   -0.0124078179
1   11   4   14   -0.0056731587
1   11   5   8   -0.0053532314
1   11   5   11   -0.0503860465
1   11   5   12   0.0074658461
1   11   5   14   -0.0032396376
1   11   6   13   -0.0063846998
1   11   7   8   0.0008869526
1   11   7   11   0.0127153893
1   11   7   12   -0.0023769219
1   11   7   14   0.0072539574
1   12   1   8   -0.0322476540
1   12   1   11   -0.0054769296
1   12   1   12   0.2654854022
1   12   1   14   -0.0254659145
1   12   2   9   -0.0023815949
1   12   2   10   -0.0314009037
1   12   3   9   -0.0083531123
1   12   3   10   0.0023760505
1   12   3   12   -0.0000000000
1   12   4   8   -0.0053532314
1   12   4   11   -0.0124078179
1   12   4   12   0.0352565662
1   12   4   14   -0.0048931004
1   12   5   8   0.0335093960
1   12   5   10   -0.0000000000
1   12   5   11   0.0074658461
1   12   5   12   -0.0158727881
1   12   5   14   0.0284648080
1   12   6   13   -0.0105670282
1   12   7   8   -0.0089993161
1   12   7   11   -0.0023769219
1   12   7   12   0.0279356444
1   12   7   14   -0.0043242851
1   13   1   13   0.2809580260
1   13   4   13   0.0377918142
1   13   5   13   -0.0342214626
1   13   6   8   0.0264159967
1   13   6   11   -0.0063846998
1   13   6   12   -0.0105670282
1   13   6   14   -0.0021515355
1   13   7   13   0.0189250675
1   14   1   8   0.0109026765
1   14   1   11   -0.0049314568
1   14   1   12   -0.0254659145
1   14   1   14   0.2921323801
1   14   2   9   -0.0114339960
1   14   2   10   0.0259878949
1   14   3   9   0.0080827485
1   14   3   10   0.0109686625
1   14   4   8   0.0008869526
1   14   4   11   -0.0056731587
1   14   4   12   -0.0048931004
1   14   4   14   0.0384188681
1   14   5   8   -0.0089993161
1   14   5   11   -0.0032396376
1   14   5   12   0.0284648080
1   14   5   14   -0.0383648649
1   14   6   13   -0.0021515355
1   14   7   8   0.0194989244
1   14   7   11   0.0072539574
1   14   7   12   -0.0043242851
1   14   7   14   0.0324243002
2   8   1   9   0.0656745629
2   8   1   10   0.0000160918
2   8   2   8   0.2533277313
2   8   2   11   0.0233081551
2   8   2   12   -0.0245477173
2   8   2   14   0.0022956773
2   8   3   8   0.0242202204
2   8   3   11   0.0124711799
2   8   3   12   -0.0152264044
2   8   3   14   0.0112897885
2   8   4   9   0.0101162327
2   8   4   10   0.0069709153
2   8   5   9   -0.0023815949
2   8   5   10   -0.0083531123
2   8   7   9   -0.0114339960
2   8   7   10   0.0080827485
2   9   1   8   0.0656745629
2   9   1   11   0.0101162327
2   9   1   12   -0.0023815949
2   9   1   14   -0.0114339960
2   9   2   9   0.2585412502
2   9   2   10   0.0194238180
2   9   3   9   0.0194238180
2   9   3   10   0.0182590852
2   9   4   8   0.0101162327
2   9   4   11   0.0120435639
2   9   4   12   -0.0040619693
2   9   4   14   -0.0010621300
2   9   5   8   -0.0023815949
2   9   5   11   -0.0040619693
2   9   5   12   0.0063588186
2   9   5   14   -0.0044372812
2   9   6   13   0.0056198762
2   9   7   8   -0.0114339960
2   9   7   11   -0.0010621300
2   9   7   12   -0.0044372812
2   9   7   14   0.0103188896
2   10   1   8   0.0000160918
2   10   1   11   0.0363022240
2   10   1   12   -0.0314009037
2   10   1   14   0.0259878949
2   10   2   9   0.0194238180
2   10   2   10   0.2657637714
2   10   3   9   0.0182590852
2   10   3   10   0.0432181293
2   10   4   8   0.0069709153
2   10   4   11   0.0179572517
2   10   4   12   -0.0086904443
2   10   4   14   0.0082805690
2   10   5   8   -0.0083531123
2   10   5   11   -0.0085386507
2   10   5   12   0.0024712429
2   10   5   14   -0.0063442600
2   10   6   13   -0.0002259947
2   10   7   8   0.0080827485
2   10   7   11   -0.0006158266
2   10   7   12   0.0035165988
2   10   7   14   0.0034658513
2   11   1   9   0.0101162327
2   11   1   10   0.0363022240
2   11   2   8   0.0233081551
2   11   2   11   0.2806818422
2   11   2   12   -0.0092773603
2   11   2   14   -0.0063000112
2   11   3   8   0.0124711799
2   11   3   11   0.0467993691
2   11   3   12   -0.0058813335
2   11   3   14   0.0020889128
2   11   4   9   0.0120435639
2   11   4   10   0.0179572517
2   11   5   9   -0.0040619693
2   11   5   10   -0.0085386507
2   11   7   9   -0.0010621300
2   11   7   10   -0.0006158266
2   12   1   9   -0.0023815949
2   12   1   10   -0.0314009037
2   12   2   8   -0.0245477173
2   12   2   11   -0.0092773603
2   12   2   12   0.2402841566
2   12   2   14   -0.0243629496
2   12   3   8   -0.0152264044
2   12   3   11   -0.0058813335
2   12   3   12   0.0336059311
2   12   3   14   -0.0104872296
2   12   4   9   -0.0040619693
2   12   4   10   -0.0086904443
2   12   5   9   0.0063588186
2   12   5   10   0.0024712429
2   12   7   9   -0.0044372812
2   12   7   10   0.0035165988
2   13   2   13   0.2550421016
2   13   3   13   0.0383275821
2   13   6   9   0.0056198762
2   13   6   10   -0.0002259947
2   14   1   9   -0.0114339960
2   14   1   10   0.0259878949
2   14   2   8   0.0022956773
2   14   2   11   -0.0063000112
2   14   2   12   -0.0243629496
2   14   2   14   0.2646442316
2   14   3   8   0.0112897885
2   14   3   11   0.0020889128
2   14   3   12   -0.0104872296
2   14   3   14   0.0422705540
2   14   4   9   -0.0010621300
2   14   4   10   0.0082805690
2   14   5   9   -0.0044372812
2   14   5   10   -0.0063442600
2   14   7   9   0.0103188896
2   14   7   10   0.0034658513
3   8   1   9   0.0000160918
3   8   1   10   0.0174509106
3   8   2   8   0.0242202204
3   8   2   11   0.0124711799
3   8   2   12   -0.0152264044
3   8   2   14   0.0112897885
3   8   3   8   0.2838496673
3   8   3   11   0.0495284187
3   8   3   12   -0.0281519429
3   8   3   14   0.0225686127
3   8   4   9   0.0363022240
3   8   4   10   0.0151764411
3   8   5   9   -0.0314009037
3   8   5   10   0.0023760505
3   8   5   12   -0.0000000000
3   8   7   9   0.0259878949
3   8   7   10   0.0109686625
3   9   1   8   0.0000160918
3   9   1   11   0.0069709153
3   9   1   12   -0.0083531123
3   9   1   14   0.0080827485
3   9   2   9   0.0194238180
3   9   2   10   0.0182590852
3   9   3   9   0.2657637714
3   9   3   10   0.0432181293
3   9   4   8   0.0363022240
3   9   4   11   0.0179572517
3   9   4   12   -0.0085386507
3   9   4   14   -0.0006158266
3   9   5   8   -0.0314009037
3   9   5   11   -0.0086904443
3   9   5   12   0.0024712429
3   9   5   14   0.0035165988
3   9   6   13   -0.0002259947
3   9   7   8   0.0259878949
3   9   7   11   0.0082805690
3   9   7   12   -0.0063442600
3   9   7   14   0.0034658513
3   10   1   8   0.0174509106
3   10   1   11   0.0151764411
3   10   1   12   0.0023760505
3   10   1   14   0.0109686625
3   10   2   9   0.0182590852
3   10   2   10   0.0432181293
3   10   3   9   0.0432181293
3   10   3   10   0.3735488563
3   10   3   12   0.0000000000
3   10   4   8   0.0151764411
3   10   4   11   0.0508452483
3   10   4   12   -0.0234905973
3   10   4   14   0.0268655995
3   10   5   8   0.0023760505
3   10   5   10   0.0000000000
3   10   5   11   -0.0234905973
3   10   5   12   0.0320915049
3   10   5   14   -0.0163159265
3   10   6   13   0.0081872415
3   10   7   8   0.0109686625
3   10   7   11   0.0268655995
3   10   7   12   -0.0163159265
3   10   7   14   0.0306952487
3   11   1   9   0.0069709153
3   11   1   10   0.0151764411
3   11   2   8   0.0124711799
3   11   2   11   0.0467993691
3   11   2   12   -0.0058813335
3   11   2   14   0.0020889128
3   11   3   8   0.0495284187
3   11   3   11   0.3643120206
3   11   3   12   -0.0104013344
3   11   3   14   -0.0049427893
3   11   4   9   0.0179572517
3   11   4   10   0.0508452483
3   11   5   9   -0.0086904443
3   11   5   10   -0.0234905973
3   11   5   12   -0.0000000000
3   11   7   9   0.0082805690
3   11   7   10   0.0268655995
3   12   1   9   -0.0083531123
3   12   1   10   0.0023760505
3   12   1   12   -0.0000000000
3   12   2   8   -0.0152264044
3   12   2   11   -0.0058813335
3   12   2   12   0.0336059311
3   12   2   14   -0.0104872296
3   12   3   8   -0.0281519429
3   12   3   10   0.0000000000
3   12   3   11   -0.0104013344
3   12   3   12   0.3292348902
3   12   3   14   -0.0222481796
3   12   4   9   -0.0085386507
3   12   4   10   -0.0234905973
3   12   4   12   -0.0000000000
3   12   5   8   -0.0000000000
3   12   5   9   0.0024712429
3   12   5   10   0.0320915049
3   12   5   11   -0.0000000000
3   12   5   12   -0.0000000000
3   12   5   14   -0.0000000000
3   12   7   9   -0.0063442600
3   12   7   10   -0.0163159265
3   13   2   13   0.0383275821
3   13   3   13   0.3420888185
3   13   6   9   -0.0002259947
3   13   6   10   0.0081872415
3   14   1   9   0.0080827485
3   14   1   10   0.0109686625
3   14   2   8   0.0112897885
3   14   2   11   0.0020889128
3   14   2   12   -0.0104872296
3   14   2   14   0.0422705540
3   14   3   8   0.0225686127
3   14   3   11   -0.0049427893
3   14   3   12   -0.0222481796
3   14   3   14   0.3578892570
3   14   4   9   -0.0006158266
3   14   4   10   0.0268655995
3   14   5   9   0.0035165988
3   14   5   10   -0.0163159265
3   14   5   12   -0.0000000000
3   14   7   9   0.0034658513
3   14   7   10   0.0306952487
4   8   1   8   0.0210220908
4   8   1   11   0.0296164401
4   8   1   12   -0.0053532314
4   8   1   14   0.0008869526
4   8   2   9   0.0101162327
4   8   2   10   0.0069709153
4   8   3   9   0.0363022240
4   8   3   10   0.0151764411
4   8   4   8   0.3001217537
4   8   4   11   0.0567521775
4   8   4   12   -0.0503860465
4   8   4   14   0.0127153893
4   8   5   8   -0.0054769296
4   8   5   11   -0.0124078179
4   8   5   12   0.0074658461
4   8   5   14   -0.0023769219
4   8   6   13   -0.0063846998
4   8   7   8   -0.0049314568
4   8   7   11   -0.0056731587
4   8   7   12   -0.0032396376
4   8   7   14   0.0072539574
4   9   1   9   0.0233081551
4   9   1   10   0.0124711799
4   9   2   8   0.0101162327
4   9   2   11   0.0120435639
4   9   2   12   -0.0040619693
4   9   2   14   -0.0010621300
4   9   3   8   0.0363022240
4   9   3   11   0.0179572517
4   9   3   12   -0.0085386507
4   9   3   14   -0.0006158266
4   9   4   9   0.2806818422
4   9   4   10   0.0467993691
4   9   5   9   -0.0092773603
4   9   5   10   -0.0058813335
4   9   7   9   -0.0063000112
4   9   7   10   0.0020889128
4   10   1   9   0.0124711799
4   10   1   10   0.0495284187
4   10   2   8   0.0069709153
4   10   2   11   0.0179572517
4   10   2   12   -0.0086904443
4   10   2   14   0.0082805690
4   10   3   8   0.0151764411
4   10   3   11   0.0508452483
4   10   3   12   -0.0234905973
4   10   3   14   0.0268655995
4   10   4   9   0.0467993691
4   10   4   10   0.3643120206
4   10   5   9   -0.0058813335
4   10   5   10   -0.0104013344
4   10   5   12   -0.0000000000
4   10   7   9   0.0020889128
4   10   7   10   -0.0049427893
4   11   1   8   0.0296164401
4   11   1   11   0.0567521775
4   11   1   12   -0.0124078179
4   11   1   14   -0.0056731587
4   11   2   9   0.0120435639
4   11   2   10   0.0179572517
4   11   3   9   0.0179572517
4   11   3   10   0.0508452483
4   11   4   8   0.0567521775
4   11   4   11   0.4098455237
4   11   4   12   -0.0150194521
4   11   4   14   -0.0148225419
4   11   5   8   -0.0124078179
4   11   5   11   -0.0150194521
4   11   5   12   0.0143217221
4   11   5   14   -0.0023200671
4   11   6   13   0.0142216751
4   11   7   8   -0.0056731587
4   11   7   11   -0.0148225419
4   11   7   12   -0.0023200671
4   11   7   14   0.0167695093
4   12   1   8   -0.0053532314
4   12   1   11   -0.0124078179
4   12   1   12   0.0352565662
4   12   1   14   -0.0048931004
4   12   2   9   -0.0040619693
4   12   2   10   -0.0086904443
4   12   3   9   -0.0085386507
4   12   3   10   -0.0234905973
4   12   3   12   -0.0000000000
4   12   4   8   -0.0503860465
4   12   4   11   -0.0150194521
4   12   4   12   0.3121142804
4   12   4   14   -0.0393874696
4   12   5   8   0.0074658461
4   12   5   10   -0.0000000000
4   12   5   11   0.0143217221
4   12   5   12   0.0009114537
4   12   5   14   0.0095929875
4   12   6   13   0.0076099468
4   12   7   8   -0.0032396376
4   12   7   11   -0.0023200671
4   12   7   12   0.0021241671
4   12   7   14   0.0046634669
4   13   1   13   0.0377918142
4   13   4   13   0.3436721319
4   13   5   13   0.0015043675
4   13   6   8   -0.0063846998
4   13   6   11   0.0142216751
4   13   6   12   0.0076099468
4   13   6   14   0.0048035263
4   13   7   13   0.0038375918
4   14   1   8   0.0008869526
4   14   1   11   -0.0056731587
4   14   1   12   -0.0048931004
4   14   1   14   0.0384188681
4   14   2   9   -0.0010621300
4   14   2   10   0.0082805690
4   14   3   9   -0.0006158266
4   14   3   10   0.0268655995
4   14   4   8   0.0127153893
4   14   4   11   -0.0148225419
4   14   4   12   -0.0393874696
4   14   4   14   0.3591132944
4   14   5   8   -0.0023769219
4   14   5   11   -0.0023200671
4   14   5   12   0.0095929875
4   14   5   14   -0.0020616093
4   14   6   13   0.0048035263
4   14   7   8   0.0072539574
4   14   7   11   0.0167695093
4   14   7   12   0.0046634669
4   14   7   14   -0.0109691029
5   8   1   8   -0.0322476540
5   8   1   11   -0.0053532314
5   8   1   12   0.0335093960
5   8   1   14   -0.0089993161
5   8   2   9   -0.0023815949
5   8   2   10   -0.0083531123
5   8   3   9   -0.0314009037
5   8   3   10   0.0023760505
5   8   3   12   -0.0000000000
5   8   4   8   -0.0054769296
5   8   4   11   -0.0124078179
5   8   4   12   0.0074658461
5   8   4   14   -0.0023769219
5   8   5   8   0.2654854022
5   8   5   10   -0.0000000000
5   8   5   11   0.0352565662
5   8   5   12   -0.0158727881
5   8   5   14   0.0279356444
5   8   6   13   -0.0105670282
5   8   7   8   -0.0254659145
5   8   7   11   -0.0048931004
5   8   7   12   0.0284648080
5   8   7   14   -0.0043242851
5   9   1   9   -0.0245477173
5   9   1   10   -0.0152264044
5   9   2   8   -0.0023815949
5   9   2   11   -0.0040619693
5   9   2   12   0.0063588186
5   9   2   14   -0.0044372812
5   9   3   8   -0.0314009037
5   9   3   11   -0.0086904443
5   9   3   12   0.0024712429
5   9   3   14   0.0035165988
5   9   4   9   -0.0092773603
5   9   4   10   -0.0058813335
5   9   5   9   0.2402841566
5   9   5   10   0.0336059311
5   9   7   9   -0.0243629496
5   9   7   10   -0.0104872296
5   10   1   9   -0.0152264044
5   10   1   10   -0.0281519429
5   10   1   12   -0.0000000000
5   10   2   8   -0.0083531123
5   10   2   11   -0.0085386507
5   10   2   12   0.0024712429
5   10   2   14   -0.0063442600
5   10   3   8   0.0023760505
5   10   3   10   0.0000000000
5   10   3   11   -0.0234905973
5   10   3   12   0.0320915049
5   10   3   14   -0.0163159265
5   10   4   9   -0.0058813335
5   10   4   10   -0.0104013344
5   10   4   12   -0.0000000000
5   10   5   8   -0.0000000000
5   10   5   9   0.0336059311
5   10   5   10   0.3292348902
5   10   5   11   -0.0000000000
5   10   5   12   -0.0000000000
5   10   7   9   -0.0104872296
5   10   7   10   -0.0222481796
5   10   7   12   -0.0000000000
5   11   1   8   -0.0053532314
5   11   1   11   -0.0503860465
5   11   1   12   0.0074658461
5   11   1   14   -0.0032396376
5   11   2   9   -0.0040619693
5   11   2   10   -0.0085386507
5   11   3   9   -0.0086904443
5   11   3   10   -0.0234905973
5   11   3   12   -0.0000000000
5   11   4   8   -0.0124078179
5   11   4   11   -0.0150194521
5   11   4   12   0.0143217221
5   11   4   14   -0.0023200671
5   11   5   8   0.0352565662
5   11   5   10   -0.0000000000
5   11   5   11   0.3121142804
5   11   5   12   0.0009114537
5   11   5   14   0.0021241671
5   11   6   13   0.0076099468
5   11   7   8   -0.0048931004
5   11   7   11   -0.0393874696
5   11   7   12   0.0095929875
5   11   7   14   0.0046634669
5   12   1   8   0.0335093960
5   12   1   10   -0.0000000000
5   12   1   11   0.0074658461
5   12   1   12   -0.0158727881
5   12   1   14   0.0284648080
5   12   2   9   0.0063588186
5   12   2   10   0.0024712429
5   12   3   8   -0.0000000000
5   12   3   9   0.0024712429
5   12   3   10   0.0320915049
5   12   3   11   -0.0000000000
5   12   3   12   -0.0000000000
5   12   3   14   -0.0000000000
5   12   4   8   0.0074658461
5   12   4   10   -0.0000000000
5   12   4   11   0.0143217221
5   12   4   12   0.0009114537
5   12   4   14   0.0095929875
5   12   5   8   -0.0158727881
5   12   5   10   -0.0000000000
5   12   5   11   0.0009114537
5   12   5   12   0.3571410784
5   12   5   14   0.0106880725
5   12   6   13   0.0221032922
5   12   7   8   0.0284648080
5   12   7   10   -0.0000000000
5   12   7   11   0.0095929875
5   12   7   12   0.0106880725
5   12   7   14   0.0432477248
5   13   1   13   -0.0342214626
5   13   4   13   0.0015043675
5   13   5   13   0.3555719445
5   13   6   8   -0.0105670282
5   13   6   11   0.0076099468
5   13   6   12   0.0221032922
5   13   6   14   0.0052228032
5   13   7   13   -0.0046677251
5   14   1   8   -0.0089993161
5   14   1   11   -0.0032396376
5   14   1   12   0.0284648080
5   14   1   14   -0.0383648649
5   14   2   9   -0.0044372812
5   14   2   10   -0.0063442600
5   14   3   9   0.0035165988
5   14   3   10   -0.0163159265
5   14   3   12   -0.0000000000
5   14   4   8   -0.0023769219
5   14   4   11   -0.0023200671
5   14   4   12   0.0095929875
5   14   4   14   -0.0020616093
5   14   5   8   0.0279356444
5   14   5   11   0.0021241671
5   14   5   12   0.0106880725
5   14   5   14   0.3362825283
5   14   6   13   0.0052228032
5   14   7   8   -0.0043242851
5   14   7   11   0.0046634669
5   14   7   12   0.0432477248
5   14   7   14   -0.0298777009
6   8   1   13   0.0264159967
6   8   4   13   -0.0063846998
6   8   5   13   -0.0105670282
6   8   6   8   0.2809580260
6   8   6   11   0.0377918142
6   8   6   12   -0.0342214626
6   8   6   14   0.0189250675
6   8   7   13   -0.0021515355
6   9   2   13   0.0056198762
6   9   3   13   -0.0002259947
6   9   6   9   0.2550421016
6   9   6   10   0.0383275821
6   10   2   13   -0.0002259947
6   10   3   13   0.0081872415
6   10   6   9   0.0383275821
6   10   6   10   0.3420888185
6   11   1   13   -0.0063846998
6   11   4   13   0.0142216751
6   11   5   13   0.0076099468
6   11   6   8   0.0377918142
6   11   6   11   0.3436721319
6   11   6   12   0.0015043675
6   11   6   14   0.0038375918
6   11   7   13   0.0048035263
6   12   1   13   -0.0105670282
6   12   4   13   0.0076099468
6   12   5   13   0.0221032922
6   12   6   8   -0.0342214626
6   12   6   11   0.0015043675
6   12   6   12   0.3555719445
6   12   6   14   -0.0046677251
6   12   7   13   0.0052228032
6   13   1   8   0.0264159967
6   13   1   11   -0.0063846998
6   13   1   12   -0.0105670282
6   13   1   14   -0.0021515355
6   13   2   9   0.0056198762
6   13   2   10   -0.0002259947
6   13   3   9   -0.0002259947
6   13   3   10   0.0081872415
6   13   4   8   -0.0063846998
6   13   4   11   0.0142216751
6   13   4   12   0.0076099468
6   13   4   14   0.0048035263
6   13   5   8   -0.0105670282
6   13   5   11   0.0076099468
6   13   5   12   0.0221032922
6   13   5   14   0.0052228032
6   13   6   13   0.4347277199
6   13   7   8   -0.0021515355
6   13   7   11   0.0048035263
6   13   7   12   0.0052228032
6   13   7   14   0.0086241321
6   14   1   13   -0.0021515355
6   14   4   13   0.0048035263
6   14   5   13   0.0052228032
6   14   6   8   0.0189250675
6   14   6   11   0.0038375918
6   14   6   12   -0.0046677251
6   14   6   14   0.3401853124
6   14   7   13   0.0086241321
7   8   1   8   0.0109026765
7   8   1   11   0.0008869526
7   8   1   12   -0.0089993161
7   8   1   14   0.0194989244
7   8   2   9   -0.0114339960
7   8   2   10   0.0080827485
7   8   3   9   0.0259878949
7   8   3   10   0.0109686625
7   8   4   8   -0.0049314568
7   8   4   11   -0.0056731587
7   8   4   12   -0.0032396376
7   8   4   14   0.0072539574
7   8   5   8   -0.0254659145
7   8   5   11   -0.0048931004
7   8   5   12   0.0284648080
7   8   5   14   -0.0043242851
7   8   6   13   -0.0021515355
7   8   7   8   0.2921323801
7   8   7   11   0.0384188681
7   8   7   12   -0.0383648649
7   8   7   14   0.0324243002
7   9   1   9   0.0022956773
7   9   1   10   0.0112897885
7   9   2   8   -0.0114339960
7   9   2   11   -0.0010621300
7   9   2   12   -0.0044372812
7   9   2   14   0.0103188896
7   9   3   8   0.0259878949
7   9   3   11   0.0082805690
7   9   3   12   -0.0063442600
7   9   3   14   0.0034658513
7   9   4   9   -0.0063000112
7   9   4   10   0.0020889128
7   9   5   9   -0.0243629496
7   9   5   10   -0.0104872296
7   9   7   9   0.2646442316
7   9   7   10   0.0422705540
7   10   1   9   0.0112897885
7   10   1   10   0.0225686127
7   10   2   8   0.0080827485
7   10   2   11   -0.0006158266
7   10   2   12   0.0035165988
7   10   2   14   0.0034658513
7   10   3   8   0.0109686625
7   10   3   11   0.0268655995
7   10   3   12   -0.0163159265
7   10   3   14   0.0306952487
7   10   4   9   0.0020889128
7   10   4   10   -0.0049427893
7   10   5   9   -0.0104872296
7   10   5   10   -0.0222481796
7   10   5   12   -0.0000000000
7   10   7   9   0.0422705540
7   10   7   10   0.3578892570
7   11   1   8   0.0008869526
7   11   1   11   0.0127153893
7   11   1   12   -0.0023769219
7   11   1   14   0.0072539574
7   11   2   9   -0.0010621300
7   11   2   10   -0.0006158266
7   11   3   9   0.0082805690
7   11   3   10   0.0268655995
7   11   4   8   -0.0056731587
7   11   4   11   -0.0148225419
7   11   4   12   -0.0023200671
7   11   4   14   0.0167695093
7   11   5   8   -0.0048931004
7   11   5   11   -0.0393874696
7   11   5   12   0.0095929875
7   11   5   14   0.0046634669
7   11   6   13   0.0048035263
7   11   7   8   0.0384188681
7   11   7   11   0.3591132944
7   11   7   12   -0.0020616093
7   11   7   14   -0.0109691029
7   12   1   8   -0.0089993161
7   12   1   11   -0.0023769219
7   12   1   12   0.0279356444
7   12   1   14   -0.0043242851
7   12   2   9   -0.0044372812
7   12   2   10   0.0035165988
7   12   3   9   -0.0063442600
7   12   3   10   -0.0163159265
7   12   4   8   -0.0032396376
7   12   4   11   -0.0023200671
7   12   4   12   0.0021241671
7   12   4   14   0.0046634669
7   12   5   8   0.0284648080
7   12   5   10   -0.0000000000
7   12   5   11   0.0095929875
7   12   5   12   0.0106880725
7   12   5   14   0.0432477248
7   12   6   13   0.0052228032
7   12   7   8   -0.0383648649
7   12   7   11   -0.0020616093
7   12   7   12   0.3362825283
7   12   7   14   -0.0298777009
7   13   1   13   0.0189250675
7   13   4   13   0.0038375918
7   13   5   13   -0.0046677251
7   13   6   8   -0.0021515355
7   13   6   11   0.0048035263
7   13   6   12   0.0052228032
7   13   6   14   0.0086241321
7   13   7   13   0.3401853124
7   14   1   8   0.0194989244
7   14   1   11   0.0072539574
7   14   1   12   -0.0043242851
7   14   1   14   0.0324243002
7   14   2   9   0.0103188896
7   14   2   10   0.0034658513
7   14   3   9   0.0034658513
7   14   3   10   0.0306952487
7   14   4   8   0.0072539574
7   14   4   11   0.0167695093
7   14   4   12   0.0046634669
7   14   4   14   -0.0109691029
7   14   5   8   -0.0043242851
7   14   5   11   0.0046634669
7   14   5   12   0.0432477248
7   14   5   14   -0.0298777009
7   14   6   13   0.0086241321
7   14   7   8   0.0324243002
7   14   7   11   -0.0109691029
7   14   7   12   -0.0298777009
7   14   7   14   0.3932877564

End ABCD Block
Begin AIJB Block
1   6   1   8   0.0072906500
1   6   1   11   0.0071403783
1   6   1   12   -0.0043420612
1   6   1   14   0.0041888757
1   6   2   8   -0.0004701611
1   6   2   11   -0.0006419313
1   6   2   12   0.0045324694
1   6   2   14   -0.0004797956
1   6   3   9   0.0017690994
1   6   3   10   0.0013532140
1   6   4   8   0.0007883542
1   6   4   11   0.0008506216
1   6   4   12   -0.0022926194
1   6   4   14   0.0003883184
1   6   5   13   -0.0048771951
1   7   1   8   -0.0004701611
1   7   1   11   -0.0004080069
1   7   1   12   0.0030490601
1   7   1   14   -0.0000097230
1   7   2   8   0.0252137085
1   7   2   11   0.0220233755
1   7   2   12   -0.0160055721
1   7   2   14   0.0100705159
1   7   3   9   -0.0074024545
1   7   3   10   -0.0065429274
1   7   4   8   -0.0137191680
1   7   4   11   -0.0125184684
1   7   4   12   0.0116637198
1   7   4   14   -0.0055999716
1   7   5   13   0.0143360310
1   8   1   9   -0.0006606990
1   8   1   10   -0.0017855365
1   8   2   9   -0.0221366063
1   8   2   10   -0.0098604047
1   8   3   8   0.0140742898
1   8   3   11   0.0193611277
1   8   3   12   -0.0050143359
1   8   3   14   0.0007347441
1   8   4   9   0.0141339514
1   8   4   10   0.0146416137
1   9   1   8   0.0007883542
1   9   1   11   0.0007758486
1   9   1   12   0.0021835508
1   9   1   14   -0.0011426932
1   9   2   8   -0.0137191680
1   9   2   11   -0.0122080538
1   9   2   12   0.0296578696
1   9   2   14   -0.0012552383
1   9   3   9   0.0052586230
1   9   3   10   0.0105663254
1   9   4   8   0.0144838880
1   9   4   11   0.0102690420
1   9   4   12   -0.0180427963
1   9   4   14   0.0130307578
1   9   5   13   0.0005348827
1   10   1   13   0.0016103365
1   10   2   13   0.0393689935
1   10   4   13   -0.0176202136
1   10   5   8   0.0087899746
1   10   5   11   0.0064798335
1   10   5   12   -0.0033769900
1   10   5   14   0.0036435373
2   6   1   9   0.0042384236
2   6   1   10   0.0035343117
2   6   2   9   -0.0035133313
2   6   2   10   -0.0029303131
2   6   3   8   -0.0006606990
2   6   3   11   -0.0008463984
2   6   3   12   -0.0000827381
2   6   3   14   -0.0001749009
2   6   4   9   -0.0013357943
2   6   4   10   -0.0013320593
2   7   1   9   -0.0035133313
2   7   1   10   -0.0024605047
2   7   2   9   0.0118958008
2   7   2   10   0.0089924222
2   7   3   8   -0.0221366063
2   7   3   11   -0.0159635634
2   7   3   12   0.0072263387
2   7   3   14   -0.0125104371
2   7   4   9   0.0024470134
2   7   4   10   0.0025040279
2   8   1   8   0.0017690994
2   8   1   11   -0.0001892775
2   8   1   12   -0.0003984911
2   8   1   14   0.0022762770
2   8   2   8   -0.0074024545
2   8   2   11   -0.0005495741
2   8   2   12   0.0034899017
2   8   2   14   -0.0080777026
2   8   3   9   0.0330392642
2   8   3   10   0.0252496392
2   8   4   8   0.0052586230
2   8   4   11   0.0106759197
2   8   4   12   -0.0048944393
2   8   4   14   -0.0016341665
2   8   5   13   -0.0056866189
2   9   1   9   -0.0013357943
2   9   1   10   -0.0030159697
2   9   2   9   0.0024470134
2   9   2   10   0.0082680010
2   9   3   8   0.0141339514
2   9   3   11   0.0108674959
2   9   3   12   -0.0341357872
2   9   3   14   0.0101386134
2   9   4   9   0.0075863371
2   9   4   10   0.0140543509
2   10   3   13   -0.0421848889
2   10   5   9   0.0039691641
2   10   5   10   0.0034228015
3   6   1   9   0.0035343117
3   6   1   10   0.0029675109
3   6   2   9   -0.0024605047
3   6   2   10   -0.0022102669
3   6   3   8   -0.0017855365
3   6   3   11   -0.0019795460
3   6   3   12   0.0031871601
3   6   3   14   -0.0009534285
3   6   4   9   -0.0030159697
3   6   4   10   -0.0027062142
3   7   1   9   -0.0029303131
3   7   1   10   -0.0022102669
3   7   2   9   0.0089924222
3   7   2   10   0.0235707173
3   7   3   8   -0.0098604047
3   7   3   11   -0.0175134266
3   7   3   12   -0.0006019952
3   7   3   14   -0.0161286764
3   7   4   9   0.0082680010
3   7   4   10   -0.0028077857
3   8   1   8   0.0013532140
3   8   1   11   -0.0002310991
3   8   1   12   -0.0000410809
3   8   1   14   0.0018523071
3   8   2   8   -0.0065429274
3   8   2   11   -0.0160920221
3   8   2   12   0.0023817905
3   8   2   14   -0.0099872123
3   8   3   9   0.0252496392
3   8   3   10   0.0562552984
3   8   4   8   0.0105663254
3   8   4   11   0.0348886129
3   8   4   12   -0.0037543167
3   8   4   14   -0.0034280186
3   8   5   13   -0.0033170464
3   9   1   9   -0.0013320593
3   9   1   10   -0.0027062142
3   9   2   9   0.0025040279
3   9   2   10   -0.0028077857
3   9   3   8   0.0146416137
3   9   3   11   0.0170017669
3   9   3   12   -0.0239749140
3   9   3   14   0.0308867885
3   9   4   9   0.0140543509
3   9   4   10   0.0423360988
3   10   3   13   -0.0262423288
3   10   5   9   0.0034228015
3   10   5   10   0.0072525327
4   6   1   8   0.0071403783
4   6   1   11   0.0070416192
4   6   1   12   -0.0047991949
4   6   1   14   0.0041278935
4   6   2   8   -0.0004080069
4   6   2   11   -0.0006927019
4   6   2   12   0.0042058752
4   6   2   14   -0.0003764079
4   6   3   9   -0.0001892775
4   6   3   10   -0.0002310991
4   6   4   8   0.0007758486
4   6   4   11   0.0008619205
4   6   4   12   -0.0024991731
4   6   4   14   0.0003747224
4   6   5   13   -0.0074503972
4   7   1   8   -0.0006419313
4   7   1   11   -0.0006927019
4   7   1   12   0.0032648106
4   7   1   14   -0.0000487257
4   7   2   8   0.0220233755
4   7   2   11   0.0337732905
4   7   2   12   -0.0117445887
4   7   2   14   0.0051441047
4   7   3   9   -0.0005495741
4   7   3   10   -0.0160920221
4   7   4   8   -0.0122080538
4   7   4   11   -0.0197517457
4   7   4   12   0.0089509904
4   7   4   14   -0.0014387043
4   7   5   13   0.0141715963
4   8   1   9   -0.0008463984
4   8   1   10   -0.0019795460
4   8   2   9   -0.0159635634
4   8   2   10   -0.0175134266
4   8   3   8   0.0193611277
4   8   3   11   0.0566567883
4   8   3   12   -0.0033640258
4   8   3   14   -0.0094873910
4   8   4   9   0.0108674959
4   8   4   10   0.0170017669
4   9   1   8   0.0008506216
4   9   1   11   0.0008619205
4   9   1   12   0.0021866280
4   9   1   14   -0.0011965079
4   9   2   8   -0.0125184684
4   9   2   11   -0.0197517457
4   9   2   12   0.0235720961
4   9   2   14   -0.0016435887
4   9   3   9   0.0106759197
4   9   3   10   0.0348886129
4   9   4   8   0.0102690420
4   9   4   11   0.0173840778
4   9   4   12   -0.0140678655
4   9   4   14   0.0049752699
4   9   5   13   0.0027590375
4   10   1   13   0.0013018408
4   10   2   13   0.0315914134
4   10   4   13   -0.0132720170
4   10   5   8   0.0064798335
4   10   5   11   0.0203204647
4   10   5   12   0.0040055377
4   10   5   14   0.0086163781
5   6   1   8   -0.0043420612
5   6   1   11   -0.0047991949
5   6   1   12   0.0126328877
5   6   1   14   -0.0030411472
5   6   2   8   0.0030490601
5   6   2   11   0.0032648106
5   6   2   12   -0.0086349496
5   6   2   14   0.0020456889
5   6   3   9   -0.0003984911
5   6   3   10   -0.0000410809
5   6   4   8   0.0021835508
5   6   4   11   0.0021866280
5   6   4   12   -0.0022607737
5   6   4   14   0.0016850392
5   6   5   13   -0.0015937902
5   7   1   8   0.0045324694
5   7   1   11   0.0042058752
5   7   1   12   -0.0086349496
5   7   1   14   0.0018872151
5   7   2   8   -0.0160055721
5   7   2   11   -0.0117445887
5   7   2   12   0.0244951276
5   7   2   14   -0.0068843046
5   7   3   9   0.0034899017
5   7   3   10   0.0023817905
5   7   4   8   0.0296578696
5   7   4   11   0.0235720961
5   7   4   12   -0.0041240720
5   7   4   14   0.0134817084
5   7   5   13   -0.0004926081
5   8   1   9   -0.0000827381
5   8   1   10   0.0031871601
5   8   2   9   0.0072263387
5   8   2   10   -0.0006019952
5   8   3   8   -0.0050143359
5   8   3   11   -0.0033640258
5   8   3   12   0.0093655753
5   8   3   14   -0.0057700755
5   8   4   9   -0.0341357872
5   8   4   10   -0.0239749140
5   9   1   8   -0.0022926194
5   9   1   11   -0.0024991731
5   9   1   12   -0.0022607737
5   9   1   14   0.0026909617
5   9   2   8   0.0116637198
5   9   2   11   0.0089509904
5   9   2   12   -0.0041240720
5   9   2   14   -0.0002334149
5   9   3   9   -0.0048944393
5   9   3   10   -0.0037543167
5   9   4   8   -0.0180427963
5   9   4   11   -0.0140678655
5   9   4   12   0.0669606434
5   9   4   14   -0.0127436157
5   9   5   13   0.0107765789
5   10   1   13   0.0001275777
5   10   2   13   -0.0098461397
5   10   4   13   0.0637143636
5   10   5   8   -0.0033769900
5   10   5   11   0.0040055377
5   10   5   12   0.0121879777
5   10   5   14   0.0015607823
6   6   1   13   0.0176952159
6   6   2   13   -0.0123999301
6   6   4   13   -0.0044246966
6   6   5   8   0.0016103365
6   6   5   11   0.0013018408
6   6   5   12   0.0001275777
6   6   5   14   0.0006711024
6   7   1   13   -0.0123999301
6   7   2   13   0.0309178024
6   7   4   13   0.0079988354
6   7   5   8   0.0393689935
6   7   5   11   0.0315914134
6   7   5   12   -0.0098461397
6   7   5   14   0.0186610312
6   8   3   13   0.0109043792
6   8   5   9   -0.0421848889
6   8   5   10   -0.0262423288
6   9   1   13   -0.0044246966
6   9   2   13   0.0079988354
6   9   4   13   0.0148215557
6   9   5   8   -0.0176202136
6   9   5   11   -0.0132720170
6   9   5   12   0.0637143636
6   9   5   14   -0.0093006828
6   10   1   8   -0.0048771951
6   10   1   11   -0.0074503972
6   10   1   12   -0.0015937902
6   10   1   14   -0.0041116779
6   10   2   8   0.0143360310
6   10   2   11   0.0141715963
6   10   2   12   -0.0004926081
6   10   2   14   0.0080114620
6   10   3   9   -0.0056866189
6   10   3   10   -0.0033170464
6   10   4   8   0.0005348827
6   10   4   11   0.0027590375
6   10   4   12   0.0107765789
6   10   4   14   0.0014287721
6   10   5   13   0.1079349751
7   6   1   8   0.0041888757
7   6   1   11   0.0041278935
7   6   1   12   -0.0030411472
7   6   1   14   0.0024660267
7   6   2   8   -0.0000097230
7   6   2   11   -0.0000487257
7   6   2   12   0.0018872151
7   6   2   14   -0.0002758438
7   6   3   9   0.0022762770
7   6   3   10   0.0018523071
7   6   4   8   -0.0011426932
7   6   4   11   -0.0011965079
7   6   4   12   0.0026909617
7   6   4   14   -0.0008661888
7   6   5   13   -0.0041116779
7   7   1   8   -0.0004797956
7   7   1   11   -0.0003764079
7   7   1   12   0.0020456889
7   7   1   14   -0.0002758438
7   7   2   8   0.0100705159
7   7   2   11   0.0051441047
7   7   2   12   -0.0068843046
7   7   2   14   0.0202268905
7   7   3   9   -0.0080777026
7   7   3   10   -0.0099872123
7   7   4   8   -0.0012552383
7   7   4   11   -0.0016435887
7   7   4   12   -0.0002334149
7   7   4   14   -0.0107968316
7   7   5   13   0.0080114620
7   8   1   9   -0.0001749009
7   8   1   10   -0.0009534285
7   8   2   9   -0.0125104371
7   8   2   10   -0.0161286764
7   8   3   8   0.0007347441
7   8   3   11   -0.0094873910
7   8   3   12   -0.0057700755
7   8   3   14   0.0189539372
7   8   4   9   0.0101386134
7   8   4   10   0.0308867885
7   9   1   8   0.0003883184
7   9   1   11   0.0003747224
7   9   1   12   0.0016850392
7   9   1   14   -0.0008661888
7   9   2   8   -0.0055999716
7   9   2   11   -0.0014387043
7   9   2   12   0.0134817084
7   9   2   14   -0.0107968316
7   9   3   9   -0.0016341665
7   9   3   10   -0.0034280186
7   9   4   8   0.0130307578
7   9   4   11   0.0049752699
7   9   4   12   -0.0127436157
7   9   4   14   0.0417286857
7   9   5   13   0.0014287721
7   10   1   13   0.0006711024
7   10   2   13   0.0186610312
7   10   4   13   -0.0093006828
7   10   5   8   0.0036435373
7   10   5   11   0.0086163781
7   10   5   12   0.0015607823
7   10   5   14   0.0088097339

1   6   6   1   -0.3550769522
1   6   6   4   -0.1143304003
1   6   6   5   0.0942362802
1   6   6   7   -0.0613326069
1   6   7   1   -0.0013300566
1   6   7   4   -0.0015295689
1   6   7   5   0.0006972906
1   6   7   7   -0.0010058434
1   6   8   2   -0.0039027926
1   6   8   3   -0.0009185313
1   6   9   1   -0.0049169164
1   6   9   4   -0.0037593022
1   6   9   5   0.0061030197
1   6   9   7   -0.0015121082
1   6   10   6   0.0072069570
1   7   6   1   -0.0013300566
1   7   6   4   -0.0015032683
1   7   6   5   0.0006852835
1   7   6   7   -0.0010049156
1   7   7   1   -0.3262171072
1   7   7   4   -0.0798044246
1   7   7   5   0.0684073613
1   7   7   7   -0.0392316616
1   7   8   2   0.0413650355
1   7   8   3   0.0063921934
1   7   9   1   0.0232869381
1   7   9   4   0.0085841824
1   7   9   5   -0.0330531375
1   7   9   7   0.0040367935
1   7   10   6   -0.0387617765
1   8   6   2   -0.0038989174
1   8   6   3   -0.0009770792
1   8   7   2   0.0412722773
1   8   7   3   0.0064729690
1   8   8   1   -0.3201144681
1   8   8   4   -0.0790686617
1   8   8   5   0.0580358933
1   8   8   7   -0.0300293950
1   8   9   2   -0.0126074332
1   8   9   3   -0.0103758336
1   9   6   1   -0.0049169164
1   9   6   4   -0.0037723216
1   9   6   5   0.0061086721
1   9   6   7   -0.0015387056
1   9   7   1   0.0232869381
1   9   7   4   0.0086160001
1   9   7   5   -0.0329412988
1   9   7   7   0.0040633453
1   9   8   2   -0.0127165424
1   9   8   3   -0.0104514005
1   9   9   1   -0.3059123187
1   9   9   4   -0.0660297432
1   9   9   5   0.0446624078
1   9   9   7   -0.0414391106
1   9   10   6   -0.0049611220
1   10   6   6   0.0072980725
1   10   7   6   -0.0384727393
1   10   9   6   -0.0051269441
1   10   10   1   -0.3107329589
1   10   10   4   -0.0675599820
1   10   10   5   0.0532190509
1   10   10   7   -0.0344308288
2   6   6   2   -0.3295319103
2   6   6   3   -0.1023389325
2   6   6   4   -0.0000000000
2   6   6   7   0.0000000000
2   6   7   2   -0.0013842831
2   6   7   3   -0.0013936978
2   6   8   1   -0.0038989174
2   6   8   4   -0.0017161207
2   6   8   5   0.0002554051
2   6   8   7   -0.0015025294
2   6   9   2   -0.0014291822
2   6   9   3   0.0001659569
2   7   6   2   -0.0013842831
2   7   6   3   -0.0013857449
2   7   7   2   -0.2960142239
2   7   7   3   -0.0696293859
2   7   8   1   0.0412722773
2   7   8   4   0.0164713966
2   7   8   5   -0.0067843423
2   7   8   7   0.0031699269
2   7   9   2   0.0100498974
2   7   9   3   -0.0000886943
2   8   6   1   -0.0039027926
2   8   6   4   -0.0017882733
2   8   6   5   0.0001939120
2   8   6   7   -0.0014471211
2   8   7   1   0.0413650355
2   8   7   4   0.0166869154
2   8   7   5   -0.0067574867
2   8   7   7   0.0031242899
2   8   8   2   -0.3001090511
2   8   8   3   -0.0691363455
2   8   9   1   -0.0127165424
2   8   9   4   -0.0078969539
2   8   9   5   0.0090504934
2   8   9   7   -0.0022193682
2   8   10   6   0.0089859110
2   9   6   2   -0.0014291822
2   9   6   3   0.0001168802
2   9   7   2   0.0100498974
2   9   7   3   -0.0000047224
2   9   8   1   -0.0126074332
2   9   8   4   -0.0079577732
2   9   8   5   0.0087379895
2   9   8   7   -0.0020437183
2   9   9   2   -0.2811099857
2   9   9   3   -0.0667244500
2   10   8   6   0.0085321035
2   10   10   2   -0.2830173485
2   10   10   3   -0.0622324752
3   6   6   2   -0.1023389325
3   6   6   3   -0.4572808528
3   6   7   2   -0.0013857449
3   6   7   3   -0.0011638620
3   6   8   1   -0.0009770792
3   6   8   4   -0.0026780208
3   6   8   5   0.0006865583
3   6   8   7   -0.0025576213
3   6   9   2   0.0001168802
3   6   9   3   -0.0001230803
3   7   6   2   -0.0013936978
3   7   6   3   -0.0011638620
3   7   7   2   -0.0696293859
3   7   7   3   -0.4294501076
3   7   8   1   0.0064729690
3   7   8   4   0.0454429161
3   7   8   5   -0.0259269508
3   7   8   7   0.0319690642
3   7   9   2   -0.0000047224
3   7   9   3   0.0080373440
3   8   6   1   -0.0009185313
3   8   6   4   -0.0026637838
3   8   6   5   0.0005370373
3   8   6   7   -0.0024905626
3   8   7   1   0.0063921934
3   8   7   4   0.0453588002
3   8   7   5   -0.0257189730
3   8   7   7   0.0319976998
3   8   8   2   -0.0691363455
3   8   8   3   -0.4339461058
3   8   8   5   -0.0000000000
3   8   9   1   -0.0104514005
3   8   9   4   -0.0254274955
3   8   9   5   0.0097725014
3   8   9   7   -0.0170482848
3   8   10   6   0.0025175957
3   9   6   2   0.0001659569
3   9   6   3   -0.0001230803
3   9   7   2   -0.0000886943
3   9   7   3   0.0080373440
3   9   8   1   -0.0103758336
3   9   8   4   -0.0258159916
3   9   8   5   0.0094474044
3   9   8   7   -0.0163665481
3   9   9   2   -0.0667244500
3   9   9   3   -0.4182562730
3   10   8   6   0.0021413950
3   10   10   2   -0.0622324752
3   10   10   3   -0.4020742006
4   6   6   1   -0.1143304003
4   6   6   2   -0.0000000000
4   6   6   4   -0.4614254085
4   6   6   5   0.0608492877
4   6   6   7   -0.0238914904
4   6   7   1   -0.0015032683
4   6   7   4   -0.0010017024
4   6   7   5   0.0011208728
4   6   7   7   -0.0010656995
4   6   8   2   -0.0017882733
4   6   8   3   -0.0026637838
4   6   9   1   -0.0037723216
4   6   9   4   -0.0068994322
4   6   9   5   0.0045148261
4   6   9   7   -0.0011121343
4   6   10   6   0.0051296896
4   7   6   1   -0.0015295689
4   7   6   4   -0.0010017024
4   7   6   5   0.0011238020
4   7   6   7   -0.0010775984
4   7   7   1   -0.0798044246
4   7   7   4   -0.4406143525
4   7   7   5   0.0263084002
4   7   7   7   -0.0002641035
4   7   8   2   0.0166869154
4   7   8   3   0.0453588002
4   7   8   4   0.0000000000
4   7   9   1   0.0086160001
4   7   9   4   0.0451256391
4   7   9   5   -0.0142824209
4   7   9   7   -0.0014689958
4   7   10   6   -0.0080914176
4   8   6   2   -0.0017161207
4   8   6   3   -0.0026780208
4   8   7   2   0.0164713966
4   8   7   3   0.0454429161
4   8   7   4   0.0000000000
4   8   8   1   -0.0790686617
4   8   8   4   -0.4467755176
4   8   8   5   0.0225295755
4   8   8   7   0.0094299957
4   8   9   2   -0.0079577732
4   8   9   3   -0.0258159916
4   9   6   1   -0.0037593022
4   9   6   4   -0.0068994322
4   9   6   5   0.0045148625
4   9   6   7   -0.0011199400
4   9   7   1   0.0085841824
4   9   7   4   0.0451256391
4   9   7   5   -0.0141719009
4   9   7   7   -0.0015859922
4   9   8   2   -0.0078969539
4   9   8   3   -0.0254274955
4   9   9   1   -0.0660297432
4   9   9   4   -0.3953061903
4   9   9   5   0.0163883030
4   9   9   7   -0.0034988156
4   9   10   6   -0.0004126545
4   10   6   6   0.0052294488
4   10   7   6   -0.0081021188
4   10   9   6   -0.0007669375
4   10   10   1   -0.0675599820
4   10   10   4   -0.4056780397
4   10   10   5   0.0133124728
4   10   10   7   -0.0068109789
5   6   6   1   0.0942362802
5   6   6   4   0.0608492877
5   6   6   5   -0.5483983380
5   6   6   7   0.0487300724
5   6   7   1   0.0006852835
5   6   7   4   0.0011238020
5   6   7   5   -0.0048463479
5   6   7   7   0.0006594187
5   6   8   2   0.0001939120
5   6   8   3   0.0005370373
5   6   9   1   0.0061086721
5   6   9   4   0.0045148625
5   6   9   5   -0.0006608079
5   6   9   7   0.0030493056
5   6   10   6   -0.0000386661
5   7   6   1   0.0006972906
5   7   6   4   0.0011208728
5   7   6   5   -0.0048463479
5   7   6   7   0.0006614749
5   7   7   1   0.0684073613
5   7   7   4   0.0263084002
5   7   7   5   -0.4298953375
5   7   7   7   0.0358403204
5   7   8   2   -0.0067574867
5   7   8   3   -0.0257189730
5   7   9   1   -0.0329412988
5   7   9   4   -0.0141719009
5   7   9   5   -0.0173957992
5   7   9   7   -0.0292585429
5   7   10   6   0.0113860649
5   8   6   2   0.0002554051
5   8   6   3   0.0006865583
5   8   7   2   -0.0067843423
5   8   7   3   -0.0259269508
5   8   8   1   0.0580358933
5   8   8   3   -0.0000000000
5   8   8   4   0.0225295755
5   8   8   5   -0.4004851589
5   8   8   7   0.0372196392
5   8   9   2   0.0087379895
5   8   9   3   0.0094474044
5   9   6   1   0.0061030197
5   9   6   4   0.0045148261
5   9   6   5   -0.0006608079
5   9   6   7   0.0031219866
5   9   7   1   -0.0330531375
5   9   7   4   -0.0142824209
5   9   7   5   -0.0173957992
5   9   7   7   -0.0293523606
5   9   8   2   0.0090504934
5   9   8   3   0.0097725014
5   9   9   1   0.0446624078
5   9   9   4   0.0163883030
5   9   9   5   -0.4411428595
5   9   9   7   0.0165847052
5   9   10   6   -0.0147426824
5   10   6   6   -0.0000747749
5   10   7   6   0.0111917063
5   10   9   6   -0.0144624918
5   10   10   1   0.0532190509
5   10   10   4   0.0133124728
5   10   10   5   -0.4216865337
5   10   10   7   0.0187608864
6   6   6   6   -0.6792283805
6   6   7   6   -0.0067677783
6   6   9   6   -0.0021338717
6   6   10   1   0.0072980725
6   6   10   4   0.0052294488
6   6   10   5   -0.0000747749
6   6   10   7   0.0032491319
6   7   6   6   -0.0067677783
6   7   7   6   -0.5045735326
6   7   9   6   -0.0201175004
6   7   10   1   -0.0384727393
6   7   10   4   -0.0081021188
6   7   10   5   0.0111917063
6   7   10   7   -0.0068491114
6   8   8   6   -0.4613359186
6   8   10   2   0.0085321035
6   8   10   3   0.0021413950
6   9   6   6   -0.0021338717
6   9   7   6   -0.0201175004
6   9   9   6   -0.4796580224
6   9   10   1   -0.0051269441
6   9   10   4   -0.0007669375
6   9   10   5   -0.0144624918
6   9   10   7   -0.0016403964
6   10   6   1   0.0072069570
6   10   6   4   0.0051296896
6   10   6   5   -0.0000386661
6   10   6   7   0.0031760113
6   10   7   1   -0.0387617765
6   10   7   4   -0.0080914176
6   10   7   5   0.0113860649
6   10   7   7   -0.0068384981
6   10   8   2   0.0089859110
6   10   8   3   0.0025175957
6   10   9   1   -0.0049611220
6   10   9   4   -0.0004126545
6   10   9   5   -0.0147426824
6   10   9   7   -0.0013578924
6   10   10   6   -0.5309582314
7   6   6   1   -0.0613326069
7   6   6   2   0.0000000000
7   6   6   4   -0.0238914904
7   6   6   5   0.0487300724
7   6   6   7   -0.4338771914
7   6   7   1   -0.0010049156
7   6   7   4   -0.0010775984
7   6   7   5   0.0006614749
7   6   7   7   -0.0003599845
7   6   8   2   -0.0014471211
7   6   8   3   -0.0024905626
7   6   9   1   -0.0015387056
7   6   9   4   -0.0011199400
7   6   9   5   0.0031219866
7   6   9   7   -0.0025950359
7   6   10   6   0.0031760113
7   7   6   1   -0.0010058434
7   7   6   4   -0.0010656995
7   7   6   5   0.0006594187
7   7   6   7   -0.0003599845
7   7   7   1   -0.0392316616
7   7   7   4   -0.0002641035
7   7   7   5   0.0358403204
7   7   7   7   -0.4246317165
7   7   8   2   0.0031242899
7   7   8   3   0.0319976998
7   7   9   1   0.0040633453
7   7   9   4   -0.0015859922
7   7   9   5   -0.0293523606
7   7   9   7   0.0258594765
7   7   10   6   -0.0068384981
7   8   6   2   -0.0015025294
7   8   6   3   -0.0025576213
7   8   7   2   0.0031699269
7   8   7   3   0.0319690642
7   8   8   1   -0.0300293950
7   8   8   4   0.0094299957
7   8   8   5   0.0372196392
7   8   8   7   -0.4131676489
7   8   9   2   -0.0020437183
7   8   9   3   -0.0163665481
7   9   6   1   -0.0015121082
7   9   6   4   -0.0011121343
7   9   6   5   0.0030493056
7   9   6   7   -0.0025950359
7   9   7   1   0.0040367935
7   9   7   4   -0.0014689958
7   9   7   5   -0.0292585429
7   9   7   7   0.0258594765
7   9   8   2   -0.0022193682
7   9   8   3   -0.0170482848
7   9   9   1   -0.0414391106
7   9   9   4   -0.0034988156
7   9   9   5   0.0165847052
7   9   9   7   -0.4143119430
7   9   10   6   -0.0013578924
7   10   6   6   0.0032491319
7   10   7   6   -0.0068491114
7   10   9   6   -0.0016403964
7   10   10   1   -0.0344308288
7   10   10   4   -0.0068109789
7   10   10   5   0.0187608864
7   10   10   7   -0.3954297563

End AIJB Block
Begin IJKA Block
1   6   1   8   -0.1263308144
1   6   1   10   0.0000000000
1   6   1   11   -0.1200019611
1   6   1   12   -0.0055784289
1   6   1   14   -0.0685071402
1   6   2   8   -0.0204350230
1   6   2   11   -0.0194547164
1   6   2   12   0.0020110763
1   6   2   14   -0.0111844940
1   6   3   9   0.0094171441
1   6   3   10   0.0078483192
1   6   4   8   0.0000149162
1   6   4   11   0.0010058128
1   6   4   12   -0.0178169168
1   6   4   14   0.0009884929
1   6   5   13   -0.0234100638
1   7   1   8   -0.1643461219
1   7   1   10   0.0000000000
1   7   1   11   -0.1341414117
1   7   1   12   0.0407135654
1   7   1   14   -0.0789898009
1   7   2   8   -0.0032428044
1   7   2   11   -0.0032126548
1   7   2   12   -0.0014186947
1   7   2   14   -0.0020287072
1   7   3   9   -0.0081272314
1   7   3   10   -0.0055359319
1   7   4   8   -0.0079816965
1   7   4   11   -0.0074243000
1   7   4   12   0.0128653560
1   7   4   14   -0.0034492363
1   7   5   13   0.0168927979
1   8   1   9   0.1839965259
1   8   1   10   0.1119040976
1   8   1   11   0.0000000000
1   8   1   14   -0.0000000000
1   8   2   9   0.0023136826
1   8   2   10   0.0027546720
1   8   3   8   0.0040060634
1   8   3   11   -0.0007172792
1   8   3   12   -0.0011084963
1   8   3   14   0.0053032706
1   8   4   9   0.0006633127
1   8   4   10   -0.0044630069
1   9   1   8   0.0772401449
1   9   1   11   0.0623897426
1   9   1   12   -0.2787569770
1   9   1   14   0.0399421490
1   9   2   8   -0.0002836346
1   9   2   11   -0.0000054215
1   9   2   12   -0.0054148063
1   9   2   14   0.0011475109
1   9   3   9   -0.0029922302
1   9   3   10   -0.0070669372
1   9   4   8   0.0032733528
1   9   4   11   0.0036868320
1   9   4   12   0.0020740323
1   9   4   14   -0.0041698944
1   9   5   13   0.0060275935
1   10   1   13   -0.3600672873
1   10   2   13   -0.0064764936
1   10   4   13   -0.0021122589
1   10   5   8   0.0066419952
1   10   5   11   0.0101806958
1   10   5   12   0.0022032816
1   10   5   14   0.0055909273
2   6   1   8   -0.0210973877
2   6   1   11   -0.0200228358
2   6   1   12   0.0019089514
2   6   1   14   -0.0114910082
2   6   2   8   -0.0017666432
2   6   2   11   -0.0013881321
2   6   2   12   -0.0070684486
2   6   2   14   -0.0005746769
2   6   3   9   -0.0107499209
2   6   3   10   -0.0087847448
2   6   4   8   -0.0075900577
2   6   4   11   -0.0079207770
2   6   4   12   0.0170710212
2   6   4   14   -0.0047981991
2   6   5   13   0.0228083274
2   7   1   8   -0.0026324982
2   7   1   11   -0.0026432524
2   7   1   12   -0.0014194769
2   7   1   14   -0.0017230951
2   7   2   8   -0.0896251336
2   7   2   11   -0.0572928986
2   7   2   12   0.0342231705
2   7   2   14   -0.0316075898
2   7   3   9   0.0323340853
2   7   3   10   0.0036106815
2   7   4   8   0.0132425354
2   7   4   11   0.0074715285
2   7   4   12   -0.0347089725
2   7   4   14   -0.0068501145
2   7   5   13   -0.0429596675
2   8   1   9   0.0018257120
2   8   1   10   0.0022146097
2   8   2   9   0.1013417707
2   8   2   10   0.0249108445
2   8   2   14   -0.0000000000
2   8   3   8   -0.0026459509
2   8   3   11   0.0483591324
2   8   3   12   0.0075257884
2   8   3   14   -0.0274159160
2   8   4   9   0.0158049627
2   8   4   10   0.0538982339
2   9   1   8   -0.0003187821
2   9   1   11   -0.0001184085
2   9   1   12   -0.0047301984
2   9   1   14   0.0010372563
2   9   2   8   0.0459232100
2   9   2   11   0.0275229917
2   9   2   12   -0.1312891531
2   9   2   14   -0.0028273982
2   9   3   9   0.0163061363
2   9   3   10   0.0587747702
2   9   4   8   0.0021125011
2   9   4   11   -0.0016210356
2   9   4   12   -0.0231800084
2   9   4   14   0.0455716042
2   9   5   13   -0.0155279350
2   10   1   13   -0.0056473836
2   10   2   13   -0.1662818275
2   10   4   13   -0.0210074588
2   10   5   8   -0.0161653249
2   10   5   11   -0.0412098855
2   10   5   12   -0.0115630080
2   10   5   14   -0.0218092235
3   6   1   9   0.0099796015
3   6   1   10   0.0084505449
3   6   2   9   -0.0107879495
3   6   2   10   -0.0089012260
3   6   3   8   -0.0005755956
3   6   3   11   -0.0009718488
3   6   3   12   -0.0036982885
3   6   3   14   0.0002977023
3   6   4   9   -0.0016733002
3   6   4   10   -0.0020463836
3   7   1   9   -0.0079562690
3   7   1   10   -0.0056536379
3   7   2   9   0.0312056009
3   7   2   10   0.0033749696
3   7   3   8   -0.0683343048
3   7   3   11   -0.0222576248
3   7   3   12   0.0235616901
3   7   3   14   -0.0326599131
3   7   4   9   0.0057535305
3   7   4   10   0.0254568229
3   8   1   8   0.0038525120
3   8   1   11   -0.0004508282
3   8   1   12   -0.0010213056
3   8   1   14   0.0048483846
3   8   2   8   -0.0017521995
3   8   2   11   0.0481870676
3   8   2   12   0.0073753788
3   8   2   14   -0.0267282926
3   8   3   9   0.0899193074
3   8   3   10   0.0133309940
3   8   3   14   -0.0000000000
3   8   4   8   -0.0032922817
3   8   4   11   -0.0171245210
3   8   4   12   -0.0047439869
3   8   4   14   -0.0043769034
3   8   5   13   -0.0075000617
3   9   1   9   -0.0028036893
3   9   1   10   -0.0064768242
3   9   2   9   0.0159764258
3   9   2   10   0.0574181645
3   9   3   8   0.0314349419
3   9   3   11   0.0077857361
3   9   3   12   -0.1025057705
3   9   3   14   -0.0073378637
3   9   4   9   0.0055622990
3   9   4   10   -0.0031301318
3   10   3   13   -0.1308677630
3   10   5   9   0.0073269603
3   10   5   10   0.0078862169
4   6   1   8   0.0000218320
4   6   1   11   0.0012247839
4   6   1   12   -0.0187054077
4   6   1   14   0.0010175519
4   6   2   8   -0.0075287241
4   6   2   11   -0.0079307389
4   6   2   12   0.0168977931
4   6   2   14   -0.0047808161
4   6   3   9   -0.0016901206
4   6   3   10   -0.0020633625
4   6   4   8   -0.0059485660
4   6   4   11   -0.0060029504
4   6   4   12   0.0086597677
4   6   4   14   -0.0044740184
4   6   5   13   0.0071781072
4   7   1   8   -0.0074581507
4   7   1   11   -0.0070902599
4   7   1   12   0.0121382102
4   7   1   14   -0.0032522612
4   7   2   8   0.0126370196
4   7   2   11   0.0071202683
4   7   2   12   -0.0335411997
4   7   2   14   -0.0067832847
4   7   3   9   0.0057863911
4   7   3   10   0.0255438554
4   7   4   8   -0.0634525269
4   7   4   11   -0.0417890676
4   7   4   12   0.0003092631
4   7   4   14   -0.0091702251
4   7   5   13   -0.0128284086
4   8   1   9   0.0006780406
4   8   1   10   -0.0039672802
4   8   2   9   0.0157345505
4   8   2   10   0.0530311635
4   8   3   8   -0.0029119033
4   8   3   11   -0.0165820576
4   8   3   12   -0.0054289145
4   8   3   14   -0.0043356538
4   8   4   9   0.0892894801
4   8   4   10   0.0423603942
4   8   4   14   -0.0000000000
4   9   1   8   0.0030161992
4   9   1   11   0.0033583378
4   9   1   12   0.0018669119
4   9   1   14   -0.0037775938
4   9   2   8   0.0018878102
4   9   2   11   -0.0017175626
4   9   2   12   -0.0228912358
4   9   2   14   0.0447117011
4   9   3   9   0.0057452765
4   9   3   10   -0.0028583269
4   9   4   8   0.0435778257
4   9   4   11   0.0266136810
4   9   4   12   -0.1371492014
4   9   4   14   0.0266093218
4   9   5   13   -0.0141242096
4   10   1   13   -0.0021124712
4   10   2   13   -0.0206144637
4   10   4   13   -0.1479512430
4   10   5   8   0.0003749228
4   10   5   11   -0.0044402398
4   10   5   12   -0.0116337100
4   10   5   14   -0.0013894353
5   6   1   13   -0.0245755745
5   6   2   13   0.0224241240
5   6   4   13   0.0070852550
5   6   5   8   -0.0022975214
5   6   5   11   -0.0017343529
5   6   5   12   -0.0007228356
5   6   5   14   -0.0009644394
5   7   1   13   0.0158085335
5   7   2   13   -0.0420528972
5   7   4   13   -0.0132465814
5   7   5   8   -0.0786825494
5   7   5   11   -0.0655426827
5   7   5   12   0.0142866342
5   7   5   14   -0.0373820521
5   8   3   13   -0.0081912343
5   8   5   9   0.0932515565
5   8   5   10   0.0444510216
5   8   5   14   -0.0000000000
5   9   1   13   0.0055019675
5   9   2   13   -0.0152736028
5   9   4   13   -0.0142740344
5   9   5   8   0.0409387663
5   9   5   11   0.0247305184
5   9   5   12   -0.1241505177
5   9   5   14   0.0136299926
5   10   1   8   0.0059921876
5   10   1   11   0.0093091745
5   10   1   12   0.0020685378
5   10   1   14   0.0051204933
5   10   2   8   -0.0166738219
5   10   2   11   -0.0397359947
5   10   2   12   -0.0107495939
5   10   2   14   -0.0210409658
5   10   3   9   0.0081146970
5   10   3   10   0.0082770059
5   10   4   8   -0.0000680138
5   10   4   11   -0.0043393305
5   10   4   12   -0.0119853392
5   10   4   14   -0.0014131794
5   10   5   13   -0.1763153879

End IJKA Block
Begin IABC Block
1   8   1   8   0.0005503006
1   8   1   11   0.0002760915
1   8   1   12   -0.0010315747
1   8   1   14   -0.0000165217
1   8   2   9   0.0016419750
1   8   2   10   0.0003962384
1   8   3   9   0.0013079894
1   8   3   10   0.0002821643
1   8   4   8   0.0006549035
1   8   4   11   0.0003571674
1   8   4   12   -0.0011654067
1   8   4   14   0.0000300077
1   8   5   8   -0.0029263889
1   8   5   11   -0.0021884269
1   8   5   12   0.0038141715
1   8   5   14   -0.0008058808
1   8   6   13   0.0053158445
1   8   7   8   0.0004134477
1   8   7   11   0.0002356542
1   8   7   12   -0.0006503898
1   8   7   14   -0.0000031274
1   9   1   9   -0.0001349050
1   9   1   10   -0.0004495259
1   9   2   8   0.0016454688
1   9   2   11   0.0007407452
1   9   2   12   -0.0000614382
1   9   2   14   0.0006327495
1   9   3   8   0.0013086471
1   9   3   11   0.0005642807
1   9   3   12   0.0000799535
1   9   3   14   0.0004888937
1   9   4   9   -0.0001891732
1   9   4   10   -0.0005079561
1   9   5   9   -0.0006751583
1   9   5   10   0.0003341942
1   9   7   9   0.0000357600
1   9   7   10   -0.0002159800
1   10   1   9   -0.0004418820
1   10   1   10   -0.0003157420
1   10   2   8   0.0004055872
1   10   2   11   0.0011120671
1   10   2   12   -0.0002314403
1   10   2   14   0.0010545887
1   10   3   8   0.0002782949
1   10   3   11   0.0008290827
1   10   3   12   -0.0000986501
1   10   3   14   0.0008060916
1   10   4   9   -0.0005028956
1   10   4   10   -0.0004087139
1   10   5   9   0.0003184195
1   10   5   10   0.0001066353
1   10   7   9   -0.0002117221
1   10   7   10   -0.0001386208
1   11   1   8   0.0002712686
1   11   1   11   0.0010578877
1   11   1   12   -0.0005789671
1   11   1   14   -0.0001149950
1   11   2   9   0.0007458191
1   11   2   10   0.0011108526
1   11   3   9   0.0005670426
1   11   3   10   0.0008332278
1   11   4   8   0.0003475353
1   11   4   11   0.0011655271
1   11   4   12   -0.0006687762
1   11   4   14   -0.0000515993
1   11   5   8   -0.0021855671
1   11   5   11   -0.0042408486
1   11   5   12   0.0027559133
1   11   5   14   -0.0005302941
1   11   6   13   0.0038542923
1   11   7   8   0.0002375890
1   11   7   11   0.0007845410
1   11   7   12   -0.0003489565
1   11   7   14   -0.0000600258
1   12   1   8   -0.0010420529
1   12   1   11   -0.0005888159
1   12   1   12   -0.0013260830
1   12   1   14   -0.0004127382
1   12   2   9   -0.0000537773
1   12   2   10   -0.0002097198
1   12   3   9   0.0000892754
1   12   3   10   -0.0000806798
1   12   4   8   -0.0011738813
1   12   4   11   -0.0006811245
1   12   4   12   -0.0012448671
1   12   4   14   -0.0004581892
1   12   5   8   0.0038243824
1   12   5   11   0.0027722866
1   12   5   12   0.0003910816
1   12   5   14   0.0018276591
1   12   6   13   0.0000130253
1   12   7   8   -0.0006538135
1   12   7   11   -0.0003528500
1   12   7   12   -0.0010168314
1   12   7   14   -0.0002527003
1   13   1   13   -0.0015179656
1   13   4   13   -0.0012023559
1   13   5   13   -0.0001017805
1   13   6   8   0.0053444714
1   13   6   11   0.0039088239
1   13   6   12   0.0000050594
1   13   6   14   0.0024111440
1   13   7   13   -0.0006532682
1   14   1   8   -0.0000105106
1   14   1   11   -0.0001075461
1   14   1   12   -0.0004150206
1   14   1   14   0.0004030264
1   14   2   9   0.0006209351
1   14   2   10   0.0010433892
1   14   3   9   0.0004808329
1   14   3   10   0.0008078269
1   14   4   8   0.0000396321
1   14   4   11   -0.0000375493
1   14   4   12   -0.0004630248
1   14   4   14   0.0004408859
1   14   5   8   -0.0008133431
1   14   5   11   -0.0005384700
1   14   5   12   0.0018424426
1   14   5   14   -0.0015804432
1   14   6   13   0.0023773771
1   14   7   8   -0.0000068218
1   14   7   11   -0.0000638679
1   14   7   12   -0.0002555441
1   14   7   14   0.0002326406
2   8   1   8   -0.0114936324
2   8   1   11   -0.0109453979
2   8   1   12   0.0116163133
2   8   1   14   -0.0057546548
2   8   2   9   0.0009355005
2   8   2   10   0.0009690580
2   8   3   9   0.0065645557
2   8   3   10   0.0103457896
2   8   4   8   -0.0053568059
2   8   4   11   0.0014967385
2   8   4   12   0.0102010817
2   8   4   14   -0.0068312211
2   8   5   8   0.0047056941
2   8   5   11   0.0088794111
2   8   5   12   -0.0037576480
2   8   5   14   0.0011722218
2   8   6   13   -0.0033158848
2   8   7   8   -0.0009098687
2   8   7   11   -0.0071273933
2   8   7   12   -0.0015399085
2   8   7   14   0.0075485633
2   9   1   9   -0.0077532874
2   9   1   10   -0.0067324514
2   9   2   8   0.0008198060
2   9   2   11   0.0000005206
2   9   2   12   -0.0004212102
2   9   2   14   -0.0025553194
2   9   3   8   0.0065730944
2   9   3   11   0.0053242136
2   9   3   12   -0.0058181341
2   9   3   14   0.0019040470
2   9   4   9   0.0011963279
2   9   4   10   -0.0010138242
2   9   5   9   -0.0000047717
2   9   5   10   -0.0016248539
2   9   7   9   -0.0043923029
2   9   7   10   0.0003347802
2   10   1   9   -0.0068154769
2   10   1   10   -0.0155011176
2   10   2   8   0.0009163785
2   10   2   11   0.0016132508
2   10   2   12   -0.0019251362
2   10   2   14   0.0002468596
2   10   3   8   0.0108364060
2   10   3   11   0.0207016673
2   10   3   12   -0.0051007338
2   10   3   14   0.0132639130
2   10   4   9   -0.0008631689
2   10   4   10   0.0078948329
2   10   5   9   -0.0018120927
2   10   5   10   0.0025111179
2   10   7   9   0.0004569118
2   10   7   10   0.0013181592
2   11   1   8   -0.0106569112
2   11   1   11   -0.0190270439
2   11   1   12   0.0082990321
2   11   1   14   -0.0034461000
2   11   2   9   0.0000970000
2   11   2   10   0.0016590847
2   11   3   9   0.0055368978
2   11   3   10   0.0204783870
2   11   4   8   0.0021571544
2   11   4   11   0.0094403749
2   11   4   12   0.0021838328
2   11   4   14   -0.0077051894
2   11   5   8   0.0088188405
2   11   5   11   0.0078595749
2   11   5   12   -0.0076275467
2   11   5   14   -0.0005071824
2   11   6   13   -0.0131380682
2   11   7   8   -0.0071485308
2   11   7   11   -0.0073973248
2   11   7   12   0.0016236203
2   11   7   14   0.0030729312
2   12   1   8   0.0115327508
2   12   1   11   0.0084171163
2   12   1   12   -0.0271627712
2   12   1   14   0.0040017173
2   12   2   9   -0.0005130396
2   12   2   10   -0.0019826438
2   12   3   9   -0.0059601105
2   12   3   10   -0.0049871057
2   12   4   8   0.0102282563
2   12   4   11   0.0025392961
2   12   4   12   -0.0203539133
2   12   4   14   0.0002985378
2   12   5   8   -0.0039121260
2   12   5   11   -0.0077744936
2   12   5   12   0.0081537818
2   12   5   14   0.0017196840
2   12   6   13   -0.0039374652
2   12   7   8   -0.0016237738
2   12   7   11   0.0015582516
2   12   7   12   -0.0026635767
2   12   7   14   -0.0033794312
2   13   1   13   -0.0403806807
2   13   4   13   -0.0364297562
2   13   5   13   0.0046008145
2   13   6   8   -0.0035174454
2   13   6   11   -0.0127048009
2   13   6   12   -0.0036331017
2   13   6   14   -0.0070311008
2   13   7   13   -0.0207810015
2   14   1   8   -0.0059062321
2   14   1   11   -0.0036225549
2   14   1   12   0.0040511359
2   14   1   14   -0.0157139226
2   14   2   9   -0.0024415535
2   14   2   10   0.0002571007
2   14   3   9   0.0020269861
2   14   3   10   0.0130317236
2   14   4   8   -0.0070259914
2   14   4   11   -0.0079501951
2   14   4   12   0.0002957536
2   14   4   14   -0.0041057380
2   14   5   8   0.0010516664
2   14   5   11   -0.0006013337
2   14   5   12   0.0021259298
2   14   5   14   0.0033514994
2   14   6   13   -0.0072629017
2   14   7   8   0.0078465871
2   14   7   11   0.0031219761
2   14   7   12   -0.0035445385
2   14   7   14   0.0139537279
3   8   1   9   -0.0186119681
3   8   1   10   -0.0004985727
3   8   2   8   0.0085054113
3   8   2   11   0.0088492840
3   8   2   12   -0.0044971437
3   8   2   14   0.0074291365
3   8   3   8   -0.0134027030
3   8   3   11   -0.0044022473
3   8   3   12   0.0186008410
3   8   3   14   -0.0037806108
3   8   4   9   -0.0322145081
3   8   4   10   -0.0077172931
3   8   5   9   0.0019803101
3   8   5   10   0.0056845083
3   8   7   9   0.0086749956
3   8   7   10   -0.0058182169
3   9   1   8   -0.0184385536
3   9   1   11   -0.0051934499
3   9   1   12   0.0007508374
3   9   1   14   0.0051626009
3   9   2   9   0.0064316868
3   9   2   10   0.0106625734
3   9   3   9   -0.0087481792
3   9   3   10   -0.0038487570
3   9   4   8   -0.0319291346
3   9   4   11   -0.0158394014
3   9   4   12   0.0047774365
3   9   4   14   0.0044888077
3   9   5   8   0.0021094967
3   9   5   11   0.0012735262
3   9   5   12   -0.0006328867
3   9   5   14   0.0013005585
3   9   6   13   0.0003300006
3   9   7   8   0.0086167755
3   9   7   11   0.0025438775
3   9   7   12   0.0023987226
3   9   7   14   -0.0052027808
3   10   1   8   -0.0007856591
3   10   1   11   -0.0156602995
3   10   1   12   0.0144091585
3   10   1   14   -0.0091026148
3   10   2   9   0.0104472103
3   10   2   10   0.0260879001
3   10   3   9   -0.0049826103
3   10   3   10   -0.0150202155
3   10   4   8   -0.0084580324
3   10   4   11   -0.0446552039
3   10   4   12   0.0253843479
3   10   4   14   -0.0224698983
3   10   5   8   0.0061765960
3   10   5   11   0.0060580321
3   10   5   12   0.0011439170
3   10   5   14   0.0044542481
3   10   6   13   0.0042733693
3   10   7   8   -0.0059354745
3   10   7   11   0.0004731196
3   10   7   12   -0.0017551344
3   10   7   14   -0.0029219698
3   11   1   9   -0.0058129347
3   11   1   10   -0.0154734055
3   11   2   8   0.0084817964
3   11   2   11   0.0169421765
3   11   2   12   -0.0022426287
3   11   2   14   0.0021604599
3   11   3   8   -0.0047896594
3   11   3   11   -0.0392324781
3   11   3   12   0.0076137134
3   11   3   14   -0.0014059130
3   11   4   9   -0.0173435386
3   11   4   10   -0.0445898984
3   11   4   11   -0.0000000000
3   11   5   9   0.0012573956
3   11   5   10   0.0055312855
3   11   7   9   0.0027140603
3   11   7   10   0.0004273411
3   12   1   9   0.0005148918
3   12   1   10   0.0136289361
3   12   2   8   -0.0044674859
3   12   2   11   -0.0024719294
3   12   2   12   0.0389713506
3   12   2   14   0.0022250666
3   12   3   8   0.0184335617
3   12   3   11   0.0072525303
3   12   3   12   0.0182462409
3   12   3   14   0.0203927492
3   12   4   9   0.0043563824
3   12   4   10   0.0239251850
3   12   5   9   -0.0006821888
3   12   5   10   0.0012025069
3   12   7   9   0.0024533363
3   12   7   10   -0.0018552466
3   13   2   13   0.0528119942
3   13   3   13   0.0261460087
3   13   6   9   0.0003478839
3   13   6   10   0.0043236744
3   14   1   9   0.0053777538
3   14   1   10   -0.0090330499
3   14   2   8   0.0075464195
3   14   2   11   0.0023938137
3   14   2   12   0.0023007360
3   14   2   14   0.0213601587
3   14   3   8   -0.0040787396
3   14   3   11   -0.0012968662
3   14   3   12   0.0212697527
3   14   3   14   -0.0198381400
3   14   4   9   0.0049563074
3   14   4   10   -0.0221901324
3   14   5   9   0.0014269317
3   14   5   10   0.0047096123
3   14   7   9   -0.0056610625
3   14   7   10   -0.0029534675
4   8   1   8   -0.0008471742
4   8   1   11   0.0072114294
4   8   1   12   0.0034978512
4   8   1   14   0.0015806005
4   8   2   9   -0.0122111722
4   8   2   10   -0.0017744735
4   8   3   9   -0.0261404527
4   8   3   10   -0.0030857099
4   8   4   8   0.0011738903
4   8   4   11   -0.0038383089
4   8   4   12   -0.0031065749
4   8   4   14   0.0040726665
4   8   5   8   -0.0153813635
4   8   5   11   -0.0162288706
4   8   5   12   0.0148212827
4   8   5   14   -0.0029361832
4   8   6   13   -0.0020399188
4   8   7   8   -0.0163944843
4   8   7   11   0.0018492666
4   8   7   12   0.0219838822
4   8   7   14   -0.0054766342
4   9   1   9   -0.0037595385
4   9   1   10   -0.0001488349
4   9   2   8   -0.0122558085
4   9   2   11   -0.0029304922
4   9   2   12   0.0001711755
4   9   2   14   0.0007029872
4   9   3   8   -0.0261585887
4   9   3   11   -0.0094538294
4   9   3   12   0.0030169263
4   9   3   14   -0.0001265549
4   9   4   9   -0.0041260801
4   9   4   10   -0.0014050271
4   9   5   9   -0.0162492439
4   9   5   10   -0.0123580931
4   9   7   9   -0.0118039618
4   9   7   10   -0.0055906491
4   10   1   9   -0.0002987804
4   10   1   10   0.0072519071
4   10   2   8   -0.0020013103
4   10   2   11   -0.0090598849
4   10   2   12   0.0066922492
4   10   2   14   -0.0068130142
4   10   3   8   -0.0036127056
4   10   3   11   -0.0298310162
4   10   3   12   0.0237857353
4   10   3   14   -0.0208918816
4   10   4   9   -0.0016116924
4   10   4   10   -0.0089984910
4   10   5   9   -0.0124243830
4   10   5   10   -0.0272507130
4   10   7   9   -0.0060486677
4   10   7   10   -0.0134271845
4   11   1   8   0.0070443808
4   11   1   11   0.0001460401
4   11   1   12   -0.0027208712
4   11   1   14   0.0014700065
4   11   2   9   -0.0031368411
4   11   2   10   -0.0091572660
4   11   3   9   -0.0098653041
4   11   3   10   -0.0296238972
4   11   4   8   -0.0041571188
4   11   4   11   -0.0139186620
4   11   4   12   0.0013699885
4   11   4   14   0.0015270118
4   11   5   8   -0.0159679766
4   11   5   11   -0.0293475635
4   11   5   12   0.0118857694
4   11   5   14   -0.0023620337
4   11   6   13   -0.0010304511
4   11   7   8   0.0017882918
4   11   7   11   -0.0261023554
4   11   7   12   0.0035587039
4   11   7   14   0.0025786639
4   12   1   8   0.0034038332
4   12   1   11   -0.0029361097
4   12   1   12   0.0236599151
4   12   1   14   0.0099622300
4   12   2   9   0.0000087589
4   12   2   10   0.0062590912
4   12   3   9   0.0026482947
4   12   3   10   0.0224376326
4   12   4   8   -0.0031701647
4   12   4   11   0.0008825868
4   12   4   12   0.0151251857
4   12   4   14   0.0025527206
4   12   5   8   0.0144031326
4   12   5   11   0.0117673913
4   12   5   12   -0.0431907888
4   12   5   14   0.0104007646
4   12   6   13   -0.0007946715
4   12   7   8   0.0218601205
4   12   7   11   0.0035689971
4   12   7   12   0.0160342254
4   12   7   14   0.0301606927
4   13   1   13   0.0230080113
4   13   4   13   0.0129210908
4   13   5   13   -0.0660284649
4   13   6   8   -0.0021927397
4   13   6   11   -0.0005447236
4   13   6   12   -0.0006138551
4   13   6   14   0.0006850266
4   13   7   13   0.0083321587
4   14   1   8   0.0015530586
4   14   1   11   0.0015535837
4   14   1   12   0.0102079839
4   14   1   14   0.0045128744
4   14   2   9   0.0008401281
4   14   2   10   -0.0064548103
4   14   3   9   0.0000107009
4   14   3   10   -0.0206559860
4   14   4   8   0.0040641729
4   14   4   11   0.0014489858
4   14   4   12   0.0026301828
4   14   4   14   0.0032548416
4   14   5   8   -0.0028589404
4   14   5   11   -0.0024016610
4   14   5   12   0.0107055144
4   14   5   14   -0.0181656884
4   14   6   13   0.0005375283
4   14   7   8   -0.0058352923
4   14   7   11   0.0025639111
4   14   7   12   0.0313155811
4   14   7   14   -0.0276940547
5   8   1   13   0.0022337433
5   8   4   13   -0.0145916108
5   8   5   13   -0.0052427779
5   8   6   8   -0.0212617099
5   8   6   11   -0.0235744239
5   8   6   12   0.0145147444
5   8   6   14   -0.0127848932
5   8   7   13   -0.0077848166
5   9   2   13   -0.0008848803
5   9   3   13   -0.0024420891
5   9   6   9   -0.0213750532
5   9   6   10   -0.0184988269
5   10   2   13   -0.0016474752
5   10   3   13   0.0033435782
5   10   6   9   -0.0185929547
5   10   6   10   -0.0383433168
5   11   1   13   -0.0075149240
5   11   4   13   0.0016983961
5   11   5   13   0.0062112111
5   11   6   8   -0.0235853879
5   11   6   11   -0.0385723025
5   11   6   12   0.0156064793
5   11   6   14   -0.0049047529
5   11   7   13   -0.0016058097
5   12   1   13   -0.0004426515
5   12   4   13   0.0090902129
5   12   5   13   0.0035091221
5   12   6   8   0.0142027409
5   12   6   11   0.0154834199
5   12   6   12   -0.0534158868
5   12   6   14   0.0107079115
5   12   7   13   0.0054099563
5   13   1   8   0.0019995020
5   13   1   11   -0.0076980001
5   13   1   12   -0.0003354748
5   13   1   14   -0.0042296739
5   13   2   9   -0.0010566643
5   13   2   10   -0.0018248706
5   13   3   9   -0.0026618051
5   13   3   10   0.0027434726
5   13   4   8   -0.0148294511
5   13   4   11   0.0008986322
5   13   4   12   0.0091071665
5   13   4   14   -0.0021464164
5   13   5   8   -0.0052517012
5   13   5   11   0.0061306768
5   13   5   12   0.0034519251
5   13   5   14   0.0035594325
5   13   6   13   -0.0820144620
5   13   7   8   -0.0078567899
5   13   7   11   -0.0016797468
5   13   7   12   0.0054471060
5   13   7   14   0.0023819467
5   14   1   13   -0.0042229202
5   14   4   13   -0.0020792176
5   14   5   13   0.0035228561
5   14   6   8   -0.0129475462
5   14   6   11   -0.0049767284
5   14   6   12   0.0107161823
5   14   6   14   -0.0329405430
5   14   7   13   0.0028315053

End IABC Block
