Begin IJ Block
1   1   -33.0272306443
1   2   -0.5825331257
1   4   -0.1867609909
2   2   -7.8581095395
2   4   -0.2467257465
3   3   -6.6843642689
4   4   -6.9218601229
5   5   -7.0972950782

End IJ Block
Begin IA Block
1   1   0.1807135609
1   4   -0.1615124412
1   5   0.1204923354
2   1   0.9759913644
2   4   -0.6997489711
2   5   0.0662196338
3   2   1.2228494630
3   3   -0.6301050008
3   7   1.4160942591
4   1   -0.5511307691
4   4   0.7193208024
4   5   1.6605480631
5   6   -2.0668929803

End IA Block
Begin AB Block
1   1   -3.3568946456
1   2   0.0000000000
1   4   1.0410317589
1   5   0.4427704971
1   7   -0.0000000000
2   2   -3.1461998599
2   3   1.0067341049
2   4   0.0000000000
2   7   -1.1716767791
3   3   -4.0834941128
3   7   0.3879388647
4   4   -4.0747235028
4   5   -0.4520740891
5   5   -4.7401079459
6   6   -5.3413245075
7   7   -4.3476345048

End AB Block
Begin IJAB Block
1   6   1   8   0.0104250418
1   6   1   9   0.0000000000
1   6   1   10   0.0000000000
1   6   1   11   -0.0114565757
1   6   1   12   -0.0042001763
1   6   1   14   -0.0000000000
1   6   2   8   0.0000000000
1   6   2   9   0.0062462866
1   6   2   10   -0.0060130630
1   6   2   11   0.0000000000
1   6   2   14   0.0135728801
1   6   3   8   0.0000000000
1   6   3   9   -0.0060130630
1   6   3   10   0.0057570802
1   6   3   14   -0.0130732320
1   6   4   8   -0.0114565757
1   6   4   9   0.0000000000
1   6   4   11   0.0138542373
1   6   4   12   0.0109789121
1   6   5   8   -0.0042001763
1   6   5   11   0.0109789121
1   6   5   12   0.0336348723
1   6   6   13   0.0484992729
1   6   7   8   -0.0000000000
1   6   7   9   0.0135728801
1   6   7   10   -0.0130732320
1   6   7   14   0.0295792750
1   7   1   8   -0.0007693130
1   7   1   11   0.0018317178
1   7   1   12   0.0053501196
1   7   2   9   -0.0055965986
1   7   2   10   0.0044047638
1   7   2   14   -0.0076841427
1   7   3   9   0.0053400435
1   7   3   10   -0.0044995137
1   7   3   14   0.0070914874
1   7   4   8   0.0027739692
1   7   4   11   -0.0045911846
1   7   4   12   -0.0081491472
1   7   5   8   0.0092007669
1   7   5   11   -0.0118770529
1   7   5   12   -0.0141773405
1   7   6   13   -0.0230833128
1   7   7   9   -0.0108783660
1   7   7   10   0.0083607575
1   7   7   14   -0.0153818464
1   8   1   9   0.0011458635
1   8   1   10   -0.0029473359
1   8   1   14   0.0014183427
1   8   2   8   -0.0024969898
1   8   2   11   -0.0002077603
1   8   2   12   0.0007001668
1   8   3   8   0.0022406606
1   8   3   11   0.0003384527
1   8   3   12   -0.0000704020
1   8   4   9   -0.0013795954
1   8   4   10   0.0042806706
1   8   4   14   -0.0008910114
1   8   5   9   0.0006219708
1   8   5   10   0.0050135059
1   8   5   14   0.0050827030
1   8   7   8   -0.0051095171
1   8   7   11   -0.0001422585
1   8   7   12   0.0013693484
1   9   1   8   0.0010325032
1   9   1   11   0.0000146387
1   9   1   12   0.0061461804
1   9   2   9   -0.0022157933
1   9   2   10   0.0048179167
1   9   2   14   -0.0010420935
1   9   3   9   0.0024637392
1   9   3   10   -0.0048514557
1   9   3   14   0.0014899905
1   9   4   8   -0.0018770359
1   9   4   11   0.0006315805
1   9   4   12   -0.0078738508
1   9   5   8   -0.0038269507
1   9   5   11   0.0027823250
1   9   5   12   -0.0076612126
1   9   6   13   -0.0083903461
1   9   7   9   -0.0041106312
1   9   7   10   0.0092080004
1   9   7   14   -0.0019590694
1   10   1   13   -0.0037951025
1   10   4   13   0.0029887085
1   10   5   13   -0.0022410680
1   10   6   8   0.0088518389
1   10   6   11   -0.0121599846
1   10   6   12   0.0076890659
2   6   1   8   -0.0007693130
2   6   1   11   0.0027739692
2   6   1   12   0.0092007669
2   6   2   9   -0.0055965986
2   6   2   10   0.0053400435
2   6   2   14   -0.0108783660
2   6   3   9   0.0044047638
2   6   3   10   -0.0044995137
2   6   3   14   0.0083607575
2   6   4   8   0.0018317178
2   6   4   11   -0.0045911846
2   6   4   12   -0.0118770529
2   6   5   8   0.0053501196
2   6   5   11   -0.0081491472
2   6   5   12   -0.0141773405
2   6   6   13   -0.0230833128
2   6   7   9   -0.0076841427
2   6   7   10   0.0070914874
2   6   7   14   -0.0153818464
2   7   1   8   0.0376050057
2   7   1   11   -0.0360670948
2   7   1   12   -0.0088002186
2   7   2   9   0.0199164055
2   7   2   10   -0.0172174752
2   7   2   14   0.0197013780
2   7   3   9   -0.0172174752
2   7   3   10   0.0424435843
2   7   3   14   -0.0076294459
2   7   4   8   -0.0360670948
2   7   4   11   0.0566265459
2   7   4   12   0.0049195622
2   7   5   8   -0.0088002186
2   7   5   11   0.0049195622
2   7   5   12   0.0372262452
2   7   6   13   0.0414026307
2   7   7   9   0.0197013780
2   7   7   10   -0.0076294459
2   7   7   14   0.0364639733
2   8   1   9   0.0324482750
2   8   1   10   -0.0162647708
2   8   1   14   0.0447725524
2   8   2   8   0.0108695084
2   8   2   11   -0.0016112329
2   8   2   12   -0.0057573493
2   8   3   8   -0.0102292091
2   8   3   11   0.0275222165
2   8   3   12   -0.0043425273
2   8   4   9   -0.0237042781
2   8   4   10   0.0305016792
2   8   4   14   -0.0378294666
2   8   5   9   -0.0022027312
2   8   5   10   -0.0052900744
2   8   5   14   0.0025922376
2   8   7   8   0.0182059412
2   8   7   11   -0.0100637895
2   8   7   12   -0.0006774276
2   9   1   8   -0.0197778794
2   9   1   11   0.0267467445
2   9   1   12   0.0380153044
2   9   2   9   0.0049052831
2   9   2   10   -0.0135890194
2   9   2   14   -0.0015737033
2   9   3   9   -0.0054459625
2   9   3   10   -0.0062390550
2   9   3   14   -0.0015929168
2   9   4   8   0.0214102832
2   9   4   11   -0.0378385254
2   9   4   12   -0.0221653441
2   9   5   8   0.0094211083
2   9   5   11   0.0028759406
2   9   5   12   0.0133556667
2   9   6   13   0.0107323782
2   9   7   9   -0.0000991661
2   9   7   10   -0.0064339972
2   9   7   14   0.0029110337
2   10   1   13   -0.0554348251
2   10   4   13   0.0459484568
2   10   5   13   -0.0079538179
2   10   6   8   -0.0181253637
2   10   6   11   0.0163321540
2   10   6   12   -0.0077243208
3   6   1   9   -0.0024969898
3   6   1   10   0.0022406606
3   6   1   14   -0.0051095171
3   6   2   8   0.0011458635
3   6   2   11   -0.0013795954
3   6   2   12   0.0006219708
3   6   3   8   -0.0029473359
3   6   3   11   0.0042806706
3   6   3   12   0.0050135059
3   6   4   9   -0.0002077603
3   6   4   10   0.0003384527
3   6   4   14   -0.0001422585
3   6   5   9   0.0007001668
3   6   5   10   -0.0000704020
3   6   5   14   0.0013693484
3   6   7   8   0.0014183427
3   6   7   11   -0.0008910114
3   6   7   12   0.0050827030
3   7   1   9   0.0108695084
3   7   1   10   -0.0102292091
3   7   1   14   0.0182059412
3   7   2   8   0.0324482750
3   7   2   11   -0.0237042781
3   7   2   12   -0.0022027312
3   7   3   8   -0.0162647708
3   7   3   11   0.0305016792
3   7   3   12   -0.0052900744
3   7   4   9   -0.0016112329
3   7   4   10   0.0275222165
3   7   4   14   -0.0100637895
3   7   5   9   -0.0057573493
3   7   5   10   -0.0043425273
3   7   5   14   -0.0006774276
3   7   7   8   0.0447725524
3   7   7   11   -0.0378294666
3   7   7   12   0.0025922376
3   8   1   8   0.0197826277
3   8   1   11   -0.0247141496
3   8   1   12   0.0019047476
3   8   2   9   0.0491893273
3   8   2   10   -0.0405652770
3   8   2   14   0.0499316554
3   8   3   9   -0.0405652770
3   8   3   10   0.0879928561
3   8   3   14   -0.0274260064
3   8   4   8   -0.0247141496
3   8   4   11   0.0742987968
3   8   4   12   -0.0191483301
3   8   5   8   0.0019047476
3   8   5   11   -0.0191483301
3   8   5   12   0.0239215787
3   8   6   13   0.0129554042
3   8   7   9   0.0499316554
3   8   7   10   -0.0274260064
3   8   7   14   0.0829611274
3   9   1   9   -0.0074509065
3   9   1   10   0.0118281197
3   9   1   14   -0.0003890034
3   9   2   8   -0.0203663877
3   9   2   11   0.0267977276
3   9   2   12   0.0488998692
3   9   3   8   0.0187026342
3   9   3   11   -0.0372944440
3   9   3   12   -0.0401166681
3   9   4   9   0.0161090078
3   9   4   10   -0.0474499385
3   9   4   14   0.0016064416
3   9   5   9   0.0016229689
3   9   5   10   0.0086384993
3   9   5   14   0.0123972574
3   9   7   8   -0.0185857941
3   9   7   11   0.0334606750
3   9   7   12   0.0617748250
3   10   2   13   -0.0581389783
3   10   3   13   0.0419132785
3   10   6   9   -0.0066526366
3   10   6   10   0.0050285172
3   10   6   14   -0.0132621727
3   10   7   13   -0.0821070247
4   6   1   8   0.0010325032
4   6   1   11   -0.0018770359
4   6   1   12   -0.0038269507
4   6   2   9   -0.0022157933
4   6   2   10   0.0024637392
4   6   2   14   -0.0041106312
4   6   3   9   0.0048179167
4   6   3   10   -0.0048514557
4   6   3   14   0.0092080004
4   6   4   8   0.0000146387
4   6   4   11   0.0006315805
4   6   4   12   0.0027823250
4   6   5   8   0.0061461804
4   6   5   11   -0.0078738508
4   6   5   12   -0.0076612126
4   6   6   13   -0.0083903461
4   6   7   9   -0.0010420935
4   6   7   10   0.0014899905
4   6   7   14   -0.0019590694
4   7   1   8   -0.0197778794
4   7   1   11   0.0214102832
4   7   1   12   0.0094211083
4   7   2   9   0.0049052831
4   7   2   10   -0.0054459625
4   7   2   14   -0.0000991661
4   7   3   9   -0.0135890194
4   7   3   10   -0.0062390550
4   7   3   14   -0.0064339972
4   7   4   8   0.0267467445
4   7   4   11   -0.0378385254
4   7   4   12   0.0028759406
4   7   5   8   0.0380153044
4   7   5   11   -0.0221653441
4   7   5   12   0.0133556667
4   7   6   13   0.0107323782
4   7   7   9   -0.0015737033
4   7   7   10   -0.0015929168
4   7   7   14   0.0029110337
4   8   1   9   -0.0203663877
4   8   1   10   0.0187026342
4   8   1   14   -0.0185857941
4   8   2   8   -0.0074509065
4   8   2   11   0.0161090078
4   8   2   12   0.0016229689
4   8   3   8   0.0118281197
4   8   3   11   -0.0474499385
4   8   3   12   0.0086384993
4   8   4   9   0.0267977276
4   8   4   10   -0.0372944440
4   8   4   14   0.0334606750
4   8   5   9   0.0488998692
4   8   5   10   -0.0401166681
4   8   5   14   0.0617748250
4   8   7   8   -0.0003890034
4   8   7   11   0.0016064416
4   8   7   12   0.0123972574
4   9   1   8   0.0208078116
4   9   1   11   -0.0207466266
4   9   1   12   -0.0217228551
4   9   2   9   0.0133602307
4   9   2   10   -0.0225158805
4   9   2   14   0.0028652461
4   9   3   9   -0.0225158805
4   9   3   10   0.0593121219
4   9   3   14   0.0037892252
4   9   4   8   -0.0207466266
4   9   4   11   0.0397754201
4   9   4   12   0.0375567627
4   9   5   8   -0.0217228551
4   9   5   11   0.0375567627
4   9   5   12   0.1126187904
4   9   6   13   0.0182214992
4   9   7   9   0.0028652461
4   9   7   10   0.0037892252
4   9   7   14   0.0154465632
4   10   1   13   0.0239029108
4   10   4   13   -0.0404891822
4   10   5   13   -0.0968906300
4   10   6   8   -0.0012726121
4   10   6   11   -0.0008648810
4   10   6   12   -0.0184066572
5   6   1   13   0.0088518389
5   6   4   13   -0.0121599846
5   6   5   13   0.0076890659
5   6   6   8   -0.0037951025
5   6   6   11   0.0029887085
5   6   6   12   -0.0022410680
5   7   1   13   -0.0181253637
5   7   4   13   0.0163321540
5   7   5   13   -0.0077243208
5   7   6   8   -0.0554348251
5   7   6   11   0.0459484568
5   7   6   12   -0.0079538179
5   8   2   13   -0.0066526366
5   8   3   13   0.0050285172
5   8   6   9   -0.0581389783
5   8   6   10   0.0419132785
5   8   6   14   -0.0821070247
5   8   7   13   -0.0132621727
5   9   1   13   -0.0012726121
5   9   4   13   -0.0008648810
5   9   5   13   -0.0184066572
5   9   6   8   0.0239029108
5   9   6   11   -0.0404891822
5   9   6   12   -0.0968906300
5   10   1   8   0.0134614638
5   10   1   11   -0.0119194313
5   10   1   12   0.0014936451
5   10   2   9   0.0071169701
5   10   2   10   -0.0070918586
5   10   2   14   0.0057283682
5   10   3   9   -0.0070918586
5   10   3   10   0.0105566301
5   10   3   14   -0.0026873122
5   10   4   8   -0.0119194313
5   10   4   11   0.0238633975
5   10   4   12   -0.0050648153
5   10   5   8   0.0014936451
5   10   5   11   -0.0050648153
5   10   5   12   0.0177557484
5   10   6   13   0.1537180041
5   10   7   9   0.0057283682
5   10   7   10   -0.0026873122
5   10   7   14   0.0123677513

End IJAB Block
Begin IJKL Block
1   6   1   6   4.7391783059
1   6   1   7   0.4319637219
1   6   1   9   0.1394691456
1   6   2   6   0.4319637219
1   6   2   7   0.0627093896
1   6   2   9   0.0169448330
1   6   3   8   0.0183582460
1   6   4   6   0.1394691456
1   6   4   7   0.0169448330
1   6   4   9   0.0288804416
1   6   5   10   0.0292775288
1   7   1   6   0.4319637219
1   7   1   7   1.0470562433
1   7   1   9   0.0896479568
1   7   2   6   0.0639989778
1   7   2   7   0.0143220657
1   7   2   9   0.0078248356
1   7   3   8   -0.0230407169
1   7   4   6   0.0168740903
1   7   4   7   0.0146547342
1   7   4   9   -0.0226785336
1   7   5   10   -0.0298468401
1   8   1   8   0.8761747516
1   8   2   8   0.0066845720
1   8   3   6   0.0195525804
1   8   3   7   -0.0230782732
1   8   3   9   -0.0031154690
1   8   4   8   0.0072337294
1   9   1   6   0.1394691456
1   9   1   7   0.0896479568
1   9   1   9   0.9838753431
1   9   2   6   0.0168740903
1   9   2   7   0.0078670545
1   9   2   9   0.0128867960
1   9   3   8   -0.0030679484
1   9   4   6   0.0300472863
1   9   4   7   -0.0226567258
1   9   4   9   -0.0090605889
1   9   5   10   -0.0093666659
1   10   1   10   1.0383983802
1   10   2   10   0.0116021521
1   10   4   10   0.0045733151
1   10   5   6   0.0301380313
1   10   5   7   -0.0296339481
1   10   5   9   -0.0093742459
2   6   1   6   0.4319637219
2   6   1   7   0.0639989778
2   6   1   9   0.0168740903
2   6   2   6   1.0470562433
2   6   2   7   0.0143220657
2   6   2   9   0.0146547342
2   6   3   8   -0.0230407169
2   6   4   6   0.0896479568
2   6   4   7   0.0078248356
2   6   4   9   -0.0226785336
2   6   5   10   -0.0298468401
2   7   1   6   0.0627093896
2   7   1   7   0.0143220657
2   7   1   9   0.0078670545
2   7   2   6   0.0143220657
2   7   2   7   0.7486779507
2   7   2   9   -0.0170485412
2   7   3   8   0.1486776206
2   7   4   6   0.0078670545
2   7   4   7   -0.0170485412
2   7   4   9   0.1216734343
2   7   5   10   0.1240742482
2   8   1   8   0.0066845720
2   8   2   8   0.6745216428
2   8   3   6   -0.0230782732
2   8   3   7   0.1499089610
2   8   3   9   -0.0162166522
2   8   4   8   -0.0133302061
2   9   1   6   0.0169448330
2   9   1   7   0.0078248356
2   9   1   9   0.0128867960
2   9   2   6   0.0146547342
2   9   2   7   -0.0170485412
2   9   2   9   0.6766922733
2   9   3   8   -0.0163075603
2   9   4   6   -0.0226567258
2   9   4   7   0.1238932814
2   9   4   9   0.0687997572
2   9   5   10   0.0298661276
2   10   1   10   0.0116021521
2   10   2   10   0.7106573870
2   10   4   10   0.0364554466
2   10   5   6   -0.0296339481
2   10   5   7   0.1265808559
2   10   5   9   0.0299466090
3   6   1   8   0.0195525804
3   6   2   8   -0.0230782732
3   6   3   6   0.8761747516
3   6   3   7   0.0066845720
3   6   3   9   0.0072337294
3   6   4   8   -0.0031154690
3   7   1   8   -0.0230782732
3   7   2   8   0.1499089610
3   7   3   6   0.0066845720
3   7   3   7   0.6745216428
3   7   3   9   -0.0133302061
3   7   4   8   -0.0162166522
3   8   1   6   0.0183582460
3   8   1   7   -0.0230407169
3   8   1   9   -0.0030679484
3   8   2   6   -0.0230407169
3   8   2   7   0.1486776206
3   8   2   9   -0.0163075603
3   8   3   8   0.6560310317
3   8   4   6   -0.0030679484
3   8   4   7   -0.0163075603
3   8   4   9   0.0368442215
3   8   5   10   0.0266198188
3   9   1   8   -0.0031154690
3   9   2   8   -0.0162166522
3   9   3   6   0.0072337294
3   9   3   7   -0.0133302061
3   9   3   9   0.6019499192
3   9   4   8   0.0395953808
3   10   3   10   0.6185952665
3   10   5   8   0.0300934977
4   6   1   6   0.1394691456
4   6   1   7   0.0168740903
4   6   1   9   0.0300472863
4   6   2   6   0.0896479568
4   6   2   7   0.0078670545
4   6   2   9   -0.0226567258
4   6   3   8   -0.0030679484
4   6   4   6   0.9838753431
4   6   4   7   0.0128867960
4   6   4   9   -0.0090605889
4   6   5   10   -0.0093666659
4   7   1   6   0.0169448330
4   7   1   7   0.0146547342
4   7   1   9   -0.0226567258
4   7   2   6   0.0078248356
4   7   2   7   -0.0170485412
4   7   2   9   0.1238932814
4   7   3   8   -0.0163075603
4   7   4   6   0.0128867960
4   7   4   7   0.6766922733
4   7   4   9   0.0687997572
4   7   5   10   0.0298661276
4   8   1   8   0.0072337294
4   8   2   8   -0.0133302061
4   8   3   6   -0.0031154690
4   8   3   7   -0.0162166522
4   8   3   9   0.0395953808
4   8   4   8   0.6019499192
4   9   1   6   0.0288804416
4   9   1   7   -0.0226785336
4   9   1   9   -0.0090605889
4   9   2   6   -0.0226785336
4   9   2   7   0.1216734343
4   9   2   9   0.0687997572
4   9   3   8   0.0368442215
4   9   4   6   -0.0090605889
4   9   4   7   0.0687997572
4   9   4   9   0.7190498104
4   9   5   10   0.0386095989
4   10   1   10   0.0045733151
4   10   2   10   0.0364554466
4   10   4   10   0.6597720603
4   10   5   6   -0.0093742459
4   10   5   7   0.0299466090
4   10   5   9   0.0422302000
5   6   1   10   0.0301380313
5   6   2   10   -0.0296339481
5   6   4   10   -0.0093742459
5   6   5   6   1.0383983802
5   6   5   7   0.0116021521
5   6   5   9   0.0045733151
5   7   1   10   -0.0296339481
5   7   2   10   0.1265808559
5   7   4   10   0.0299466090
5   7   5   6   0.0116021521
5   7   5   7   0.7106573870
5   7   5   9   0.0364554466
5   8   3   10   0.0300934977
5   8   5   8   0.6185952665
5   9   1   10   -0.0093742459
5   9   2   10   0.0299466090
5   9   4   10   0.0422302000
5   9   5   6   0.0045733151
5   9   5   7   0.0364554466
5   9   5   9   0.6597720603
5   10   1   6   0.0292775288
5   10   1   7   -0.0298468401
5   10   1   9   -0.0093666659
5   10   2   6   -0.0298468401
5   10   2   7   0.1240742482
5   10   2   9   0.0298661276
5   10   3   8   0.0266198188
5   10   4   6   -0.0093666659
5   10   4   7   0.0298661276
5   10   4   9   0.0386095989
5   10   5   10   0.7516906165

End IJKL Block
Begin ABCD Block
1   8   1   8   0.3009843355
1   8   1   11   -0.0359268350
1   8   1   12   -0.0259411820
1   8   2   9   0.0739409599
1   8   2   10   0.0024013721
1   8   2   14   0.0116292644
1   8   3   9   0.0024013721
1   8   3   10   0.0138792169
1   8   3   14   -0.0012255591
1   8   4   8   -0.0359268350
1   8   4   11   0.0380754514
1   8   4   12   0.0108255608
1   8   5   8   -0.0259411820
1   8   5   11   0.0108255608
1   8   5   12   0.0250337246
1   8   6   13   0.0222104719
1   8   7   9   0.0116292644
1   8   7   10   -0.0012255591
1   8   7   14   0.0210375777
1   9   1   9   0.2890119869
1   9   1   10   -0.0300725763
1   9   1   14   0.0276300953
1   9   2   8   0.0739409599
1   9   2   11   -0.0050583655
1   9   2   12   -0.0017897747
1   9   3   8   0.0024013721
1   9   3   11   0.0102904911
1   9   3   12   0.0039908106
1   9   4   9   -0.0338015710
1   9   4   10   0.0239710423
1   9   4   14   -0.0260625165
1   9   5   9   -0.0174823917
1   9   5   10   0.0093530673
1   9   5   14   -0.0086499722
1   9   7   8   0.0116292644
1   9   7   11   -0.0084727299
1   9   7   12   -0.0013256060
1   10   1   9   -0.0300725763
1   10   1   10   0.3320306788
1   10   1   14   -0.0123997298
1   10   2   8   0.0024013721
1   10   2   11   0.0614167343
1   10   2   12   0.0118880313
1   10   3   8   0.0138792169
1   10   3   11   -0.0205201511
1   10   3   12   0.0025349442
1   10   4   9   0.0239710423
1   10   4   10   -0.0793651031
1   10   4   14   0.0124434157
1   10   5   9   0.0093530673
1   10   5   10   -0.0263348207
1   10   5   14   0.0157764775
1   10   7   8   -0.0012255591
1   10   7   11   0.0237653578
1   10   7   12   0.0050814766
1   11   1   8   -0.0359268350
1   11   1   11   0.3468209790
1   11   1   12   -0.0003937713
1   11   2   9   -0.0050583655
1   11   2   10   0.0614167343
1   11   2   14   -0.0341522885
1   11   3   9   0.0102904911
1   11   3   10   -0.0205201511
1   11   3   14   0.0064227257
1   11   4   8   0.0380754514
1   11   4   11   -0.0949783759
1   11   4   12   -0.0048895279
1   11   5   8   0.0108255608
1   11   5   11   -0.0370866060
1   11   5   12   -0.0047100902
1   11   6   13   -0.0025736006
1   11   7   9   -0.0084727299
1   11   7   10   0.0237653578
1   11   7   14   -0.0142565853
1   12   1   8   -0.0259411820
1   12   1   11   -0.0003937713
1   12   1   12   0.3260619970
1   12   2   9   -0.0017897747
1   12   2   10   0.0118880313
1   12   2   14   0.0111252530
1   12   3   9   0.0039908106
1   12   3   10   0.0025349442
1   12   3   14   0.0074455656
1   12   4   8   0.0108255608
1   12   4   11   -0.0048895279
1   12   4   12   -0.0697451820
1   12   5   8   0.0250337246
1   12   5   11   -0.0047100902
1   12   5   12   -0.0262988706
1   12   6   13   -0.0007172932
1   12   7   9   -0.0013256060
1   12   7   10   0.0050814766
1   12   7   14   0.0132444025
1   13   1   13   0.3287105962
1   13   4   13   -0.0760038851
1   13   5   13   -0.0293356004
1   13   6   8   0.0222104719
1   13   6   11   -0.0025736006
1   13   6   12   -0.0007172932
1   14   1   9   0.0276300953
1   14   1   10   -0.0123997298
1   14   1   14   0.3154671538
1   14   2   8   0.0116292644
1   14   2   11   -0.0341522885
1   14   2   12   0.0111252530
1   14   3   8   -0.0012255591
1   14   3   11   0.0064227257
1   14   3   12   0.0074455656
1   14   4   9   -0.0260625165
1   14   4   10   0.0124434157
1   14   4   14   -0.0694257271
1   14   5   9   -0.0086499722
1   14   5   10   0.0157764775
1   14   5   14   -0.0103547456
1   14   7   8   0.0210375777
1   14   7   11   -0.0142565853
1   14   7   12   0.0132444025
2   8   1   9   0.0739409599
2   8   1   10   0.0024013721
2   8   1   14   0.0116292644
2   8   2   8   0.2890119869
2   8   2   11   -0.0338015710
2   8   2   12   -0.0174823917
2   8   3   8   -0.0300725763
2   8   3   11   0.0239710423
2   8   3   12   0.0093530673
2   8   4   9   -0.0050583655
2   8   4   10   0.0102904911
2   8   4   14   -0.0084727299
2   8   5   9   -0.0017897747
2   8   5   10   0.0039908106
2   8   5   14   -0.0013256060
2   8   7   8   0.0276300953
2   8   7   11   -0.0260625165
2   8   7   12   -0.0086499722
2   9   1   8   0.0739409599
2   9   1   11   -0.0050583655
2   9   1   12   -0.0017897747
2   9   2   9   0.2954518567
2   9   2   10   -0.0271898590
2   9   2   14   0.0246792335
2   9   3   9   -0.0271898590
2   9   3   10   0.0288322396
2   9   3   14   -0.0238480680
2   9   4   8   -0.0050583655
2   9   4   11   0.0127549197
2   9   4   12   0.0026438282
2   9   5   8   -0.0017897747
2   9   5   11   0.0026438282
2   9   5   12   0.0051611577
2   9   6   13   0.0051834119
2   9   7   9   0.0246792335
2   9   7   10   -0.0238480680
2   9   7   14   0.0326497985
2   10   1   8   0.0024013721
2   10   1   11   0.0614167343
2   10   1   12   0.0118880313
2   10   2   9   -0.0271898590
2   10   2   10   0.3221814325
2   10   2   14   -0.0182428386
2   10   3   9   0.0288322396
2   10   3   10   -0.0736452048
2   10   3   14   0.0099189106
2   10   4   8   0.0102904911
2   10   4   11   -0.0262730309
2   10   4   12   -0.0004717321
2   10   5   8   0.0039908106
2   10   5   11   -0.0067754163
2   10   5   12   -0.0038524887
2   10   6   13   -0.0020708774
2   10   7   9   -0.0238480680
2   10   7   10   0.0608115432
2   10   7   14   -0.0126745216
2   11   1   9   -0.0050583655
2   11   1   10   0.0614167343
2   11   1   14   -0.0341522885
2   11   2   8   -0.0338015710
2   11   2   11   0.3301416841
2   11   2   12   -0.0001650978
2   11   3   8   0.0239710423
2   11   3   11   -0.0703108760
2   11   3   12   -0.0050569520
2   11   4   9   0.0127549197
2   11   4   10   -0.0262730309
2   11   4   14   0.0120214170
2   11   5   9   0.0026438282
2   11   5   10   -0.0067754163
2   11   5   14   0.0025954504
2   11   7   8   -0.0260625165
2   11   7   11   0.0647101293
2   11   7   12   0.0085285302
2   12   1   9   -0.0017897747
2   12   1   10   0.0118880313
2   12   1   14   0.0111252530
2   12   2   8   -0.0174823917
2   12   2   11   -0.0001650978
2   12   2   12   0.3063011989
2   12   3   8   0.0093530673
2   12   3   11   -0.0050569520
2   12   3   12   -0.0751952520
2   12   4   9   0.0026438282
2   12   4   10   -0.0004717321
2   12   4   14   0.0012654060
2   12   5   9   0.0051611577
2   12   5   10   -0.0038524887
2   12   5   14   0.0047407115
2   12   7   8   -0.0086499722
2   12   7   11   0.0085285302
2   12   7   12   0.0741208603
2   13   2   13   0.3104962093
2   13   3   13   -0.0766435591
2   13   6   9   0.0051834119
2   13   6   10   -0.0020708774
2   13   6   14   0.0076376515
2   13   7   13   0.0888346724
2   14   1   8   0.0116292644
2   14   1   11   -0.0341522885
2   14   1   12   0.0111252530
2   14   2   9   0.0246792335
2   14   2   10   -0.0182428386
2   14   2   14   0.3107341635
2   14   3   9   -0.0238480680
2   14   3   10   0.0099189106
2   14   3   14   -0.0685965358
2   14   4   8   -0.0084727299
2   14   4   11   0.0120214170
2   14   4   12   0.0012654060
2   14   5   8   -0.0013256060
2   14   5   11   0.0025954504
2   14   5   12   0.0047407115
2   14   6   13   0.0076376515
2   14   7   9   0.0326497985
2   14   7   10   -0.0126745216
2   14   7   14   0.0763297568
3   8   1   9   0.0024013721
3   8   1   10   0.0138792169
3   8   1   14   -0.0012255591
3   8   2   8   -0.0300725763
3   8   2   11   0.0239710423
3   8   2   12   0.0093530673
3   8   3   8   0.3320306788
3   8   3   11   -0.0793651031
3   8   3   12   -0.0263348207
3   8   4   9   0.0614167343
3   8   4   10   -0.0205201511
3   8   4   14   0.0237653578
3   8   5   9   0.0118880313
3   8   5   10   0.0025349442
3   8   5   14   0.0050814766
3   8   7   8   -0.0123997298
3   8   7   11   0.0124434157
3   8   7   12   0.0157764775
3   9   1   8   0.0024013721
3   9   1   11   0.0102904911
3   9   1   12   0.0039908106
3   9   2   9   -0.0271898590
3   9   2   10   0.0288322396
3   9   2   14   -0.0238480680
3   9   3   9   0.3221814325
3   9   3   10   -0.0736452048
3   9   3   14   0.0608115432
3   9   4   8   0.0614167343
3   9   4   11   -0.0262730309
3   9   4   12   -0.0067754163
3   9   5   8   0.0118880313
3   9   5   11   -0.0004717321
3   9   5   12   -0.0038524887
3   9   6   13   -0.0020708774
3   9   7   9   -0.0182428386
3   9   7   10   0.0099189106
3   9   7   14   -0.0126745216
3   10   1   8   0.0138792169
3   10   1   11   -0.0205201511
3   10   1   12   0.0025349442
3   10   2   9   0.0288322396
3   10   2   10   -0.0736452048
3   10   2   14   0.0099189106
3   10   3   9   -0.0736452048
3   10   3   10   0.4928391344
3   10   3   14   -0.0156832848
3   10   4   8   -0.0205201511
3   10   4   11   0.1313483449
3   10   4   12   0.0042279008
3   10   5   8   0.0025349442
3   10   5   11   0.0042279008
3   10   5   12   0.0153669299
3   10   6   13   0.0062568229
3   10   7   9   0.0099189106
3   10   7   10   -0.0156832848
3   10   7   14   0.0324060964
3   11   1   9   0.0102904911
3   11   1   10   -0.0205201511
3   11   1   14   0.0064227257
3   11   2   8   0.0239710423
3   11   2   11   -0.0703108760
3   11   2   12   -0.0050569520
3   11   3   8   -0.0793651031
3   11   3   11   0.4889046840
3   11   3   12   -0.0087354618
3   11   4   9   -0.0262730309
3   11   4   10   0.1313483449
3   11   4   14   -0.0470026235
3   11   5   9   -0.0004717321
3   11   5   10   0.0042279008
3   11   5   14   -0.0041926302
3   11   7   8   0.0124434157
3   11   7   11   -0.0308223065
3   11   7   12   -0.0051404735
3   12   1   9   0.0039908106
3   12   1   10   0.0025349442
3   12   1   14   0.0074455656
3   12   2   8   0.0093530673
3   12   2   11   -0.0050569520
3   12   2   12   -0.0751952520
3   12   3   8   -0.0263348207
3   12   3   11   -0.0087354618
3   12   3   12   0.4324710114
3   12   4   9   -0.0067754163
3   12   4   10   0.0042279008
3   12   4   14   0.0087818129
3   12   5   9   -0.0038524887
3   12   5   10   0.0153669299
3   12   5   14   0.0061451284
3   12   7   8   0.0157764775
3   12   7   11   -0.0051404735
3   12   7   12   -0.0082886824
3   13   2   13   -0.0766435591
3   13   3   13   0.4208348644
3   13   6   9   -0.0020708774
3   13   6   10   0.0062568229
3   13   6   14   0.0000431842
3   13   7   13   -0.0189692587
3   14   1   8   -0.0012255591
3   14   1   11   0.0064227257
3   14   1   12   0.0074455656
3   14   2   9   -0.0238480680
3   14   2   10   0.0099189106
3   14   2   14   -0.0685965358
3   14   3   9   0.0608115432
3   14   3   10   -0.0156832848
3   14   3   14   0.4194070306
3   14   4   8   0.0237653578
3   14   4   11   -0.0470026235
3   14   4   12   0.0087818129
3   14   5   8   0.0050814766
3   14   5   11   -0.0041926302
3   14   5   12   0.0061451284
3   14   6   13   0.0000431842
3   14   7   9   -0.0126745216
3   14   7   10   0.0324060964
3   14   7   14   -0.0031409900
4   8   1   8   -0.0359268350
4   8   1   11   0.0380754514
4   8   1   12   0.0108255608
4   8   2   9   -0.0050583655
4   8   2   10   0.0102904911
4   8   2   14   -0.0084727299
4   8   3   9   0.0614167343
4   8   3   10   -0.0205201511
4   8   3   14   0.0237653578
4   8   4   8   0.3468209790
4   8   4   11   -0.0949783759
4   8   4   12   -0.0370866060
4   8   5   8   -0.0003937713
4   8   5   11   -0.0048895279
4   8   5   12   -0.0047100902
4   8   6   13   -0.0025736006
4   8   7   9   -0.0341522885
4   8   7   10   0.0064227257
4   8   7   14   -0.0142565853
4   9   1   9   -0.0338015710
4   9   1   10   0.0239710423
4   9   1   14   -0.0260625165
4   9   2   8   -0.0050583655
4   9   2   11   0.0127549197
4   9   2   12   0.0026438282
4   9   3   8   0.0614167343
4   9   3   11   -0.0262730309
4   9   3   12   -0.0067754163
4   9   4   9   0.3301416841
4   9   4   10   -0.0703108760
4   9   4   14   0.0647101293
4   9   5   9   -0.0001650978
4   9   5   10   -0.0050569520
4   9   5   14   0.0085285302
4   9   7   8   -0.0341522885
4   9   7   11   0.0120214170
4   9   7   12   0.0025954504
4   10   1   9   0.0239710423
4   10   1   10   -0.0793651031
4   10   1   14   0.0124434157
4   10   2   8   0.0102904911
4   10   2   11   -0.0262730309
4   10   2   12   -0.0004717321
4   10   3   8   -0.0205201511
4   10   3   11   0.1313483449
4   10   3   12   0.0042279008
4   10   4   9   -0.0703108760
4   10   4   10   0.4889046840
4   10   4   14   -0.0308223065
4   10   5   9   -0.0050569520
4   10   5   10   -0.0087354618
4   10   5   14   -0.0051404735
4   10   7   8   0.0064227257
4   10   7   11   -0.0470026235
4   10   7   12   -0.0041926302
4   11   1   8   0.0380754514
4   11   1   11   -0.0949783759
4   11   1   12   -0.0048895279
4   11   2   9   0.0127549197
4   11   2   10   -0.0262730309
4   11   2   14   0.0120214170
4   11   3   9   -0.0262730309
4   11   3   10   0.1313483449
4   11   3   14   -0.0470026235
4   11   4   8   -0.0949783759
4   11   4   11   0.5277905646
4   11   4   12   -0.0133009790
4   11   5   8   -0.0048895279
4   11   5   11   -0.0133009790
4   11   5   12   0.0238822955
4   11   6   13   0.0117427815
4   11   7   9   0.0120214170
4   11   7   10   -0.0470026235
4   11   7   14   0.0287396096
4   12   1   8   0.0108255608
4   12   1   11   -0.0048895279
4   12   1   12   -0.0697451820
4   12   2   9   0.0026438282
4   12   2   10   -0.0004717321
4   12   2   14   0.0012654060
4   12   3   9   -0.0067754163
4   12   3   10   0.0042279008
4   12   3   14   0.0087818129
4   12   4   8   -0.0370866060
4   12   4   11   -0.0133009790
4   12   4   12   0.4241074113
4   12   5   8   -0.0047100902
4   12   5   11   0.0238822955
4   12   5   12   0.0244620972
4   12   6   13   0.0016102214
4   12   7   9   0.0025954504
4   12   7   10   -0.0041926302
4   12   7   14   -0.0053442525
4   13   1   13   -0.0760038851
4   13   4   13   0.4241510607
4   13   5   13   0.0302671484
4   13   6   8   -0.0025736006
4   13   6   11   0.0117427815
4   13   6   12   0.0016102214
4   14   1   9   -0.0260625165
4   14   1   10   0.0124434157
4   14   1   14   -0.0694257271
4   14   2   8   -0.0084727299
4   14   2   11   0.0120214170
4   14   2   12   0.0012654060
4   14   3   8   0.0237653578
4   14   3   11   -0.0470026235
4   14   3   12   0.0087818129
4   14   4   9   0.0647101293
4   14   4   10   -0.0308223065
4   14   4   14   0.4107202075
4   14   5   9   0.0085285302
4   14   5   10   -0.0051404735
4   14   5   14   0.0166420835
4   14   7   8   -0.0142565853
4   14   7   11   0.0287396096
4   14   7   12   -0.0053442525
5   8   1   8   -0.0259411820
5   8   1   11   0.0108255608
5   8   1   12   0.0250337246
5   8   2   9   -0.0017897747
5   8   2   10   0.0039908106
5   8   2   14   -0.0013256060
5   8   3   9   0.0118880313
5   8   3   10   0.0025349442
5   8   3   14   0.0050814766
5   8   4   8   -0.0003937713
5   8   4   11   -0.0048895279
5   8   4   12   -0.0047100902
5   8   5   8   0.3260619970
5   8   5   11   -0.0697451820
5   8   5   12   -0.0262988706
5   8   6   13   -0.0007172932
5   8   7   9   0.0111252530
5   8   7   10   0.0074455656
5   8   7   14   0.0132444025
5   9   1   9   -0.0174823917
5   9   1   10   0.0093530673
5   9   1   14   -0.0086499722
5   9   2   8   -0.0017897747
5   9   2   11   0.0026438282
5   9   2   12   0.0051611577
5   9   3   8   0.0118880313
5   9   3   11   -0.0004717321
5   9   3   12   -0.0038524887
5   9   4   9   -0.0001650978
5   9   4   10   -0.0050569520
5   9   4   14   0.0085285302
5   9   5   9   0.3063011989
5   9   5   10   -0.0751952520
5   9   5   14   0.0741208603
5   9   7   8   0.0111252530
5   9   7   11   0.0012654060
5   9   7   12   0.0047407115
5   10   1   9   0.0093530673
5   10   1   10   -0.0263348207
5   10   1   14   0.0157764775
5   10   2   8   0.0039908106
5   10   2   11   -0.0067754163
5   10   2   12   -0.0038524887
5   10   3   8   0.0025349442
5   10   3   11   0.0042279008
5   10   3   12   0.0153669299
5   10   4   9   -0.0050569520
5   10   4   10   -0.0087354618
5   10   4   14   -0.0051404735
5   10   5   9   -0.0751952520
5   10   5   10   0.4324710114
5   10   5   14   -0.0082886824
5   10   7   8   0.0074455656
5   10   7   11   0.0087818129
5   10   7   12   0.0061451284
5   11   1   8   0.0108255608
5   11   1   11   -0.0370866060
5   11   1   12   -0.0047100902
5   11   2   9   0.0026438282
5   11   2   10   -0.0067754163
5   11   2   14   0.0025954504
5   11   3   9   -0.0004717321
5   11   3   10   0.0042279008
5   11   3   14   -0.0041926302
5   11   4   8   -0.0048895279
5   11   4   11   -0.0133009790
5   11   4   12   0.0238822955
5   11   5   8   -0.0697451820
5   11   5   11   0.4241074113
5   11   5   12   0.0244620972
5   11   6   13   0.0016102214
5   11   7   9   0.0012654060
5   11   7   10   0.0087818129
5   11   7   14   -0.0053442525
5   12   1   8   0.0250337246
5   12   1   11   -0.0047100902
5   12   1   12   -0.0262988706
5   12   2   9   0.0051611577
5   12   2   10   -0.0038524887
5   12   2   14   0.0047407115
5   12   3   9   -0.0038524887
5   12   3   10   0.0153669299
5   12   3   14   0.0061451284
5   12   4   8   -0.0047100902
5   12   4   11   0.0238822955
5   12   4   12   0.0244620972
5   12   5   8   -0.0262988706
5   12   5   11   0.0244620972
5   12   5   12   0.5185138553
5   12   6   13   0.0239220232
5   12   7   9   0.0047407115
5   12   7   10   0.0061451284
5   12   7   14   0.0293411933
5   13   1   13   -0.0293356004
5   13   4   13   0.0302671484
5   13   5   13   0.5069624691
5   13   6   8   -0.0007172932
5   13   6   11   0.0016102214
5   13   6   12   0.0239220232
5   14   1   9   -0.0086499722
5   14   1   10   0.0157764775
5   14   1   14   -0.0103547456
5   14   2   8   -0.0013256060
5   14   2   11   0.0025954504
5   14   2   12   0.0047407115
5   14   3   8   0.0050814766
5   14   3   11   -0.0041926302
5   14   3   12   0.0061451284
5   14   4   9   0.0085285302
5   14   4   10   -0.0051404735
5   14   4   14   0.0166420835
5   14   5   9   0.0741208603
5   14   5   10   -0.0082886824
5   14   5   14   0.4588466832
5   14   7   8   0.0132444025
5   14   7   11   -0.0053442525
5   14   7   12   0.0293411933
6   8   1   13   0.0222104719
6   8   4   13   -0.0025736006
6   8   5   13   -0.0007172932
6   8   6   8   0.3287105962
6   8   6   11   -0.0760038851
6   8   6   12   -0.0293356004
6   9   2   13   0.0051834119
6   9   3   13   -0.0020708774
6   9   6   9   0.3104962093
6   9   6   10   -0.0766435591
6   9   6   14   0.0888346724
6   9   7   13   0.0076376515
6   10   2   13   -0.0020708774
6   10   3   13   0.0062568229
6   10   6   9   -0.0766435591
6   10   6   10   0.4208348644
6   10   6   14   -0.0189692587
6   10   7   13   0.0000431842
6   11   1   13   -0.0025736006
6   11   4   13   0.0117427815
6   11   5   13   0.0016102214
6   11   6   8   -0.0760038851
6   11   6   11   0.4241510607
6   11   6   12   0.0302671484
6   12   1   13   -0.0007172932
6   12   4   13   0.0016102214
6   12   5   13   0.0239220232
6   12   6   8   -0.0293356004
6   12   6   11   0.0302671484
6   12   6   12   0.5069624691
6   13   1   8   0.0222104719
6   13   1   11   -0.0025736006
6   13   1   12   -0.0007172932
6   13   2   9   0.0051834119
6   13   2   10   -0.0020708774
6   13   2   14   0.0076376515
6   13   3   9   -0.0020708774
6   13   3   10   0.0062568229
6   13   3   14   0.0000431842
6   13   4   8   -0.0025736006
6   13   4   11   0.0117427815
6   13   4   12   0.0016102214
6   13   5   8   -0.0007172932
6   13   5   11   0.0016102214
6   13   5   12   0.0239220232
6   13   6   13   0.6070504761
6   13   7   9   0.0076376515
6   13   7   10   0.0000431842
6   13   7   14   0.0204596943
6   14   2   13   0.0076376515
6   14   3   13   0.0000431842
6   14   6   9   0.0888346724
6   14   6   10   -0.0189692587
6   14   6   14   0.4812790245
6   14   7   13   0.0204596943
7   8   1   9   0.0116292644
7   8   1   10   -0.0012255591
7   8   1   14   0.0210375777
7   8   2   8   0.0276300953
7   8   2   11   -0.0260625165
7   8   2   12   -0.0086499722
7   8   3   8   -0.0123997298
7   8   3   11   0.0124434157
7   8   3   12   0.0157764775
7   8   4   9   -0.0341522885
7   8   4   10   0.0064227257
7   8   4   14   -0.0142565853
7   8   5   9   0.0111252530
7   8   5   10   0.0074455656
7   8   5   14   0.0132444025
7   8   7   8   0.3154671538
7   8   7   11   -0.0694257271
7   8   7   12   -0.0103547456
7   9   1   8   0.0116292644
7   9   1   11   -0.0084727299
7   9   1   12   -0.0013256060
7   9   2   9   0.0246792335
7   9   2   10   -0.0238480680
7   9   2   14   0.0326497985
7   9   3   9   -0.0182428386
7   9   3   10   0.0099189106
7   9   3   14   -0.0126745216
7   9   4   8   -0.0341522885
7   9   4   11   0.0120214170
7   9   4   12   0.0025954504
7   9   5   8   0.0111252530
7   9   5   11   0.0012654060
7   9   5   12   0.0047407115
7   9   6   13   0.0076376515
7   9   7   9   0.3107341635
7   9   7   10   -0.0685965358
7   9   7   14   0.0763297568
7   10   1   8   -0.0012255591
7   10   1   11   0.0237653578
7   10   1   12   0.0050814766
7   10   2   9   -0.0238480680
7   10   2   10   0.0608115432
7   10   2   14   -0.0126745216
7   10   3   9   0.0099189106
7   10   3   10   -0.0156832848
7   10   3   14   0.0324060964
7   10   4   8   0.0064227257
7   10   4   11   -0.0470026235
7   10   4   12   -0.0041926302
7   10   5   8   0.0074455656
7   10   5   11   0.0087818129
7   10   5   12   0.0061451284
7   10   6   13   0.0000431842
7   10   7   9   -0.0685965358
7   10   7   10   0.4194070306
7   10   7   14   -0.0031409900
7   11   1   9   -0.0084727299
7   11   1   10   0.0237653578
7   11   1   14   -0.0142565853
7   11   2   8   -0.0260625165
7   11   2   11   0.0647101293
7   11   2   12   0.0085285302
7   11   3   8   0.0124434157
7   11   3   11   -0.0308223065
7   11   3   12   -0.0051404735
7   11   4   9   0.0120214170
7   11   4   10   -0.0470026235
7   11   4   14   0.0287396096
7   11   5   9   0.0012654060
7   11   5   10   0.0087818129
7   11   5   14   -0.0053442525
7   11   7   8   -0.0694257271
7   11   7   11   0.4107202075
7   11   7   12   0.0166420835
7   12   1   9   -0.0013256060
7   12   1   10   0.0050814766
7   12   1   14   0.0132444025
7   12   2   8   -0.0086499722
7   12   2   11   0.0085285302
7   12   2   12   0.0741208603
7   12   3   8   0.0157764775
7   12   3   11   -0.0051404735
7   12   3   12   -0.0082886824
7   12   4   9   0.0025954504
7   12   4   10   -0.0041926302
7   12   4   14   -0.0053442525
7   12   5   9   0.0047407115
7   12   5   10   0.0061451284
7   12   5   14   0.0293411933
7   12   7   8   -0.0103547456
7   12   7   11   0.0166420835
7   12   7   12   0.4588466832
7   13   2   13   0.0888346724
7   13   3   13   -0.0189692587
7   13   6   9   0.0076376515
7   13   6   10   0.0000431842
7   13   6   14   0.0204596943
7   13   7   13   0.4812790245
7   14   1   8   0.0210375777
7   14   1   11   -0.0142565853
7   14   1   12   0.0132444025
7   14   2   9   0.0326497985
7   14   2   10   -0.0126745216
7   14   2   14   0.0763297568
7   14   3   9   -0.0126745216
7   14   3   10   0.0324060964
7   14   3   14   -0.0031409900
7   14   4   8   -0.0142565853
7   14   4   11   0.0287396096
7   14   4   12   -0.0053442525
7   14   5   8   0.0132444025
7   14   5   11   -0.0053442525
7   14   5   12   0.0293411933
7   14   6   13   0.0204596943
7   14   7   9   0.0763297568
7   14   7   10   -0.0031409900
7   14   7   14   0.4778493347

End ABCD Block
Begin AIJB Block
1   6   1   8   0.0100695015
1   6   1   9   0.0000000000
1   6   1   10   0.0000000000
1   6   1   11   -0.0110817396
1   6   1   12   -0.0041190241
1   6   1   14   -0.0000000000
1   6   2   8   -0.0006965564
1   6   2   11   0.0025661176
1   6   2   12   0.0090504876
1   6   3   9   -0.0023932348
1   6   3   10   0.0020988912
1   6   3   14   -0.0049399370
1   6   4   8   0.0009054777
1   6   4   11   -0.0017018545
1   6   4   12   -0.0037785000
1   6   5   13   0.0087013146
1   7   1   8   -0.0006965564
1   7   1   11   0.0016534662
1   7   1   12   0.0050071606
1   7   2   8   0.0357666407
1   7   2   11   -0.0345084362
1   7   2   12   -0.0084426059
1   7   3   9   0.0106180828
1   7   3   10   -0.0103676653
1   7   3   14   0.0174365170
1   7   4   8   -0.0199474432
1   7   4   11   0.0214086041
1   7   4   12   0.0091720973
1   7   5   13   -0.0172949363
1   8   1   9   0.0012569307
1   8   1   10   -0.0030409595
1   8   1   14   0.0015141834
1   8   2   9   0.0320727656
1   8   2   10   -0.0160773740
1   8   2   14   0.0441230532
1   8   3   8   0.0189608681
1   8   3   11   -0.0243467122
1   8   3   12   0.0017971476
1   8   4   9   -0.0213819641
1   8   4   10   0.0192842326
1   8   4   14   -0.0193054121
1   9   1   8   0.0009054777
1   9   1   11   0.0001179157
1   9   1   12   0.0061454602
1   9   2   8   -0.0199474432
1   9   2   11   0.0263521638
1   9   2   12   0.0371346809
1   9   3   9   -0.0080270242
1   9   3   10   0.0123878863
1   9   3   14   -0.0006576324
1   9   4   8   0.0198776764
1   9   4   11   -0.0204370631
1   9   4   12   -0.0228151809
1   9   5   13   -0.0010414248
1   10   1   13   -0.0040933626
1   10   2   13   -0.0539786992
1   10   4   13   0.0252942839
1   10   5   8   0.0112657955
1   10   5   11   -0.0104660490
1   10   5   12   0.0014306781
2   6   1   8   0.0000000000
2   6   1   9   0.0060874249
2   6   1   10   -0.0058361729
2   6   1   11   0.0000000000
2   6   1   14   0.0132642793
2   6   2   9   -0.0052683985
2   6   2   10   0.0050145921
2   6   2   14   -0.0105806150
2   6   3   8   0.0012569307
2   6   3   11   -0.0014614356
2   6   3   12   0.0005962428
2   6   4   9   -0.0021108715
2   6   4   10   0.0023435415
2   6   4   14   -0.0040805267
2   7   1   9   -0.0052683985
2   7   1   10   0.0040751449
2   7   1   14   -0.0071897252
2   7   2   9   0.0184358554
2   7   2   10   -0.0153715507
2   7   2   14   0.0181265602
2   7   3   8   0.0320727656
2   7   3   11   -0.0245765041
2   7   3   12   -0.0021741066
2   7   4   9   0.0042532063
2   7   4   10   -0.0042145775
2   7   4   14   -0.0004748536
2   8   1   8   -0.0023932348
2   8   1   11   -0.0002591640
2   8   1   12   0.0006583713
2   8   2   8   0.0106180828
2   8   2   11   -0.0019346666
2   8   2   12   -0.0061295943
2   8   3   9   0.0497734129
2   8   3   10   -0.0406723522
2   8   3   14   0.0501024810
2   8   4   8   -0.0080270242
2   8   4   11   0.0164311535
2   8   4   12   0.0011102695
2   8   5   13   -0.0064066544
2   9   1   9   -0.0021108715
2   9   1   10   0.0046982370
2   9   1   14   -0.0009029440
2   9   2   9   0.0042532063
2   9   2   10   -0.0129490266
2   9   2   14   -0.0023995510
2   9   3   8   -0.0213819641
2   9   3   11   0.0272031508
2   9   3   12   0.0494437586
2   9   4   9   0.0124433557
2   9   4   10   -0.0213840103
2   9   4   14   0.0023328810
2   10   3   13   -0.0591675560
2   10   5   9   0.0060309127
2   10   5   10   -0.0059501565
2   10   5   14   0.0051217668
3   6   1   8   0.0000000000
3   6   1   9   -0.0058361729
3   6   1   10   0.0056294590
3   6   1   14   -0.0127049929
3   6   2   9   0.0040751449
3   6   2   10   -0.0041570160
3   6   2   14   0.0080855522
3   6   3   8   -0.0030409595
3   6   3   11   0.0043651928
3   6   3   12   0.0051749052
3   6   4   9   0.0046982370
3   6   4   10   -0.0047719317
3   6   4   14   0.0091893924
3   7   1   9   0.0050145921
3   7   1   10   -0.0041570160
3   7   1   14   0.0066567611
3   7   2   9   -0.0153715507
3   7   2   10   0.0390839996
3   7   2   14   -0.0060164489
3   7   3   8   -0.0160773740
3   7   3   11   0.0311805026
3   7   3   12   -0.0059486384
3   7   4   9   -0.0129490266
3   7   4   10   -0.0070328501
3   7   4   14   -0.0060784880
3   8   1   8   0.0020988912
3   8   1   11   0.0004267757
3   8   1   12   -0.0001468406
3   8   2   8   -0.0103676653
3   8   2   11   0.0282279157
3   8   2   12   -0.0042516808
3   8   3   9   -0.0406723522
3   8   3   10   0.0876536877
3   8   3   14   -0.0263103487
3   8   4   8   0.0123878863
3   8   4   11   -0.0481273476
3   8   4   12   0.0104377726
3   8   5   13   0.0045012871
3   9   1   9   0.0023435415
3   9   1   10   -0.0047719317
3   9   1   14   0.0013104567
3   9   2   9   -0.0042145775
3   9   2   10   -0.0070328501
3   9   2   14   -0.0005597147
3   9   3   8   0.0192842326
3   9   3   11   -0.0376030567
3   9   3   12   -0.0399550659
3   9   4   9   -0.0213840103
3   9   4   10   0.0577305559
3   9   4   14   0.0048095143
3   10   3   13   0.0422050358
3   10   5   9   -0.0059501565
3   10   5   10   0.0096142093
3   10   5   14   -0.0015479087
4   6   1   8   -0.0110817396
4   6   1   9   0.0000000000
4   6   1   11   0.0134554879
4   6   1   12   0.0107487593
4   6   2   8   0.0016534662
4   6   2   11   -0.0042354428
4   6   2   12   -0.0115682060
4   6   3   9   -0.0002591640
4   6   3   10   0.0004267757
4   6   3   14   -0.0002863977
4   6   4   8   0.0001179157
4   6   4   11   0.0004997499
4   6   4   12   0.0028926279
4   6   5   13   -0.0122860265
4   7   1   8   0.0025661176
4   7   1   11   -0.0042354428
4   7   1   12   -0.0077037084
4   7   2   8   -0.0345084362
4   7   2   11   0.0533208119
4   7   2   12   0.0039788603
4   7   3   9   -0.0019346666
4   7   3   10   0.0282279157
4   7   3   14   -0.0092467566
4   7   4   8   0.0263521638
4   7   4   11   -0.0377835908
4   7   4   12   0.0026047231
4   7   5   13   0.0158092377
4   8   1   9   -0.0014614356
4   8   1   10   0.0043651928
4   8   1   14   -0.0009400580
4   8   2   9   -0.0245765041
4   8   2   10   0.0311805026
4   8   2   14   -0.0379768768
4   8   3   8   -0.0243467122
4   8   3   11   0.0728104857
4   8   3   12   -0.0195454948
4   8   4   9   0.0272031508
4   8   4   10   -0.0376030567
4   8   4   14   0.0333057698
4   9   1   8   -0.0017018545
4   9   1   11   0.0004997499
4   9   1   12   -0.0077727219
4   9   2   8   0.0214086041
4   9   2   11   -0.0377835908
4   9   2   12   -0.0227907814
4   9   3   9   0.0164311535
4   9   3   10   -0.0481273476
4   9   3   14   0.0010952908
4   9   4   8   -0.0204370631
4   9   4   11   0.0387776075
4   9   4   12   0.0368013887
4   9   5   13   -0.0006735988
4   10   1   13   0.0032490100
4   10   2   13   0.0455289881
4   10   4   13   -0.0410529499
4   10   5   8   -0.0104660490
4   10   5   11   0.0217531951
4   10   5   12   -0.0053437932
5   6   1   8   -0.0041190241
5   6   1   11   0.0107487593
5   6   1   12   0.0333321037
5   6   2   8   0.0050071606
5   6   2   11   -0.0077037084
5   6   2   12   -0.0135159850
5   6   3   9   0.0006583713
5   6   3   10   -0.0001468406
5   6   3   14   0.0013691483
5   6   4   8   0.0061454602
5   6   4   11   -0.0077727219
5   6   4   12   -0.0073266932
5   6   5   13   0.0077817442
5   7   1   8   0.0090504876
5   7   1   11   -0.0115682060
5   7   1   12   -0.0135159850
5   7   2   8   -0.0084426059
5   7   2   11   0.0039788603
5   7   2   12   0.0344032723
5   7   3   9   -0.0061295943
5   7   3   10   -0.0042516808
5   7   3   14   -0.0009610845
5   7   4   8   0.0371346809
5   7   4   11   -0.0227907814
5   7   4   12   0.0115035013
5   7   5   13   -0.0071775874
5   8   1   9   0.0005962428
5   8   1   10   0.0051749052
5   8   1   14   0.0051601565
5   8   2   9   -0.0021741066
5   8   2   10   -0.0059486384
5   8   2   14   0.0024032299
5   8   3   8   0.0017971476
5   8   3   11   -0.0195454948
5   8   3   12   0.0246852411
5   8   4   9   0.0494437586
5   8   4   10   -0.0399550659
5   8   4   14   0.0621137550
5   9   1   8   -0.0037785000
5   9   1   11   0.0028926279
5   9   1   12   -0.0073266932
5   9   2   8   0.0091720973
5   9   2   11   0.0026047231
5   9   2   12   0.0115035013
5   9   3   9   0.0011102695
5   9   3   10   0.0104377726
5   9   3   14   0.0121511224
5   9   4   8   -0.0228151809
5   9   4   11   0.0368013887
5   9   4   12   0.1113483582
5   9   5   13   -0.0166899801
5   10   1   13   -0.0025523813
5   10   2   13   -0.0072353792
5   10   4   13   -0.0971252649
5   10   5   8   0.0014306781
5   10   5   11   -0.0053437932
5   10   5   12   0.0191115904
6   6   1   13   0.0487271923
6   6   2   13   -0.0222722139
6   6   4   13   -0.0081154116
6   6   5   8   -0.0040933626
6   6   5   11   0.0032490100
6   6   5   12   -0.0025523813
6   7   1   13   -0.0222722139
6   7   2   13   0.0380527233
6   7   4   13   0.0095981391
6   7   5   8   -0.0539786992
6   7   5   11   0.0455289881
6   7   5   12   -0.0072353792
6   8   3   13   0.0135474478
6   8   5   9   -0.0591675560
6   8   5   10   0.0422050358
6   8   5   14   -0.0824264217
6   9   1   13   -0.0081154116
6   9   2   13   0.0095981391
6   9   4   13   0.0188642250
6   9   5   8   0.0252942839
6   9   5   11   -0.0410529499
6   9   5   12   -0.0971252649
6   10   1   8   0.0087013146
6   10   1   11   -0.0122860265
6   10   1   12   0.0077817442
6   10   2   8   -0.0172949363
6   10   2   11   0.0158092377
6   10   2   12   -0.0071775874
6   10   3   9   -0.0064066544
6   10   3   10   0.0045012871
6   10   3   14   -0.0120848698
6   10   4   8   -0.0010414248
6   10   4   11   -0.0006735988
6   10   4   12   -0.0166899801
6   10   5   13   0.1551435583
7   6   1   8   -0.0000000000
7   6   1   9   0.0132642793
7   6   1   10   -0.0127049929
7   6   1   14   0.0289943109
7   6   2   9   -0.0071897252
7   6   2   10   0.0066567611
7   6   2   14   -0.0147742420
7   6   3   8   0.0015141834
7   6   3   11   -0.0009400580
7   6   3   12   0.0051601565
7   6   4   9   -0.0009029440
7   6   4   10   0.0013104567
7   6   4   14   -0.0018030242
7   7   1   9   -0.0105806150
7   7   1   10   0.0080855522
7   7   1   14   -0.0147742420
7   7   2   9   0.0181265602
7   7   2   10   -0.0060164489
7   7   2   14   0.0343627557
7   7   3   8   0.0441230532
7   7   3   11   -0.0379768768
7   7   3   12   0.0024032299
7   7   4   9   -0.0023995510
7   7   4   10   -0.0005597147
7   7   4   14   0.0027415798
7   8   1   8   -0.0049399370
7   8   1   11   -0.0002863977
7   8   1   12   0.0013691483
7   8   2   8   0.0174365170
7   8   2   11   -0.0092467566
7   8   2   12   -0.0009610845
7   8   3   9   0.0501024810
7   8   3   10   -0.0263103487
7   8   3   14   0.0829499357
7   8   4   8   -0.0006576324
7   8   4   11   0.0010952908
7   8   4   12   0.0121511224
7   8   5   13   -0.0120848698
7   9   1   9   -0.0040805267
7   9   1   10   0.0091893924
7   9   1   14   -0.0018030242
7   9   2   9   -0.0004748536
7   9   2   10   -0.0060784880
7   9   2   14   0.0027415798
7   9   3   8   -0.0193054121
7   9   3   11   0.0333057698
7   9   3   12   0.0621137550
7   9   4   9   0.0023328810
7   9   4   10   0.0048095143
7   9   4   14   0.0163818421
7   10   3   13   -0.0824264217
7   10   5   9   0.0051217668
7   10   5   10   -0.0015479087
7   10   5   14   0.0129812574

1   6   6   1   -0.4091399970
1   6   6   4   0.1716264854
1   6   6   5   0.0889606687
1   6   7   1   -0.0019093876
1   6   7   4   0.0023562903
1   6   7   5   0.0011415899
1   6   8   2   0.0048938293
1   6   8   3   -0.0017335612
1   6   8   7   0.0067018499
1   6   9   1   -0.0065512976
1   6   9   4   0.0069176838
1   6   9   5   0.0060992452
1   6   10   6   -0.0089867589
1   7   6   1   -0.0019093876
1   7   6   4   0.0023184084
1   7   6   5   0.0011579638
1   7   7   1   -0.3671372225
1   7   7   4   0.1132352134
1   7   7   5   0.0489949359
1   7   8   2   -0.0507677978
1   7   8   3   0.0102371609
1   7   8   7   -0.0429977250
1   7   9   1   0.0296401753
1   7   9   4   -0.0207670523
1   7   9   5   -0.0295312258
1   7   10   6   0.0411439240
1   8   6   2   0.0048835184
1   8   6   3   -0.0017785995
1   8   6   7   0.0066914635
1   8   7   2   -0.0506373952
1   8   7   3   0.0101703713
1   8   7   7   -0.0428987364
1   8   8   1   -0.3566971401
1   8   8   4   0.1026048412
1   8   8   5   0.0366379342
1   8   9   2   0.0166387866
1   8   9   3   -0.0092318199
1   8   9   7   0.0035993568
1   9   6   1   -0.0065512976
1   9   6   4   0.0069309216
1   9   6   5   0.0060934297
1   9   7   1   0.0296401753
1   9   7   4   -0.0206855710
1   9   7   5   -0.0293788485
1   9   8   2   0.0168030681
1   9   8   3   -0.0093265253
1   9   8   7   0.0037233549
1   9   9   1   -0.3402603944
1   9   9   4   0.0891291194
1   9   9   5   0.0292290233
1   9   10   6   0.0057039181
1   10   6   6   -0.0090248269
1   10   7   6   0.0408681836
1   10   9   6   0.0058973143
1   10   10   1   -0.3469463483
1   10   10   4   0.0953658354
1   10   10   5   0.0342390744
2   6   6   2   -0.3985178690
2   6   6   3   0.1602393433
2   6   6   7   -0.2198495518
2   6   7   2   -0.0020960460
2   6   7   3   0.0024211556
2   6   7   7   -0.0047251862
2   6   8   1   0.0048835184
2   6   8   4   -0.0019123765
2   6   8   5   0.0004269968
2   6   9   2   -0.0017675661
2   6   9   3   -0.0006585995
2   6   9   7   -0.0026662495
2   7   6   2   -0.0020960460
2   7   6   3   0.0024051205
2   7   6   7   -0.0047182069
2   7   7   2   -0.3461278769
2   7   7   3   0.1009374553
2   7   7   7   -0.1117098782
2   7   8   1   -0.0506373952
2   7   8   4   0.0166239400
2   7   8   5   0.0057426992
2   7   9   2   0.0099843787
2   7   9   3   0.0082984898
2   7   9   7   -0.0012432258
2   8   6   1   0.0048938293
2   8   6   4   -0.0019466290
2   8   6   5   0.0004735787
2   8   7   1   -0.0507677978
2   8   7   4   0.0166953375
2   8   7   5   0.0058134210
2   8   8   2   -0.3484460029
2   8   8   3   0.0965944999
2   8   8   7   -0.1031785575
2   8   9   1   0.0168030681
2   8   9   4   -0.0110910823
2   8   9   5   -0.0087344093
2   8   10   6   0.0095378868
2   9   6   2   -0.0017675661
2   9   6   3   -0.0006458085
2   9   6   7   -0.0026786311
2   9   7   2   0.0099843787
2   9   7   3   0.0081566938
2   9   7   7   -0.0013304781
2   9   8   1   0.0166387866
2   9   8   4   -0.0109177645
2   9   8   5   -0.0085333802
2   9   9   2   -0.3269224913
2   9   9   3   0.0982696203
2   9   9   7   -0.0941443316
2   10   8   6   0.0092464221
2   10   10   2   -0.3289870403
2   10   10   3   0.0932099686
2   10   10   7   -0.1025507837
3   6   6   2   0.1602393433
3   6   6   3   -0.5595037505
3   6   6   7   0.1216850697
3   6   7   2   0.0024051205
3   6   7   3   -0.0020053887
3   6   7   7   0.0046439114
3   6   8   1   -0.0017785995
3   6   8   4   0.0044792899
3   6   8   5   -0.0019389867
3   6   9   2   -0.0006458085
3   6   9   3   -0.0013933262
3   6   9   7   0.0015433989
3   7   6   2   0.0024211556
3   7   6   3   -0.0020053887
3   7   6   7   0.0046760212
3   7   7   2   0.1009374553
3   7   7   3   -0.5121025557
3   7   7   7   0.0284652855
3   7   8   1   0.0101703713
3   7   8   4   -0.0820456751
3   7   8   5   -0.0007473416
3   7   9   2   0.0081566938
3   7   9   3   0.0260383308
3   7   9   7   -0.0087852716
3   8   6   1   -0.0017335612
3   8   6   4   0.0044345310
3   8   6   5   -0.0020050339
3   8   7   1   0.0102371609
3   8   7   4   -0.0820084113
3   8   7   5   -0.0009363161
3   8   8   2   0.0965944999
3   8   8   3   -0.5197568532
3   8   8   7   0.0279774452
3   8   9   1   -0.0093265253
3   8   9   4   0.0440813345
3   8   9   5   0.0039877774
3   8   10   6   -0.0047115883
3   9   6   2   -0.0006585995
3   9   6   3   -0.0013933262
3   9   6   7   0.0015390640
3   9   7   2   0.0082984898
3   9   7   3   0.0260383308
3   9   7   7   -0.0086294833
3   9   8   1   -0.0092318199
3   9   8   4   0.0442445637
3   9   8   5   0.0036305617
3   9   9   2   0.0982696203
3   9   9   3   -0.4834738263
3   9   9   7   0.0147628860
3   10   8   6   -0.0043948142
3   10   10   2   0.0932099686
3   10   10   3   -0.4641347962
3   10   10   7   0.0224449219
4   6   6   1   0.1716264854
4   6   6   4   -0.5880569615
4   6   6   5   -0.1331265921
4   6   7   1   0.0023184084
4   6   7   4   -0.0025542134
4   6   7   5   -0.0042544225
4   6   8   2   -0.0019466290
4   6   8   3   0.0044345310
4   6   8   7   -0.0050470332
4   6   9   1   0.0069309216
4   6   9   4   -0.0116205238
4   6   9   5   -0.0026830018
4   6   10   6   0.0075788887
4   7   6   1   0.0023562903
4   7   6   4   -0.0025542134
4   7   6   5   -0.0042799559
4   7   7   1   0.1132352134
4   7   7   4   -0.5238353016
4   7   7   5   -0.0284005627
4   7   8   2   0.0166953375
4   7   8   3   -0.0820084113
4   7   8   7   0.0423555160
4   7   9   1   -0.0206855710
4   7   9   4   0.0644434549
4   7   9   5   -0.0123207157
4   7   10   6   -0.0174076686
4   8   6   2   -0.0019123765
4   8   6   3   0.0044792899
4   8   6   7   -0.0049849617
4   8   7   2   0.0166239400
4   8   7   3   -0.0820456751
4   8   7   7   0.0423368913
4   8   8   1   0.1026048412
4   8   8   4   -0.5235120405
4   8   8   5   -0.0062383021
4   8   9   2   -0.0109177645
4   8   9   3   0.0442445637
4   8   9   7   -0.0151062031
4   9   6   1   0.0069176838
4   9   6   4   -0.0116205238
4   9   6   5   -0.0026527964
4   9   7   1   -0.0207670523
4   9   7   4   0.0644434549
4   9   7   5   -0.0123287970
4   9   8   2   -0.0110910823
4   9   8   3   0.0440813345
4   9   8   7   -0.0154134994
4   9   9   1   0.0891291194
4   9   9   4   -0.4629217331
4   9   9   5   -0.0405441098
4   9   10   6   0.0033909171
4   10   6   6   0.0075743349
4   10   7   6   -0.0174044625
4   10   9   6   0.0030056924
4   10   10   1   0.0953658354
4   10   10   4   -0.4682924644
4   10   10   5   -0.0314399927
5   6   6   1   0.0889606687
5   6   6   4   -0.1331265921
5   6   6   5   -0.8279600187
5   6   7   1   0.0011579638
5   6   7   4   -0.0042799559
5   6   7   5   -0.0131494964
5   6   8   2   0.0004735787
5   6   8   3   -0.0020050339
5   6   8   7   0.0027547920
5   6   9   1   0.0060934297
5   6   9   4   -0.0026527964
5   6   9   5   0.0027095050
5   6   10   6   -0.0053053045
5   7   6   1   0.0011415899
5   7   6   4   -0.0042544225
5   7   6   5   -0.0131494964
5   7   7   1   0.0489949359
5   7   7   4   -0.0284005627
5   7   7   5   -0.5715591480
5   7   8   2   0.0058134210
5   7   8   3   -0.0009363161
5   7   8   7   -0.0208051376
5   7   9   1   -0.0293788485
5   7   9   4   -0.0123287970
5   7   9   5   -0.0291649146
5   7   10   6   0.0087923349
5   8   6   2   0.0004269968
5   8   6   3   -0.0019389867
5   8   6   7   0.0026906260
5   8   7   2   0.0057426992
5   8   7   3   -0.0007473416
5   8   7   7   -0.0208641884
5   8   8   1   0.0366379342
5   8   8   4   -0.0062383021
5   8   8   5   -0.5239425174
5   8   9   2   -0.0085333802
5   8   9   3   0.0036305617
5   8   9   7   -0.0155490502
5   9   6   1   0.0060992452
5   9   6   4   -0.0026830018
5   9   6   5   0.0027095050
5   9   7   1   -0.0295312258
5   9   7   4   -0.0123207157
5   9   7   5   -0.0291649146
5   9   8   2   -0.0087344093
5   9   8   3   0.0039877774
5   9   8   7   -0.0154635215
5   9   9   1   0.0292290233
5   9   9   4   -0.0405441098
5   9   9   5   -0.5885362631
5   9   10   6   0.0257127495
5   10   6   6   -0.0052533782
5   10   7   6   0.0089119688
5   10   9   6   0.0256672383
5   10   10   1   0.0342390744
5   10   10   4   -0.0314399927
5   10   10   5   -0.5544109345
6   6   6   6   -0.9971318974
6   6   7   6   -0.0182389357
6   6   9   6   -0.0054968207
6   6   10   1   -0.0090248269
6   6   10   4   0.0075743349
6   6   10   5   -0.0052533782
6   7   6   6   -0.0182389357
6   7   7   6   -0.6196130488
6   7   9   6   -0.0339664367
6   7   10   1   0.0408681836
6   7   10   4   -0.0174044625
6   7   10   5   0.0089119688
6   8   8   6   -0.5492853873
6   8   10   2   0.0092464221
6   8   10   3   -0.0043948142
6   8   10   7   0.0202673483
6   9   6   6   -0.0054968207
6   9   7   6   -0.0339664367
6   9   9   6   -0.5872741131
6   9   10   1   0.0058973143
6   9   10   4   0.0030056924
6   9   10   5   0.0256672383
6   10   6   1   -0.0089867589
6   10   6   4   0.0075788887
6   10   6   5   -0.0053053045
6   10   7   1   0.0411439240
6   10   7   4   -0.0174076686
6   10   7   5   0.0087923349
6   10   8   2   0.0095378868
6   10   8   3   -0.0047115883
6   10   8   7   0.0203520176
6   10   9   1   0.0057039181
6   10   9   4   0.0033909171
6   10   9   5   0.0257127495
6   10   10   6   -0.6588085784
7   6   6   2   -0.2198495518
7   6   6   3   0.1216850697
7   6   6   7   -0.7761717465
7   6   7   2   -0.0047182069
7   6   7   3   0.0046760212
7   6   7   7   -0.0105947444
7   6   8   1   0.0066914635
7   6   8   4   -0.0049849617
7   6   8   5   0.0026906260
7   6   9   2   -0.0026786311
7   6   9   3   0.0015390640
7   6   9   7   -0.0038875363
7   7   6   2   -0.0047251862
7   7   6   3   0.0046439114
7   7   6   7   -0.0105947444
7   7   7   2   -0.1117098782
7   7   7   3   0.0284652855
7   7   7   7   -0.5435991359
7   7   8   1   -0.0428987364
7   7   8   4   0.0423368913
7   7   8   5   -0.0208641884
7   7   9   2   -0.0013304781
7   7   9   3   -0.0086294833
7   7   9   7   -0.0273729886
7   8   6   1   0.0067018499
7   8   6   4   -0.0050470332
7   8   6   5   0.0027547920
7   8   7   1   -0.0429977250
7   8   7   4   0.0423555160
7   8   7   5   -0.0208051376
7   8   8   2   -0.1031785575
7   8   8   3   0.0279774452
7   8   8   7   -0.5259436324
7   8   9   1   0.0037233549
7   8   9   4   -0.0154134994
7   8   9   5   -0.0154635215
7   8   10   6   0.0203520176
7   9   6   2   -0.0026662495
7   9   6   3   0.0015433989
7   9   6   7   -0.0038875363
7   9   7   2   -0.0012432258
7   9   7   3   -0.0087852716
7   9   7   7   -0.0273729886
7   9   8   1   0.0035993568
7   9   8   4   -0.0151062031
7   9   8   5   -0.0155490502
7   9   9   2   -0.0941443316
7   9   9   3   0.0147628860
7   9   9   7   -0.5202147762
7   10   8   6   0.0202673483
7   10   10   2   -0.1025507837
7   10   10   3   0.0224449219
7   10   10   7   -0.5244567468

End AIJB Block
Begin IJKA Block
1   6   1   8   -0.1453140674
1   6   1   11   0.1309927470
1   6   1   12   -0.0929163689
1   6   2   8   -0.0231685840
1   6   2   11   0.0217158388
1   6   2   12   -0.0098715930
1   6   3   9   -0.0108847204
1   6   3   10   0.0104536546
1   6   3   14   -0.0237698923
1   6   4   8   0.0006914259
1   6   4   11   -0.0068409829
1   6   4   12   -0.0311427291
1   6   5   13   0.0382035238
1   7   1   8   -0.2040962818
1   7   1   11   0.1684947014
1   7   1   12   -0.0273672046
1   7   2   8   -0.0044866506
1   7   2   11   0.0037829792
1   7   2   12   -0.0042091949
1   7   3   9   0.0097309635
1   7   3   10   -0.0073171151
1   7   3   14   0.0132077423
1   7   4   8   -0.0095417082
1   7   4   11   0.0119168661
1   7   4   12   0.0126639847
1   7   5   13   -0.0191468442
1   8   1   9   -0.2368637944
1   8   1   10   0.1617924781
1   8   1   14   -0.3264164821
1   8   2   9   -0.0039326043
1   8   2   10   0.0046691589
1   8   2   14   -0.0079544734
1   8   3   8   0.0043728165
1   8   3   11   0.0006521664
1   8   3   12   -0.0014904561
1   8   4   9   -0.0008637883
1   8   4   10   -0.0049887213
1   8   4   14   -0.0059452097
1   9   1   8   0.1044092635
1   9   1   11   -0.1629174342
1   9   1   12   -0.3893209057
1   9   2   8   0.0004306419
1   9   2   11   -0.0027442543
1   9   2   12   -0.0121289562
1   9   3   9   0.0038159866
1   9   3   10   -0.0086478886
1   9   3   14   0.0014628532
1   9   4   8   0.0038068646
1   9   4   11   -0.0032519466
1   9   4   12   0.0055395998
1   9   5   13   -0.0069125523
1   10   1   13   0.4917049704
1   10   2   13   0.0137190403
1   10   4   13   0.0042965492
1   10   5   8   0.0075916973
1   10   5   11   -0.0107111879
1   10   5   12   0.0066921143
2   6   1   8   -0.0235714248
2   6   1   11   0.0220719656
2   6   1   12   -0.0101267472
2   6   2   8   -0.0019188289
2   6   2   11   -0.0006937182
2   6   2   12   -0.0131805202
2   6   3   9   0.0129332599
2   6   3   10   -0.0120317129
2   6   3   14   0.0256129774
2   6   4   8   -0.0093923616
2   6   4   11   0.0143845228
2   6   4   12   0.0241435395
2   6   5   13   -0.0348216981
2   7   1   8   -0.0044597578
2   7   1   11   0.0035904617
2   7   1   12   -0.0039633431
2   7   2   8   -0.1067016225
2   7   2   11   0.0692626824
2   7   2   12   0.0045409197
2   7   3   9   -0.0383156266
2   7   3   10   0.0034006961
2   7   3   14   -0.0357553813
2   7   4   8   0.0155141177
2   7   4   11   -0.0148896336
2   7   4   12   -0.0280345679
2   7   5   13   0.0387258991
2   8   1   9   -0.0040081978
2   8   1   10   0.0044973960
2   8   1   14   -0.0080361769
2   8   2   9   -0.1236156234
2   8   2   10   0.0351241887
2   8   2   14   -0.1345352974
2   8   3   8   0.0009007433
2   8   3   11   -0.0567648780
2   8   3   12   0.0335266549
2   8   4   9   -0.0226029894
2   8   4   10   0.0681107667
2   8   4   14   0.0046991447
2   9   1   8   0.0004844111
2   9   1   11   -0.0027554563
2   9   1   12   -0.0121054236
2   9   2   8   0.0581980559
2   9   2   11   -0.0655521713
2   9   2   12   -0.1431007454
2   9   3   9   -0.0232319050
2   9   3   10   0.0727856248
2   9   3   14   0.0115041030
2   9   4   8   0.0035384358
2   9   4   11   -0.0086564010
2   9   4   12   -0.0427867730
2   9   5   13   0.0145577377
2   10   1   13   0.0138289933
2   10   2   13   0.1849863297
2   10   4   13   0.0241174408
2   10   5   8   -0.0203332962
2   10   5   11   0.0427568505
2   10   5   12   -0.0245051493
3   6   1   9   -0.0112336708
3   6   1   10   0.0110185769
3   6   1   14   -0.0240535224
3   6   2   9   0.0126052336
3   6   2   10   -0.0118609432
3   6   2   14   0.0253472937
3   6   3   8   -0.0004425737
3   6   3   11   -0.0000557215
3   6   3   12   -0.0065705465
3   6   4   9   0.0019023248
3   6   4   10   -0.0026392405
3   6   4   14   0.0036255752
3   7   1   9   0.0090789994
3   7   1   10   -0.0071299715
3   7   1   14   0.0123839780
3   7   2   9   -0.0371551978
3   7   2   10   0.0029547248
3   7   2   14   -0.0342844212
3   7   3   8   -0.0765660727
3   7   3   11   0.0229553902
3   7   3   12   0.0133203497
3   7   4   9   -0.0080998830
3   7   4   10   0.0334370530
3   7   4   14   0.0037126850
3   8   1   8   0.0041815887
3   8   1   11   0.0004828879
3   8   1   12   -0.0012652854
3   8   2   8   0.0005976449
3   8   2   11   -0.0568862155
3   8   2   12   0.0328297397
3   8   3   9   -0.1041616240
3   8   3   10   0.0140015036
3   8   3   14   -0.1060965635
3   8   4   8   -0.0056267394
3   8   4   11   0.0227505036
3   8   4   12   -0.0128293301
3   8   5   13   0.0058555374
3   9   1   9   0.0035542804
3   9   1   10   -0.0081284181
3   9   1   14   0.0013110281
3   9   2   9   -0.0229429183
3   9   2   10   0.0719895992
3   9   2   14   0.0111330271
3   9   3   8   0.0370142584
3   9   3   11   -0.0300836390
3   9   3   12   -0.1145753450
3   9   4   9   -0.0059913319
3   9   4   10   -0.0055934200
3   9   4   14   -0.0062727728
3   10   3   13   0.1386902034
3   10   5   9   -0.0101338311
3   10   5   10   0.0114283598
3   10   5   14   -0.0055376157
4   6   1   8   0.0006847209
4   6   1   11   -0.0071403751
4   6   1   12   -0.0316176257
4   6   2   8   -0.0091860681
4   6   2   11   0.0141914521
4   6   2   12   0.0237647861
4   6   3   9   0.0020484803
4   6   3   10   -0.0026557841
4   6   3   14   0.0036961929
4   6   4   8   -0.0071953564
4   6   4   11   0.0097139645
4   6   4   12   0.0116766241
4   6   5   13   -0.0112001160
4   7   1   8   -0.0091341209
4   7   1   11   0.0115105130
4   7   1   12   0.0117494501
4   7   2   8   0.0146406265
4   7   2   11   -0.0141551284
4   7   2   12   -0.0272033913
4   7   3   9   -0.0082197287
4   7   3   10   0.0335664400
4   7   3   14   0.0033310210
4   7   4   8   -0.0754588287
4   7   4   11   0.0444484450
4   7   4   12   -0.0275671038
4   7   5   13   0.0121144732
4   8   1   9   -0.0009380966
4   8   1   10   -0.0045761947
4   8   1   14   -0.0059435266
4   8   2   9   -0.0224121556
4   8   2   10   0.0667098035
4   8   2   14   0.0037281795
4   8   3   8   -0.0051554357
4   8   3   11   0.0225225354
4   8   3   12   -0.0124554565
4   8   4   9   -0.1106881198
4   8   4   10   0.0554023089
4   8   4   14   -0.1066879096
4   9   1   8   0.0037520003
4   9   1   11   -0.0033623326
4   9   1   12   0.0049048293
4   9   2   8   0.0029691787
4   9   2   11   -0.0086443416
4   9   2   12   -0.0425189373
4   9   3   9   -0.0056873132
4   9   3   10   -0.0064962862
4   9   3   14   -0.0061082896
4   9   4   8   0.0560192449
4   9   4   11   -0.0685582916
4   9   4   12   -0.1570782853
4   9   5   13   0.0130187748
4   10   1   13   0.0045573847
4   10   2   13   0.0240451378
4   10   4   13   0.1654419655
4   10   5   8   0.0008815033
4   10   5   11   0.0023123269
4   10   5   12   -0.0139001162
5   6   1   13   0.0386463255
5   6   2   13   -0.0342346145
5   6   4   13   -0.0110234527
5   6   5   8   -0.0026778252
5   6   5   11   0.0016873105
5   6   5   12   -0.0025932846
5   7   1   13   -0.0178083681
5   7   2   13   0.0377467980
5   7   4   13   0.0123502896
5   7   5   8   -0.0958681160
5   7   5   11   0.0774135897
5   7   5   12   -0.0165530240
5   8   3   13   0.0055240732
5   8   5   9   -0.1181315219
5   8   5   10   0.0637422460
5   8   5   14   -0.1191789215
5   9   1   13   -0.0063243503
5   9   2   13   0.0144482279
5   9   4   13   0.0126885395
5   9   5   8   0.0530567682
5   9   5   11   -0.0637275174
5   9   5   12   -0.1452386849
5   10   1   8   0.0071591570
5   10   1   11   -0.0102930219
5   10   1   12   0.0064493825
5   10   2   8   -0.0207054814
5   10   2   11   0.0416620858
5   10   2   12   -0.0237375351
5   10   3   9   -0.0100278631
5   10   3   10   0.0114485628
5   10   3   14   -0.0054085645
5   10   4   8   0.0005017817
5   10   4   11   0.0020623930
5   10   4   12   -0.0144069456
5   10   5   13   0.1990528167

End IJKA Block
Begin IABC Block
1   8   1   8   0.0009605422
1   8   1   11   -0.0009012261
1   8   1   12   -0.0011746930
1   8   2   9   0.0025608475
1   8   2   10   -0.0009344936
1   8   2   14   0.0036008144
1   8   3   9   -0.0023500308
1   8   3   10   0.0008191018
1   8   3   14   -0.0032708265
1   8   4   8   -0.0022480119
1   8   4   11   0.0022828700
1   8   4   12   0.0023872926
1   8   5   8   -0.0063007298
1   8   5   11   0.0066516467
1   8   5   12   0.0059098679
1   8   6   13   0.0103594587
1   8   7   9   0.0052512587
1   8   7   10   -0.0019517927
1   8   7   14   0.0073188435
1   9   1   9   -0.0003404452
1   9   1   10   0.0010753334
1   9   1   14   -0.0011089369
1   9   2   8   0.0025689105
1   9   2   11   -0.0010144489
1   9   2   12   0.0003029874
1   9   3   8   -0.0023586261
1   9   3   11   0.0008040784
1   9   3   12   -0.0005490542
1   9   4   9   0.0002104845
1   9   4   10   -0.0014374879
1   9   4   14   0.0009398218
1   9   5   9   -0.0015546053
1   9   5   10   -0.0008611343
1   9   5   14   -0.0022093511
1   9   7   8   0.0052642643
1   9   7   11   -0.0021349563
1   9   7   12   0.0005436498
1   10   1   9   0.0010653122
1   10   1   10   -0.0003917438
1   10   1   14   0.0014357604
1   10   2   8   -0.0009541688
1   10   2   11   0.0022683076
1   10   2   12   -0.0011370756
1   10   3   8   0.0008242762
1   10   3   11   -0.0019013462
1   10   3   12   0.0012883322
1   10   4   9   -0.0014253275
1   10   4   10   0.0004754333
1   10   4   14   -0.0014678269
1   10   5   9   -0.0008430516
1   10   5   10   -0.0011247403
1   10   5   14   0.0009653063
1   10   7   8   -0.0019801965
1   10   7   11   0.0046323898
1   10   7   12   -0.0022714733
1   11   1   8   -0.0009086312
1   11   1   11   0.0020253303
1   11   1   12   -0.0008951439
1   11   2   9   -0.0010201734
1   11   2   10   0.0022568303
1   11   2   14   -0.0026366219
1   11   3   9   0.0008038629
1   11   3   10   -0.0019014450
1   11   3   14   0.0022455629
1   11   4   8   0.0022806930
1   11   4   11   -0.0042362914
1   11   4   12   0.0004620700
1   11   5   8   0.0066589357
1   11   5   11   -0.0111624842
1   11   5   12   -0.0021635087
1   11   6   13   -0.0088815699
1   11   7   9   -0.0021428658
1   11   7   10   0.0046159102
1   11   7   14   -0.0054406228
1   12   1   8   -0.0011878824
1   12   1   11   -0.0008827766
1   12   1   12   -0.0057406635
1   12   2   9   0.0003107722
1   12   2   10   -0.0011449507
1   12   2   14   0.0015482190
1   12   3   9   -0.0005601981
1   12   3   10   0.0012988733
1   12   3   14   -0.0019803416
1   12   4   8   0.0024062625
1   12   4   11   0.0004374117
1   12   4   12   0.0068962837
1   12   5   8   0.0059201034
1   12   5   11   -0.0021822162
1   12   5   12   0.0047171619
1   12   6   13   0.0063097903
1   12   7   9   0.0005632717
1   12   7   10   -0.0022955514
1   12   7   14   0.0028921237
1   13   1   13   -0.0054364819
1   13   4   13   0.0044859914
1   13   5   13   -0.0030899614
1   13   6   8   0.0103850036
1   13   6   11   -0.0089166631
1   13   6   12   0.0063043526
1   14   1   9   -0.0011029546
1   14   1   10   0.0014368326
1   14   1   14   -0.0030189573
1   14   2   8   0.0036055222
1   14   2   11   -0.0026382984
1   14   2   12   0.0015401116
1   14   3   8   -0.0032755039
1   14   3   11   0.0022574097
1   14   3   12   -0.0019729407
1   14   4   9   0.0009397174
1   14   4   10   -0.0014660080
1   14   4   14   0.0030510316
1   14   5   9   -0.0022008621
1   14   5   10   0.0009486820
1   14   5   14   -0.0029680950
1   14   7   8   0.0073237036
1   14   7   11   -0.0054429696
1   14   7   12   0.0028786127
2   8   1   8   -0.0189085274
2   8   1   11   0.0228480963
2   8   1   12   0.0135498621
2   8   2   9   0.0012446143
2   8   2   10   0.0004520489
2   8   2   14   -0.0099852989
2   8   3   9   -0.0094324383
2   8   3   10   0.0103628745
2   8   3   14   0.0036512484
2   8   4   8   0.0102841881
2   8   4   11   -0.0097022955
2   8   4   12   -0.0135903588
2   8   5   8   0.0001686502
2   8   5   11   -0.0090261808
2   8   5   12   0.0042184388
2   8   6   13   -0.0056308899
2   8   7   9   0.0007128997
2   8   7   10   0.0060968282
2   8   7   14   -0.0044279760
2   9   1   9   -0.0138160358
2   9   1   10   0.0145820628
2   9   1   14   -0.0236825527
2   9   2   8   0.0011978606
2   9   2   11   0.0002864554
2   9   2   12   -0.0001408734
2   9   3   8   -0.0093410739
2   9   3   11   0.0092264425
2   9   3   12   0.0056396373
2   9   4   9   -0.0000777765
2   9   4   10   -0.0027081317
2   9   4   14   0.0135500056
2   9   5   9   -0.0023757152
2   9   5   10   0.0041970643
2   9   5   14   0.0016864186
2   9   7   8   0.0004776929
2   9   7   11   0.0026080717
2   9   7   12   0.0014871061
2   10   1   9   0.0145318481
2   10   1   10   -0.0295796061
2   10   1   14   0.0102599264
2   10   2   8   0.0004872264
2   10   2   11   0.0025832290
2   10   2   12   0.0037905364
2   10   3   8   0.0105968245
2   10   3   11   -0.0443026808
2   10   3   12   -0.0009974390
2   10   4   9   -0.0024217087
2   10   4   10   -0.0196770041
2   10   4   14   -0.0040283371
2   10   5   9   0.0046135432
2   10   5   10   0.0007932856
2   10   5   14   0.0084073492
2   10   7   8   0.0060631497
2   10   7   11   0.0005898448
2   10   7   12   0.0087264506
2   11   1   8   0.0227655655
2   11   1   11   -0.0396322390
2   11   1   12   -0.0150417979
2   11   2   9   0.0002748504
2   11   2   10   0.0026549537
2   11   2   14   0.0028132216
2   11   3   9   0.0096078956
2   11   3   10   -0.0445694739
2   11   3   14   0.0083351007
2   11   4   8   -0.0094278728
2   11   4   11   -0.0090702637
2   11   4   12   0.0229871688
2   11   5   8   -0.0091180985
2   11   5   11   0.0150267791
2   11   5   12   -0.0019654415
2   11   6   13   0.0162762637
2   11   7   9   0.0022920188
2   11   7   10   0.0004518510
2   11   7   14   0.0019543581
2   12   1   8   0.0132733174
2   12   1   11   -0.0149728146
2   12   1   12   -0.0539823577
2   12   2   9   -0.0002332094
2   12   2   10   0.0035856505
2   12   2   14   -0.0043734444
2   12   3   9   0.0056845961
2   12   3   10   -0.0004747573
2   12   3   14   0.0120049937
2   12   4   8   -0.0135889272
2   12   4   11   0.0230792128
2   12   4   12   0.0319978576
2   12   5   8   0.0038788537
2   12   5   11   -0.0016253707
2   12   5   12   -0.0154450579
2   12   6   13   -0.0084682891
2   12   7   9   0.0018545050
2   12   7   10   0.0079241786
2   12   7   14   0.0112997263
2   13   1   13   -0.0756512262
2   13   4   13   0.0628957221
2   13   5   13   -0.0134431535
2   13   6   8   -0.0057980907
2   13   6   11   0.0158820067
2   13   6   12   -0.0081961464
2   14   1   9   -0.0234224674
2   14   1   10   0.0101846365
2   14   1   14   -0.0523716820
2   14   2   8   -0.0099846310
2   14   2   11   0.0029077870
2   14   2   12   -0.0042817529
2   14   3   8   0.0036796632
2   14   3   11   0.0080776219
2   14   3   12   0.0119023534
2   14   4   9   0.0134105715
2   14   4   10   -0.0043426275
2   14   4   14   0.0258575729
2   14   5   9   0.0020143618
2   14   5   10   0.0075928850
2   14   5   14   0.0108588834
2   14   7   8   -0.0047362960
2   14   7   11   0.0027182878
2   14   7   12   0.0112871755
3   8   1   9   0.0240857207
3   8   1   10   0.0004213769
3   8   1   14   0.0025809548
3   8   2   8   -0.0128293486
3   8   2   11   0.0174116549
3   8   2   12   0.0052358576
3   8   3   8   -0.0154395700
3   8   3   11   0.0101622908
3   8   3   12   0.0124440491
3   8   4   9   -0.0368475313
3   8   4   10   0.0125075416
3   8   4   14   -0.0167746471
3   8   5   9   0.0119212611
3   8   5   10   0.0015176903
3   8   5   14   0.0141305366
3   8   7   8   -0.0224741750
3   8   7   11   0.0223662927
3   8   7   12   0.0231619465
3   9   1   8   0.0239388391
3   9   1   11   -0.0031987673
3   9   1   12   0.0006018030
3   9   2   9   -0.0133017724
3   9   2   10   0.0243439912
3   9   2   14   -0.0307103546
3   9   3   9   -0.0057205316
3   9   3   10   -0.0053951387
3   9   3   14   0.0134044721
3   9   4   8   -0.0367897215
3   9   4   11   0.0162335508
3   9   4   12   0.0019371644
3   9   5   8   0.0118580857
3   9   5   11   -0.0046367711
3   9   5   12   -0.0030046020
3   9   6   13   -0.0026323353
3   9   7   9   -0.0234605073
3   9   7   10   0.0244547630
3   9   7   14   -0.0374929388
3   10   1   8   0.0003252768
3   10   1   11   0.0286077957
3   10   1   12   0.0065648126
3   10   2   9   0.0241439161
3   10   2   10   -0.0416801228
3   10   2   14   0.0065476239
3   10   3   9   -0.0047413611
3   10   3   10   -0.0453253485
3   10   3   14   0.0056444093
3   10   4   8   0.0131740445
3   10   4   11   -0.0872034524
3   10   4   12   0.0008031457
3   10   5   8   0.0017446946
3   10   5   11   0.0241444099
3   10   5   12   0.0016139767
3   10   6   13   0.0060351897
3   10   7   9   0.0242562252
3   10   7   10   -0.0405589222
3   10   7   14   0.0303179378
3   11   1   9   -0.0033426463
3   11   1   10   0.0283982390
3   11   1   14   -0.0114054810
3   11   2   8   0.0172838237
3   11   2   11   -0.0319443289
3   11   2   12   -0.0143703398
3   11   3   8   0.0105059026
3   11   3   11   -0.0648074209
3   11   3   12   0.0227673973
3   11   4   9   0.0168680223
3   11   4   10   -0.0867469341
3   11   4   14   0.0314138364
3   11   5   9   -0.0045803473
3   11   5   10   0.0240732502
3   11   5   14   -0.0141498219
3   11   7   8   0.0220130705
3   11   7   11   -0.0405748016
3   11   7   12   -0.0230898816
3   12   1   9   0.0006008134
3   12   1   10   0.0064444916
3   12   1   14   0.0103777809
3   12   2   8   0.0050895017
3   12   2   11   -0.0144405600
3   12   2   12   -0.0783426456
3   12   3   8   0.0123986767
3   12   3   11   0.0230694872
3   12   3   12   0.0299431323
3   12   4   9   0.0017791840
3   12   4   10   0.0011844354
3   12   4   14   -0.0151273422
3   12   5   9   -0.0030513224
3   12   5   10   0.0020695042
3   12   5   14   0.0044896621
3   12   7   8   0.0228917719
3   12   7   11   -0.0230461543
3   12   7   12   -0.0757946250
3   13   2   13   -0.0963063840
3   13   3   13   0.0559412273
3   13   6   9   -0.0026519877
3   13   6   10   0.0063297507
3   13   6   14   -0.0032204825
3   13   7   13   -0.1001385840
3   14   1   8   0.0025011464
3   14   1   11   -0.0111156869
3   14   1   12   0.0103342391
3   14   2   9   -0.0305332194
3   14   2   10   0.0065581161
3   14   2   14   -0.0812235130
3   14   3   9   0.0132750997
3   14   3   10   0.0050798355
3   14   3   14   0.0473337149
3   14   4   8   -0.0167145944
3   14   4   11   0.0306022370
3   14   4   12   -0.0148521244
3   14   5   8   0.0140562335
3   14   5   11   -0.0140034451
3   14   5   12   0.0046097839
3   14   6   13   -0.0030799414
3   14   7   9   -0.0370759004
3   14   7   10   0.0302484432
3   14   7   14   -0.0675717527
4   8   1   8   0.0020120774
4   8   1   11   -0.0114475496
4   8   1   12   0.0011253394
4   8   2   9   -0.0178567537
4   8   2   10   0.0014186197
4   8   2   14   -0.0056527062
4   8   3   9   0.0312626835
4   8   3   10   -0.0077439310
4   8   3   14   0.0207744249
4   8   4   8   -0.0073856310
4   8   4   11   0.0064123031
4   8   4   12   0.0100739754
4   8   5   8   -0.0202578220
4   8   5   11   0.0296730795
4   8   5   12   0.0129203268
4   8   6   13   -0.0009235210
4   8   7   9   0.0038375710
4   8   7   10   0.0047773635
4   8   7   14   0.0076122351
4   9   1   9   -0.0018596156
4   9   1   10   -0.0062549907
4   9   1   14   0.0120911065
4   9   2   8   -0.0179492431
4   9   2   11   0.0019573371
4   9   2   12   -0.0013143406
4   9   3   8   0.0313920609
4   9   3   11   -0.0102794078
4   9   3   12   -0.0016252341
4   9   4   9   -0.0022078157
4   9   4   10   0.0059526316
4   9   4   14   -0.0130819928
4   9   5   9   -0.0284179782
4   9   5   10   0.0268874610
4   9   5   14   -0.0386771374
4   9   7   8   0.0036991014
4   9   7   11   0.0002723938
4   9   7   12   -0.0046587281
4   10   1   9   -0.0061187388
4   10   1   10   0.0091250457
4   10   1   14   0.0052672967
4   10   2   8   0.0017098480
4   10   2   11   -0.0183801383
4   10   2   12   -0.0016052906
4   10   3   8   -0.0082679145
4   10   3   11   0.0623201233
4   10   3   12   0.0038047958
4   10   4   9   0.0057019074
4   10   4   10   0.0121461788
4   10   4   14   0.0026179450
4   10   5   9   0.0269878013
4   10   5   10   -0.0507555684
4   10   5   14   0.0262886811
4   10   7   8   0.0051430995
4   10   7   11   0.0034162193
4   10   7   12   0.0094931602
4   11   1   8   -0.0114234232
4   11   1   11   0.0102160719
4   11   1   12   0.0128165314
4   11   2   9   0.0020717696
4   11   2   10   -0.0183372704
4   11   2   14   0.0086899576
4   11   3   9   -0.0106864193
4   11   3   10   0.0624702200
4   11   3   14   -0.0219388398
4   11   4   8   0.0060977945
4   11   4   11   0.0098434190
4   11   4   12   -0.0218560139
4   11   5   8   0.0294712874
4   11   5   11   -0.0569963445
4   11   5   12   -0.0271209112
4   11   6   13   0.0004031449
4   11   7   9   0.0003313650
4   11   7   10   0.0035653766
4   11   7   14   -0.0025540361
4   12   1   8   0.0010293777
4   12   1   11   0.0128391334
4   12   1   12   0.0386074513
4   12   2   9   -0.0014896010
4   12   2   10   -0.0013063281
4   12   2   14   -0.0115410118
4   12   3   9   -0.0012132014
4   12   3   10   0.0026508524
4   12   3   14   0.0208855751
4   12   4   8   0.0098819327
4   12   4   11   -0.0218136435
4   12   4   12   -0.0462348326
4   12   5   8   0.0123294124
4   12   5   11   -0.0268966596
4   12   5   12   -0.0997216987
4   12   6   13   -0.0069502273
4   12   7   9   -0.0043825090
4   12   7   10   0.0089588440
4   12   7   14   0.0036640772
4   13   1   13   0.0434652297
4   13   4   13   -0.0536141868
4   13   5   13   -0.1235943612
4   13   6   8   -0.0009874072
4   13   6   11   0.0000005350
4   13   6   12   -0.0068764303
4   14   1   9   0.0121597692
4   14   1   10   0.0049971990
4   14   1   14   0.0361184234
4   14   2   8   -0.0056349028
4   14   2   11   0.0085701276
4   14   2   12   -0.0115919638
4   14   3   8   0.0208306678
4   14   3   11   -0.0216392903
4   14   3   12   0.0210095617
4   14   4   9   -0.0128897832
4   14   4   10   0.0028872454
4   14   4   14   -0.0325223342
4   14   5   9   -0.0382129194
4   14   5   10   0.0255959044
4   14   5   14   -0.0867942488
4   14   7   8   0.0075452474
4   14   7   11   -0.0025522474
4   14   7   12   0.0036538198
5   8   1   13   0.0014072603
5   8   4   13   -0.0152989649
5   8   5   13   0.0046908715
5   8   6   8   0.0325370102
5   8   6   11   -0.0394695525
5   8   6   12   -0.0188406643
5   9   2   13   0.0025041128
5   9   3   13   -0.0037356788
5   9   6   9   0.0354860270
5   9   6   10   -0.0343434092
5   9   6   14   0.0464505956
5   9   7   13   0.0036510093
5   10   2   13   -0.0029453887
5   10   3   13   -0.0000998447
5   10   6   9   -0.0343713579
5   10   6   10   0.0623257481
5   10   6   14   -0.0322967078
5   10   7   13   -0.0079444943
5   11   1   13   -0.0096352438
5   11   4   13   0.0075384310
5   11   5   13   0.0020596349
5   11   6   8   -0.0395719272
5   11   6   11   0.0707238438
5   11   6   12   0.0305099258
5   12   1   13   -0.0009550772
5   12   4   13   0.0032803237
5   12   5   13   0.0044700047
5   12   6   8   -0.0183229244
5   12   6   11   0.0302633461
5   12   6   12   0.1153866510
5   13   1   8   0.0016952973
5   13   1   11   -0.0097008341
5   13   1   12   -0.0010600438
5   13   2   9   0.0026172637
5   13   2   10   -0.0030034357
5   13   2   14   0.0067193973
5   13   3   9   -0.0038458705
5   13   3   10   0.0001412058
5   13   3   14   -0.0108197488
5   13   4   8   -0.0154826385
5   13   4   11   0.0079140938
5   13   4   12   0.0033000777
5   13   5   8   0.0048124459
5   13   5   11   0.0019099271
5   13   5   12   0.0044600905
5   13   6   13   0.1645219923
5   13   7   9   0.0035926203
5   13   7   10   -0.0077218785
5   13   7   14   0.0016021622
5   14   2   13   0.0067286890
5   14   3   13   -0.0109635222
5   14   6   9   0.0461048522
5   14   6   10   -0.0319633711
5   14   6   14   0.1052472190
5   14   7   13   0.0015016848

End IABC Block
