Begin IJ Block
1   1   -33.0227089747
1   2   -0.5819468472
1   4   -0.1849286525
2   2   -7.8681907173
2   4   -0.2198895670
3   3   -6.7447771968
4   4   -6.9062544369
5   5   -7.0475779617

End IJ Block
Begin IA Block
1   1   0.1534404959
2   1   0.7211712198
4   1   -0.3547749098

End IA Block
Begin AB Block
1   1   -3.0269103712

End AB Block
Begin IJAB Block
1   6   1   2   0.0079199889
1   7   1   2   -0.0011607393
1   9   1   2   0.0014343940
2   6   1   2   -0.0011607393
2   7   1   2   0.0297518017
2   9   1   2   -0.0163668292
3   8   1   2   0.0180913256
4   6   1   2   0.0014343940
4   7   1   2   -0.0163668292
4   9   1   2   0.0157445185
5   10   1   2   0.0121626165

End IJAB Block
Begin IJKL Block
1   6   1   6   4.7295560913
1   6   1   7   0.4290837652
1   6   1   9   0.1371171521
1   6   2   6   0.4290837652
1   6   2   7   0.0593301365
1   6   2   9   0.0161153377
1   6   3   8   0.0165000475
1   6   4   6   0.1371171521
1   6   4   7   0.0161153377
1   6   4   9   0.0260938002
1   6   5   10   0.0255939328
1   7   1   6   0.4290837652
1   7   1   7   1.0474929849
1   7   1   9   0.0838841097
1   7   2   6   0.0636044308
1   7   2   7   0.0147084438
1   7   2   9   0.0074824034
1   7   3   8   -0.0225640192
1   7   4   6   0.0161922890
1   7   4   7   0.0145492353
1   7   4   9   -0.0217239937
1   7   5   10   -0.0282834427
1   8   1   8   0.8881178163
1   8   2   8   0.0074258742
1   8   3   6   0.0209524864
1   8   3   7   -0.0235405910
1   8   3   9   -0.0030778391
1   8   4   8   0.0075136974
1   9   1   6   0.1371171521
1   9   1   7   0.0838841097
1   9   1   9   0.9805007275
1   9   2   6   0.0161922890
1   9   2   7   0.0077814800
1   9   2   9   0.0134162597
1   9   3   8   -0.0026063943
1   9   4   6   0.0308633707
1   9   4   7   -0.0225383352
1   9   4   9   -0.0080972149
1   9   5   10   -0.0085849677
1   10   1   10   1.0276504068
1   10   2   10   0.0121552161
1   10   4   10   0.0047948605
1   10   5   6   0.0306638123
1   10   5   7   -0.0287107933
1   10   5   9   -0.0089401599
2   6   1   6   0.4290837652
2   6   1   7   0.0636044308
2   6   1   9   0.0161922890
2   6   2   6   1.0474929849
2   6   2   7   0.0147084438
2   6   2   9   0.0145492353
2   6   3   8   -0.0225640192
2   6   4   6   0.0838841097
2   6   4   7   0.0074824034
2   6   4   9   -0.0217239937
2   6   5   10   -0.0282834427
2   7   1   6   0.0593301365
2   7   1   7   0.0147084438
2   7   1   9   0.0077814800
2   7   2   6   0.0147084438
2   7   2   7   0.7441540872
2   7   2   9   -0.0170379355
2   7   3   8   0.1406148428
2   7   4   6   0.0077814800
2   7   4   7   -0.0170379355
2   7   4   9   0.1129263836
2   7   5   10   0.1163042142
2   8   1   8   0.0074258742
2   8   2   8   0.6733108782
2   8   3   6   -0.0235405910
2   8   3   7   0.1461283392
2   8   3   9   -0.0137944959
2   8   4   8   -0.0118906740
2   9   1   6   0.0161153377
2   9   1   7   0.0074824034
2   9   1   9   0.0134162597
2   9   2   6   0.0145492353
2   9   2   7   -0.0170379355
2   9   2   9   0.6691605942
2   9   3   8   -0.0145498169
2   9   4   6   -0.0225383352
2   9   4   7   0.1183373778
2   9   4   9   0.0630821260
2   9   5   10   0.0275649093
2   10   1   10   0.0121552161
2   10   2   10   0.6991361020
2   10   4   10   0.0319201619
2   10   5   6   -0.0287107933
2   10   5   7   0.1208063172
2   10   5   9   0.0274263706
3   6   1   8   0.0209524864
3   6   2   8   -0.0235405910
3   6   3   6   0.8881178163
3   6   3   7   0.0074258742
3   6   3   9   0.0075136974
3   6   4   8   -0.0030778391
3   7   1   8   -0.0235405910
3   7   2   8   0.1461283392
3   7   3   6   0.0074258742
3   7   3   7   0.6733108782
3   7   3   9   -0.0118906740
3   7   4   8   -0.0137944959
3   8   1   6   0.0165000475
3   8   1   7   -0.0225640192
3   8   1   9   -0.0026063943
3   8   2   6   -0.0225640192
3   8   2   7   0.1406148428
3   8   2   9   -0.0145498169
3   8   3   8   0.6472642082
3   8   4   6   -0.0026063943
3   8   4   7   -0.0145498169
3   8   4   9   0.0289975773
3   8   5   10   0.0210767011
3   9   1   8   -0.0030778391
3   9   2   8   -0.0137944959
3   9   3   6   0.0075136974
3   9   3   7   -0.0118906740
3   9   3   9   0.5976635057
3   9   4   8   0.0361046683
3   10   3   10   0.6131433029
3   10   5   8   0.0278645120
4   6   1   6   0.1371171521
4   6   1   7   0.0161922890
4   6   1   9   0.0308633707
4   6   2   6   0.0838841097
4   6   2   7   0.0077814800
4   6   2   9   -0.0225383352
4   6   3   8   -0.0026063943
4   6   4   6   0.9805007275
4   6   4   7   0.0134162597
4   6   4   9   -0.0080972149
4   6   5   10   -0.0085849677
4   7   1   6   0.0161153377
4   7   1   7   0.0145492353
4   7   1   9   -0.0225383352
4   7   2   6   0.0074824034
4   7   2   7   -0.0170379355
4   7   2   9   0.1183373778
4   7   3   8   -0.0145498169
4   7   4   6   0.0134162597
4   7   4   7   0.6691605942
4   7   4   9   0.0630821260
4   7   5   10   0.0275649093
4   8   1   8   0.0075136974
4   8   2   8   -0.0118906740
4   8   3   6   -0.0030778391
4   8   3   7   -0.0137944959
4   8   3   9   0.0361046683
4   8   4   8   0.5976635057
4   9   1   6   0.0260938002
4   9   1   7   -0.0217239937
4   9   1   9   -0.0080972149
4   9   2   6   -0.0217239937
4   9   2   7   0.1129263836
4   9   2   9   0.0630821260
4   9   3   8   0.0289975773
4   9   4   6   -0.0080972149
4   9   4   7   0.0630821260
4   9   4   9   0.6959079722
4   9   5   10   0.0316458417
4   10   1   10   0.0047948605
4   10   2   10   0.0319201619
4   10   4   10   0.6444031914
4   10   5   6   -0.0089401599
4   10   5   7   0.0274263706
4   10   5   9   0.0379846994
5   6   1   10   0.0306638123
5   6   2   10   -0.0287107933
5   6   4   10   -0.0089401599
5   6   5   6   1.0276504068
5   6   5   7   0.0121552161
5   6   5   9   0.0047948605
5   7   1   10   -0.0287107933
5   7   2   10   0.1208063172
5   7   4   10   0.0274263706
5   7   5   6   0.0121552161
5   7   5   7   0.6991361020
5   7   5   9   0.0319201619
5   8   3   10   0.0278645120
5   8   5   8   0.6131433029
5   9   1   10   -0.0089401599
5   9   2   10   0.0274263706
5   9   4   10   0.0379846994
5   9   5   6   0.0047948605
5   9   5   7   0.0319201619
5   9   5   9   0.6444031914
5   10   1   6   0.0255939328
5   10   1   7   -0.0282834427
5   10   1   9   -0.0085849677
5   10   2   6   -0.0282834427
5   10   2   7   0.1163042142
5   10   2   9   0.0275649093
5   10   3   8   0.0210767011
5   10   4   6   -0.0085849677
5   10   4   7   0.0275649093
5   10   4   9   0.0316458417
5   10   5   10   0.7218835301

End IJKL Block
Begin ABCD Block
1   2   1   2   0.2667226350

End ABCD Block
Begin AIJB Block
1   6   1   2   0.0073045298
1   6   2   2   -0.0006414018
1   6   4   2   0.0009114344
1   7   1   2   -0.0006414018
1   7   2   2   0.0235241214
1   7   4   2   -0.0124799621
1   8   3   2   0.0143221280
1   9   1   2   0.0009114344
1   9   2   2   -0.0124799621
1   9   4   2   0.0139154265
1   10   5   2   0.0090911283

1   6   6   1   -0.3558722599
1   6   7   1   -0.0012029317
1   6   9   1   -0.0048989147
1   7   6   1   -0.0012029317
1   7   7   1   -0.3271094903
1   7   9   1   0.0237500185
1   8   8   1   -0.3208154280
1   9   6   1   -0.0048989147
1   9   7   1   0.0237500185
1   9   9   1   -0.3068321210
1   10   10   1   -0.3111863537

End AIJB Block
Begin IJKA Block
1   6   1   2   -0.1253454851
1   6   2   2   -0.0202360876
1   6   4   2   0.0000481544
1   7   1   2   -0.1464178889
1   7   2   2   -0.0023478439
1   7   4   2   -0.0075985988
1   8   3   2   0.0039935285
1   9   1   2   0.0621415406
1   9   2   2   -0.0009764254
1   9   4   2   0.0030384933
1   10   5   2   0.0065155900
2   6   1   2   -0.0215131127
2   6   2   2   -0.0012786986
2   6   4   2   -0.0073848496
2   7   1   2   -0.0010807887
2   7   2   2   -0.0841640055
2   7   4   2   0.0147656862
2   8   3   2   -0.0040176323
2   9   1   2   -0.0012139533
2   9   2   2   0.0403736150
2   9   4   2   -0.0002243278
2   10   5   2   -0.0183621276
3   6   3   2   -0.0005055277
3   7   3   2   -0.0624069109
3   8   1   2   0.0038672011
3   8   2   2   -0.0036615862
3   8   4   2   -0.0019962118
3   9   3   2   0.0278519567
4   6   1   2   0.0004455594
4   6   2   2   -0.0076624661
4   6   4   2   -0.0058892093
4   7   1   2   -0.0074550789
4   7   2   2   0.0150841861
4   7   4   2   -0.0573864096
4   8   3   2   -0.0012746691
4   9   1   2   0.0026233987
4   9   2   2   -0.0003827066
4   9   4   2   0.0397033101
4   10   5   2   0.0008217356
5   6   5   2   -0.0021469988
5   7   5   2   -0.0743796429
5   9   5   2   0.0352140619
5   10   1   2   0.0058734551
5   10   2   2   -0.0174135895
5   10   4   2   0.0011702575

End IJKA Block
Begin IABC Block
1   2   1   2   0.0005700794
2   2   1   2   -0.0107644913
4   2   1   2   -0.0012415644

End IABC Block
