Begin IJ Block
1   1   -1.6208597896
1   3   -0.0977137651
2   2   -1.4788955512
2   3   -0.0000000000
3   3   -1.4440429877

End IJ Block
Begin IA Block
1   1   -0.0000000000
1   2   0.0564462155
1   3   0.0000000000
1   4   0.1007560219
1   6   0.0438804125
2   1   -0.1353795161
2   3   -0.0555690272
2   4   -0.0000000000
2   5   0.0807428416
3   1   -0.0000000000
3   2   -0.1256557598
3   3   0.0000000000
3   4   -0.0088288258
3   5   0.0000000000
3   6   0.0818489068

End IA Block
Begin AB Block
1   1   -1.3356438277
1   2   -0.0000000000
1   3   0.1539176103
1   4   0.0000000000
1   5   -0.0201042987
1   6   -0.0000000000
2   2   -1.1798785584
2   3   -0.0000000000
2   4   0.0611260171
2   5   -0.0000000000
2   6   -0.1522972085
3   3   -1.1290103658
3   4   -0.0000000000
3   5   -0.1652823781
3   6   -0.0000000000
4   4   -0.8333156836
4   5   0.0000000000
4   6   -0.1037048614
5   5   -0.7610387106
5   6   -0.0000000000
6   6   -0.7307618885

End AB Block
Begin IJAB Block
1   4   1   7   0.0592363174
1   4   1   9   -0.0234963662
1   4   1   11   -0.0096016515
1   4   1   12   0.0000000000
1   4   2   8   0.0375547190
1   4   2   9   -0.0000000000
1   4   2   10   -0.0024134001
1   4   2   11   0.0000000000
1   4   2   12   0.0092173683
1   4   3   7   -0.0234963662
1   4   3   8   -0.0000000000
1   4   3   9   0.0465793198
1   4   3   10   -0.0000000000
1   4   3   11   0.0146654851
1   4   3   12   -0.0000000000
1   4   4   8   -0.0024134001
1   4   4   9   -0.0000000000
1   4   4   10   0.0129305880
1   4   4   11   -0.0000000000
1   4   4   12   0.0050064033
1   4   5   7   -0.0096016515
1   4   5   8   0.0000000000
1   4   5   9   0.0146654851
1   4   5   10   -0.0000000000
1   4   5   11   0.0124093023
1   4   5   12   0.0000000000
1   4   6   7   0.0000000000
1   4   6   8   0.0092173683
1   4   6   9   -0.0000000000
1   4   6   10   0.0050064033
1   4   6   11   0.0000000000
1   4   6   12   0.0126958209
1   5   1   8   -0.0391752004
1   5   1   9   0.0000000000
1   5   1   10   -0.0025104432
1   5   1   11   -0.0000000000
1   5   1   12   -0.0213276955
1   5   2   7   -0.0236011331
1   5   2   9   -0.0310499992
1   5   2   11   -0.0087958830
1   5   2   12   -0.0000000000
1   5   3   7   0.0000000000
1   5   3   8   -0.0187810041
1   5   3   9   -0.0000000000
1   5   3   10   -0.0010148158
1   5   3   11   0.0000000000
1   5   3   12   0.0001193851
1   5   4   7   -0.0042319706
1   5   4   9   -0.0004098013
1   5   4   10   -0.0000000000
1   5   4   11   0.0090615602
1   5   4   12   0.0000000000
1   5   5   7   -0.0000000000
1   5   5   8   -0.0058475864
1   5   5   9   0.0000000000
1   5   5   10   0.0082283501
1   5   5   11   -0.0000000000
1   5   5   12   -0.0054755605
1   5   6   7   -0.0214388758
1   5   6   8   -0.0000000000
1   5   6   9   -0.0040417224
1   5   6   10   0.0000000000
1   5   6   11   -0.0058239594
1   5   6   12   -0.0000000000
1   6   1   7   0.0092607091
1   6   1   9   -0.0509923608
1   6   1   10   0.0000000000
1   6   1   11   -0.0236311834
1   6   1   12   0.0000000000
1   6   2   8   -0.0161327032
1   6   2   10   -0.0056829293
1   6   2   12   -0.0098084111
1   6   3   7   -0.0277982481
1   6   3   9   0.0154478352
1   6   3   10   -0.0000000000
1   6   3   11   0.0116470315
1   6   3   12   -0.0000000000
1   6   4   8   -0.0070897833
1   6   4   9   -0.0000000000
1   6   4   10   0.0021923342
1   6   4   11   0.0000000000
1   6   4   12   0.0087941727
1   6   5   7   -0.0216121724
1   6   5   9   0.0112448612
1   6   5   10   0.0000000000
1   6   5   11   -0.0032099055
1   6   5   12   0.0000000000
1   6   6   8   -0.0170973676
1   6   6   9   -0.0000000000
1   6   6   10   0.0083921539
1   6   6   11   0.0000000000
1   6   6   12   -0.0052384145
2   4   1   8   -0.0236011331
2   4   1   9   0.0000000000
2   4   1   10   -0.0042319706
2   4   1   11   -0.0000000000
2   4   1   12   -0.0214388758
2   4   2   7   -0.0391752004
2   4   2   9   -0.0187810041
2   4   2   11   -0.0058475864
2   4   2   12   -0.0000000000
2   4   3   7   0.0000000000
2   4   3   8   -0.0310499992
2   4   3   9   -0.0000000000
2   4   3   10   -0.0004098013
2   4   3   11   0.0000000000
2   4   3   12   -0.0040417224
2   4   4   7   -0.0025104432
2   4   4   9   -0.0010148158
2   4   4   10   -0.0000000000
2   4   4   11   0.0082283501
2   4   4   12   0.0000000000
2   4   5   7   -0.0000000000
2   4   5   8   -0.0087958830
2   4   5   9   0.0000000000
2   4   5   10   0.0090615602
2   4   5   11   -0.0000000000
2   4   5   12   -0.0058239594
2   4   6   7   -0.0213276955
2   4   6   8   -0.0000000000
2   4   6   9   0.0001193851
2   4   6   10   0.0000000000
2   4   6   11   -0.0054755605
2   4   6   12   -0.0000000000
2   5   1   7   0.0572300522
2   5   1   9   0.0129495271
2   5   1   11   0.0141201349
2   5   2   8   0.0596986863
2   5   2   9   -0.0000000000
2   5   2   10   0.0010609206
2   5   2   11   0.0000000000
2   5   2   12   0.0234846070
2   5   3   7   0.0129495271
2   5   3   8   -0.0000000000
2   5   3   9   0.0320523551
2   5   3   10   -0.0000000000
2   5   3   11   0.0026237361
2   5   3   12   0.0000000000
2   5   4   8   0.0010609206
2   5   4   9   -0.0000000000
2   5   4   10   0.0106797190
2   5   4   11   -0.0000000000
2   5   4   12   -0.0056786470
2   5   5   7   0.0141201349
2   5   5   8   0.0000000000
2   5   5   9   0.0026237361
2   5   5   10   -0.0000000000
2   5   5   11   0.0157852821
2   5   5   12   0.0000000000
2   5   6   8   0.0234846070
2   5   6   9   0.0000000000
2   5   6   10   -0.0056786470
2   5   6   11   0.0000000000
2   5   6   12   0.0180392217
2   6   1   8   0.0521237031
2   6   1   9   0.0000000000
2   6   1   10   -0.0138377114
2   6   1   12   0.0188704562
2   6   2   7   0.0238308991
2   6   2   8   -0.0000000000
2   6   2   9   0.0327263943
2   6   2   10   -0.0000000000
2   6   2   11   0.0140393475
2   6   3   8   0.0145301879
2   6   3   9   -0.0000000000
2   6   3   10   0.0072418632
2   6   3   11   0.0000000000
2   6   3   12   0.0031457135
2   6   4   7   -0.0134871520
2   6   4   8   -0.0000000000
2   6   4   9   0.0066351590
2   6   4   10   0.0000000000
2   6   4   11   -0.0087465611
2   6   4   12   -0.0000000000
2   6   5   8   0.0113988397
2   6   5   9   0.0000000000
2   6   5   10   -0.0079189758
2   6   5   11   0.0000000000
2   6   5   12   0.0144103740
2   6   6   7   0.0177212144
2   6   6   8   0.0000000000
2   6   6   9   0.0101934772
2   6   6   11   0.0148561455
2   6   6   12   0.0000000000
3   4   1   7   0.0092607091
3   4   1   9   -0.0277982481
3   4   1   11   -0.0216121724
3   4   2   8   -0.0161327032
3   4   2   10   -0.0070897833
3   4   2   12   -0.0170973676
3   4   3   7   -0.0509923608
3   4   3   9   0.0154478352
3   4   3   10   -0.0000000000
3   4   3   11   0.0112448612
3   4   3   12   -0.0000000000
3   4   4   7   0.0000000000
3   4   4   8   -0.0056829293
3   4   4   9   -0.0000000000
3   4   4   10   0.0021923342
3   4   4   11   0.0000000000
3   4   4   12   0.0083921539
3   4   5   7   -0.0236311834
3   4   5   9   0.0116470315
3   4   5   10   0.0000000000
3   4   5   11   -0.0032099055
3   4   5   12   0.0000000000
3   4   6   7   0.0000000000
3   4   6   8   -0.0098084111
3   4   6   9   -0.0000000000
3   4   6   10   0.0087941727
3   4   6   11   0.0000000000
3   4   6   12   -0.0052384145
3   5   1   8   0.0238308991
3   5   1   10   -0.0134871520
3   5   1   12   0.0177212144
3   5   2   7   0.0521237031
3   5   2   8   -0.0000000000
3   5   2   9   0.0145301879
3   5   2   10   -0.0000000000
3   5   2   11   0.0113988397
3   5   2   12   0.0000000000
3   5   3   7   0.0000000000
3   5   3   8   0.0327263943
3   5   3   9   -0.0000000000
3   5   3   10   0.0066351590
3   5   3   11   0.0000000000
3   5   3   12   0.0101934772
3   5   4   7   -0.0138377114
3   5   4   8   -0.0000000000
3   5   4   9   0.0072418632
3   5   4   10   0.0000000000
3   5   4   11   -0.0079189758
3   5   5   8   0.0140393475
3   5   5   9   0.0000000000
3   5   5   10   -0.0087465611
3   5   5   11   0.0000000000
3   5   5   12   0.0148561455
3   5   6   7   0.0188704562
3   5   6   9   0.0031457135
3   5   6   10   -0.0000000000
3   5   6   11   0.0144103740
3   5   6   12   0.0000000000
3   6   1   7   0.0671200641
3   6   1   9   -0.0167226728
3   6   1   11   0.0095412601
3   6   2   8   0.0517369065
3   6   2   9   -0.0000000000
3   6   2   10   -0.0136894322
3   6   2   11   0.0000000000
3   6   2   12   0.0120127899
3   6   3   7   -0.0167226728
3   6   3   8   -0.0000000000
3   6   3   9   0.0469211968
3   6   3   10   -0.0000000000
3   6   3   11   0.0134925633
3   6   3   12   -0.0000000000
3   6   4   8   -0.0136894322
3   6   4   9   -0.0000000000
3   6   4   10   0.0139272710
3   6   4   11   -0.0000000000
3   6   4   12   -0.0050217710
3   6   5   7   0.0095412601
3   6   5   8   0.0000000000
3   6   5   9   0.0134925633
3   6   5   10   -0.0000000000
3   6   5   11   0.0192954012
3   6   5   12   0.0000000000
3   6   6   8   0.0120127899
3   6   6   9   -0.0000000000
3   6   6   10   -0.0050217710
3   6   6   11   0.0000000000
3   6   6   12   0.0157977812

End IJAB Block
Begin IJKL Block
1   4   1   4   0.2952487195
1   4   1   6   0.0556589979
1   4   2   5   0.0970051716
1   4   2   6   0.0000000000
1   4   3   4   0.0556589979
1   4   3   5   0.0000000000
1   4   3   6   0.0811316154
1   5   1   5   0.2346361182
1   5   2   4   0.0977525325
1   5   2   6   -0.0791802377
1   5   3   5   -0.0298982680
1   6   1   4   0.0556589979
1   6   1   6   0.2580255885
1   6   2   5   -0.0800165212
1   6   3   4   0.0827681639
1   6   3   6   0.0228999946
2   4   1   5   0.0977525325
2   4   2   4   0.2346361182
2   4   2   6   -0.0298982680
2   4   3   5   -0.0791802377
2   5   1   4   0.0970051716
2   5   1   6   -0.0800165212
2   5   2   5   0.2641967385
2   5   3   4   -0.0800165212
2   5   3   6   0.0912279563
2   6   1   4   0.0000000000
2   6   1   5   -0.0791802377
2   6   2   4   -0.0298982680
2   6   2   6   0.2346393491
2   6   3   5   0.0923056440
3   4   1   4   0.0556589979
3   4   1   6   0.0827681639
3   4   2   5   -0.0800165212
3   4   3   4   0.2580255885
3   4   3   6   0.0228999946
3   5   1   4   0.0000000000
3   5   1   5   -0.0298982680
3   5   2   4   -0.0791802377
3   5   2   6   0.0923056440
3   5   3   5   0.2346393491
3   6   1   4   0.0811316154
3   6   1   6   0.0228999946
3   6   2   5   0.0912279563
3   6   3   4   0.0228999946
3   6   3   6   0.2541069688

End IJKL Block
Begin ABCD Block
1   7   1   7   0.2404030904
1   7   1   8   0.0000000000
1   7   1   9   -0.0304997767
1   7   1   10   -0.0000000000
1   7   1   11   0.0055383277
1   7   2   7   0.0000000000
1   7   2   8   0.0760083134
1   7   2   9   0.0000000000
1   7   2   10   -0.0101424596
1   7   2   11   0.0000000000
1   7   2   12   0.0229973113
1   7   3   7   -0.0304997767
1   7   3   8   0.0000000000
1   7   3   9   0.0562218201
1   7   3   10   -0.0000000000
1   7   3   11   0.0215801091
1   7   3   12   0.0000000000
1   7   4   7   -0.0000000000
1   7   4   8   -0.0101424596
1   7   4   9   -0.0000000000
1   7   4   10   0.0099237385
1   7   4   11   -0.0000000000
1   7   4   12   -0.0034985141
1   7   5   7   0.0055383277
1   7   5   8   0.0000000000
1   7   5   9   0.0215801091
1   7   5   10   -0.0000000000
1   7   5   11   0.0207124349
1   7   5   12   0.0000000000
1   7   6   8   0.0229973113
1   7   6   9   0.0000000000
1   7   6   10   -0.0034985141
1   7   6   11   0.0000000000
1   7   6   12   0.0196925661
1   8   1   7   0.0000000000
1   8   1   8   0.2179986243
1   8   1   10   -0.0140556285
1   8   1   11   0.0000000000
1   8   1   12   0.0282477742
1   8   2   7   0.0760083134
1   8   2   8   0.0000000000
1   8   2   9   0.0614800900
1   8   2   10   -0.0000000000
1   8   2   11   0.0193403962
1   8   2   12   0.0000000000
1   8   3   7   0.0000000000
1   8   3   8   0.0027816187
1   8   3   10   0.0067306300
1   8   3   11   0.0000000000
1   8   3   12   0.0003540856
1   8   4   7   -0.0101424596
1   8   4   8   -0.0000000000
1   8   4   9   -0.0010822162
1   8   4   10   0.0000000000
1   8   4   11   -0.0071010103
1   8   4   12   -0.0000000000
1   8   5   7   0.0000000000
1   8   5   8   0.0146141388
1   8   5   9   0.0000000000
1   8   5   10   -0.0048514418
1   8   5   11   0.0000000000
1   8   5   12   0.0110078534
1   8   6   7   0.0229973113
1   8   6   8   0.0000000000
1   8   6   9   0.0184568980
1   8   6   10   -0.0000000000
1   8   6   11   0.0143609875
1   8   6   12   0.0000000000
1   9   1   7   -0.0304997767
1   9   1   9   0.2266956112
1   9   1   11   0.0317510404
1   9   1   12   0.0000000000
1   9   2   7   0.0000000000
1   9   2   8   0.0614800900
1   9   2   9   -0.0000000000
1   9   2   10   0.0115598405
1   9   2   11   0.0000000000
1   9   2   12   -0.0065574439
1   9   3   7   0.0562218201
1   9   3   9   -0.0412994544
1   9   3   10   -0.0000000000
1   9   3   11   -0.0233473791
1   9   3   12   0.0000000000
1   9   4   7   -0.0000000000
1   9   4   8   -0.0010822162
1   9   4   9   0.0000000000
1   9   4   10   -0.0029100666
1   9   4   11   -0.0000000000
1   9   4   12   -0.0050252149
1   9   5   7   0.0215801091
1   9   5   8   0.0000000000
1   9   5   9   -0.0090600044
1   9   5   10   -0.0000000000
1   9   5   11   -0.0034678574
1   9   5   12   0.0000000000
1   9   6   7   0.0000000000
1   9   6   8   0.0184568980
1   9   6   9   -0.0000000000
1   9   6   10   -0.0040471771
1   9   6   11   0.0000000000
1   9   6   12   0.0016006134
1   10   1   7   -0.0000000000
1   10   1   8   -0.0140556285
1   10   1   10   0.1846616347
1   10   1   11   -0.0000000000
1   10   1   12   0.0128181183
1   10   2   7   -0.0101424596
1   10   2   8   -0.0000000000
1   10   2   9   0.0115598405
1   10   2   10   0.0000000000
1   10   2   11   -0.0536014681
1   10   2   12   -0.0000000000
1   10   3   7   -0.0000000000
1   10   3   8   0.0067306300
1   10   3   9   -0.0000000000
1   10   3   10   -0.0232843515
1   10   3   11   -0.0000000000
1   10   3   12   -0.0331370407
1   10   4   7   0.0099237385
1   10   4   8   0.0000000000
1   10   4   9   -0.0029100666
1   10   4   10   -0.0000000000
1   10   4   11   0.0054527674
1   10   4   12   0.0000000000
1   10   5   7   -0.0000000000
1   10   5   8   -0.0048514418
1   10   5   9   -0.0000000000
1   10   5   10   0.0022653986
1   10   5   11   -0.0000000000
1   10   5   12   -0.0129786200
1   10   6   7   -0.0034985141
1   10   6   8   -0.0000000000
1   10   6   9   -0.0040471771
1   10   6   10   0.0000000000
1   10   6   11   -0.0147989435
1   10   6   12   -0.0000000000
1   11   1   7   0.0055383277
1   11   1   8   0.0000000000
1   11   1   9   0.0317510404
1   11   1   10   -0.0000000000
1   11   1   11   0.1822570051
1   11   1   12   0.0000000000
1   11   2   7   0.0000000000
1   11   2   8   0.0193403962
1   11   2   9   0.0000000000
1   11   2   10   -0.0536014681
1   11   2   11   0.0000000000
1   11   2   12   0.0480649213
1   11   3   7   0.0215801091
1   11   3   8   0.0000000000
1   11   3   9   -0.0233473791
1   11   3   10   -0.0000000000
1   11   3   11   0.0008235890
1   11   3   12   0.0000000000
1   11   4   7   -0.0000000000
1   11   4   8   -0.0071010103
1   11   4   9   -0.0000000000
1   11   4   10   0.0054527674
1   11   4   11   -0.0000000000
1   11   4   12   -0.0081012300
1   11   5   7   0.0207124349
1   11   5   8   0.0000000000
1   11   5   9   -0.0034678574
1   11   5   10   -0.0000000000
1   11   5   11   0.0131196676
1   11   5   12   0.0000000000
1   11   6   7   0.0000000000
1   11   6   8   0.0143609875
1   11   6   9   0.0000000000
1   11   6   10   -0.0147989435
1   11   6   11   0.0000000000
1   11   6   12   0.0101461742
1   12   1   8   0.0282477742
1   12   1   9   0.0000000000
1   12   1   10   0.0128181183
1   12   1   11   0.0000000000
1   12   1   12   0.1814465157
1   12   2   7   0.0229973113
1   12   2   8   0.0000000000
1   12   2   9   -0.0065574439
1   12   2   10   -0.0000000000
1   12   2   11   0.0480649213
1   12   2   12   -0.0000000000
1   12   3   7   0.0000000000
1   12   3   8   0.0003540856
1   12   3   9   0.0000000000
1   12   3   10   -0.0331370407
1   12   3   11   0.0000000000
1   12   3   12   -0.0050432893
1   12   4   7   -0.0034985141
1   12   4   8   -0.0000000000
1   12   4   9   -0.0050252149
1   12   4   10   0.0000000000
1   12   4   11   -0.0081012300
1   12   4   12   0.0000000000
1   12   5   7   0.0000000000
1   12   5   8   0.0110078534
1   12   5   9   0.0000000000
1   12   5   10   -0.0129786200
1   12   5   11   0.0000000000
1   12   5   12   0.0087738551
1   12   6   7   0.0196925661
1   12   6   8   0.0000000000
1   12   6   9   0.0016006134
1   12   6   10   -0.0000000000
1   12   6   11   0.0101461742
1   12   6   12   0.0000000000
2   7   1   7   0.0000000000
2   7   1   8   0.0760083134
2   7   1   9   0.0000000000
2   7   1   10   -0.0101424596
2   7   1   11   0.0000000000
2   7   1   12   0.0229973113
2   7   2   7   0.2179986243
2   7   2   8   0.0000000000
2   7   2   9   0.0027816187
2   7   2   10   -0.0000000000
2   7   2   11   0.0146141388
2   7   2   12   0.0000000000
2   7   3   8   0.0614800900
2   7   3   10   -0.0010822162
2   7   3   11   0.0000000000
2   7   3   12   0.0184568980
2   7   4   7   -0.0140556285
2   7   4   8   -0.0000000000
2   7   4   9   0.0067306300
2   7   4   10   0.0000000000
2   7   4   11   -0.0048514418
2   7   4   12   -0.0000000000
2   7   5   7   0.0000000000
2   7   5   8   0.0193403962
2   7   5   9   0.0000000000
2   7   5   10   -0.0071010103
2   7   5   11   0.0000000000
2   7   5   12   0.0143609875
2   7   6   7   0.0282477742
2   7   6   8   0.0000000000
2   7   6   9   0.0003540856
2   7   6   10   -0.0000000000
2   7   6   11   0.0110078534
2   7   6   12   0.0000000000
2   8   1   7   0.0760083134
2   8   1   8   0.0000000000
2   8   1   9   0.0614800900
2   8   1   10   -0.0000000000
2   8   1   11   0.0193403962
2   8   1   12   0.0000000000
2   8   2   7   0.0000000000
2   8   2   8   0.2237968837
2   8   2   9   0.0000000000
2   8   2   10   -0.0069534234
2   8   2   11   0.0000000000
2   8   2   12   0.0284402156
2   8   3   7   0.0614800900
2   8   3   8   0.0000000000
2   8   3   9   0.0633373366
2   8   3   10   -0.0000000000
2   8   3   11   0.0142467301
2   8   3   12   0.0000000000
2   8   4   7   -0.0000000000
2   8   4   8   -0.0069534234
2   8   4   9   -0.0000000000
2   8   4   10   0.0074015316
2   8   4   11   -0.0000000000
2   8   4   12   -0.0047383416
2   8   5   7   0.0193403962
2   8   5   8   0.0000000000
2   8   5   9   0.0142467301
2   8   5   10   -0.0000000000
2   8   5   11   0.0147141460
2   8   5   12   0.0000000000
2   8   6   7   0.0000000000
2   8   6   8   0.0284402156
2   8   6   9   0.0000000000
2   8   6   10   -0.0047383416
2   8   6   11   0.0000000000
2   8   6   12   0.0164808312
2   9   1   7   0.0000000000
2   9   1   8   0.0614800900
2   9   1   9   -0.0000000000
2   9   1   10   0.0115598405
2   9   1   11   0.0000000000
2   9   1   12   -0.0065574439
2   9   2   7   0.0027816187
2   9   2   8   0.0000000000
2   9   2   9   0.2071298329
2   9   2   10   -0.0000000000
2   9   2   11   0.0177102717
2   9   2   12   0.0000000000
2   9   3   8   0.0633373366
2   9   3   9   -0.0000000000
2   9   3   10   0.0080476553
2   9   3   11   0.0000000000
2   9   3   12   -0.0103048598
2   9   4   7   0.0067306300
2   9   4   8   -0.0000000000
2   9   4   9   -0.0085225075
2   9   4   10   -0.0000000000
2   9   4   11   -0.0071744755
2   9   4   12   -0.0000000000
2   9   5   7   0.0000000000
2   9   5   8   0.0142467301
2   9   5   9   -0.0000000000
2   9   5   10   -0.0031586547
2   9   5   11   0.0000000000
2   9   5   12   0.0030332012
2   9   6   7   0.0003540856
2   9   6   8   0.0000000000
2   9   6   9   0.0187790100
2   9   6   10   -0.0000000000
2   9   6   11   0.0079155046
2   9   6   12   0.0000000000
2   10   1   7   -0.0101424596
2   10   1   8   -0.0000000000
2   10   1   9   0.0115598405
2   10   1   10   0.0000000000
2   10   1   11   -0.0536014681
2   10   1   12   -0.0000000000
2   10   2   7   -0.0000000000
2   10   2   8   -0.0069534234
2   10   2   9   -0.0000000000
2   10   2   10   0.1724512499
2   10   2   11   -0.0000000000
2   10   2   12   -0.0011837167
2   10   3   7   -0.0010822162
2   10   3   8   -0.0000000000
2   10   3   9   0.0080476553
2   10   3   10   0.0000000000
2   10   3   11   -0.0495305496
2   10   3   12   -0.0000000000
2   10   4   7   0.0000000000
2   10   4   8   0.0074015316
2   10   4   9   -0.0000000000
2   10   4   10   -0.0087773107
2   10   4   11   0.0000000000
2   10   4   12   -0.0015027177
2   10   5   7   -0.0071010103
2   10   5   8   -0.0000000000
2   10   5   9   -0.0031586547
2   10   5   10   0.0000000001
2   10   5   11   -0.0149960242
2   10   5   12   -0.0000000000
2   10   6   7   -0.0000000000
2   10   6   8   -0.0047383416
2   10   6   9   -0.0000000000
2   10   6   10   0.0154624853
2   10   6   11   -0.0000000001
2   10   6   12   0.0026757726
2   11   1   7   0.0000000000
2   11   1   8   0.0193403962
2   11   1   9   0.0000000000
2   11   1   10   -0.0536014681
2   11   1   11   0.0000000000
2   11   1   12   0.0480649213
2   11   2   7   0.0146141388
2   11   2   8   0.0000000000
2   11   2   9   0.0177102717
2   11   2   10   -0.0000000000
2   11   2   11   0.1785810901
2   11   2   12   0.0000000000
2   11   3   7   0.0000000000
2   11   3   8   0.0142467301
2   11   3   9   0.0000000000
2   11   3   10   -0.0495305496
2   11   3   11   0.0000000000
2   11   3   12   0.0373851702
2   11   4   7   -0.0048514418
2   11   4   8   -0.0000000000
2   11   4   9   -0.0071744755
2   11   4   10   0.0000000000
2   11   4   11   -0.0092669820
2   11   4   12   -0.0000000000
2   11   5   7   0.0000000000
2   11   5   8   0.0147141460
2   11   5   9   0.0000000000
2   11   5   10   -0.0149960242
2   11   5   11   0.0000000001
2   11   5   12   0.0098934469
2   11   6   7   0.0110078534
2   11   6   8   0.0000000000
2   11   6   9   0.0079155046
2   11   6   10   -0.0000000001
2   11   6   11   0.0153785515
2   11   6   12   0.0000000000
2   12   1   7   0.0229973113
2   12   1   8   0.0000000000
2   12   1   9   -0.0065574439
2   12   1   10   -0.0000000000
2   12   1   11   0.0480649213
2   12   1   12   -0.0000000000
2   12   2   7   0.0000000000
2   12   2   8   0.0284402156
2   12   2   9   0.0000000000
2   12   2   10   -0.0011837167
2   12   2   11   0.0000000000
2   12   2   12   0.1756175843
2   12   3   7   0.0184568980
2   12   3   8   0.0000000000
2   12   3   9   -0.0103048598
2   12   3   10   -0.0000000000
2   12   3   11   0.0373851702
2   12   4   7   -0.0000000000
2   12   4   8   -0.0047383416
2   12   4   9   -0.0000000000
2   12   4   10   -0.0015027177
2   12   4   11   -0.0000000000
2   12   4   12   -0.0062767178
2   12   5   7   0.0143609875
2   12   5   8   0.0000000000
2   12   5   9   0.0030332012
2   12   5   10   -0.0000000000
2   12   5   11   0.0098934469
2   12   5   12   0.0000000000
2   12   6   7   0.0000000000
2   12   6   8   0.0164808312
2   12   6   9   0.0000000000
2   12   6   10   0.0026757726
2   12   6   11   0.0000000000
2   12   6   12   0.0144595093
3   7   1   7   -0.0304997767
3   7   1   8   0.0000000000
3   7   1   9   0.0562218201
3   7   1   10   -0.0000000000
3   7   1   11   0.0215801091
3   7   1   12   0.0000000000
3   7   2   8   0.0614800900
3   7   2   10   -0.0010822162
3   7   2   11   0.0000000000
3   7   2   12   0.0184568980
3   7   3   7   0.2266956112
3   7   3   8   -0.0000000000
3   7   3   9   -0.0412994544
3   7   3   10   0.0000000000
3   7   3   11   -0.0090600044
3   7   3   12   -0.0000000000
3   7   4   8   0.0115598405
3   7   4   9   -0.0000000000
3   7   4   10   -0.0029100666
3   7   4   11   -0.0000000000
3   7   4   12   -0.0040471771
3   7   5   7   0.0317510404
3   7   5   8   0.0000000000
3   7   5   9   -0.0233473791
3   7   5   10   -0.0000000000
3   7   5   11   -0.0034678574
3   7   5   12   0.0000000000
3   7   6   7   0.0000000000
3   7   6   8   -0.0065574439
3   7   6   9   0.0000000000
3   7   6   10   -0.0050252149
3   7   6   11   0.0000000000
3   7   6   12   0.0016006134
3   8   1   7   0.0000000000
3   8   1   8   0.0027816187
3   8   1   10   0.0067306300
3   8   1   11   0.0000000000
3   8   1   12   0.0003540856
3   8   2   7   0.0614800900
3   8   2   8   0.0000000000
3   8   2   9   0.0633373366
3   8   2   10   -0.0000000000
3   8   2   11   0.0142467301
3   8   2   12   0.0000000000
3   8   3   7   -0.0000000000
3   8   3   8   0.2071298329
3   8   3   9   -0.0000000000
3   8   3   10   -0.0085225075
3   8   3   11   -0.0000000000
3   8   3   12   0.0187790100
3   8   4   7   0.0115598405
3   8   4   8   -0.0000000000
3   8   4   9   0.0080476553
3   8   4   10   -0.0000000000
3   8   4   11   -0.0031586547
3   8   4   12   -0.0000000000
3   8   5   7   0.0000000000
3   8   5   8   0.0177102717
3   8   5   9   0.0000000000
3   8   5   10   -0.0071744755
3   8   5   11   0.0000000000
3   8   5   12   0.0079155046
3   8   6   7   -0.0065574439
3   8   6   8   0.0000000000
3   8   6   9   -0.0103048598
3   8   6   10   -0.0000000000
3   8   6   11   0.0030332012
3   8   6   12   0.0000000000
3   9   1   7   0.0562218201
3   9   1   9   -0.0412994544
3   9   1   10   -0.0000000000
3   9   1   11   -0.0233473791
3   9   1   12   0.0000000000
3   9   2   8   0.0633373366
3   9   2   9   -0.0000000000
3   9   2   10   0.0080476553
3   9   2   11   0.0000000000
3   9   2   12   -0.0103048598
3   9   3   7   -0.0412994544
3   9   3   8   -0.0000000000
3   9   3   9   0.2324412213
3   9   3   10   -0.0000000000
3   9   3   11   0.0316343041
3   9   3   12   -0.0000000000
3   9   4   7   -0.0000000000
3   9   4   8   0.0080476553
3   9   4   9   -0.0000000000
3   9   4   10   0.0091797663
3   9   4   11   -0.0000000000
3   9   4   12   -0.0005631958
3   9   5   7   -0.0233473791
3   9   5   8   0.0000000000
3   9   5   9   0.0316343041
3   9   5   10   -0.0000000000
3   9   5   11   0.0163452157
3   9   5   12   0.0000000000
3   9   6   7   0.0000000000
3   9   6   8   -0.0103048598
3   9   6   9   -0.0000000000
3   9   6   10   -0.0005631958
3   9   6   11   0.0000000000
3   9   6   12   0.0120964901
3   10   1   7   -0.0000000000
3   10   1   8   0.0067306300
3   10   1   9   -0.0000000000
3   10   1   10   -0.0232843515
3   10   1   11   -0.0000000000
3   10   1   12   -0.0331370407
3   10   2   7   -0.0010822162
3   10   2   8   -0.0000000000
3   10   2   9   0.0080476553
3   10   2   10   0.0000000000
3   10   2   11   -0.0495305496
3   10   2   12   -0.0000000000
3   10   3   7   0.0000000000
3   10   3   8   -0.0085225075
3   10   3   9   -0.0000000000
3   10   3   10   0.1814884335
3   10   3   11   0.0000000000
3   10   3   12   0.0224239187
3   10   4   7   -0.0029100666
3   10   4   8   -0.0000000000
3   10   4   9   0.0091797663
3   10   4   10   -0.0000000000
3   10   4   11   -0.0062445215
3   10   4   12   0.0000000000
3   10   5   7   -0.0000000000
3   10   5   8   -0.0071744755
3   10   5   9   -0.0000000000
3   10   5   10   0.0190098043
3   10   5   11   -0.0000000001
3   10   5   12   0.0137796492
3   10   6   7   -0.0050252149
3   10   6   8   -0.0000000000
3   10   6   9   -0.0005631958
3   10   6   10   0.0000000001
3   10   6   11   0.0116514117
3   10   6   12   -0.0000000001
3   11   1   7   0.0215801091
3   11   1   8   0.0000000000
3   11   1   9   -0.0233473791
3   11   1   10   -0.0000000000
3   11   1   11   0.0008235890
3   11   1   12   0.0000000000
3   11   2   7   0.0000000000
3   11   2   8   0.0142467301
3   11   2   9   0.0000000000
3   11   2   10   -0.0495305496
3   11   2   11   0.0000000000
3   11   2   12   0.0373851702
3   11   3   7   -0.0090600044
3   11   3   8   -0.0000000000
3   11   3   9   0.0316343041
3   11   3   10   0.0000000000
3   11   3   11   0.1696092657
3   11   3   12   -0.0000000000
3   11   4   7   -0.0000000000
3   11   4   8   -0.0031586547
3   11   4   9   -0.0000000000
3   11   4   10   -0.0062445215
3   11   4   11   -0.0000000000
3   11   4   12   0.0100617421
3   11   5   7   -0.0034678574
3   11   5   8   0.0000000000
3   11   5   9   0.0163452157
3   11   5   10   -0.0000000001
3   11   5   11   0.0110536208
3   11   5   12   0.0000000000
3   11   6   7   0.0000000000
3   11   6   8   0.0030332012
3   11   6   9   0.0000000000
3   11   6   10   0.0116514117
3   11   6   11   0.0000000001
3   11   6   12   -0.0109207160
3   12   1   7   0.0000000000
3   12   1   8   0.0003540856
3   12   1   9   0.0000000000
3   12   1   10   -0.0331370407
3   12   1   11   0.0000000000
3   12   1   12   -0.0050432893
3   12   2   7   0.0184568980
3   12   2   8   0.0000000000
3   12   2   9   -0.0103048598
3   12   2   10   -0.0000000000
3   12   2   11   0.0373851702
3   12   3   7   -0.0000000000
3   12   3   8   0.0187790100
3   12   3   9   -0.0000000000
3   12   3   10   0.0224239187
3   12   3   11   -0.0000000000
3   12   3   12   0.1719777278
3   12   4   7   -0.0040471771
3   12   4   8   -0.0000000000
3   12   4   9   -0.0005631958
3   12   4   10   0.0000000000
3   12   4   11   0.0100617421
3   12   4   12   -0.0000000000
3   12   5   7   0.0000000000
3   12   5   8   0.0079155046
3   12   5   9   0.0000000000
3   12   5   10   0.0137796492
3   12   5   11   0.0000000000
3   12   5   12   0.0105104971
3   12   6   7   0.0016006134
3   12   6   8   0.0000000000
3   12   6   9   0.0120964901
3   12   6   10   -0.0000000001
3   12   6   11   -0.0109207160
3   12   6   12   -0.0000000000
4   7   1   7   -0.0000000000
4   7   1   8   -0.0101424596
4   7   1   9   -0.0000000000
4   7   1   10   0.0099237385
4   7   1   11   -0.0000000000
4   7   1   12   -0.0034985141
4   7   2   7   -0.0140556285
4   7   2   8   -0.0000000000
4   7   2   9   0.0067306300
4   7   2   10   0.0000000000
4   7   2   11   -0.0048514418
4   7   2   12   -0.0000000000
4   7   3   8   0.0115598405
4   7   3   9   -0.0000000000
4   7   3   10   -0.0029100666
4   7   3   11   -0.0000000000
4   7   3   12   -0.0040471771
4   7   4   7   0.1846616347
4   7   4   8   0.0000000000
4   7   4   9   -0.0232843515
4   7   4   10   -0.0000000000
4   7   4   11   0.0022653986
4   7   4   12   0.0000000000
4   7   5   7   -0.0000000000
4   7   5   8   -0.0536014681
4   7   5   9   -0.0000000000
4   7   5   10   0.0054527674
4   7   5   11   -0.0000000000
4   7   5   12   -0.0147989435
4   7   6   7   0.0128181183
4   7   6   8   -0.0000000000
4   7   6   9   -0.0331370407
4   7   6   10   0.0000000000
4   7   6   11   -0.0129786200
4   7   6   12   -0.0000000000
4   8   1   7   -0.0101424596
4   8   1   8   -0.0000000000
4   8   1   9   -0.0010822162
4   8   1   10   0.0000000000
4   8   1   11   -0.0071010103
4   8   1   12   -0.0000000000
4   8   2   7   -0.0000000000
4   8   2   8   -0.0069534234
4   8   2   9   -0.0000000000
4   8   2   10   0.0074015316
4   8   2   11   -0.0000000000
4   8   2   12   -0.0047383416
4   8   3   7   0.0115598405
4   8   3   8   -0.0000000000
4   8   3   9   0.0080476553
4   8   3   10   -0.0000000000
4   8   3   11   -0.0031586547
4   8   3   12   -0.0000000000
4   8   4   7   0.0000000000
4   8   4   8   0.1724512499
4   8   4   9   0.0000000000
4   8   4   10   -0.0087773107
4   8   4   11   0.0000000001
4   8   4   12   0.0154624853
4   8   5   7   -0.0536014681
4   8   5   8   -0.0000000000
4   8   5   9   -0.0495305496
4   8   5   10   0.0000000000
4   8   5   11   -0.0149960242
4   8   5   12   -0.0000000001
4   8   6   7   -0.0000000000
4   8   6   8   -0.0011837167
4   8   6   9   -0.0000000000
4   8   6   10   -0.0015027177
4   8   6   11   -0.0000000000
4   8   6   12   0.0026757726
4   9   1   7   -0.0000000000
4   9   1   8   -0.0010822162
4   9   1   9   0.0000000000
4   9   1   10   -0.0029100666
4   9   1   11   -0.0000000000
4   9   1   12   -0.0050252149
4   9   2   7   0.0067306300
4   9   2   8   -0.0000000000
4   9   2   9   -0.0085225075
4   9   2   10   -0.0000000000
4   9   2   11   -0.0071744755
4   9   2   12   -0.0000000000
4   9   3   7   -0.0000000000
4   9   3   8   0.0080476553
4   9   3   9   -0.0000000000
4   9   3   10   0.0091797663
4   9   3   11   -0.0000000000
4   9   3   12   -0.0005631958
4   9   4   7   -0.0232843515
4   9   4   8   0.0000000000
4   9   4   9   0.1814884335
4   9   4   10   -0.0000000000
4   9   4   11   0.0190098043
4   9   4   12   0.0000000001
4   9   5   7   -0.0000000000
4   9   5   8   -0.0495305496
4   9   5   9   0.0000000000
4   9   5   10   -0.0062445215
4   9   5   11   -0.0000000001
4   9   5   12   0.0116514117
4   9   6   7   -0.0331370407
4   9   6   8   -0.0000000000
4   9   6   9   0.0224239187
4   9   6   10   0.0000000000
4   9   6   11   0.0137796492
4   9   6   12   -0.0000000001
4   10   1   7   0.0099237385
4   10   1   8   0.0000000000
4   10   1   9   -0.0029100666
4   10   1   10   -0.0000000000
4   10   1   11   0.0054527674
4   10   1   12   0.0000000000
4   10   2   7   0.0000000000
4   10   2   8   0.0074015316
4   10   2   9   -0.0000000000
4   10   2   10   -0.0087773107
4   10   2   11   0.0000000000
4   10   2   12   -0.0015027177
4   10   3   7   -0.0029100666
4   10   3   8   -0.0000000000
4   10   3   9   0.0091797663
4   10   3   10   -0.0000000000
4   10   3   11   -0.0062445215
4   10   3   12   0.0000000000
4   10   4   7   -0.0000000000
4   10   4   8   -0.0087773107
4   10   4   9   -0.0000000000
4   10   4   10   0.1702787085
4   10   4   11   -0.0000000002
4   10   4   12   0.0195506893
4   10   5   7   0.0054527674
4   10   5   8   0.0000000000
4   10   5   9   -0.0062445215
4   10   5   10   -0.0000000002
4   10   5   11   0.0541634042
4   10   5   12   0.0000000001
4   10   6   7   0.0000000000
4   10   6   8   -0.0015027177
4   10   6   9   0.0000000000
4   10   6   10   0.0195506893
4   10   6   11   0.0000000001
4   10   6   12   0.0340820153
4   11   1   7   -0.0000000000
4   11   1   8   -0.0071010103
4   11   1   9   -0.0000000000
4   11   1   10   0.0054527674
4   11   1   11   -0.0000000000
4   11   1   12   -0.0081012300
4   11   2   7   -0.0048514418
4   11   2   8   -0.0000000000
4   11   2   9   -0.0071744755
4   11   2   10   0.0000000000
4   11   2   11   -0.0092669820
4   11   2   12   -0.0000000000
4   11   3   7   -0.0000000000
4   11   3   8   -0.0031586547
4   11   3   9   -0.0000000000
4   11   3   10   -0.0062445215
4   11   3   11   -0.0000000000
4   11   3   12   0.0100617421
4   11   4   7   0.0022653986
4   11   4   8   0.0000000001
4   11   4   9   0.0190098043
4   11   4   10   -0.0000000002
4   11   4   11   0.1571303834
4   11   4   12   0.0000000001
4   11   5   7   -0.0000000000
4   11   5   8   -0.0149960242
4   11   5   9   -0.0000000001
4   11   5   10   0.0541634042
4   11   5   11   -0.0000000003
4   11   5   12   -0.0390002943
4   11   6   7   -0.0129786200
4   11   6   8   -0.0000000000
4   11   6   9   0.0137796492
4   11   6   10   0.0000000001
4   11   6   11   -0.0081218568
4   11   6   12   -0.0000000000
4   12   1   7   -0.0034985141
4   12   1   8   -0.0000000000
4   12   1   9   -0.0050252149
4   12   1   10   0.0000000000
4   12   1   11   -0.0081012300
4   12   1   12   0.0000000000
4   12   2   7   -0.0000000000
4   12   2   8   -0.0047383416
4   12   2   9   -0.0000000000
4   12   2   10   -0.0015027177
4   12   2   11   -0.0000000000
4   12   2   12   -0.0062767178
4   12   3   7   -0.0040471771
4   12   3   8   -0.0000000000
4   12   3   9   -0.0005631958
4   12   3   10   0.0000000000
4   12   3   11   0.0100617421
4   12   3   12   -0.0000000000
4   12   4   7   0.0000000000
4   12   4   8   0.0154624853
4   12   4   9   0.0000000001
4   12   4   10   0.0195506893
4   12   4   11   0.0000000001
4   12   4   12   0.1579208874
4   12   5   7   -0.0147989435
4   12   5   8   -0.0000000001
4   12   5   9   0.0116514117
4   12   5   10   0.0000000001
4   12   5   11   -0.0390002943
4   12   5   12   -0.0000000000
4   12   6   7   -0.0000000000
4   12   6   8   0.0026757726
4   12   6   9   -0.0000000001
4   12   6   10   0.0340820153
4   12   6   11   -0.0000000000
4   12   6   12   0.0011588857
5   7   1   7   0.0055383277
5   7   1   8   0.0000000000
5   7   1   9   0.0215801091
5   7   1   10   -0.0000000000
5   7   1   11   0.0207124349
5   7   1   12   0.0000000000
5   7   2   7   0.0000000000
5   7   2   8   0.0193403962
5   7   2   9   0.0000000000
5   7   2   10   -0.0071010103
5   7   2   11   0.0000000000
5   7   2   12   0.0143609875
5   7   3   7   0.0317510404
5   7   3   8   0.0000000000
5   7   3   9   -0.0233473791
5   7   3   10   -0.0000000000
5   7   3   11   -0.0034678574
5   7   3   12   0.0000000000
5   7   4   7   -0.0000000000
5   7   4   8   -0.0536014681
5   7   4   9   -0.0000000000
5   7   4   10   0.0054527674
5   7   4   11   -0.0000000000
5   7   4   12   -0.0147989435
5   7   5   7   0.1822570051
5   7   5   8   0.0000000000
5   7   5   9   0.0008235890
5   7   5   10   -0.0000000000
5   7   5   11   0.0131196676
5   7   5   12   0.0000000000
5   7   6   7   0.0000000000
5   7   6   8   0.0480649213
5   7   6   9   0.0000000000
5   7   6   10   -0.0081012300
5   7   6   11   0.0000000000
5   7   6   12   0.0101461742
5   8   1   7   0.0000000000
5   8   1   8   0.0146141388
5   8   1   9   0.0000000000
5   8   1   10   -0.0048514418
5   8   1   11   0.0000000000
5   8   1   12   0.0110078534
5   8   2   7   0.0193403962
5   8   2   8   0.0000000000
5   8   2   9   0.0142467301
5   8   2   10   -0.0000000000
5   8   2   11   0.0147141460
5   8   2   12   0.0000000000
5   8   3   7   0.0000000000
5   8   3   8   0.0177102717
5   8   3   9   0.0000000000
5   8   3   10   -0.0071744755
5   8   3   11   0.0000000000
5   8   3   12   0.0079155046
5   8   4   7   -0.0536014681
5   8   4   8   -0.0000000000
5   8   4   9   -0.0495305496
5   8   4   10   0.0000000000
5   8   4   11   -0.0149960242
5   8   4   12   -0.0000000001
5   8   5   7   0.0000000000
5   8   5   8   0.1785810901
5   8   5   9   0.0000000000
5   8   5   10   -0.0092669820
5   8   5   11   0.0000000001
5   8   5   12   0.0153785515
5   8   6   7   0.0480649213
5   8   6   8   0.0000000000
5   8   6   9   0.0373851702
5   8   6   10   -0.0000000000
5   8   6   11   0.0098934469
5   8   6   12   0.0000000000
5   9   1   7   0.0215801091
5   9   1   8   0.0000000000
5   9   1   9   -0.0090600044
5   9   1   10   -0.0000000000
5   9   1   11   -0.0034678574
5   9   1   12   0.0000000000
5   9   2   7   0.0000000000
5   9   2   8   0.0142467301
5   9   2   9   -0.0000000000
5   9   2   10   -0.0031586547
5   9   2   11   0.0000000000
5   9   2   12   0.0030332012
5   9   3   7   -0.0233473791
5   9   3   8   0.0000000000
5   9   3   9   0.0316343041
5   9   3   10   -0.0000000000
5   9   3   11   0.0163452157
5   9   3   12   0.0000000000
5   9   4   7   -0.0000000000
5   9   4   8   -0.0495305496
5   9   4   9   0.0000000000
5   9   4   10   -0.0062445215
5   9   4   11   -0.0000000001
5   9   4   12   0.0116514117
5   9   5   7   0.0008235890
5   9   5   8   0.0000000000
5   9   5   9   0.1696092657
5   9   5   10   -0.0000000000
5   9   5   11   0.0110536208
5   9   5   12   0.0000000001
5   9   6   7   0.0000000000
5   9   6   8   0.0373851702
5   9   6   9   -0.0000000000
5   9   6   10   0.0100617421
5   9   6   11   0.0000000000
5   9   6   12   -0.0109207160
5   10   1   7   -0.0000000000
5   10   1   8   -0.0048514418
5   10   1   9   -0.0000000000
5   10   1   10   0.0022653986
5   10   1   11   -0.0000000000
5   10   1   12   -0.0129786200
5   10   2   7   -0.0071010103
5   10   2   8   -0.0000000000
5   10   2   9   -0.0031586547
5   10   2   10   0.0000000001
5   10   2   11   -0.0149960242
5   10   2   12   -0.0000000000
5   10   3   7   -0.0000000000
5   10   3   8   -0.0071744755
5   10   3   9   -0.0000000000
5   10   3   10   0.0190098043
5   10   3   11   -0.0000000001
5   10   3   12   0.0137796492
5   10   4   7   0.0054527674
5   10   4   8   0.0000000000
5   10   4   9   -0.0062445215
5   10   4   10   -0.0000000002
5   10   4   11   0.0541634042
5   10   4   12   0.0000000001
5   10   5   7   -0.0000000000
5   10   5   8   -0.0092669820
5   10   5   9   -0.0000000000
5   10   5   10   0.1571303834
5   10   5   11   -0.0000000003
5   10   5   12   -0.0081218568
5   10   6   7   -0.0081012300
5   10   6   8   -0.0000000000
5   10   6   9   0.0100617421
5   10   6   10   0.0000000001
5   10   6   11   -0.0390002943
5   10   6   12   -0.0000000000
5   11   1   7   0.0207124349
5   11   1   8   0.0000000000
5   11   1   9   -0.0034678574
5   11   1   10   -0.0000000000
5   11   1   11   0.0131196676
5   11   1   12   0.0000000000
5   11   2   7   0.0000000000
5   11   2   8   0.0147141460
5   11   2   9   0.0000000000
5   11   2   10   -0.0149960242
5   11   2   11   0.0000000001
5   11   2   12   0.0098934469
5   11   3   7   -0.0034678574
5   11   3   8   0.0000000000
5   11   3   9   0.0163452157
5   11   3   10   -0.0000000001
5   11   3   11   0.0110536208
5   11   3   12   0.0000000000
5   11   4   7   -0.0000000000
5   11   4   8   -0.0149960242
5   11   4   9   -0.0000000001
5   11   4   10   0.0541634042
5   11   4   11   -0.0000000003
5   11   4   12   -0.0390002943
5   11   5   7   0.0131196676
5   11   5   8   0.0000000001
5   11   5   9   0.0110536208
5   11   5   10   -0.0000000003
5   11   5   11   0.1676405667
5   11   5   12   0.0000000001
5   11   6   7   0.0000000000
5   11   6   8   0.0098934469
5   11   6   9   0.0000000000
5   11   6   10   -0.0390002943
5   11   6   11   0.0000000001
5   11   6   12   0.0451594412
5   12   1   7   0.0000000000
5   12   1   8   0.0110078534
5   12   1   9   0.0000000000
5   12   1   10   -0.0129786200
5   12   1   11   0.0000000000
5   12   1   12   0.0087738551
5   12   2   7   0.0143609875
5   12   2   8   0.0000000000
5   12   2   9   0.0030332012
5   12   2   10   -0.0000000000
5   12   2   11   0.0098934469
5   12   2   12   0.0000000000
5   12   3   7   0.0000000000
5   12   3   8   0.0079155046
5   12   3   9   0.0000000000
5   12   3   10   0.0137796492
5   12   3   11   0.0000000000
5   12   3   12   0.0105104971
5   12   4   7   -0.0147989435
5   12   4   8   -0.0000000001
5   12   4   9   0.0116514117
5   12   4   10   0.0000000001
5   12   4   11   -0.0390002943
5   12   4   12   -0.0000000000
5   12   5   7   0.0000000000
5   12   5   8   0.0153785515
5   12   5   9   0.0000000001
5   12   5   10   -0.0081218568
5   12   5   11   0.0000000001
5   12   5   12   0.1595598658
5   12   6   7   0.0101461742
5   12   6   8   0.0000000000
5   12   6   9   -0.0109207160
5   12   6   10   -0.0000000000
5   12   6   11   0.0451594412
5   12   6   12   -0.0000000000
6   7   1   8   0.0229973113
6   7   1   9   0.0000000000
6   7   1   10   -0.0034985141
6   7   1   11   0.0000000000
6   7   1   12   0.0196925661
6   7   2   7   0.0282477742
6   7   2   8   0.0000000000
6   7   2   9   0.0003540856
6   7   2   10   -0.0000000000
6   7   2   11   0.0110078534
6   7   2   12   0.0000000000
6   7   3   7   0.0000000000
6   7   3   8   -0.0065574439
6   7   3   9   0.0000000000
6   7   3   10   -0.0050252149
6   7   3   11   0.0000000000
6   7   3   12   0.0016006134
6   7   4   7   0.0128181183
6   7   4   8   -0.0000000000
6   7   4   9   -0.0331370407
6   7   4   10   0.0000000000
6   7   4   11   -0.0129786200
6   7   4   12   -0.0000000000
6   7   5   7   0.0000000000
6   7   5   8   0.0480649213
6   7   5   9   0.0000000000
6   7   5   10   -0.0081012300
6   7   5   11   0.0000000000
6   7   5   12   0.0101461742
6   7   6   7   0.1814465157
6   7   6   8   -0.0000000000
6   7   6   9   -0.0050432893
6   7   6   10   0.0000000000
6   7   6   11   0.0087738551
6   7   6   12   0.0000000000
6   8   1   7   0.0229973113
6   8   1   8   0.0000000000
6   8   1   9   0.0184568980
6   8   1   10   -0.0000000000
6   8   1   11   0.0143609875
6   8   1   12   0.0000000000
6   8   2   7   0.0000000000
6   8   2   8   0.0284402156
6   8   2   9   0.0000000000
6   8   2   10   -0.0047383416
6   8   2   11   0.0000000000
6   8   2   12   0.0164808312
6   8   3   7   -0.0065574439
6   8   3   8   0.0000000000
6   8   3   9   -0.0103048598
6   8   3   10   -0.0000000000
6   8   3   11   0.0030332012
6   8   3   12   0.0000000000
6   8   4   7   -0.0000000000
6   8   4   8   -0.0011837167
6   8   4   9   -0.0000000000
6   8   4   10   -0.0015027177
6   8   4   11   -0.0000000000
6   8   4   12   0.0026757726
6   8   5   7   0.0480649213
6   8   5   8   0.0000000000
6   8   5   9   0.0373851702
6   8   5   10   -0.0000000000
6   8   5   11   0.0098934469
6   8   5   12   0.0000000000
6   8   6   7   -0.0000000000
6   8   6   8   0.1756175843
6   8   6   10   -0.0062767178
6   8   6   11   0.0000000000
6   8   6   12   0.0144595093
6   9   1   7   0.0000000000
6   9   1   8   0.0184568980
6   9   1   9   -0.0000000000
6   9   1   10   -0.0040471771
6   9   1   11   0.0000000000
6   9   1   12   0.0016006134
6   9   2   7   0.0003540856
6   9   2   8   0.0000000000
6   9   2   9   0.0187790100
6   9   2   10   -0.0000000000
6   9   2   11   0.0079155046
6   9   2   12   0.0000000000
6   9   3   7   0.0000000000
6   9   3   8   -0.0103048598
6   9   3   9   -0.0000000000
6   9   3   10   -0.0005631958
6   9   3   11   0.0000000000
6   9   3   12   0.0120964901
6   9   4   7   -0.0331370407
6   9   4   8   -0.0000000000
6   9   4   9   0.0224239187
6   9   4   10   0.0000000000
6   9   4   11   0.0137796492
6   9   4   12   -0.0000000001
6   9   5   7   0.0000000000
6   9   5   8   0.0373851702
6   9   5   9   -0.0000000000
6   9   5   10   0.0100617421
6   9   5   11   0.0000000000
6   9   5   12   -0.0109207160
6   9   6   7   -0.0050432893
6   9   6   9   0.1719777278
6   9   6   10   -0.0000000000
6   9   6   11   0.0105104971
6   9   6   12   -0.0000000000
6   10   1   7   -0.0034985141
6   10   1   8   -0.0000000000
6   10   1   9   -0.0040471771
6   10   1   10   0.0000000000
6   10   1   11   -0.0147989435
6   10   1   12   -0.0000000000
6   10   2   7   -0.0000000000
6   10   2   8   -0.0047383416
6   10   2   9   -0.0000000000
6   10   2   10   0.0154624853
6   10   2   11   -0.0000000001
6   10   2   12   0.0026757726
6   10   3   7   -0.0050252149
6   10   3   8   -0.0000000000
6   10   3   9   -0.0005631958
6   10   3   10   0.0000000001
6   10   3   11   0.0116514117
6   10   3   12   -0.0000000001
6   10   4   7   0.0000000000
6   10   4   8   -0.0015027177
6   10   4   9   0.0000000000
6   10   4   10   0.0195506893
6   10   4   11   0.0000000001
6   10   4   12   0.0340820153
6   10   5   7   -0.0081012300
6   10   5   8   -0.0000000000
6   10   5   9   0.0100617421
6   10   5   10   0.0000000001
6   10   5   11   -0.0390002943
6   10   5   12   -0.0000000000
6   10   6   7   0.0000000000
6   10   6   8   -0.0062767178
6   10   6   9   -0.0000000000
6   10   6   10   0.1579208874
6   10   6   11   -0.0000000000
6   10   6   12   0.0011588857
6   11   1   7   0.0000000000
6   11   1   8   0.0143609875
6   11   1   9   0.0000000000
6   11   1   10   -0.0147989435
6   11   1   11   0.0000000000
6   11   1   12   0.0101461742
6   11   2   7   0.0110078534
6   11   2   8   0.0000000000
6   11   2   9   0.0079155046
6   11   2   10   -0.0000000001
6   11   2   11   0.0153785515
6   11   2   12   0.0000000000
6   11   3   7   0.0000000000
6   11   3   8   0.0030332012
6   11   3   9   0.0000000000
6   11   3   10   0.0116514117
6   11   3   11   0.0000000001
6   11   3   12   -0.0109207160
6   11   4   7   -0.0129786200
6   11   4   8   -0.0000000000
6   11   4   9   0.0137796492
6   11   4   10   0.0000000001
6   11   4   11   -0.0081218568
6   11   4   12   -0.0000000000
6   11   5   7   0.0000000000
6   11   5   8   0.0098934469
6   11   5   9   0.0000000000
6   11   5   10   -0.0390002943
6   11   5   11   0.0000000001
6   11   5   12   0.0451594412
6   11   6   7   0.0087738551
6   11   6   8   0.0000000000
6   11   6   9   0.0105104971
6   11   6   10   -0.0000000000
6   11   6   11   0.1595598658
6   11   6   12   -0.0000000000
6   12   1   7   0.0196925661
6   12   1   8   0.0000000000
6   12   1   9   0.0016006134
6   12   1   10   -0.0000000000
6   12   1   11   0.0101461742
6   12   1   12   0.0000000000
6   12   2   7   0.0000000000
6   12   2   8   0.0164808312
6   12   2   9   0.0000000000
6   12   2   10   0.0026757726
6   12   2   11   0.0000000000
6   12   2   12   0.0144595093
6   12   3   7   0.0016006134
6   12   3   8   0.0000000000
6   12   3   9   0.0120964901
6   12   3   10   -0.0000000001
6   12   3   11   -0.0109207160
6   12   3   12   -0.0000000000
6   12   4   7   -0.0000000000
6   12   4   8   0.0026757726
6   12   4   9   -0.0000000001
6   12   4   10   0.0340820153
6   12   4   11   -0.0000000000
6   12   4   12   0.0011588857
6   12   5   7   0.0101461742
6   12   5   8   0.0000000000
6   12   5   9   -0.0109207160
6   12   5   10   -0.0000000000
6   12   5   11   0.0451594412
6   12   5   12   -0.0000000000
6   12   6   7   0.0000000000
6   12   6   8   0.0144595093
6   12   6   9   -0.0000000000
6   12   6   10   0.0011588857
6   12   6   11   -0.0000000000
6   12   6   12   0.1608557231

End ABCD Block
Begin AIJB Block
1   4   1   7   0.0631398055
1   4   1   9   -0.0242598537
1   4   1   10   -0.0000000000
1   4   1   11   -0.0085881059
1   4   1   12   -0.0000000000
1   4   2   8   -0.0244397225
1   4   2   10   -0.0032492545
1   4   2   12   -0.0206346544
1   4   3   7   0.0100038959
1   4   3   9   -0.0267992317
1   4   3   11   -0.0212332803
1   4   3   12   -0.0000000000
1   5   1   8   -0.0391496162
1   5   1   10   -0.0013634089
1   5   1   12   -0.0203163472
1   5   2   7   0.0578755384
1   5   2   9   0.0122192634
1   5   2   11   0.0156698283
1   5   3   8   0.0218970661
1   5   3   10   -0.0148572269
1   5   3   12   0.0149583354
1   6   1   7   0.0100038959
1   6   1   9   -0.0484811969
1   6   1   10   -0.0000000000
1   6   1   11   -0.0234309122
1   6   1   12   -0.0000000000
1   6   2   8   0.0489650728
1   6   2   10   -0.0155058783
1   6   2   12   0.0155287819
1   6   3   7   0.0616178295
1   6   3   9   -0.0159287123
1   6   3   10   -0.0000000000
1   6   3   11   0.0109714950
1   6   3   12   -0.0000000000
2   4   1   8   0.0360537892
2   4   1   10   -0.0031059300
2   4   1   12   0.0082740168
2   4   2   7   -0.0391496162
2   4   2   9   -0.0164424247
2   4   2   11   -0.0058547024
2   4   3   8   -0.0169413441
2   4   3   10   -0.0062725680
2   4   3   12   -0.0165448352
2   5   1   7   -0.0244397225
2   5   1   9   -0.0275776246
2   5   1   11   -0.0083989214
2   5   2   8   0.0563892881
2   5   2   10   0.0000466983
2   5   2   12   0.0213761603
2   5   3   7   0.0489650728
2   5   3   9   0.0154697330
2   5   3   11   0.0124132123
2   6   1   8   -0.0169413441
2   6   1   10   -0.0047201572
2   6   1   12   -0.0098034259
2   6   2   7   0.0218970661
2   6   2   9   0.0329331012
2   6   2   11   0.0150889255
2   6   3   8   0.0512451628
2   6   3   10   -0.0145349292
2   6   3   12   0.0120703205
3   4   1   7   -0.0242598537
3   4   1   9   0.0420181613
3   4   1   10   0.0000000000
3   4   1   11   0.0134319611
3   4   1   12   0.0000000000
3   4   2   8   -0.0275776246
3   4   2   9   0.0000000000
3   4   2   10   -0.0001995726
3   4   2   12   -0.0028150935
3   4   3   7   -0.0484811969
3   4   3   9   0.0165215775
3   4   3   10   0.0000000000
3   4   3   11   0.0112700649
3   4   3   12   0.0000000000
3   5   1   8   -0.0164424247
3   5   1   9   0.0000000000
3   5   1   10   -0.0006495709
3   5   1   12   0.0007187047
3   5   2   7   0.0122192634
3   5   2   9   0.0301173571
3   5   2   11   0.0031332956
3   5   3   8   0.0329331012
3   5   3   10   0.0068317253
3   5   3   11   0.0000000000
3   5   3   12   0.0110110434
3   6   1   7   -0.0267992317
3   6   1   9   0.0165215775
3   6   1   10   0.0000000000
3   6   1   11   0.0115972923
3   6   1   12   0.0000000000
3   6   2   8   0.0154697330
3   6   2   10   0.0074360135
3   6   2   11   0.0000000000
3   6   2   12   0.0044747134
3   6   3   7   -0.0159287123
3   6   3   9   0.0479105577
3   6   3   10   -0.0000000000
3   6   3   11   0.0148155573
4   4   1   7   -0.0000000000
4   4   1   8   -0.0031059300
4   4   1   9   0.0000000000
4   4   1   10   0.0135808977
4   4   1   11   -0.0000000000
4   4   1   12   0.0050939439
4   4   2   7   -0.0013634089
4   4   2   9   -0.0006495709
4   4   2   10   -0.0000000000
4   4   2   11   0.0090457119
4   4   3   7   -0.0000000000
4   4   3   8   -0.0047201572
4   4   3   9   0.0000000000
4   4   3   10   0.0021091942
4   4   3   11   0.0000000000
4   4   3   12   0.0093916930
4   5   1   7   -0.0032492545
4   5   1   9   -0.0001995726
4   5   1   10   -0.0000000000
4   5   1   11   0.0097630659
4   5   2   8   0.0000466983
4   5   2   10   0.0111866145
4   5   2   11   -0.0000000000
4   5   2   12   -0.0062760112
4   5   3   7   -0.0155058783
4   5   3   9   0.0074360135
4   5   3   10   0.0000000000
4   5   3   11   -0.0087091073
4   5   3   12   0.0000000000
4   6   1   8   -0.0062725680
4   6   1   9   0.0000000000
4   6   1   10   0.0021091942
4   6   1   11   0.0000000000
4   6   1   12   0.0097579903
4   6   2   7   -0.0148572269
4   6   2   9   0.0068317253
4   6   2   10   0.0000000000
4   6   2   11   -0.0095239004
4   6   2   12   0.0000000000
4   6   3   7   -0.0000000000
4   6   3   8   -0.0145349292
4   6   3   9   -0.0000000000
4   6   3   10   0.0145682579
4   6   3   11   -0.0000000000
4   6   3   12   -0.0054772080
5   4   1   7   -0.0085881059
5   4   1   9   0.0134319611
5   4   1   10   -0.0000000000
5   4   1   11   0.0120394397
5   4   2   8   -0.0083989214
5   4   2   10   0.0097630659
5   4   2   11   -0.0000000000
5   4   2   12   -0.0055326225
5   4   3   7   -0.0234309122
5   4   3   9   0.0115972923
5   4   3   10   0.0000000000
5   4   3   11   -0.0040085155
5   4   3   12   0.0000000000
5   5   1   8   -0.0058547024
5   5   1   10   0.0090457119
5   5   1   11   -0.0000000000
5   5   1   12   -0.0052884827
5   5   2   7   0.0156698283
5   5   2   9   0.0031332956
5   5   2   10   -0.0000000000
5   5   2   11   0.0174294392
5   5   2   12   -0.0000000000
5   5   3   8   0.0150889255
5   5   3   9   0.0000000000
5   5   3   10   -0.0095239004
5   5   3   11   0.0000000000
5   5   3   12   0.0159857625
5   6   1   7   -0.0212332803
5   6   1   9   0.0112700649
5   6   1   10   0.0000000000
5   6   1   11   -0.0040085155
5   6   1   12   0.0000000000
5   6   2   8   0.0124132123
5   6   2   9   0.0000000000
5   6   2   10   -0.0087091073
5   6   2   11   0.0000000000
5   6   2   12   0.0154832309
5   6   3   7   0.0109714950
5   6   3   9   0.0148155573
5   6   3   10   -0.0000000000
5   6   3   11   0.0212053669
6   4   1   7   -0.0000000000
6   4   1   8   0.0082740168
6   4   1   9   0.0000000000
6   4   1   10   0.0050939439
6   4   1   12   0.0120034889
6   4   2   7   -0.0203163472
6   4   2   9   0.0007187047
6   4   2   11   -0.0052884827
6   4   3   7   -0.0000000000
6   4   3   8   -0.0098034259
6   4   3   9   0.0000000000
6   4   3   10   0.0097579903
6   4   3   11   0.0000000000
6   4   3   12   -0.0043945676
6   5   1   7   -0.0206346544
6   5   1   9   -0.0028150935
6   5   1   11   -0.0055326225
6   5   2   8   0.0213761603
6   5   2   10   -0.0062760112
6   5   2   11   -0.0000000000
6   5   2   12   0.0165327740
6   5   3   7   0.0155287819
6   5   3   9   0.0044747134
6   5   3   10   0.0000000000
6   5   3   11   0.0154832309
6   6   1   7   -0.0000000000
6   6   1   8   -0.0165448352
6   6   1   9   0.0000000000
6   6   1   10   0.0093916930
6   6   1   11   0.0000000000
6   6   1   12   -0.0043945676
6   6   2   7   0.0149583354
6   6   2   9   0.0110110434
6   6   2   10   0.0000000000
6   6   2   11   0.0159857625
6   6   3   7   -0.0000000000
6   6   3   8   0.0120703205
6   6   3   10   -0.0054772080
6   6   3   12   0.0165516019

1   4   4   1   -0.2534155497
1   4   4   2   -0.0000000000
1   4   4   3   0.0630772616
1   4   4   4   0.0000000000
1   4   4   5   0.0115472740
1   4   5   2   0.0745503363
1   4   5   3   0.0000000000
1   4   5   4   -0.0034584023
1   4   5   5   0.0000000000
1   4   5   6   0.0321752990
1   4   6   1   -0.0207170812
1   4   6   3   0.0623538469
1   4   6   4   -0.0000000000
1   4   6   5   0.0309690319
1   4   6   6   0.0000000000
1   5   4   2   0.0745613531
1   5   4   4   -0.0034713500
1   5   4   5   0.0000000000
1   5   4   6   0.0322353115
1   5   5   1   -0.2308071094
1   5   5   2   -0.0000000000
1   5   5   3   -0.0038510621
1   5   5   4   0.0000000000
1   5   5   5   -0.0222361787
1   5   5   6   -0.0000000000
1   5   6   2   -0.0772397225
1   5   6   3   -0.0000000000
1   5   6   4   0.0145061226
1   5   6   5   -0.0000000000
1   5   6   6   -0.0268431554
1   6   4   1   -0.0207170812
1   6   4   3   0.0634520714
1   6   4   5   0.0315342187
1   6   4   6   0.0000000000
1   6   5   2   -0.0784482885
1   6   5   4   0.0147150874
1   6   5   5   -0.0000000000
1   6   5   6   -0.0272160287
1   6   6   1   -0.2382427777
1   6   6   3   0.0329069731
1   6   6   5   -0.0076638395
2   4   4   1   -0.0000000000
2   4   4   2   -0.2237677894
2   4   4   4   0.0138423918
2   4   4   6   -0.0291093319
2   4   5   1   0.0745613531
2   4   5   2   0.0000000000
2   4   5   3   0.0724344845
2   4   5   4   -0.0000000000
2   4   5   5   0.0226906220
2   4   5   6   0.0000000000
2   4   6   2   0.0151840006
2   4   6   4   0.0063447659
2   4   6   5   0.0000000000
2   4   6   6   0.0097868888
2   5   4   1   0.0745503363
2   5   4   2   0.0000000000
2   5   4   3   0.0730159753
2   5   4   4   -0.0000000000
2   5   4   5   0.0229403883
2   5   4   6   0.0000000000
2   5   5   1   -0.0000000000
2   5   5   2   -0.2378843770
2   5   5   4   0.0079975671
2   5   5   5   -0.0000000000
2   5   5   6   -0.0387150260
2   5   6   1   -0.0784482885
2   5   6   3   -0.0653430466
2   5   6   4   0.0000000000
2   5   6   5   -0.0235781417
2   5   6   6   -0.0000000000
2   6   4   2   0.0151840006
2   6   4   4   0.0063361182
2   6   4   5   0.0000000000
2   6   4   6   0.0099909795
2   6   5   1   -0.0772397225
2   6   5   3   -0.0652151386
2   6   5   4   0.0000000000
2   6   5   5   -0.0235125870
2   6   5   6   -0.0000000000
2   6   6   2   -0.2226798046
2   6   6   4   0.0173158684
2   6   6   6   -0.0297537885
3   4   4   1   0.0630772616
3   4   4   3   -0.2571680937
3   4   4   4   -0.0000000000
3   4   4   5   -0.0447705850
3   4   4   6   -0.0000000000
3   4   5   2   0.0730159753
3   4   5   3   -0.0000000000
3   4   5   4   0.0064595518
3   4   5   5   0.0000000000
3   4   5   6   -0.0057300513
3   4   6   1   0.0634520714
3   4   6   3   -0.0381183209
3   4   6   4   -0.0000000000
3   4   6   5   -0.0237365579
3   4   6   6   0.0000000000
3   5   4   1   0.0000000000
3   5   4   2   0.0724344845
3   5   4   3   -0.0000000000
3   5   4   4   0.0065096196
3   5   4   5   0.0000000000
3   5   4   6   -0.0058143276
3   5   5   1   -0.0038510621
3   5   5   3   -0.2168525621
3   5   5   5   -0.0199887170
3   5   5   6   -0.0000000000
3   5   6   2   -0.0652151386
3   5   6   3   0.0000000000
3   5   6   4   -0.0137252942
3   5   6   5   -0.0000000000
3   5   6   6   0.0030982766
3   6   4   1   0.0623538469
3   6   4   3   -0.0381183209
3   6   4   4   -0.0000000000
3   6   4   5   -0.0238127164
3   6   4   6   0.0000000000
3   6   5   1   -0.0000000000
3   6   5   2   -0.0653430466
3   6   5   3   0.0000000000
3   6   5   4   -0.0136884681
3   6   5   5   -0.0000000000
3   6   5   6   0.0029649758
3   6   6   1   0.0329069731
3   6   6   3   -0.2339212529
3   6   6   4   -0.0000000000
3   6   6   5   -0.0341574613
3   6   6   6   -0.0000000000
4   4   4   1   0.0000000000
4   4   4   2   0.0138423918
4   4   4   3   -0.0000000000
4   4   4   4   -0.2013386515
4   4   4   5   0.0000000000
4   4   4   6   -0.0394127894
4   4   5   1   -0.0034713500
4   4   5   2   -0.0000000000
4   4   5   3   0.0065096196
4   4   5   4   0.0000000000
4   4   5   5   -0.0598609060
4   4   5   6   -0.0000000000
4   4   6   2   0.0063361182
4   4   6   3   -0.0000000000
4   4   6   4   -0.0183758355
4   4   6   5   -0.0000000000
4   4   6   6   -0.0385622766
4   5   4   1   -0.0034584023
4   5   4   2   -0.0000000000
4   5   4   3   0.0064595518
4   5   4   4   0.0000000000
4   5   4   5   -0.0598538794
4   5   4   6   -0.0000000000
4   5   5   1   0.0000000000
4   5   5   2   0.0079975671
4   5   5   4   -0.1816382409
4   5   5   5   0.0000000000
4   5   5   6   0.0026254698
4   5   6   1   0.0147150874
4   5   6   2   0.0000000000
4   5   6   3   -0.0136884681
4   5   6   4   -0.0000000000
4   5   6   5   0.0571295433
4   5   6   6   0.0000000000
4   6   4   1   -0.0000000000
4   6   4   2   0.0063447659
4   6   4   3   -0.0000000000
4   6   4   4   -0.0183758355
4   6   4   5   -0.0000000000
4   6   4   6   -0.0385309117
4   6   5   1   0.0145061226
4   6   5   2   0.0000000000
4   6   5   3   -0.0137252942
4   6   5   4   -0.0000000000
4   6   5   5   0.0570858930
4   6   5   6   0.0000000000
4   6   6   2   0.0173158684
4   6   6   3   -0.0000000000
4   6   6   4   -0.1902214877
4   6   6   5   0.0000000000
4   6   6   6   -0.0121664272
5   4   4   1   0.0115472740
5   4   4   3   -0.0447705850
5   4   4   4   0.0000000000
5   4   4   5   -0.1771679600
5   4   4   6   -0.0000000000
5   4   5   1   0.0000000000
5   4   5   2   0.0229403883
5   4   5   3   0.0000000000
5   4   5   4   -0.0598538794
5   4   5   5   0.0000000000
5   4   5   6   0.0367982253
5   4   6   1   0.0315342187
5   4   6   2   0.0000000000
5   4   6   3   -0.0238127164
5   4   6   4   -0.0000000000
5   4   6   5   0.0109737037
5   4   6   6   0.0000000000
5   5   4   1   0.0000000000
5   5   4   2   0.0226906220
5   5   4   3   0.0000000000
5   5   4   4   -0.0598609060
5   5   4   5   0.0000000000
5   5   4   6   0.0367323985
5   5   5   1   -0.0222361787
5   5   5   2   -0.0000000000
5   5   5   3   -0.0199887170
5   5   5   4   0.0000000000
5   5   5   5   -0.1896131564
5   5   5   6   -0.0000000000
5   5   6   1   -0.0000000000
5   5   6   2   -0.0235125870
5   5   6   3   -0.0000000000
5   5   6   4   0.0570858930
5   5   6   5   -0.0000000000
5   5   6   6   -0.0538236892
5   6   4   1   0.0309690319
5   6   4   2   0.0000000000
5   6   4   3   -0.0237365579
5   6   4   4   -0.0000000000
5   6   4   5   0.0109737037
5   6   4   6   0.0000000000
5   6   5   1   -0.0000000000
5   6   5   2   -0.0235781417
5   6   5   3   -0.0000000000
5   6   5   4   0.0571295433
5   6   5   5   -0.0000000000
5   6   5   6   -0.0538242727
5   6   6   1   -0.0076638395
5   6   6   3   -0.0341574613
5   6   6   4   0.0000000000
5   6   6   5   -0.1873954464
5   6   6   6   -0.0000000000
6   4   4   2   -0.0291093319
6   4   4   3   -0.0000000000
6   4   4   4   -0.0394127894
6   4   4   5   -0.0000000000
6   4   4   6   -0.1813501386
6   4   5   1   0.0322353115
6   4   5   2   0.0000000000
6   4   5   3   -0.0058143276
6   4   5   4   -0.0000000000
6   4   5   5   0.0367323985
6   4   6   1   0.0000000000
6   4   6   2   0.0099909795
6   4   6   3   0.0000000000
6   4   6   4   -0.0385309117
6   4   6   5   0.0000000000
6   4   6   6   0.0005967160
6   5   4   1   0.0321752990
6   5   4   2   0.0000000000
6   5   4   3   -0.0057300513
6   5   4   4   -0.0000000000
6   5   4   5   0.0367982253
6   5   5   1   -0.0000000000
6   5   5   2   -0.0387150260
6   5   5   3   -0.0000000000
6   5   5   4   0.0026254698
6   5   5   5   -0.0000000000
6   5   5   6   -0.1823183833
6   5   6   1   -0.0272160287
6   5   6   2   -0.0000000000
6   5   6   3   0.0029649758
6   5   6   4   0.0000000000
6   5   6   5   -0.0538242727
6   6   4   1   0.0000000000
6   6   4   2   0.0097868888
6   6   4   3   0.0000000000
6   6   4   4   -0.0385622766
6   6   4   5   0.0000000000
6   6   4   6   0.0005967160
6   6   5   1   -0.0268431554
6   6   5   2   -0.0000000000
6   6   5   3   0.0030982766
6   6   5   4   0.0000000000
6   6   5   5   -0.0538236892
6   6   6   2   -0.0297537885
6   6   6   3   -0.0000000000
6   6   6   4   -0.0121664272
6   6   6   5   -0.0000000000
6   6   6   6   -0.1848514332

End AIJB Block
Begin IJKA Block
1   4   1   7   0.0000000000
1   4   1   8   -0.0076910861
1   4   1   9   -0.0000000000
1   4   1   10   -0.0311872752
1   4   1   11   0.0000000000
1   4   1   12   -0.0186255050
1   4   2   7   0.0330526163
1   4   2   9   -0.0011828321
1   4   2   11   -0.0152071639
1   4   2   12   -0.0000000000
1   4   3   8   0.0180421857
1   4   3   9   -0.0000000000
1   4   3   10   -0.0084184675
1   4   3   11   -0.0000000000
1   4   3   12   -0.0133555485
1   5   1   7   0.0481172583
1   5   1   9   0.0097188114
1   5   1   11   -0.0162009573
1   5   2   8   -0.0242616087
1   5   2   10   -0.0187561625
1   5   2   11   0.0000000000
1   5   2   12   0.0022014547
1   5   3   7   0.0390353562
1   5   3   9   -0.0202902727
1   5   3   10   -0.0000000000
1   5   3   11   0.0074879140
1   6   1   7   0.0000000000
1   6   1   8   0.0513028159
1   6   1   9   -0.0000000000
1   6   1   10   -0.0095848529
1   6   1   12   -0.0161785282
1   6   2   7   0.0514868374
1   6   2   9   -0.0371690187
1   6   2   10   -0.0000000000
1   6   2   11   0.0076874427
1   6   2   12   -0.0000000000
1   6   3   7   0.0000000000
1   6   3   8   0.0388464890
1   6   3   9   -0.0000000000
1   6   3   10   -0.0249636677
1   6   3   11   0.0000000000
1   6   3   12   0.0050724598
2   4   1   7   0.0327681213
2   4   1   9   -0.0005615247
2   4   1   11   -0.0152418223
2   4   1   12   -0.0000000000
2   4   2   7   0.0000000000
2   4   2   8   -0.0227025367
2   4   2   10   -0.0226812129
2   4   2   11   0.0000000000
2   4   2   12   -0.0026946631
2   4   3   7   0.0068325830
2   4   3   9   -0.0148462512
2   4   3   10   -0.0000000000
2   4   3   11   0.0108191414
2   5   1   8   -0.0251271684
2   5   1   10   -0.0184221768
2   5   1   11   0.0000000000
2   5   1   12   0.0023195841
2   5   2   7   0.0047494008
2   5   2   8   -0.0000000000
2   5   2   9   0.0295629108
2   5   2   10   0.0000000000
2   5   2   11   -0.0248108416
2   5   3   8   0.0006276714
2   5   3   9   -0.0000000000
2   5   3   10   0.0197632710
2   5   3   11   -0.0000000000
2   5   3   12   -0.0146252753
2   6   1   7   0.0497688623
2   6   1   9   -0.0369711807
2   6   1   10   -0.0000000000
2   6   1   11   0.0079001480
2   6   2   8   0.0092566986
2   6   2   9   -0.0000000000
2   6   2   10   0.0168538740
2   6   2   11   -0.0000000000
2   6   2   12   -0.0228505930
2   6   3   7   -0.0488353249
2   6   3   8   -0.0000000000
2   6   3   9   0.0087614990
2   6   3   11   -0.0235778840
3   4   1   8   0.0181850722
3   4   1   9   -0.0000000000
3   4   1   10   -0.0086822618
3   4   1   12   -0.0139593700
3   4   2   7   0.0068457569
3   4   2   9   -0.0153743609
3   4   2   10   -0.0000000000
3   4   2   11   0.0107436566
3   4   2   12   -0.0000000000
3   4   3   8   0.0070383287
3   4   3   9   -0.0000000000
3   4   3   10   -0.0293492052
3   4   3   11   0.0000000000
3   4   3   12   -0.0048561315
3   5   1   7   0.0371784277
3   5   1   9   -0.0206093426
3   5   1   10   -0.0000000000
3   5   1   11   0.0074821570
3   5   2   8   0.0011315295
3   5   2   9   -0.0000000000
3   5   2   10   0.0193358768
3   5   2   11   -0.0000000000
3   5   2   12   -0.0154727877
3   5   3   7   0.0077922272
3   5   3   8   -0.0000000000
3   5   3   9   0.0051313828
3   5   3   10   0.0000000000
3   5   3   11   -0.0264819877
3   6   1   7   0.0000000000
3   6   1   8   0.0381600243
3   6   1   9   -0.0000000000
3   6   1   10   -0.0242153007
3   6   1   12   0.0059512610
3   6   2   7   -0.0463053560
3   6   2   8   -0.0000000000
3   6   2   9   0.0083648460
3   6   2   11   -0.0229518786
3   6   3   8   0.0196119363
3   6   3   9   -0.0000000000
3   6   3   10   0.0023886143
3   6   3   11   -0.0000000000
3   6   3   12   -0.0248888811

End IJKA Block
Begin IABC Block
1   7   1   7   0.0000000000
1   7   1   8   -0.0017777205
1   7   1   10   -0.0143357601
1   7   1   12   -0.0091942703
1   7   2   7   -0.0002442524
1   7   2   9   -0.0098586371
1   7   2   11   0.0010798661
1   7   3   7   -0.0000000000
1   7   3   8   -0.0087314448
1   7   3   10   0.0077379867
1   7   3   12   0.0057548552
1   7   4   7   -0.0286033971
1   7   4   8   -0.0000000000
1   7   4   9   0.0106878415
1   7   4   10   0.0000000000
1   7   4   11   0.0013144372
1   7   5   8   0.0111030949
1   7   5   9   0.0000000000
1   7   5   10   0.0003719004
1   7   5   11   0.0000000000
1   7   5   12   0.0132305112
1   7   6   7   -0.0087392136
1   7   6   9   0.0136032418
1   7   6   10   0.0000000000
1   7   6   11   0.0129525178
1   7   6   12   0.0000000000
1   8   1   7   -0.0018868073
1   8   1   9   -0.0203134657
1   8   1   10   -0.0000000000
1   8   1   11   -0.0020764510
1   8   1   12   0.0000000000
1   8   2   8   -0.0156656395
1   8   2   10   -0.0088698915
1   8   2   12   -0.0068681436
1   8   3   7   -0.0092297764
1   8   3   9   0.0010019930
1   8   3   10   0.0000000000
1   8   3   11   0.0047527795
1   8   3   12   -0.0000000000
1   8   4   7   -0.0000000000
1   8   4   8   -0.0229418390
1   8   4   9   -0.0000000000
1   8   4   10   0.0038031224
1   8   4   11   -0.0000000000
1   8   4   12   -0.0063842253
1   8   5   7   0.0103246666
1   8   5   8   0.0000000000
1   8   5   9   0.0128508413
1   8   5   10   -0.0000000000
1   8   5   11   0.0091982170
1   8   5   12   0.0000000000
1   8   6   8   -0.0052819428
1   8   6   10   -0.0027936016
1   8   6   11   0.0000000000
1   8   6   12   0.0024156386
1   9   1   8   -0.0199156647
1   9   1   9   -0.0000000000
1   9   1   10   0.0085919319
1   9   1   12   0.0032548923
1   9   2   7   -0.0100536097
1   9   2   9   -0.0052080623
1   9   2   10   0.0000000000
1   9   2   11   0.0031367310
1   9   3   8   0.0006359264
1   9   3   9   0.0000000000
1   9   3   10   -0.0135966218
1   9   3   12   -0.0116731507
1   9   4   7   0.0106936133
1   9   4   9   -0.0291372720
1   9   4   10   -0.0000000000
1   9   4   11   -0.0096819082
1   9   4   12   -0.0000000000
1   9   5   7   0.0000000000
1   9   5   8   0.0119168744
1   9   5   9   -0.0000000000
1   9   5   10   -0.0050941327
1   9   5   11   0.0000000000
1   9   5   12   -0.0031558770
1   9   6   7   0.0124293084
1   9   6   9   -0.0172187435
1   9   6   10   -0.0000000000
1   9   6   11   -0.0054758306
1   9   6   12   -0.0000000000
1   10   1   7   -0.0151383744
1   10   1   8   -0.0000000000
1   10   1   9   0.0090719442
1   10   1   11   0.0098989523
1   10   2   8   -0.0094688161
1   10   2   10   -0.0015000562
1   10   2   11   0.0000000000
1   10   2   12   -0.0059855072
1   10   3   7   0.0080858125
1   10   3   9   -0.0146419728
1   10   3   10   0.0000000000
1   10   3   11   -0.0079207884
1   10   3   12   0.0000000000
1   10   4   7   0.0000000000
1   10   4   8   0.0039672296
1   10   4   9   -0.0000000000
1   10   4   10   -0.0094260760
1   10   4   11   0.0000000000
1   10   4   12   0.0001279652
1   10   5   7   0.0003305229
1   10   5   9   -0.0057050994
1   10   5   10   0.0000000000
1   10   5   11   -0.0094694500
1   10   5   12   -0.0000000000
1   10   6   7   0.0000000000
1   10   6   8   -0.0032829993
1   10   6   9   -0.0000000000
1   10   6   10   -0.0019109921
1   10   6   11   0.0000000000
1   10   6   12   -0.0075883845
1   11   1   8   -0.0014578711
1   11   1   9   0.0000000000
1   11   1   10   0.0098075971
1   11   1   11   0.0000000000
1   11   1   12   0.0187726796
1   11   2   7   0.0010634918
1   11   2   9   0.0039010330
1   11   2   10   0.0000000000
1   11   2   11   0.0038804492
1   11   3   8   0.0047256855
1   11   3   9   0.0000000000
1   11   3   10   -0.0074446913
1   11   3   12   -0.0037377999
1   11   4   7   0.0012053943
1   11   4   8   -0.0000000000
1   11   4   9   -0.0098310813
1   11   4   10   0.0000000000
1   11   4   11   -0.0121293565
1   11   4   12   -0.0000000000
1   11   5   7   0.0000000000
1   11   5   8   0.0091525860
1   11   5   9   0.0000000000
1   11   5   10   -0.0091907598
1   11   5   11   0.0000000000
1   11   5   12   0.0067123387
1   11   6   7   0.0127768171
1   11   6   9   -0.0049595689
1   11   6   10   0.0000000000
1   11   6   11   0.0030080470
1   11   6   12   -0.0000000000
1   12   1   7   -0.0097338355
1   12   1   8   0.0000000000
1   12   1   9   0.0041231253
1   12   1   10   -0.0000000000
1   12   1   11   0.0186655994
1   12   2   8   -0.0067533945
1   12   2   10   -0.0055182942
1   12   2   11   0.0000000000
1   12   2   12   0.0036803787
1   12   3   7   0.0056406816
1   12   3   8   -0.0000000000
1   12   3   9   -0.0119012928
1   12   3   10   0.0000000000
1   12   3   11   -0.0040318044
1   12   3   12   0.0000000000
1   12   4   7   -0.0000000000
1   12   4   8   -0.0064403598
1   12   4   9   -0.0000000000
1   12   4   10   0.0000847763
1   12   4   11   -0.0000000000
1   12   4   12   -0.0109975421
1   12   5   7   0.0130284557
1   12   5   8   0.0000000000
1   12   5   9   -0.0029246317
1   12   5   10   -0.0000000000
1   12   5   11   0.0066116583
1   12   5   12   0.0000000000
1   12   6   7   0.0000000000
1   12   6   8   0.0026300502
1   12   6   9   -0.0000000000
1   12   6   10   -0.0073274528
1   12   6   11   -0.0000000000
1   12   6   12   0.0022303030
2   7   1   7   0.0153720096
2   7   1   9   -0.0369317995
2   7   1   11   -0.0247750791
2   7   2   8   0.0011933669
2   7   2   10   0.0085571489
2   7   2   12   0.0003754377
2   7   3   7   0.0004849425
2   7   3   8   -0.0000000000
2   7   3   9   0.0128135091
2   7   3   10   0.0000000000
2   7   3   11   0.0043241984
2   7   4   7   0.0000000000
2   7   4   8   0.0170628911
2   7   4   9   0.0000000000
2   7   4   10   -0.0026368355
2   7   4   11   0.0000000000
2   7   4   12   0.0135410846
2   7   5   7   -0.0274989098
2   7   5   8   -0.0000000000
2   7   5   9   -0.0024670583
2   7   5   10   0.0000000000
2   7   5   11   -0.0121193661
2   7   5   12   -0.0000000000
2   7   6   8   -0.0118536906
2   7   6   9   0.0000000000
2   7   6   10   0.0108917052
2   7   6   11   0.0000000000
2   7   6   12   -0.0079667534
2   8   1   8   0.0055572127
2   8   1   10   0.0051192537
2   8   1   11   -0.0000000000
2   8   1   12   0.0000832060
2   8   2   7   0.0019003827
2   8   2   8   -0.0000000000
2   8   2   9   0.0129993636
2   8   2   11   -0.0053980975
2   8   2   12   -0.0000000000
2   8   3   7   -0.0000000000
2   8   3   8   0.0202852016
2   8   3   10   0.0058695654
2   8   3   12   0.0089214600
2   8   4   7   0.0176071414
2   8   4   8   0.0000000000
2   8   4   9   0.0147057868
2   8   4   10   -0.0000000000
2   8   4   11   0.0087592305
2   8   4   12   0.0000000000
2   8   5   7   -0.0000000000
2   8   5   8   -0.0237400041
2   8   5   10   0.0064657130
2   8   5   11   -0.0000000000
2   8   5   12   -0.0114417747
2   8   6   7   -0.0101567827
2   8   6   8   0.0000000000
2   8   6   9   -0.0008239084
2   8   6   11   -0.0102054074
2   8   6   12   0.0000000000
2   9   1   7   -0.0358588389
2   9   1   9   0.0337065984
2   9   1   11   0.0139169844
2   9   1   12   -0.0000000000
2   9   2   8   0.0134801683
2   9   2   10   0.0036506944
2   9   2   12   0.0087169149
2   9   3   7   0.0132390690
2   9   3   9   0.0067726543
2   9   3   10   -0.0000000000
2   9   3   11   -0.0030577443
2   9   3   12   -0.0000000000
2   9   4   7   0.0000000000
2   9   4   8   0.0155035875
2   9   4   9   -0.0000000000
2   9   4   10   -0.0005321403
2   9   4   11   0.0000000000
2   9   4   12   0.0010621054
2   9   5   7   -0.0022745025
2   9   5   9   -0.0156602012
2   9   5   10   0.0000000000
2   9   5   11   -0.0051409582
2   9   5   12   -0.0000000000
2   9   6   7   0.0000000000
2   9   6   8   0.0000383520
2   9   6   10   -0.0001192961
2   9   6   11   0.0000000000
2   9   6   12   -0.0015534186
2   10   1   8   0.0057001226
2   10   1   9   0.0000000000
2   10   1   10   0.0150934157
2   10   1   11   0.0000000000
2   10   1   12   0.0353707773
2   10   2   7   0.0095843600
2   10   2   9   0.0038873454
2   10   2   10   -0.0000000000
2   10   2   11   0.0034772525
2   10   2   12   -0.0000000000
2   10   3   7   0.0000000000
2   10   3   8   0.0068362107
2   10   3   9   -0.0000000000
2   10   3   10   0.0042055971
2   10   3   11   0.0000000000
2   10   3   12   0.0015363330
2   10   4   7   -0.0029485571
2   10   4   8   -0.0000000000
2   10   4   9   -0.0003736391
2   10   4   10   0.0000000000
2   10   4   11   -0.0082715838
2   10   4   12   -0.0000000000
2   10   5   7   0.0000000000
2   10   5   8   0.0070924174
2   10   5   10   -0.0083779304
2   10   5   11   0.0000000000
2   10   5   12   0.0081652247
2   10   6   7   0.0112853393
2   10   6   8   -0.0000000000
2   10   6   9   0.0001848420
2   10   6   10   0.0000000000
2   10   6   11   0.0075285248
2   10   6   12   -0.0000000000
2   11   1   7   -0.0249814302
2   11   1   8   -0.0000000000
2   11   1   9   0.0135701960
2   11   1   10   0.0000000000
2   11   1   11   -0.0127068703
2   11   2   8   -0.0063355784
2   11   2   9   -0.0000000000
2   11   2   10   0.0033062508
2   11   2   11   -0.0000000000
2   11   2   12   -0.0208232930
2   11   3   7   0.0041434095
2   11   3   8   -0.0000000000
2   11   3   9   -0.0036265559
2   11   3   10   0.0000000000
2   11   3   11   0.0018461752
2   11   3   12   -0.0000000000
2   11   4   7   0.0000000000
2   11   4   8   0.0092201476
2   11   4   9   0.0000000000
2   11   4   10   -0.0083246872
2   11   4   11   0.0000000000
2   11   4   12   0.0096900101
2   11   5   7   -0.0124868876
2   11   5   8   -0.0000000000
2   11   5   9   -0.0055252839
2   11   5   10   0.0000000000
2   11   5   11   -0.0170344449
2   11   5   12   -0.0000000000
2   11   6   7   0.0000000000
2   11   6   8   -0.0108456050
2   11   6   9   0.0000000000
2   11   6   10   0.0074202521
2   11   6   11   0.0000000000
2   11   6   12   -0.0140504063
2   12   1   8   -0.0006095450
2   12   1   9   -0.0000000000
2   12   1   10   0.0348936211
2   12   1   11   -0.0000000000
2   12   1   12   -0.0048135110
2   12   2   7   0.0010602644
2   12   2   8   -0.0000000000
2   12   2   9   0.0078555083
2   12   2   10   0.0000000000
2   12   2   11   -0.0204084966
2   12   2   12   -0.0000000000
2   12   3   8   0.0088442564
2   12   3   9   -0.0000000000
2   12   3   10   0.0011824936
2   12   3   11   -0.0000000000
2   12   3   12   -0.0000497023
2   12   4   7   0.0134983556
2   12   4   8   0.0000000000
2   12   4   9   0.0010399944
2   12   4   10   -0.0000000000
2   12   4   11   0.0096021787
2   12   5   7   -0.0000000000
2   12   5   8   -0.0116764281
2   12   5   9   -0.0000000000
2   12   5   10   0.0079588863
2   12   5   11   -0.0000000000
2   12   5   12   -0.0159516122
2   12   6   7   -0.0076997133
2   12   6   8   0.0000000000
2   12   6   9   -0.0021097055
2   12   6   10   -0.0000000000
2   12   6   11   -0.0138376302
3   7   1   8   -0.0481000232
3   7   1   9   -0.0000000000
3   7   1   10   0.0048747878
3   7   1   12   -0.0256741007
3   7   2   7   0.0140411580
3   7   2   8   -0.0000000000
3   7   2   9   -0.0365813346
3   7   2   10   0.0000000000
3   7   2   11   -0.0220416578
3   7   3   7   -0.0000000000
3   7   3   8   0.0057982146
3   7   3   9   -0.0000000000
3   7   3   10   0.0095672519
3   7   3   11   -0.0000000000
3   7   3   12   0.0136244194
3   7   4   7   0.0024615875
3   7   4   8   0.0000000000
3   7   4   9   0.0185046283
3   7   4   10   -0.0000000000
3   7   4   11   0.0157437568
3   7   4   12   0.0000000000
3   7   5   7   -0.0000000000
3   7   5   8   -0.0206452336
3   7   5   9   -0.0000000000
3   7   5   10   0.0125257711
3   7   5   11   -0.0000000000
3   7   5   12   -0.0101966955
3   7   6   7   -0.0279085196
3   7   6   9   0.0006785809
3   7   6   11   -0.0110966278
3   7   6   12   0.0000000000
3   8   1   7   -0.0460561005
3   8   1   8   -0.0000000000
3   8   1   9   -0.0444106169
3   8   1   11   -0.0225705716
3   8   1   12   -0.0000000000
3   8   2   7   -0.0000000000
3   8   2   8   0.0079207453
3   8   2   10   0.0028153458
3   8   2   11   -0.0000000000
3   8   2   12   0.0008648243
3   8   3   7   0.0062714443
3   8   3   8   -0.0000000000
3   8   3   9   0.0240677165
3   8   3   10   0.0000000000
3   8   3   11   0.0070136115
3   8   3   12   -0.0000000000
3   8   4   7   0.0000000000
3   8   4   8   0.0118210588
3   8   4   10   -0.0002529723
3   8   4   11   0.0000000000
3   8   4   12   0.0096342963
3   8   5   7   -0.0220430022
3   8   5   8   -0.0000000000
3   8   5   9   -0.0055401464
3   8   5   10   0.0000000000
3   8   5   11   -0.0104621625
3   8   5   12   -0.0000000000
3   8   6   8   -0.0189911657
3   8   6   10   0.0084972989
3   8   6   11   0.0000000000
3   8   6   12   -0.0091862897
3   9   1   7   -0.0000000000
3   9   1   8   -0.0430983782
3   9   1   10   0.0038517466
3   9   1   12   0.0141177618
3   9   2   7   -0.0347527886
3   9   2   9   0.0359294377
3   9   2   11   0.0143971580
3   9   2   12   -0.0000000000
3   9   3   7   -0.0000000000
3   9   3   8   0.0241149431
3   9   3   9   0.0000000000
3   9   3   10   -0.0073440767
3   9   3   11   -0.0000000000
3   9   3   12   -0.0018796677
3   9   4   7   0.0202227637
3   9   4   9   -0.0077093314
3   9   4   10   -0.0000000000
3   9   4   11   -0.0050848235
3   9   4   12   0.0000000000
3   9   5   7   -0.0000000000
3   9   5   8   -0.0059757773
3   9   5   9   0.0000000000
3   9   5   10   -0.0041587946
3   9   5   11   -0.0000000000
3   9   5   12   -0.0050088987
3   9   6   7   0.0019637724
3   9   6   9   -0.0144911300
3   9   6   10   -0.0000000000
3   9   6   11   -0.0066700294
3   9   6   12   0.0000000000
3   10   1   7   0.0051615255
3   10   1   9   0.0040758231
3   10   1   10   -0.0000000000
3   10   1   11   0.0472216110
3   10   2   7   0.0000000000
3   10   2   8   0.0035120513
3   10   2   10   0.0178975233
3   10   2   11   0.0000000000
3   10   2   12   0.0331553889
3   10   3   7   0.0114592515
3   10   3   8   0.0000000000
3   10   3   9   -0.0075282282
3   10   3   10   -0.0000000000
3   10   3   11   -0.0145043220
3   10   3   12   0.0000000000
3   10   4   7   -0.0000000000
3   10   4   8   -0.0003242551
3   10   4   9   -0.0000000000
3   10   4   10   0.0006327050
3   10   4   11   -0.0000000000
3   10   4   12   -0.0088217703
3   10   5   7   0.0136505669
3   10   5   8   0.0000000000
3   10   5   9   -0.0043701703
3   10   5   10   -0.0000000000
3   10   5   11   0.0067546485
3   10   5   12   0.0000000000
3   10   6   7   -0.0000000000
3   10   6   8   0.0088489700
3   10   6   9   -0.0000000000
3   10   6   10   -0.0084734274
3   10   6   11   -0.0000000000
3   10   6   12   0.0089088397
3   11   1   8   -0.0221771709
3   11   1   9   -0.0000000000
3   11   1   10   0.0468969327
3   11   1   11   -0.0000000000
3   11   1   12   -0.0370586504
3   11   2   7   -0.0228677465
3   11   2   8   -0.0000000000
3   11   2   9   0.0138751390
3   11   2   10   0.0000000000
3   11   2   11   -0.0091691690
3   11   2   12   -0.0000000000
3   11   3   7   -0.0000000000
3   11   3   8   0.0060786978
3   11   3   9   -0.0000000000
3   11   3   10   -0.0144829019
3   11   3   11   -0.0000000000
3   11   3   12   -0.0101676026
3   11   4   7   0.0165092527
3   11   4   8   0.0000000000
3   11   4   9   -0.0052666947
3   11   4   10   -0.0000000000
3   11   4   11   0.0073156782
3   11   4   12   0.0000000000
3   11   5   7   -0.0000000000
3   11   5   8   -0.0108474033
3   11   5   9   -0.0000000000
3   11   5   10   0.0067646532
3   11   5   11   -0.0000000000
3   11   5   12   -0.0172591961
3   11   6   7   -0.0114623847
3   11   6   8   0.0000000000
3   11   6   9   -0.0069981125
3   11   6   10   -0.0000000000
3   11   6   11   -0.0184217383
3   11   6   12   0.0000000000
3   12   1   7   -0.0251703367
3   12   1   8   -0.0000000000
3   12   1   9   0.0133391516
3   12   1   10   0.0000000000
3   12   1   11   -0.0368699217
3   12   1   12   -0.0000000000
3   12   2   8   0.0001197000
3   12   2   9   -0.0000000000
3   12   2   10   0.0327874208
3   12   2   11   -0.0000000000
3   12   2   12   -0.0026314419
3   12   3   7   0.0141252620
3   12   3   8   -0.0000000000
3   12   3   9   -0.0025761619
3   12   3   10   0.0000000000
3   12   3   11   -0.0101087853
3   12   3   12   0.0000000000
3   12   4   7   0.0000000000
3   12   4   8   0.0096130278
3   12   4   9   0.0000000000
3   12   4   10   -0.0087910025
3   12   4   11   0.0000000000
3   12   4   12   0.0070891190
3   12   5   7   -0.0102954932
3   12   5   8   -0.0000000000
3   12   5   9   -0.0053032474
3   12   5   10   0.0000000000
3   12   5   11   -0.0172319094
3   12   5   12   0.0000000000
3   12   6   7   0.0000000000
3   12   6   8   -0.0096655807
3   12   6   9   0.0000000000
3   12   6   10   0.0087568320
3   12   6   11   0.0000000000
3   12   6   12   -0.0134036627

End IABC Block
