Begin IJ Block
1   1   -33.0216849993
1   2   0.5831246704
1   3   0.0000000000
1   4   0.1841156522
2   2   -7.8750521769
2   3   0.0000000001
2   4   -0.2129144276
3   3   -6.7739201037
3   4   -0.0000000000
4   4   -6.8988757719
5   5   -7.0022544998

End IJ Block
Begin IA Block
1   1   0.0947035362
1   2   0.0000000000
1   3   0.0946840174
2   1   -0.4762180741
2   2   0.0000000001
2   3   -0.2590648528
3   1   0.0000000000
3   2   0.5052966011
3   3   -0.0000000000
4   1   0.2545685980
4   2   0.0000000002
4   3   -0.5514197044
5   3   0.0000000000

End IA Block
Begin AB Block
1   1   -2.2903094759
1   2   0.0000000018
1   3   -0.1670542010
2   2   -1.9031478950
2   3   0.0000000081
3   3   -2.3278554441

End AB Block
Begin IJAB Block
1   6   1   4   0.0031558263
1   6   1   5   -0.0000000000
1   6   1   6   0.0014138528
1   6   2   4   -0.0000000000
1   6   2   5   0.0013245033
1   6   2   6   0.0000000000
1   6   3   4   0.0014138528
1   6   3   5   0.0000000000
1   6   3   6   0.0031898523
1   7   1   4   0.0005307934
1   7   1   5   0.0000000000
1   7   1   6   -0.0008626140
1   7   2   4   0.0000000000
1   7   2   5   0.0011335599
1   7   2   6   -0.0000000000
1   7   3   4   -0.0011521744
1   7   3   5   -0.0000000000
1   7   3   6   0.0003643259
1   8   1   4   -0.0000000000
1   8   1   5   -0.0000564608
1   8   1   6   -0.0000000000
1   8   2   4   -0.0007771406
1   8   2   5   0.0000000000
1   8   2   6   -0.0004925580
1   8   3   4   -0.0000000000
1   8   3   5   0.0000805146
1   9   1   4   -0.0005743806
1   9   1   5   -0.0000000000
1   9   1   6   -0.0008926926
1   9   2   4   -0.0000000000
1   9   2   5   0.0003237463
1   9   2   6   -0.0000000000
1   9   3   4   0.0003652475
1   9   3   5   -0.0000000000
1   9   3   6   0.0006947873
2   6   1   4   0.0005307934
2   6   1   5   0.0000000000
2   6   1   6   -0.0011521744
2   6   2   4   0.0000000000
2   6   2   5   0.0011335599
2   6   2   6   -0.0000000000
2   6   3   4   -0.0008626140
2   6   3   5   -0.0000000000
2   6   3   6   0.0003643259
2   7   1   4   0.0131562885
2   7   1   5   0.0000000001
2   7   1   6   0.0033360128
2   7   2   4   0.0000000001
2   7   2   5   0.0048413269
2   7   2   6   0.0000000000
2   7   3   4   0.0033360128
2   7   3   5   0.0000000000
2   7   3   6   0.0063866236
2   8   1   4   -0.0000000000
2   8   1   5   -0.0092058427
2   8   1   6   -0.0000000001
2   8   2   4   -0.0044862872
2   8   2   5   0.0000000000
2   8   2   6   -0.0019634708
2   8   3   4   -0.0000000001
2   8   3   5   -0.0048624690
2   8   3   6   -0.0000000001
2   9   1   4   -0.0077744395
2   9   1   5   0.0000000001
2   9   1   6   0.0055536533
2   9   2   4   0.0000000001
2   9   2   5   0.0006408218
2   9   2   6   -0.0000000001
2   9   3   4   -0.0007044609
2   9   3   5   -0.0000000000
2   9   3   6   0.0073360848
3   6   1   4   -0.0000000000
3   6   1   5   -0.0007771406
3   6   1   6   -0.0000000000
3   6   2   4   -0.0000564608
3   6   2   5   0.0000000000
3   6   2   6   0.0000805146
3   6   3   4   -0.0000000000
3   6   3   5   -0.0004925580
3   7   1   4   -0.0000000000
3   7   1   5   -0.0044862872
3   7   1   6   -0.0000000001
3   7   2   4   -0.0092058427
3   7   2   5   0.0000000000
3   7   2   6   -0.0048624690
3   7   3   4   -0.0000000001
3   7   3   5   -0.0019634708
3   7   3   6   -0.0000000001
3   8   1   4   0.0078159868
3   8   1   5   0.0000000001
3   8   1   6   0.0040674017
3   8   2   4   0.0000000001
3   8   2   5   0.0117520899
3   8   2   6   0.0000000000
3   8   3   4   0.0040674017
3   8   3   5   0.0000000000
3   8   3   6   0.0059067215
3   9   1   4   -0.0000000000
3   9   1   5   0.0024110044
3   9   1   6   0.0000000001
3   9   2   4   0.0056182459
3   9   2   5   -0.0000000000
3   9   2   6   -0.0072143336
3   9   3   4   -0.0000000001
3   9   3   5   -0.0005893448
3   9   3   6   0.0000000003
4   6   1   4   -0.0005743806
4   6   1   5   -0.0000000000
4   6   1   6   0.0003652475
4   6   2   4   -0.0000000000
4   6   2   5   0.0003237463
4   6   2   6   -0.0000000000
4   6   3   4   -0.0008926926
4   6   3   5   -0.0000000000
4   6   3   6   0.0006947873
4   7   1   4   -0.0077744395
4   7   1   5   0.0000000001
4   7   1   6   -0.0007044609
4   7   2   4   0.0000000001
4   7   2   5   0.0006408218
4   7   2   6   -0.0000000000
4   7   3   4   0.0055536533
4   7   3   5   -0.0000000001
4   7   3   6   0.0073360848
4   8   1   4   -0.0000000000
4   8   1   5   0.0056182459
4   8   1   6   -0.0000000001
4   8   2   4   0.0024110044
4   8   2   5   -0.0000000000
4   8   2   6   -0.0005893448
4   8   3   4   0.0000000001
4   8   3   5   -0.0072143336
4   8   3   6   0.0000000003
4   9   1   4   0.0083799607
4   9   1   5   0.0000000002
4   9   1   6   -0.0025548921
4   9   2   4   0.0000000002
4   9   2   5   0.0031388051
4   9   2   6   -0.0000000002
4   9   3   4   -0.0025548921
4   9   3   5   -0.0000000002
4   9   3   6   0.0151574648
5   10   1   4   0.0064148389
5   10   1   5   0.0000000000
5   10   1   6   0.0020346987
5   10   2   4   0.0000000000
5   10   2   5   0.0022072509
5   10   2   6   0.0000000001
5   10   3   4   0.0020346987
5   10   3   5   0.0000000001
5   10   3   6   0.0047662120

End IJAB Block
Begin IJKL Block
1   6   1   6   4.7102129648
1   6   1   7   -0.4272247689
1   6   1   8   0.0000000000
1   6   1   9   -0.1353125067
1   6   2   6   -0.4272247689
1   6   2   7   0.0594762645
1   6   2   8   -0.0000000000
1   6   2   9   0.0160331290
1   6   3   6   0.0000000000
1   6   3   7   -0.0000000000
1   6   3   8   0.0165590092
1   6   3   9   0.0000000000
1   6   4   6   -0.1353125067
1   6   4   7   0.0160331290
1   6   4   8   0.0000000000
1   6   4   9   0.0257303344
1   6   5   10   0.0248684431
1   7   1   6   -0.4272247689
1   7   1   7   1.0485841089
1   7   1   8   -0.0000000000
1   7   1   9   0.0823199639
1   7   2   6   0.0633897343
1   7   2   7   -0.0147478837
1   7   2   8   0.0000000000
1   7   2   9   -0.0074080443
1   7   3   6   -0.0000000000
1   7   3   8   0.0229296057
1   7   3   9   -0.0000000000
1   7   4   6   0.0159320796
1   7   4   7   -0.0145231403
1   7   4   8   0.0000000000
1   7   4   9   0.0218722456
1   7   5   10   0.0279918872
1   8   1   6   0.0000000000
1   8   1   7   -0.0000000000
1   8   1   8   0.8939224339
1   8   1   9   -0.0000000000
1   8   2   6   -0.0000000000
1   8   2   7   0.0000000000
1   8   2   8   -0.0076135960
1   8   2   9   -0.0000000000
1   8   3   6   0.0212612264
1   8   3   7   0.0237888017
1   8   3   8   0.0000000000
1   8   3   9   0.0030617151
1   8   4   7   0.0000000000
1   8   4   8   -0.0075697510
1   8   4   9   -0.0000000000
1   8   5   10   -0.0000000000
1   9   1   6   -0.1353125067
1   9   1   7   0.0823199639
1   9   1   8   -0.0000000000
1   9   1   9   0.9791608489
1   9   2   6   0.0159320796
1   9   2   7   -0.0076796098
1   9   2   8   -0.0000000000
1   9   2   9   -0.0134625628
1   9   3   7   -0.0000000000
1   9   3   8   0.0026435408
1   9   3   9   -0.0000000000
1   9   4   6   0.0307811187
1   9   4   7   0.0225615885
1   9   4   8   -0.0000000000
1   9   4   9   0.0079754216
1   9   5   10   0.0084139729
1   10   1   10   1.0189436219
1   10   2   10   -0.0121452493
1   10   3   10   -0.0000000000
1   10   4   10   -0.0047974505
1   10   5   6   0.0303042089
1   10   5   7   0.0283135627
1   10   5   9   0.0087336703
2   6   1   6   -0.4272247689
2   6   1   7   0.0633897343
2   6   1   8   -0.0000000000
2   6   1   9   0.0159320796
2   6   2   6   1.0485841089
2   6   2   7   -0.0147478837
2   6   2   9   -0.0145231403
2   6   3   6   -0.0000000000
2   6   3   7   0.0000000000
2   6   3   8   0.0229296057
2   6   3   9   0.0000000000
2   6   4   6   0.0823199639
2   6   4   7   -0.0074080443
2   6   4   8   -0.0000000000
2   6   4   9   0.0218722456
2   6   5   10   0.0279918872
2   7   1   6   0.0594762645
2   7   1   7   -0.0147478837
2   7   1   8   0.0000000000
2   7   1   9   -0.0076796098
2   7   2   6   -0.0147478837
2   7   2   7   0.7437661442
2   7   2   8   -0.0000000000
2   7   2   9   -0.0170983412
2   7   3   6   0.0000000000
2   7   3   7   -0.0000000000
2   7   3   8   0.1402575375
2   7   3   9   -0.0000000000
2   7   4   6   -0.0076796098
2   7   4   7   -0.0170983412
2   7   4   8   -0.0000000000
2   7   4   9   0.1118490044
2   7   5   10   0.1141804985
2   8   1   6   -0.0000000000
2   8   1   7   0.0000000000
2   8   1   8   -0.0076135960
2   8   1   9   -0.0000000000
2   8   2   7   -0.0000000000
2   8   2   8   0.6749990408
2   8   2   9   -0.0000000000
2   8   3   6   0.0237888017
2   8   3   7   0.1455913478
2   8   3   8   0.0000000000
2   8   3   9   -0.0132815619
2   8   4   6   -0.0000000000
2   8   4   7   -0.0000000000
2   8   4   8   -0.0116829490
2   8   4   9   0.0000000000
2   8   5   10   -0.0000000000
2   9   1   6   0.0160331290
2   9   1   7   -0.0074080443
2   9   1   8   -0.0000000000
2   9   1   9   -0.0134625628
2   9   2   6   -0.0145231403
2   9   2   7   -0.0170983412
2   9   2   8   -0.0000000000
2   9   2   9   0.6672553353
2   9   3   6   0.0000000000
2   9   3   7   -0.0000000000
2   9   3   8   -0.0137669626
2   9   3   9   -0.0000000000
2   9   4   6   0.0225615885
2   9   4   7   0.1169485194
2   9   4   8   0.0000000000
2   9   4   9   0.0616949299
2   9   5   10   0.0269205009
2   10   1   10   -0.0121452493
2   10   2   10   0.6930338362
2   10   3   10   -0.0000000000
2   10   4   10   0.0302898398
2   10   5   6   0.0283135627
2   10   5   7   0.1184076690
2   10   5   8   0.0000000000
2   10   5   9   0.0266588760
3   6   1   6   0.0000000000
3   6   1   7   -0.0000000000
3   6   1   8   0.0212612264
3   6   2   6   -0.0000000000
3   6   2   7   0.0000000000
3   6   2   8   0.0237888017
3   6   2   9   0.0000000000
3   6   3   6   0.8939224339
3   6   3   7   -0.0076135960
3   6   3   8   0.0000000000
3   6   3   9   -0.0075697510
3   6   4   6   -0.0000000000
3   6   4   7   -0.0000000000
3   6   4   8   0.0030617151
3   6   4   9   -0.0000000000
3   6   5   10   -0.0000000000
3   7   1   6   -0.0000000000
3   7   1   8   0.0237888017
3   7   1   9   -0.0000000000
3   7   2   6   0.0000000000
3   7   2   7   -0.0000000000
3   7   2   8   0.1455913478
3   7   2   9   -0.0000000000
3   7   3   6   -0.0076135960
3   7   3   7   0.6749990408
3   7   3   8   0.0000000000
3   7   3   9   -0.0116829490
3   7   4   6   -0.0000000000
3   7   4   7   -0.0000000000
3   7   4   8   -0.0132815619
3   7   4   9   0.0000000000
3   7   5   10   -0.0000000000
3   8   1   6   0.0165590092
3   8   1   7   0.0229296057
3   8   1   8   0.0000000000
3   8   1   9   0.0026435408
3   8   2   6   0.0229296057
3   8   2   7   0.1402575375
3   8   2   8   0.0000000000
3   8   2   9   -0.0137669626
3   8   3   6   0.0000000000
3   8   3   7   0.0000000000
3   8   3   8   0.6500049595
3   8   3   9   -0.0000000000
3   8   4   6   0.0026435408
3   8   4   7   -0.0137669626
3   8   4   8   -0.0000000000
3   8   4   9   0.0286574647
3   8   5   10   0.0206572840
3   9   1   6   0.0000000000
3   9   1   7   -0.0000000000
3   9   1   8   0.0030617151
3   9   1   9   -0.0000000000
3   9   2   6   0.0000000000
3   9   2   7   -0.0000000000
3   9   2   8   -0.0132815619
3   9   2   9   -0.0000000000
3   9   3   6   -0.0075697510
3   9   3   7   -0.0116829490
3   9   3   8   -0.0000000000
3   9   3   9   0.5983059552
3   9   4   6   -0.0000000000
3   9   4   7   0.0000000000
3   9   4   8   0.0354728051
3   9   4   9   0.0000000000
3   9   5   10   0.0000000000
3   10   1   10   -0.0000000000
3   10   2   10   -0.0000000000
3   10   3   10   0.6104739648
3   10   4   10   0.0000000000
3   10   5   7   0.0000000000
3   10   5   8   0.0270150239
3   10   5   9   0.0000000000
4   6   1   6   -0.1353125067
4   6   1   7   0.0159320796
4   6   1   9   0.0307811187
4   6   2   6   0.0823199639
4   6   2   7   -0.0076796098
4   6   2   8   -0.0000000000
4   6   2   9   0.0225615885
4   6   3   6   -0.0000000000
4   6   3   7   -0.0000000000
4   6   3   8   0.0026435408
4   6   3   9   -0.0000000000
4   6   4   6   0.9791608489
4   6   4   7   -0.0134625628
4   6   4   8   -0.0000000000
4   6   4   9   0.0079754216
4   6   5   10   0.0084139729
4   7   1   6   0.0160331290
4   7   1   7   -0.0145231403
4   7   1   8   0.0000000000
4   7   1   9   0.0225615885
4   7   2   6   -0.0074080443
4   7   2   7   -0.0170983412
4   7   2   8   -0.0000000000
4   7   2   9   0.1169485194
4   7   3   6   -0.0000000000
4   7   3   7   -0.0000000000
4   7   3   8   -0.0137669626
4   7   3   9   0.0000000000
4   7   4   6   -0.0134625628
4   7   4   7   0.6672553353
4   7   4   8   -0.0000000000
4   7   4   9   0.0616949299
4   7   5   10   0.0269205009
4   8   1   6   0.0000000000
4   8   1   7   0.0000000000
4   8   1   8   -0.0075697510
4   8   1   9   -0.0000000000
4   8   2   6   -0.0000000000
4   8   2   7   -0.0000000000
4   8   2   8   -0.0116829490
4   8   2   9   0.0000000000
4   8   3   6   0.0030617151
4   8   3   7   -0.0132815619
4   8   3   8   -0.0000000000
4   8   3   9   0.0354728051
4   8   4   6   -0.0000000000
4   8   4   7   -0.0000000000
4   8   4   8   0.5983059552
4   8   4   9   0.0000000000
4   8   5   10   0.0000000000
4   9   1   6   0.0257303344
4   9   1   7   0.0218722456
4   9   1   8   -0.0000000000
4   9   1   9   0.0079754216
4   9   2   6   0.0218722456
4   9   2   7   0.1118490044
4   9   2   8   0.0000000000
4   9   2   9   0.0616949299
4   9   3   6   -0.0000000000
4   9   3   7   0.0000000000
4   9   3   8   0.0286574647
4   9   3   9   0.0000000000
4   9   4   6   0.0079754216
4   9   4   7   0.0616949299
4   9   4   8   0.0000000000
4   9   4   9   0.6908447868
4   9   5   10   0.0306133677
4   10   1   10   -0.0047974505
4   10   2   10   0.0302898398
4   10   3   10   0.0000000000
4   10   4   10   0.6372957329
4   10   5   6   0.0087336703
4   10   5   7   0.0266588760
4   10   5   8   0.0000000000
4   10   5   9   0.0364628498
5   6   1   10   0.0303042089
5   6   2   10   0.0283135627
5   6   4   10   0.0087336703
5   6   5   6   1.0189436219
5   6   5   7   -0.0121452493
5   6   5   8   -0.0000000000
5   6   5   9   -0.0047974505
5   7   1   10   0.0283135627
5   7   2   10   0.1184076690
5   7   3   10   0.0000000000
5   7   4   10   0.0266588760
5   7   5   6   -0.0121452493
5   7   5   7   0.6930338362
5   7   5   8   -0.0000000000
5   7   5   9   0.0302898398
5   8   2   10   0.0000000000
5   8   3   10   0.0270150239
5   8   4   10   0.0000000000
5   8   5   6   -0.0000000000
5   8   5   7   -0.0000000000
5   8   5   8   0.6104739648
5   8   5   9   0.0000000000
5   9   1   10   0.0087336703
5   9   2   10   0.0266588760
5   9   3   10   0.0000000000
5   9   4   10   0.0364628498
5   9   5   6   -0.0047974505
5   9   5   7   0.0302898398
5   9   5   8   0.0000000000
5   9   5   9   0.6372957329
5   10   1   6   0.0248684431
5   10   1   7   0.0279918872
5   10   1   8   -0.0000000000
5   10   1   9   0.0084139729
5   10   2   6   0.0279918872
5   10   2   7   0.1141804985
5   10   2   8   -0.0000000000
5   10   2   9   0.0269205009
5   10   3   6   -0.0000000000
5   10   3   7   -0.0000000000
5   10   3   8   0.0206572840
5   10   3   9   0.0000000000
5   10   4   6   0.0084139729
5   10   4   7   0.0269205009
5   10   4   8   0.0000000000
5   10   4   9   0.0306133677
5   10   5   10   0.7081961331

End IJKL Block
Begin ABCD Block
1   4   1   4   0.2013128261
1   4   1   5   0.0000000015
1   4   1   6   -0.0108441882
1   4   2   4   0.0000000015
1   4   2   5   0.0452450769
1   4   2   6   0.0000000066
1   4   3   4   -0.0108441882
1   4   3   5   0.0000000066
1   4   3   6   0.0242897827
1   5   1   4   0.0000000015
1   5   1   5   0.1829983624
1   5   1   6   0.0000000067
1   5   2   4   0.0452432854
1   5   2   5   -0.0000000003
1   5   2   6   0.0048502761
1   5   3   4   0.0000000066
1   5   3   5   -0.0015331794
1   5   3   6   0.0000000299
1   6   1   4   -0.0108441882
1   6   1   5   0.0000000067
1   6   1   6   0.1784938833
1   6   2   4   0.0000000067
1   6   2   5   0.0048495043
1   6   2   6   -0.0000000059
1   6   3   4   0.0242911727
1   6   3   5   0.0000000300
1   6   3   6   0.0262737044
2   4   1   4   0.0000000015
2   4   1   5   0.0452432854
2   4   1   6   0.0000000066
2   4   2   4   0.1829983624
2   4   2   5   -0.0000000003
2   4   2   6   -0.0015331794
2   4   3   4   0.0000000067
2   4   3   5   0.0048502761
2   4   3   6   0.0000000299
2   5   1   4   0.0452450768
2   5   1   5   -0.0000000003
2   5   1   6   0.0048495041
2   5   2   4   -0.0000000003
2   5   2   5   0.1885061091
2   5   2   6   -0.0000000014
2   5   3   4   0.0048495041
2   5   3   5   -0.0000000014
2   5   3   6   0.0077271650
2   6   1   4   0.0000000066
2   6   1   5   0.0048502760
2   6   1   6   -0.0000000058
2   6   2   4   -0.0015331794
2   6   2   5   -0.0000000014
2   6   2   6   0.1624099650
2   6   3   4   0.0000000302
2   6   3   5   0.0077283631
2   6   3   6   -0.0000000267
3   4   1   4   -0.0108441882
3   4   1   5   0.0000000067
3   4   1   6   0.0242911727
3   4   2   4   0.0000000067
3   4   2   5   0.0048495043
3   4   2   6   0.0000000300
3   4   3   4   0.1784938833
3   4   3   5   -0.0000000059
3   4   3   6   0.0262737044
3   5   1   4   0.0000000066
3   5   1   5   -0.0015331794
3   5   1   6   0.0000000302
3   5   2   4   0.0048502760
3   5   2   5   -0.0000000014
3   5   2   6   0.0077283631
3   5   3   4   -0.0000000058
3   5   3   5   0.1624099650
3   5   3   6   -0.0000000267
3   6   1   4   0.0242897829
3   6   1   5   0.0000000302
3   6   1   6   0.0262737044
3   6   2   4   0.0000000302
3   6   2   5   0.0077271655
3   6   2   6   -0.0000000267
3   6   3   4   0.0262737044
3   6   3   5   -0.0000000267
3   6   3   6   0.2411531717

End ABCD Block
Begin AIJB Block
1   6   1   4   0.0028615839
1   6   1   6   0.0012789520
1   6   2   4   0.0003206773
1   6   2   6   -0.0011501210
1   6   3   4   -0.0000000000
1   6   3   5   -0.0006328407
1   6   4   4   -0.0003548843
1   6   4   6   0.0003593166
1   7   1   4   0.0003206773
1   7   1   5   -0.0000000000
1   7   1   6   -0.0008848897
1   7   2   4   0.0099345996
1   7   2   5   0.0000000000
1   7   2   6   0.0023972393
1   7   3   4   0.0000000000
1   7   3   5   -0.0027154032
1   7   3   6   0.0000000000
1   7   4   4   -0.0054839986
1   7   4   5   0.0000000000
1   7   4   6   -0.0009634294
1   8   1   4   -0.0000000000
1   8   1   5   0.0000995887
1   8   2   4   0.0000000000
1   8   2   5   -0.0073149230
1   8   2   6   -0.0000000000
1   8   3   4   0.0056361661
1   8   3   5   -0.0000000000
1   8   3   6   0.0031622833
1   8   4   4   0.0000000000
1   8   4   5   0.0046059022
1   8   4   6   -0.0000000000
1   9   1   4   -0.0003548843
1   9   1   5   -0.0000000000
1   9   1   6   -0.0009282328
1   9   2   4   -0.0054839986
1   9   2   5   0.0000000000
1   9   2   6   0.0052526175
1   9   3   4   0.0000000000
1   9   3   5   0.0016537931
1   9   3   6   0.0000000000
1   9   4   4   0.0065323657
1   9   4   5   0.0000000000
1   9   4   6   -0.0022997510
1   10   5   4   0.0046185166
1   10   5   5   0.0000000000
1   10   5   6   0.0012770302
2   6   1   5   0.0012076407
2   6   2   4   -0.0000000000
2   6   2   5   0.0010300345
2   6   2   6   0.0000000000
2   6   3   4   0.0000995887
2   6   3   6   0.0001949908
2   6   4   4   -0.0000000000
2   6   4   5   0.0003158919
2   6   4   6   0.0000000000
2   7   1   5   0.0010300345
2   7   2   4   0.0000000000
2   7   2   5   0.0037135516
2   7   2   6   -0.0000000000
2   7   3   4   -0.0073149230
2   7   3   5   0.0000000000
2   7   3   6   -0.0038252171
2   7   4   4   0.0000000000
2   7   4   5   0.0004573325
2   7   4   6   -0.0000000000
2   8   1   4   -0.0006328407
2   8   1   6   -0.0003875446
2   8   2   4   -0.0027154032
2   8   2   5   0.0000000000
2   8   2   6   -0.0009157122
2   8   3   4   -0.0000000000
2   8   3   5   0.0093052930
2   8   3   6   -0.0000000000
2   8   4   4   0.0016537931
2   8   4   5   -0.0000000000
2   8   4   6   -0.0002589749
2   9   1   5   0.0003158919
2   9   1   6   0.0000000000
2   9   2   4   0.0000000000
2   9   2   5   0.0004573325
2   9   2   6   -0.0000000000
2   9   3   4   0.0046059022
2   9   3   5   -0.0000000000
2   9   3   6   -0.0066146450
2   9   4   4   0.0000000000
2   9   4   5   0.0019693561
2   9   4   6   -0.0000000000
2   10   5   4   0.0000000000
2   10   5   5   0.0013382371
2   10   5   6   0.0000000000
3   6   1   4   0.0012789520
3   6   1   6   0.0029329641
3   6   2   4   -0.0008848897
3   6   2   6   0.0002639861
3   6   3   5   -0.0003875446
3   6   3   6   -0.0000000000
3   6   4   4   -0.0009282328
3   6   4   5   0.0000000000
3   6   4   6   0.0004816197
3   7   1   4   -0.0011501210
3   7   1   5   0.0000000000
3   7   1   6   0.0002639861
3   7   2   4   0.0023972393
3   7   2   5   -0.0000000000
3   7   2   6   0.0052063499
3   7   3   4   -0.0000000000
3   7   3   5   -0.0009157122
3   7   3   6   0.0000000000
3   7   4   4   0.0052526175
3   7   4   5   -0.0000000000
3   7   4   6   0.0059315054
3   8   1   5   0.0001949908
3   8   1   6   -0.0000000000
3   8   2   4   0.0000000000
3   8   2   5   -0.0038252171
3   8   2   6   0.0000000000
3   8   3   4   0.0031622833
3   8   3   5   -0.0000000000
3   8   3   6   0.0050263636
3   8   4   4   0.0000000000
3   8   4   5   -0.0066146450
3   8   4   6   0.0000000000
3   9   1   4   0.0003593166
3   9   1   5   0.0000000000
3   9   1   6   0.0004816197
3   9   2   4   -0.0009634294
3   9   2   5   -0.0000000000
3   9   2   6   0.0059315054
3   9   3   4   -0.0000000000
3   9   3   5   -0.0002589749
3   9   3   6   0.0000000000
3   9   4   4   -0.0022997510
3   9   4   5   -0.0000000000
3   9   4   6   0.0133095877
3   10   5   4   0.0012770302
3   10   5   5   0.0000000000
3   10   5   6   0.0038570169

1   6   6   1   -0.2511161031
1   6   6   2   -0.0000000000
1   6   6   3   -0.0207662482
1   6   7   1   0.0004077209
1   6   7   2   -0.0000000000
1   6   7   3   0.0003941109
1   6   8   1   -0.0000000000
1   6   8   2   0.0018763565
1   6   8   3   -0.0000000000
1   6   9   1   0.0023726300
1   6   9   2   -0.0000000000
1   6   9   3   -0.0009214804
1   7   6   1   0.0004077209
1   7   6   2   -0.0000000000
1   7   6   3   0.0003998578
1   7   7   1   -0.2417241822
1   7   7   2   0.0000000002
1   7   7   3   -0.0141135354
1   7   8   1   -0.0000000001
1   7   8   2   0.0232324937
1   7   8   3   -0.0000000004
1   7   9   1   0.0148365897
1   7   9   2   0.0000000001
1   7   9   3   -0.0125787040
1   8   6   1   -0.0000000000
1   8   6   2   0.0018849854
1   8   6   3   -0.0000000000
1   8   7   1   -0.0000000001
1   8   7   2   0.0232271955
1   8   7   3   -0.0000000004
1   8   8   1   -0.2391245381
1   8   8   2   -0.0000000000
1   8   8   3   -0.0156244068
1   8   9   1   0.0000000000
1   8   9   2   -0.0067702282
1   8   9   3   0.0000000001
1   9   6   1   0.0023726300
1   9   6   2   -0.0000000000
1   9   6   3   -0.0009266511
1   9   7   1   0.0148365897
1   9   7   2   0.0000000001
1   9   7   3   -0.0125455331
1   9   8   1   0.0000000000
1   9   8   2   -0.0068139801
1   9   8   3   0.0000000001
1   9   9   1   -0.2307574401
1   9   9   2   0.0000000001
1   9   9   3   -0.0190475027
1   10   10   1   -0.2336111367
1   10   10   2   0.0000000006
1   10   10   3   -0.0165013672
2   6   6   1   -0.0000000000
2   6   6   2   -0.2115458504
2   6   6   3   -0.0000000002
2   6   7   1   -0.0000000000
2   6   7   2   0.0003260680
2   6   7   3   -0.0000000001
2   6   8   1   0.0018849854
2   6   8   2   0.0000000000
2   6   8   3   0.0010316688
2   6   9   1   -0.0000000000
2   6   9   2   0.0006875378
2   6   9   3   -0.0000000001
2   7   6   1   -0.0000000000
2   7   6   2   0.0003260680
2   7   6   3   -0.0000000000
2   7   7   1   0.0000000002
2   7   7   2   -0.2035835932
2   7   7   3   0.0000000010
2   7   8   1   0.0232271955
2   7   8   2   0.0000000000
2   7   8   3   0.0081362659
2   7   9   1   0.0000000001
2   7   9   2   0.0064904297
2   7   9   3   0.0000000004
2   8   6   1   0.0018763565
2   8   6   2   0.0000000000
2   8   6   3   0.0010586098
2   8   7   1   0.0232324937
2   8   7   2   0.0000000000
2   8   7   3   0.0082241807
2   8   8   1   -0.0000000000
2   8   8   2   -0.2067874016
2   8   8   3   -0.0000000002
2   8   9   1   -0.0068139801
2   8   9   2   -0.0000000000
2   8   9   3   0.0013402182
2   9   6   1   -0.0000000000
2   9   6   2   0.0006875378
2   9   6   3   -0.0000000001
2   9   7   1   0.0000000001
2   9   7   2   0.0064904297
2   9   7   3   0.0000000003
2   9   8   1   -0.0067702282
2   9   8   2   -0.0000000000
2   9   8   3   0.0012134870
2   9   9   1   0.0000000001
2   9   9   2   -0.1967085000
2   9   9   3   0.0000000006
2   10   10   1   0.0000000006
2   10   10   2   -0.1974417137
2   10   10   3   0.0000000027
3   6   6   1   -0.0207662482
3   6   6   2   -0.0000000002
3   6   6   3   -0.2790222037
3   6   7   1   0.0003998578
3   6   7   2   -0.0000000001
3   6   7   3   0.0012387965
3   6   8   1   -0.0000000000
3   6   8   2   0.0010586098
3   6   8   3   0.0000000000
3   6   9   1   -0.0009266511
3   6   9   2   -0.0000000001
3   6   9   3   -0.0021466681
3   7   6   1   0.0003941109
3   7   6   2   -0.0000000000
3   7   6   3   0.0012387965
3   7   7   1   -0.0141135354
3   7   7   2   0.0000000010
3   7   7   3   -0.2531275352
3   7   8   1   -0.0000000004
3   7   8   2   0.0082241807
3   7   8   3   0.0000000004
3   7   9   1   -0.0125455331
3   7   9   2   0.0000000004
3   7   9   3   -0.0199457086
3   8   6   1   -0.0000000000
3   8   6   2   0.0010316688
3   8   6   3   0.0000000000
3   8   7   1   -0.0000000004
3   8   7   2   0.0081362658
3   8   7   3   0.0000000004
3   8   8   1   -0.0156244068
3   8   8   2   -0.0000000002
3   8   8   3   -0.2490439719
3   8   9   1   0.0000000001
3   8   9   2   0.0012134870
3   8   9   3   -0.0000000000
3   9   6   1   -0.0009214804
3   9   6   2   -0.0000000001
3   9   6   3   -0.0021466681
3   9   7   1   -0.0125787040
3   9   7   2   0.0000000004
3   9   7   3   -0.0199457086
3   9   8   1   0.0000000001
3   9   8   2   0.0013402182
3   9   8   3   -0.0000000000
3   9   9   1   -0.0190475027
3   9   9   2   0.0000000006
3   9   9   3   -0.2659126150
3   10   10   1   -0.0165013672
3   10   10   2   0.0000000027
3   10   10   3   -0.2543689843

End AIJB Block
Begin IJKA Block
1   6   1   4   -0.0770575561
1   6   1   5   -0.0000000000
1   6   1   6   -0.0749609339
1   6   2   4   0.0125294554
1   6   2   5   -0.0000000000
1   6   2   6   0.0107974544
1   6   3   4   0.0000000000
1   6   3   5   -0.0050116610
1   6   3   6   0.0000000000
1   6   4   4   -0.0004085532
1   6   4   5   0.0000000000
1   6   4   6   0.0083099715
1   7   1   4   0.0945499737
1   7   1   6   0.0607045316
1   7   2   4   -0.0014014231
1   7   2   5   0.0000000000
1   7   2   6   -0.0024336466
1   7   3   4   -0.0000000000
1   7   3   5   -0.0044455592
1   7   3   6   -0.0000000000
1   7   4   4   -0.0048769788
1   7   4   5   0.0000000000
1   7   4   6   0.0026632697
1   8   1   4   0.0000000000
1   8   1   5   -0.0894975986
1   8   1   6   -0.0000000000
1   8   2   5   0.0005654402
1   8   2   6   -0.0000000000
1   8   3   4   0.0026688742
1   8   3   5   -0.0000000000
1   8   3   6   0.0015213144
1   8   4   4   0.0000000000
1   8   4   5   0.0003517575
1   8   4   6   0.0000000000
1   9   1   4   -0.0438814484
1   9   1   5   -0.0000000000
1   9   1   6   0.1021697658
1   9   2   4   -0.0005505358
1   9   2   5   0.0000000000
1   9   2   6   -0.0019753788
1   9   3   4   0.0000000000
1   9   3   5   -0.0013053410
1   9   3   6   -0.0000000000
1   9   4   4   0.0018819216
1   9   4   5   0.0000000000
1   9   4   6   0.0035384702
1   10   5   4   0.0037999763
1   10   5   5   -0.0000000000
1   10   5   6   0.0046807065
2   6   1   4   0.0132670119
2   6   1   5   0.0000000000
2   6   1   6   0.0113709268
2   6   2   4   -0.0006776125
2   6   2   5   0.0000000000
2   6   2   6   -0.0042770391
2   6   3   4   -0.0000000000
2   6   3   5   -0.0057338988
2   6   3   6   0.0000000000
2   6   4   4   -0.0047722635
2   6   4   5   -0.0000000000
2   6   4   6   0.0039801672
2   7   1   4   -0.0006443435
2   7   1   5   0.0000000000
2   7   1   6   -0.0019080799
2   7   2   4   0.0563132347
2   7   2   5   -0.0000000000
2   7   2   6   0.0223534462
2   7   3   4   0.0000000000
2   7   3   5   -0.0195898666
2   7   3   6   -0.0000000000
2   7   4   4   -0.0105880538
2   7   4   5   0.0000000000
2   7   4   6   0.0160247764
2   8   1   4   0.0000000000
2   8   1   5   0.0000626682
2   8   1   6   0.0000000000
2   8   2   4   -0.0000000000
2   8   2   5   -0.0555643387
2   8   2   6   -0.0000000000
2   8   3   4   0.0041621464
2   8   3   5   -0.0000000000
2   8   3   6   -0.0062808328
2   8   4   4   -0.0000000000
2   8   4   5   -0.0049650939
2   8   4   6   0.0000000000
2   9   1   4   -0.0007140976
2   9   1   5   0.0000000000
2   9   1   6   -0.0013857653
2   9   2   4   -0.0293733745
2   9   2   5   -0.0000000000
2   9   2   6   0.0563873749
2   9   3   4   0.0000000000
2   9   3   5   -0.0060385168
2   9   3   6   -0.0000000000
2   9   4   4   0.0001902129
2   9   4   5   -0.0000000000
2   9   4   6   0.0131822607
2   10   5   4   0.0098036932
2   10   5   5   0.0000000000
2   10   5   6   0.0154534938
3   6   1   5   -0.0055110251
3   6   1   6   0.0000000000
3   6   2   4   -0.0000000000
3   6   2   5   -0.0059066491
3   6   2   6   0.0000000000
3   6   3   4   -0.0003122285
3   6   3   5   -0.0000000000
3   6   3   6   -0.0020843272
3   6   4   4   -0.0000000000
3   6   4   5   -0.0008998436
3   6   4   6   0.0000000000
3   7   1   4   0.0000000000
3   7   1   5   -0.0045413153
3   7   1   6   0.0000000000
3   7   2   5   -0.0192419946
3   7   2   6   -0.0000000000
3   7   3   4   0.0422296951
3   7   3   5   0.0000000000
3   7   3   6   0.0158505487
3   7   4   4   -0.0000000000
3   7   4   5   -0.0018534560
3   7   4   6   0.0000000000
3   8   1   4   0.0025266011
3   8   1   5   0.0000000000
3   8   1   6   0.0015440578
3   8   2   4   0.0043186965
3   8   2   5   -0.0000000000
3   8   2   6   -0.0056180808
3   8   3   4   -0.0000000000
3   8   3   5   -0.0516113272
3   8   3   6   -0.0000000000
3   8   4   4   0.0002594356
3   8   4   5   0.0000000000
3   8   4   6   0.0073520138
3   9   1   4   0.0000000000
3   9   1   5   -0.0012773662
3   9   1   6   -0.0000000000
3   9   2   4   0.0000000000
3   9   2   5   -0.0054202607
3   9   2   6   -0.0000000000
3   9   3   4   -0.0205281184
3   9   3   5   0.0000000000
3   9   3   6   0.0498920297
3   9   4   4   -0.0000000000
3   9   4   5   -0.0044064662
3   9   4   6   0.0000000000
3   10   5   4   -0.0000000000
3   10   5   5   -0.0049699769
4   6   1   4   -0.0006771137
4   6   1   5   -0.0000000000
4   6   1   6   0.0088593240
4   6   2   4   -0.0049514591
4   6   2   5   -0.0000000000
4   6   2   6   0.0040474047
4   6   3   4   -0.0000000000
4   6   3   5   -0.0008394166
4   6   3   6   -0.0000000000
4   6   4   4   -0.0037514535
4   6   4   5   -0.0000000000
4   6   4   6   0.0008206972
4   7   1   4   -0.0047467163
4   7   1   5   0.0000000000
4   7   1   6   0.0027601138
4   7   2   4   -0.0108930677
4   7   2   5   -0.0000000000
4   7   2   6   0.0152724790
4   7   3   4   -0.0000000000
4   7   3   5   -0.0021070505
4   7   3   6   0.0000000000
4   7   4   4   0.0382152392
4   7   4   5   -0.0000000000
4   7   4   6   0.0301249351
4   8   1   5   0.0003083788
4   8   1   6   -0.0000000000
4   8   2   4   -0.0000000000
4   8   2   5   -0.0043213228
4   8   2   6   0.0000000000
4   8   3   4   0.0005139746
4   8   3   5   0.0000000000
4   8   3   6   0.0075818746
4   8   4   4   0.0000000000
4   8   4   5   -0.0478368264
4   8   4   6   0.0000000000
4   9   1   4   0.0015739255
4   9   1   5   0.0000000000
4   9   1   6   0.0034171416
4   9   2   4   0.0006797681
4   9   2   5   -0.0000000000
4   9   2   6   0.0120947843
4   9   3   4   -0.0000000000
4   9   3   5   -0.0046849782
4   9   3   6   0.0000000000
4   9   4   4   -0.0287414097
4   9   4   5   -0.0000000000
4   9   4   6   0.0646406265
4   10   5   4   -0.0012114588
4   10   5   5   -0.0000000000
4   10   5   6   0.0083127495
5   6   5   4   -0.0013920232
5   6   5   5   0.0000000000
5   6   5   6   -0.0016588686
5   7   5   4   0.0482670220
5   7   5   5   -0.0000000000
5   7   5   6   0.0301321008
5   8   5   4   -0.0000000000
5   8   5   5   -0.0502382638
5   8   5   6   0.0000000000
5   9   5   4   -0.0255299368
5   9   5   5   -0.0000000001
5   9   5   6   0.0554393118
5   10   1   4   0.0033630166
5   10   1   5   0.0000000000
5   10   1   6   0.0042962855
5   10   2   4   0.0096517648
5   10   2   5   0.0000000000
5   10   2   6   0.0146470458
5   10   3   4   -0.0000000000
5   10   3   5   -0.0050783783
5   10   3   6   0.0000000000
5   10   4   4   -0.0017006163
5   10   4   5   -0.0000000000
5   10   4   6   0.0075785417

End IJKA Block
Begin IABC Block
1   4   1   4   0.0002247614
1   4   1   5   -0.0000000000
1   4   1   6   -0.0002047790
1   4   2   4   -0.0000000000
1   4   2   5   0.0004148566
1   4   2   6   -0.0000000000
1   4   3   4   -0.0005033070
1   4   3   5   0.0000000000
1   4   3   6   0.0001296431
1   5   1   4   -0.0000000000
1   5   1   5   0.0000280604
1   5   1   6   -0.0000000000
1   5   2   4   0.0004173536
1   5   2   5   0.0000000000
1   5   2   6   0.0002374574
1   5   3   4   0.0000000000
1   5   3   5   -0.0001650804
1   5   3   6   0.0000000000
1   6   1   4   -0.0002072237
1   6   1   5   -0.0000000000
1   6   1   6   -0.0005229192
1   6   2   4   -0.0000000000
1   6   2   5   0.0002389137
1   6   2   6   0.0000000000
1   6   3   4   0.0001316017
1   6   3   5   0.0000000000
1   6   3   6   0.0003020342
2   4   1   4   0.0030467044
2   4   1   5   0.0000000000
2   4   1   6   0.0004298833
2   4   2   4   0.0000000001
2   4   2   5   -0.0005596844
2   4   2   6   0.0000000004
2   4   3   4   0.0011004089
2   4   3   5   -0.0000000001
2   4   3   6   -0.0012096459
2   5   1   4   0.0000000000
2   5   1   5   0.0013265879
2   5   1   6   0.0000000001
2   5   2   4   -0.0005303585
2   5   2   5   -0.0000000000
2   5   2   6   0.0004242336
2   5   3   4   -0.0000000001
2   5   3   5   0.0004157701
2   5   3   6   -0.0000000003
2   6   1   4   0.0003762722
2   6   1   5   0.0000000001
2   6   1   6   0.0027015064
2   6   2   4   0.0000000004
2   6   2   5   0.0004336739
2   6   2   6   -0.0000000004
2   6   3   4   -0.0012274992
2   6   3   5   -0.0000000003
2   6   3   6   0.0010239310
3   4   1   4   0.0000000000
3   4   1   5   0.0082319813
3   4   1   6   0.0000000001
3   4   2   4   -0.0020739131
3   4   2   5   -0.0000000000
3   4   2   6   -0.0015708138
3   4   3   4   -0.0000000000
3   4   3   5   0.0059387382
3   4   3   6   -0.0000000001
3   5   1   4   0.0081051896
3   5   1   5   -0.0000000000
3   5   1   6   0.0016295702
3   5   2   4   -0.0000000000
3   5   2   5   0.0001574514
3   5   2   6   -0.0000000001
3   5   3   4   0.0058397517
3   5   3   5   0.0000000000
3   5   3   6   0.0025381405
3   6   1   4   0.0000000001
3   6   1   5   0.0018187007
3   6   1   6   -0.0000000001
3   6   2   4   -0.0014824307
3   6   2   5   -0.0000000001
3   6   2   6   -0.0068146027
3   6   3   4   -0.0000000001
3   6   3   5   0.0026963622
3   6   3   6   0.0000000001
4   4   1   4   0.0028042204
4   4   1   5   0.0000000002
4   4   1   6   -0.0056459935
4   4   2   4   0.0000000002
4   4   2   5   0.0039888548
4   4   2   6   0.0000000007
4   4   3   4   0.0057749034
4   4   3   5   -0.0000000003
4   4   3   6   -0.0012816400
4   5   1   4   0.0000000002
4   5   1   5   0.0026398937
4   5   1   6   0.0000000008
4   5   2   4   0.0039440894
4   5   2   5   -0.0000000000
4   5   2   6   0.0003715035
4   5   3   4   -0.0000000003
4   5   3   5   0.0052342951
4   5   3   6   -0.0000000012
4   6   1   4   -0.0054248754
4   6   1   5   0.0000000008
4   6   1   6   -0.0079029202
4   6   2   4   0.0000000007
4   6   2   5   0.0004866716
4   6   2   6   -0.0000000006
4   6   3   4   -0.0011656999
4   6   3   5   -0.0000000012
4   6   3   6   0.0005817036

End IABC Block
