Number of strings: 21 21, CI size = 441
String addressing array alpha: 5 7
0 5 6 6 6 6 6
0 0 4 5 5 5 5
0 0 0 3 4 4 4
0 0 0 0 2 3 3
0 0 0 0 0 1 2

Alpha strings 21 5
1 2 3 4 5
1 2 3 4 6
1 2 3 4 7
1 2 3 5 6
1 2 3 5 7
1 2 3 6 7
1 2 4 5 6
1 2 4 5 7
1 2 4 6 7
1 2 5 6 7
1 3 4 5 6
1 3 4 5 7
1 3 4 6 7
1 3 5 6 7
1 4 5 6 7
2 3 4 5 6
2 3 4 5 7
2 3 4 6 7
2 3 5 6 7
2 4 5 6 7
3 4 5 6 7

Is hamiltonian hermitian? 1
Implicit Hamiltonian constructed
E(core)= 9.189534427600
H(1,1) + E(core) energy = -76.386521540200
Davidson: iter=0 dim=0 root=0 eigenvalue=-85.576055967800
Davidson: iter=1 dim=1 root=0 eigenvalue=-85.576938448378
Davidson: iter=2 dim=2 root=0 eigenvalue=-85.576955911189
Davidson: iter=3 dim=3 root=0 eigenvalue=-85.576956061096
Davidson: iter=4 dim=4 root=0 eigenvalue=-85.576956062428
Davidson: iter=5 dim=5 root=0 eigenvalue=-85.576956062438
Davidson: iter=6 dim=6 root=0 eigenvalue=-85.576956062438
root no. 0 converged
Davidson converged in 6 iterations.
E(core)= 9.189534427600
E(0)= -76.387421634838
FCI Excitation energies = 1
0.000000000000

Vacuum coefficients in CI state 0 = -0.999756416880
Eigenvector 0 in string basis
0: -0.999756416880 seniority 0 ... 5
1 2 3 4 5
 | 5
1 2 3 4 5

Seniority vectors for all roots (nroots/seniority)
1 6
0.999766525548 0.000072043579 -0.999613608262 0.021210165544 1.000000000000 0.000000000000

Calculating transition densities
Root 0 MO occupations numbers (density matrix diagonal)
7
1.999999937723 1.999795939088 1.999596103107 1.999733870893 1.999918948285 0.000597861986 0.000357338918
Transition densities done:
Trandens between roots 0 0
7 7
1.999999937723 0.000000784532 0.000000000000 -0.000000023719 0.000000000000 0.000207115836 0.000000000000
0.000000784532 1.999795939088 0.000000000000 -0.000208002756 0.000000000000 0.000948151581 0.000000000000
0.000000000000 0.000000000000 1.999596103107 0.000000000000 0.000000000000 0.000000000000 0.000412320612
-0.000000023719 -0.000208002756 0.000000000000 1.999733870893 0.000000000000 0.006237211184 0.000000000000
0.000000000000 0.000000000000 0.000000000000 0.000000000000 1.999918948285 0.000000000000 0.000000000000
0.000207115836 0.000948151581 0.000000000000 0.006237211184 0.000000000000 0.000597861986 0.000000000000
0.000000000000 0.000000000000 0.000412320612 0.000000000000 0.000000000000 0.000000000000 0.000357338918

State 0 :
Natural orbital occupations
7
1.999999964779 1.999981027677 1.999918948285 1.999596188143 1.999568686604 0.000577930630 0.000357253882
Natural orbitals (in MO basis)
7 7
-0.999917024090 -0.012647888442 -0.000000000002 0.000000000000 0.002442359993 0.000103587189 0.000000000000
-0.011032963150 0.743028952650 -0.000000000004 -0.000000000000 -0.669168158252 0.000474583426 0.000000000000
0.000000000000 0.000000000000 -0.000000000000 0.999999978733 -0.000000000000 -0.000000000000 -0.000206238791
0.006649127949 -0.669137498175 0.000000000004 -0.000000000000 -0.743102323713 0.003119956119 0.000000000000
0.000000000002 -0.000000000006 -1.000000000000 -0.000000000000 -0.000000000001 0.000000000000 0.000000000000
-0.000088070107 -0.001736369221 0.000000000000 -0.000000000000 -0.002635782901 -0.999995014945 -0.000000000000
0.000000000000 0.000000000000 -0.000000000000 0.000206238791 -0.000000000000 -0.000000000000 0.999999978733

