Begin IJ Block
1   1   -33.0237551689
1   2   -0.5806948596
1   4   -0.1864889798
2   2   -7.8580543570
2   4   -0.2394458798
3   3   -6.7022389489
4   4   -6.9226317191
5   5   -7.0901513623

End IJ Block
Begin IA Block
1   1   0.1777898278
2   1   0.8511534372
3   2   1.0436386023
4   1   -0.4580294780

End IA Block
Begin AB Block
1   1   -3.3651729632
1   2   0.0000000000
2   2   -3.1544545025

End AB Block
Begin IJAB Block
1   6   1   3   0.0104097499
1   6   1   4   0.0000000000
1   6   2   3   0.0000000000
1   6   2   4   0.0063929956
1   7   1   3   -0.0017371456
1   7   2   4   -0.0056305899
1   8   1   4   0.0001606005
1   8   2   3   -0.0028580897
1   9   1   3   0.0016937163
1   9   2   4   -0.0021801206
2   6   1   3   -0.0017371456
2   6   2   4   -0.0056305899
2   7   1   3   0.0394555678
2   7   2   4   0.0224512144
2   8   1   4   0.0313523638
2   8   2   3   0.0155972135
2   9   1   3   -0.0215064382
2   9   2   4   0.0051640928
3   6   1   4   -0.0028580897
3   6   2   3   0.0001606005
3   7   1   4   0.0155972135
3   7   2   3   0.0313523638
3   8   1   3   0.0231840567
3   8   2   4   0.0493291023
3   9   1   4   -0.0099987093
3   9   2   3   -0.0197219669
4   6   1   3   0.0016937163
4   6   2   4   -0.0021801206
4   7   1   3   -0.0215064382
4   7   2   4   0.0051640928
4   8   1   4   -0.0197219669
4   8   2   3   -0.0099987093
4   9   1   3   0.0212994392
4   9   2   4   0.0167903395
5   10   1   3   0.0157224307
5   10   2   4   0.0089780117

End IJAB Block
Begin IJKL Block
1   6   1   6   4.7388786259
1   6   1   7   0.4302630247
1   6   1   9   0.1393694149
1   6   2   6   0.4302630247
1   6   2   7   0.0613762133
1   6   2   9   0.0169802360
1   6   3   8   0.0168001623
1   6   4   6   0.1393694149
1   6   4   7   0.0169802360
1   6   4   9   0.0270893911
1   6   5   10   0.0270604078
1   7   1   6   0.4302630247
1   7   1   7   1.0458926171
1   7   1   9   0.0877438606
1   7   2   6   0.0637466657
1   7   2   7   0.0147779105
1   7   2   9   0.0076820775
1   7   3   8   -0.0221049366
1   7   4   6   0.0166901992
1   7   4   7   0.0146171648
1   7   4   9   -0.0214825981
1   7   5   10   -0.0285476517
1   8   1   8   0.8782771333
1   8   2   8   0.0068818666
1   8   3   6   0.0198431464
1   8   3   7   -0.0231822922
1   8   3   9   -0.0031295784
1   8   4   8   0.0073096649
1   9   1   6   0.1393694149
1   9   1   7   0.0877438606
1   9   1   9   0.9816272956
1   9   2   6   0.0166901992
1   9   2   7   0.0079972206
1   9   2   9   0.0130419323
1   9   3   8   -0.0026625663
1   9   4   6   0.0299962125
1   9   4   7   -0.0224207500
1   9   4   9   -0.0085955150
1   9   5   10   -0.0089341319
1   10   1   10   1.0340303840
1   10   2   10   0.0116863138
1   10   4   10   0.0045513310
1   10   5   6   0.0298546239
1   10   5   7   -0.0291154896
1   10   5   9   -0.0093099129
2   6   1   6   0.4302630247
2   6   1   7   0.0637466657
2   6   1   9   0.0166901992
2   6   2   6   1.0458926171
2   6   2   7   0.0147779105
2   6   2   9   0.0146171648
2   6   3   8   -0.0221049366
2   6   4   6   0.0877438606
2   6   4   7   0.0076820775
2   6   4   9   -0.0214825981
2   6   5   10   -0.0285476517
2   7   1   6   0.0613762133
2   7   1   7   0.0147779105
2   7   1   9   0.0079972206
2   7   2   6   0.0147779105
2   7   2   7   0.7449708086
2   7   2   9   -0.0164904771
2   7   3   8   0.1425110297
2   7   4   6   0.0079972206
2   7   4   7   -0.0164904771
2   7   4   9   0.1156725715
2   7   5   10   0.1192988508
2   8   1   8   0.0068818666
2   8   2   8   0.6733601221
2   8   3   6   -0.0231822922
2   8   3   7   0.1484101834
2   8   3   9   -0.0150796753
2   8   4   8   -0.0121175642
2   9   1   6   0.0169802360
2   9   1   7   0.0076820775
2   9   1   9   0.0130419323
2   9   2   6   0.0146171648
2   9   2   7   -0.0164904771
2   9   2   9   0.6742314340
2   9   3   8   -0.0160245041
2   9   4   6   -0.0224207500
2   9   4   7   0.1216048906
2   9   4   9   0.0686377274
2   9   5   10   0.0296089750
2   10   1   10   0.0116863138
2   10   2   10   0.7073558177
2   10   4   10   0.0363674764
2   10   5   6   -0.0291154896
2   10   5   7   0.1242037542
2   10   5   9   0.0299112732
3   6   1   8   0.0198431464
3   6   2   8   -0.0231822922
3   6   3   6   0.8782771333
3   6   3   7   0.0068818666
3   6   3   9   0.0073096649
3   6   4   8   -0.0031295784
3   7   1   8   -0.0231822922
3   7   2   8   0.1484101834
3   7   3   6   0.0068818666
3   7   3   7   0.6733601221
3   7   3   9   -0.0121175642
3   7   4   8   -0.0150796753
3   8   1   6   0.0168001623
3   8   1   7   -0.0221049366
3   8   1   9   -0.0026625663
3   8   2   6   -0.0221049366
3   8   2   7   0.1425110297
3   8   2   9   -0.0160245041
3   8   3   8   0.6467983601
3   8   4   6   -0.0026625663
3   8   4   7   -0.0160245041
3   8   4   9   0.0306371179
3   8   5   10   0.0227417567
3   9   1   8   -0.0031295784
3   9   2   8   -0.0150796753
3   9   3   6   0.0073096649
3   9   3   7   -0.0121175642
3   9   3   9   0.5986594271
3   9   4   8   0.0372248358
3   10   3   10   0.6162876490
3   10   5   8   0.0288053612
4   6   1   6   0.1393694149
4   6   1   7   0.0166901992
4   6   1   9   0.0299962125
4   6   2   6   0.0877438606
4   6   2   7   0.0079972206
4   6   2   9   -0.0224207500
4   6   3   8   -0.0026625663
4   6   4   6   0.9816272956
4   6   4   7   0.0130419323
4   6   4   9   -0.0085955150
4   6   5   10   -0.0089341319
4   7   1   6   0.0169802360
4   7   1   7   0.0146171648
4   7   1   9   -0.0224207500
4   7   2   6   0.0076820775
4   7   2   7   -0.0164904771
4   7   2   9   0.1216048906
4   7   3   8   -0.0160245041
4   7   4   6   0.0130419323
4   7   4   7   0.6742314340
4   7   4   9   0.0686377274
4   7   5   10   0.0296089750
4   8   1   8   0.0073096649
4   8   2   8   -0.0121175642
4   8   3   6   -0.0031295784
4   8   3   7   -0.0150796753
4   8   3   9   0.0372248358
4   8   4   8   0.5986594271
4   9   1   6   0.0270893911
4   9   1   7   -0.0214825981
4   9   1   9   -0.0085955150
4   9   2   6   -0.0214825981
4   9   2   7   0.1156725715
4   9   2   9   0.0686377274
4   9   3   8   0.0306371179
4   9   4   6   -0.0085955150
4   9   4   7   0.0686377274
4   9   4   9   0.7098574082
4   9   5   10   0.0350985573
4   10   1   10   0.0045513310
4   10   2   10   0.0363674764
4   10   4   10   0.6560271722
4   10   5   6   -0.0093099129
4   10   5   7   0.0299112732
4   10   5   9   0.0408142785
5   6   1   10   0.0298546239
5   6   2   10   -0.0291154896
5   6   4   10   -0.0093099129
5   6   5   6   1.0340303840
5   6   5   7   0.0116863138
5   6   5   9   0.0045513310
5   7   1   10   -0.0291154896
5   7   2   10   0.1242037542
5   7   4   10   0.0299112732
5   7   5   6   0.0116863138
5   7   5   7   0.7073558177
5   7   5   9   0.0363674764
5   8   3   10   0.0288053612
5   8   5   8   0.6162876490
5   9   1   10   -0.0093099129
5   9   2   10   0.0299112732
5   9   4   10   0.0408142785
5   9   5   6   0.0045513310
5   9   5   7   0.0363674764
5   9   5   9   0.6560271722
5   10   1   6   0.0270604078
5   10   1   7   -0.0285476517
5   10   1   9   -0.0089341319
5   10   2   6   -0.0285476517
5   10   2   7   0.1192988508
5   10   2   9   0.0296089750
5   10   3   8   0.0227417567
5   10   4   6   -0.0089341319
5   10   4   7   0.0296089750
5   10   4   9   0.0350985573
5   10   5   10   0.7415122136

End IJKL Block
Begin ABCD Block
1   3   1   3   0.3014893691
1   3   2   4   0.0738074615
1   4   1   4   0.2893612833
1   4   2   3   0.0737851619
2   3   1   4   0.0737851619
2   3   2   3   0.2893612833
2   4   1   3   0.0738074615
2   4   2   4   0.2958650527

End ABCD Block
Begin AIJB Block
1   6   1   3   0.0100869311
1   6   1   4   0.0000000000
1   6   2   3   -0.0010790536
1   6   3   4   -0.0024273388
1   6   4   3   0.0011698744
1   7   1   3   -0.0010790536
1   7   2   3   0.0328482193
1   7   3   4   0.0110365393
1   7   4   3   -0.0179976856
1   8   1   4   0.0007116892
1   8   2   4   0.0279845344
1   8   3   3   0.0192828876
1   8   4   4   -0.0187349313
1   9   1   3   0.0011698744
1   9   2   3   -0.0179976856
1   9   3   4   -0.0081552020
1   9   4   3   0.0189619821
1   10   5   3   0.0116649295
2   6   1   3   0.0000000000
2   6   1   4   0.0060903591
2   6   2   4   -0.0052208876
2   6   3   3   0.0007116892
2   6   4   4   -0.0020809631
2   7   1   4   -0.0052208876
2   7   2   4   0.0184099685
2   7   3   3   0.0279845344
2   7   4   4   0.0037990745
2   8   1   3   -0.0024273388
2   8   2   3   0.0110365393
2   8   3   4   0.0445171508
2   8   4   3   -0.0081552020
2   9   1   4   -0.0020809631
2   9   2   4   0.0037990745
2   9   3   3   -0.0187349313
2   9   4   4   0.0126818103
2   10   5   4   0.0064081067

1   6   6   1   -0.4098686606
1   6   7   1   -0.0017100785
1   6   8   2   0.0049369584
1   6   9   1   -0.0065955932
1   7   6   1   -0.0017100785
1   7   7   1   -0.3681360567
1   7   8   2   -0.0513166824
1   7   9   1   0.0302537037
1   8   6   2   0.0049698421
1   8   7   2   -0.0513434370
1   8   8   1   -0.3581444381
1   8   9   2   0.0175575421
1   9   6   1   -0.0065955932
1   9   7   1   0.0302537037
1   9   8   2   0.0176625333
1   9   9   1   -0.3413645196
1   10   10   1   -0.3478920882
2   6   6   2   -0.3991108126
2   6   7   2   -0.0019767936
2   6   8   1   0.0049698421
2   6   9   2   -0.0017154587
2   7   6   2   -0.0019767936
2   7   7   2   -0.3466016154
2   7   8   1   -0.0513434370
2   7   9   2   0.0101914829
2   8   6   1   0.0049369584
2   8   7   1   -0.0513166824
2   8   8   2   -0.3502006191
2   8   9   1   0.0176625333
2   9   6   2   -0.0017154587
2   9   7   2   0.0101914829
2   9   8   1   0.0175575421
2   9   9   2   -0.3282035048
2   10   10   2   -0.3297628458

End AIJB Block
Begin IJKA Block
1   6   1   3   -0.1440153245
1   6   2   3   -0.0230035943
1   6   3   4   -0.0109393834
1   6   4   3   0.0007553459
1   7   1   3   -0.1743056117
1   7   2   3   -0.0027929249
1   7   3   4   0.0095523400
1   7   4   3   -0.0090344044
1   8   1   4   -0.1940980035
1   8   2   4   -0.0016421798
1   8   3   3   0.0043637751
1   8   4   4   -0.0002399721
1   9   1   3   0.0827164869
1   9   2   3   -0.0007180891
1   9   3   4   0.0037433441
1   9   4   3   0.0034449191
1   10   5   3   0.0075439208
2   6   1   3   -0.0244331697
2   6   2   3   -0.0011149638
2   6   3   4   0.0128418417
2   6   4   3   -0.0091451112
2   7   1   3   -0.0014788783
2   7   2   3   -0.0982335926
2   7   3   4   -0.0385992100
2   7   4   3   0.0173794991
2   8   1   4   -0.0004885281
2   8   2   4   -0.1096670635
2   8   3   3   -0.0015735248
2   8   4   4   -0.0204246196
2   9   1   3   -0.0010720209
2   9   2   3   0.0509068799
2   9   3   4   -0.0222958882
2   9   4   3   0.0007894015
2   10   5   3   -0.0230500043
3   6   1   4   -0.0122655370
3   6   2   4   0.0131429423
3   6   3   3   -0.0004103283
3   6   4   4   0.0021280409
3   7   1   4   0.0100952238
3   7   2   4   -0.0378987135
3   7   3   3   -0.0697335906
3   7   4   4   -0.0086900266
3   8   1   3   0.0042089713
3   8   2   3   -0.0016190553
3   8   3   4   -0.0948644767
3   8   4   3   -0.0039800525
3   9   1   4   0.0036980808
3   9   2   4   -0.0210964189
3   9   3   3   0.0321393906
3   9   4   4   -0.0081939459
3   10   5   4   -0.0115906405
4   6   1   3   0.0012713408
4   6   2   3   -0.0093700025
4   6   3   4   0.0020729442
4   6   4   3   -0.0071801773
4   7   1   3   -0.0090393466
4   7   2   3   0.0172640667
4   7   3   4   -0.0087978041
4   7   4   3   -0.0673707658
4   8   1   4   -0.0002038234
4   8   2   4   -0.0191893958
4   8   3   3   -0.0042150648
4   8   4   4   -0.0993200803
4   9   1   3   0.0029569983
4   9   2   3   0.0012093667
4   9   3   4   -0.0080825188
4   9   4   3   0.0506324681
4   10   5   3   0.0010746974
5   6   5   3   -0.0024953804
5   7   5   3   -0.0893389352
5   8   5   4   -0.1054649785
5   9   5   3   0.0456996012
5   10   1   3   0.0069956039
5   10   2   3   -0.0214698668
5   10   3   4   -0.0112745969
5   10   4   3   0.0013527889

End IJKA Block
Begin IABC Block
1   3   1   3   0.0010129076
1   3   2   4   0.0025573504
1   4   1   4   -0.0002863632
1   4   2   3   0.0025726477
2   3   1   3   -0.0180480066
2   3   2   4   0.0011226476
2   4   1   4   -0.0128597482
2   4   2   3   0.0009415331
3   3   1   4   0.0225012193
3   3   2   3   -0.0116420291
3   4   1   3   0.0222120229
3   4   2   4   -0.0129469323
4   3   1   3   0.0018636567
4   3   2   4   -0.0167375113
4   4   1   4   -0.0022705516
4   4   2   3   -0.0165213500

End IABC Block
