Number of strings: 4368 4368, CI size = 19079424
String addressing array alpha: 5 16
0 1001 1716 2211 2541 2751 2877 2947 2982 2997 3002 3003 3003 3003 3003 3003
0 0 286 506 671 791 875 931 966 986 996 1000 1001 1001 1001 1001
0 0 0 66 121 166 202 230 251 266 276 282 285 286 286 286
0 0 0 0 11 21 30 38 45 51 56 60 63 65 66 66
0 0 0 0 0 1 2 3 4 5 6 7 8 9 10 11

Alpha strings 4368 5
1 2 3 4 5
1 2 3 4 6
1 2 3 4 7
1 2 3 4 8
1 2 3 4 9
1 2 3 4 10
1 2 3 4 11
1 2 3 4 12
1 2 3 4 13
1 2 3 4 14
1 2 3 4 15
1 2 3 4 16
1 2 3 5 6
1 2 3 5 7
1 2 3 5 8
1 2 3 5 9
1 2 3 5 10
1 2 3 5 11
1 2 3 5 12
1 2 3 5 13
1 2 3 5 14
1 2 3 5 15
1 2 3 5 16
1 2 3 6 7
1 2 3 6 8
1 2 3 6 9
1 2 3 6 10
1 2 3 6 11
1 2 3 6 12
1 2 3 6 13
1 2 3 6 14
1 2 3 6 15
1 2 3 6 16
1 2 3 7 8
1 2 3 7 9
1 2 3 7 10
1 2 3 7 11
1 2 3 7 12
1 2 3 7 13
1 2 3 7 14
1 2 3 7 15
1 2 3 7 16
1 2 3 8 9
1 2 3 8 10
1 2 3 8 11
1 2 3 8 12
1 2 3 8 13
1 2 3 8 14
1 2 3 8 15
1 2 3 8 16
1 2 3 9 10
1 2 3 9 11
1 2 3 9 12
1 2 3 9 13
1 2 3 9 14
1 2 3 9 15
1 2 3 9 16
1 2 3 10 11
1 2 3 10 12
1 2 3 10 13
1 2 3 10 14
1 2 3 10 15
1 2 3 10 16
1 2 3 11 12
1 2 3 11 13
1 2 3 11 14
1 2 3 11 15
1 2 3 11 16
1 2 3 12 13
1 2 3 12 14
1 2 3 12 15
1 2 3 12 16
1 2 3 13 14
1 2 3 13 15
1 2 3 13 16
1 2 3 14 15
1 2 3 14 16
1 2 3 15 16
1 2 4 5 6
1 2 4 5 7
1 2 4 5 8
1 2 4 5 9
1 2 4 5 10
1 2 4 5 11
1 2 4 5 12
1 2 4 5 13
1 2 4 5 14
1 2 4 5 15
1 2 4 5 16
1 2 4 6 7
1 2 4 6 8
1 2 4 6 9
1 2 4 6 10
1 2 4 6 11
1 2 4 6 12
1 2 4 6 13
1 2 4 6 14
1 2 4 6 15
1 2 4 6 16
1 2 4 7 8
1 2 4 7 9
1 2 4 7 10
1 2 4 7 11
1 2 4 7 12
1 2 4 7 13
1 2 4 7 14
1 2 4 7 15
1 2 4 7 16
1 2 4 8 9
1 2 4 8 10
1 2 4 8 11
1 2 4 8 12
1 2 4 8 13
1 2 4 8 14
1 2 4 8 15
1 2 4 8 16
1 2 4 9 10
1 2 4 9 11
1 2 4 9 12
1 2 4 9 13
1 2 4 9 14
1 2 4 9 15
1 2 4 9 16
1 2 4 10 11
1 2 4 10 12
1 2 4 10 13
1 2 4 10 14
1 2 4 10 15
1 2 4 10 16
1 2 4 11 12
1 2 4 11 13
1 2 4 11 14
1 2 4 11 15
1 2 4 11 16
1 2 4 12 13
1 2 4 12 14
1 2 4 12 15
1 2 4 12 16
1 2 4 13 14
1 2 4 13 15
1 2 4 13 16
1 2 4 14 15
1 2 4 14 16
1 2 4 15 16
1 2 5 6 7
1 2 5 6 8
1 2 5 6 9
1 2 5 6 10
1 2 5 6 11
1 2 5 6 12
1 2 5 6 13
1 2 5 6 14
1 2 5 6 15
1 2 5 6 16
1 2 5 7 8
1 2 5 7 9
1 2 5 7 10
1 2 5 7 11
1 2 5 7 12
1 2 5 7 13
1 2 5 7 14
1 2 5 7 15
1 2 5 7 16
1 2 5 8 9
1 2 5 8 10
1 2 5 8 11
1 2 5 8 12
1 2 5 8 13
1 2 5 8 14
1 2 5 8 15
1 2 5 8 16
1 2 5 9 10
1 2 5 9 11
1 2 5 9 12
1 2 5 9 13
1 2 5 9 14
1 2 5 9 15
1 2 5 9 16
1 2 5 10 11
1 2 5 10 12
1 2 5 10 13
1 2 5 10 14
1 2 5 10 15
1 2 5 10 16
1 2 5 11 12
1 2 5 11 13
1 2 5 11 14
1 2 5 11 15
1 2 5 11 16
1 2 5 12 13
1 2 5 12 14
1 2 5 12 15
1 2 5 12 16
1 2 5 13 14
1 2 5 13 15
1 2 5 13 16
1 2 5 14 15
1 2 5 14 16
1 2 5 15 16
1 2 6 7 8
1 2 6 7 9
1 2 6 7 10
1 2 6 7 11
1 2 6 7 12
1 2 6 7 13
1 2 6 7 14
1 2 6 7 15
1 2 6 7 16
1 2 6 8 9
1 2 6 8 10
1 2 6 8 11
1 2 6 8 12
1 2 6 8 13
1 2 6 8 14
1 2 6 8 15
1 2 6 8 16
1 2 6 9 10
1 2 6 9 11
1 2 6 9 12
1 2 6 9 13
1 2 6 9 14
1 2 6 9 15
1 2 6 9 16
1 2 6 10 11
1 2 6 10 12
1 2 6 10 13
1 2 6 10 14
1 2 6 10 15
1 2 6 10 16
1 2 6 11 12
1 2 6 11 13
1 2 6 11 14
1 2 6 11 15
1 2 6 11 16
1 2 6 12 13
1 2 6 12 14
1 2 6 12 15
1 2 6 12 16
1 2 6 13 14
1 2 6 13 15
1 2 6 13 16
1 2 6 14 15
1 2 6 14 16
1 2 6 15 16
1 2 7 8 9
1 2 7 8 10
1 2 7 8 11
1 2 7 8 12
1 2 7 8 13
1 2 7 8 14
1 2 7 8 15
1 2 7 8 16
1 2 7 9 10
1 2 7 9 11
1 2 7 9 12
1 2 7 9 13
1 2 7 9 14
1 2 7 9 15
1 2 7 9 16
1 2 7 10 11
1 2 7 10 12
1 2 7 10 13
1 2 7 10 14
1 2 7 10 15
1 2 7 10 16
1 2 7 11 12
1 2 7 11 13
1 2 7 11 14
1 2 7 11 15
1 2 7 11 16
1 2 7 12 13
1 2 7 12 14
1 2 7 12 15
1 2 7 12 16
1 2 7 13 14
1 2 7 13 15
1 2 7 13 16
1 2 7 14 15
1 2 7 14 16
1 2 7 15 16
1 2 8 9 10
1 2 8 9 11
1 2 8 9 12
1 2 8 9 13
1 2 8 9 14
1 2 8 9 15
1 2 8 9 16
1 2 8 10 11
1 2 8 10 12
1 2 8 10 13
1 2 8 10 14
1 2 8 10 15
1 2 8 10 16
1 2 8 11 12
1 2 8 11 13
1 2 8 11 14
1 2 8 11 15
1 2 8 11 16
1 2 8 12 13
1 2 8 12 14
1 2 8 12 15
1 2 8 12 16
1 2 8 13 14
1 2 8 13 15
1 2 8 13 16
1 2 8 14 15
1 2 8 14 16
1 2 8 15 16
1 2 9 10 11
1 2 9 10 12
1 2 9 10 13
1 2 9 10 14
1 2 9 10 15
1 2 9 10 16
1 2 9 11 12
1 2 9 11 13
1 2 9 11 14
1 2 9 11 15
1 2 9 11 16
1 2 9 12 13
1 2 9 12 14
1 2 9 12 15
1 2 9 12 16
1 2 9 13 14
1 2 9 13 15
1 2 9 13 16
1 2 9 14 15
1 2 9 14 16
1 2 9 15 16
1 2 10 11 12
1 2 10 11 13
1 2 10 11 14
1 2 10 11 15
1 2 10 11 16
1 2 10 12 13
1 2 10 12 14
1 2 10 12 15
1 2 10 12 16
1 2 10 13 14
1 2 10 13 15
1 2 10 13 16
1 2 10 14 15
1 2 10 14 16
1 2 10 15 16
1 2 11 12 13
1 2 11 12 14
1 2 11 12 15
1 2 11 12 16
1 2 11 13 14
1 2 11 13 15
1 2 11 13 16
1 2 11 14 15
1 2 11 14 16
1 2 11 15 16
1 2 12 13 14
1 2 12 13 15
1 2 12 13 16
1 2 12 14 15
1 2 12 14 16
1 2 12 15 16
1 2 13 14 15
1 2 13 14 16
1 2 13 15 16
1 2 14 15 16
1 3 4 5 6
1 3 4 5 7
1 3 4 5 8
1 3 4 5 9
1 3 4 5 10
1 3 4 5 11
1 3 4 5 12
1 3 4 5 13
1 3 4 5 14
1 3 4 5 15
1 3 4 5 16
1 3 4 6 7
1 3 4 6 8
1 3 4 6 9
1 3 4 6 10
1 3 4 6 11
1 3 4 6 12
1 3 4 6 13
1 3 4 6 14
1 3 4 6 15
1 3 4 6 16
1 3 4 7 8
1 3 4 7 9
1 3 4 7 10
1 3 4 7 11
1 3 4 7 12
1 3 4 7 13
1 3 4 7 14
1 3 4 7 15
1 3 4 7 16
1 3 4 8 9
1 3 4 8 10
1 3 4 8 11
1 3 4 8 12
1 3 4 8 13
1 3 4 8 14
1 3 4 8 15
1 3 4 8 16
1 3 4 9 10
1 3 4 9 11
1 3 4 9 12
1 3 4 9 13
1 3 4 9 14
1 3 4 9 15
1 3 4 9 16
1 3 4 10 11
1 3 4 10 12
1 3 4 10 13
1 3 4 10 14
1 3 4 10 15
1 3 4 10 16
1 3 4 11 12
1 3 4 11 13
1 3 4 11 14
1 3 4 11 15
1 3 4 11 16
1 3 4 12 13
1 3 4 12 14
1 3 4 12 15
1 3 4 12 16
1 3 4 13 14
1 3 4 13 15
1 3 4 13 16
1 3 4 14 15
1 3 4 14 16
1 3 4 15 16
1 3 5 6 7
1 3 5 6 8
1 3 5 6 9
1 3 5 6 10
1 3 5 6 11
1 3 5 6 12
1 3 5 6 13
1 3 5 6 14
1 3 5 6 15
1 3 5 6 16
1 3 5 7 8
1 3 5 7 9
1 3 5 7 10
1 3 5 7 11
1 3 5 7 12
1 3 5 7 13
1 3 5 7 14
1 3 5 7 15
1 3 5 7 16
1 3 5 8 9
1 3 5 8 10
1 3 5 8 11
1 3 5 8 12
1 3 5 8 13
1 3 5 8 14
1 3 5 8 15
1 3 5 8 16
1 3 5 9 10
1 3 5 9 11
1 3 5 9 12
1 3 5 9 13
1 3 5 9 14
1 3 5 9 15
1 3 5 9 16
1 3 5 10 11
1 3 5 10 12
1 3 5 10 13
1 3 5 10 14
1 3 5 10 15
1 3 5 10 16
1 3 5 11 12
1 3 5 11 13
1 3 5 11 14
1 3 5 11 15
1 3 5 11 16
1 3 5 12 13
1 3 5 12 14
1 3 5 12 15
1 3 5 12 16
1 3 5 13 14
1 3 5 13 15
1 3 5 13 16
1 3 5 14 15
1 3 5 14 16
1 3 5 15 16
1 3 6 7 8
1 3 6 7 9
1 3 6 7 10
1 3 6 7 11
1 3 6 7 12
1 3 6 7 13
1 3 6 7 14
1 3 6 7 15
1 3 6 7 16
1 3 6 8 9
1 3 6 8 10
1 3 6 8 11
1 3 6 8 12
1 3 6 8 13
1 3 6 8 14
1 3 6 8 15
1 3 6 8 16
1 3 6 9 10
1 3 6 9 11
1 3 6 9 12
1 3 6 9 13
1 3 6 9 14
1 3 6 9 15
1 3 6 9 16
1 3 6 10 11
1 3 6 10 12
1 3 6 10 13
1 3 6 10 14
1 3 6 10 15
1 3 6 10 16
1 3 6 11 12
1 3 6 11 13
1 3 6 11 14
1 3 6 11 15
1 3 6 11 16
1 3 6 12 13
1 3 6 12 14
1 3 6 12 15
1 3 6 12 16
1 3 6 13 14
1 3 6 13 15
1 3 6 13 16
1 3 6 14 15
1 3 6 14 16
1 3 6 15 16
1 3 7 8 9
1 3 7 8 10
1 3 7 8 11
1 3 7 8 12
1 3 7 8 13
1 3 7 8 14
1 3 7 8 15
1 3 7 8 16
1 3 7 9 10
1 3 7 9 11
1 3 7 9 12
1 3 7 9 13
1 3 7 9 14
1 3 7 9 15
1 3 7 9 16
1 3 7 10 11
1 3 7 10 12
1 3 7 10 13
1 3 7 10 14
1 3 7 10 15
1 3 7 10 16
1 3 7 11 12
1 3 7 11 13
1 3 7 11 14
1 3 7 11 15
1 3 7 11 16
1 3 7 12 13
1 3 7 12 14
1 3 7 12 15
1 3 7 12 16
1 3 7 13 14
1 3 7 13 15
1 3 7 13 16
1 3 7 14 15
1 3 7 14 16
1 3 7 15 16
1 3 8 9 10
1 3 8 9 11
1 3 8 9 12
1 3 8 9 13
1 3 8 9 14
1 3 8 9 15
1 3 8 9 16
1 3 8 10 11
1 3 8 10 12
1 3 8 10 13
1 3 8 10 14
1 3 8 10 15
1 3 8 10 16
1 3 8 11 12
1 3 8 11 13
1 3 8 11 14
1 3 8 11 15
1 3 8 11 16
1 3 8 12 13
1 3 8 12 14
1 3 8 12 15
1 3 8 12 16
1 3 8 13 14
1 3 8 13 15
1 3 8 13 16
1 3 8 14 15
1 3 8 14 16
1 3 8 15 16
1 3 9 10 11
1 3 9 10 12
1 3 9 10 13
1 3 9 10 14
1 3 9 10 15
1 3 9 10 16
1 3 9 11 12
1 3 9 11 13
1 3 9 11 14
1 3 9 11 15
1 3 9 11 16
1 3 9 12 13
1 3 9 12 14
1 3 9 12 15
1 3 9 12 16
1 3 9 13 14
1 3 9 13 15
1 3 9 13 16
1 3 9 14 15
1 3 9 14 16
1 3 9 15 16
1 3 10 11 12
1 3 10 11 13
1 3 10 11 14
1 3 10 11 15
1 3 10 11 16
1 3 10 12 13
1 3 10 12 14
1 3 10 12 15
1 3 10 12 16
1 3 10 13 14
1 3 10 13 15
1 3 10 13 16
1 3 10 14 15
1 3 10 14 16
1 3 10 15 16
1 3 11 12 13
1 3 11 12 14
1 3 11 12 15
1 3 11 12 16
1 3 11 13 14
1 3 11 13 15
1 3 11 13 16
1 3 11 14 15
1 3 11 14 16
1 3 11 15 16
1 3 12 13 14
1 3 12 13 15
1 3 12 13 16
1 3 12 14 15
1 3 12 14 16
1 3 12 15 16
1 3 13 14 15
1 3 13 14 16
1 3 13 15 16
1 3 14 15 16
1 4 5 6 7
1 4 5 6 8
1 4 5 6 9
1 4 5 6 10
1 4 5 6 11
1 4 5 6 12
1 4 5 6 13
1 4 5 6 14
1 4 5 6 15
1 4 5 6 16
1 4 5 7 8
1 4 5 7 9
1 4 5 7 10
1 4 5 7 11
1 4 5 7 12
1 4 5 7 13
1 4 5 7 14
1 4 5 7 15
1 4 5 7 16
1 4 5 8 9
1 4 5 8 10
1 4 5 8 11
1 4 5 8 12
1 4 5 8 13
1 4 5 8 14
1 4 5 8 15
1 4 5 8 16
1 4 5 9 10
1 4 5 9 11
1 4 5 9 12
1 4 5 9 13
1 4 5 9 14
1 4 5 9 15
1 4 5 9 16
1 4 5 10 11
1 4 5 10 12
1 4 5 10 13
1 4 5 10 14
1 4 5 10 15
1 4 5 10 16
1 4 5 11 12
1 4 5 11 13
1 4 5 11 14
1 4 5 11 15
1 4 5 11 16
1 4 5 12 13
1 4 5 12 14
1 4 5 12 15
1 4 5 12 16
1 4 5 13 14
1 4 5 13 15
1 4 5 13 16
1 4 5 14 15
1 4 5 14 16
1 4 5 15 16
1 4 6 7 8
1 4 6 7 9
1 4 6 7 10
1 4 6 7 11
1 4 6 7 12
1 4 6 7 13
1 4 6 7 14
1 4 6 7 15
1 4 6 7 16
1 4 6 8 9
1 4 6 8 10
1 4 6 8 11
1 4 6 8 12
1 4 6 8 13
1 4 6 8 14
1 4 6 8 15
1 4 6 8 16
1 4 6 9 10
1 4 6 9 11
1 4 6 9 12
1 4 6 9 13
1 4 6 9 14
1 4 6 9 15
1 4 6 9 16
1 4 6 10 11
1 4 6 10 12
1 4 6 10 13
1 4 6 10 14
1 4 6 10 15
1 4 6 10 16
1 4 6 11 12
1 4 6 11 13
1 4 6 11 14
1 4 6 11 15
1 4 6 11 16
1 4 6 12 13
1 4 6 12 14
1 4 6 12 15
1 4 6 12 16
1 4 6 13 14
1 4 6 13 15
1 4 6 13 16
1 4 6 14 15
1 4 6 14 16
1 4 6 15 16
1 4 7 8 9
1 4 7 8 10
1 4 7 8 11
1 4 7 8 12
1 4 7 8 13
1 4 7 8 14
1 4 7 8 15
1 4 7 8 16
1 4 7 9 10
1 4 7 9 11
1 4 7 9 12
1 4 7 9 13
1 4 7 9 14
1 4 7 9 15
1 4 7 9 16
1 4 7 10 11
1 4 7 10 12
1 4 7 10 13
1 4 7 10 14
1 4 7 10 15
1 4 7 10 16
1 4 7 11 12
1 4 7 11 13
1 4 7 11 14
1 4 7 11 15
1 4 7 11 16
1 4 7 12 13
1 4 7 12 14
1 4 7 12 15
1 4 7 12 16
1 4 7 13 14
1 4 7 13 15
1 4 7 13 16
1 4 7 14 15
1 4 7 14 16
1 4 7 15 16
1 4 8 9 10
1 4 8 9 11
1 4 8 9 12
1 4 8 9 13
1 4 8 9 14
1 4 8 9 15
1 4 8 9 16
1 4 8 10 11
1 4 8 10 12
1 4 8 10 13
1 4 8 10 14
1 4 8 10 15
1 4 8 10 16
1 4 8 11 12
1 4 8 11 13
1 4 8 11 14
1 4 8 11 15
1 4 8 11 16
1 4 8 12 13
1 4 8 12 14
1 4 8 12 15
1 4 8 12 16
1 4 8 13 14
1 4 8 13 15
1 4 8 13 16
1 4 8 14 15
1 4 8 14 16
1 4 8 15 16
1 4 9 10 11
1 4 9 10 12
1 4 9 10 13
1 4 9 10 14
1 4 9 10 15
1 4 9 10 16
1 4 9 11 12
1 4 9 11 13
1 4 9 11 14
1 4 9 11 15
1 4 9 11 16
1 4 9 12 13
1 4 9 12 14
1 4 9 12 15
1 4 9 12 16
1 4 9 13 14
1 4 9 13 15
1 4 9 13 16
1 4 9 14 15
1 4 9 14 16
1 4 9 15 16
1 4 10 11 12
1 4 10 11 13
1 4 10 11 14
1 4 10 11 15
1 4 10 11 16
1 4 10 12 13
1 4 10 12 14
1 4 10 12 15
1 4 10 12 16
1 4 10 13 14
1 4 10 13 15
1 4 10 13 16
1 4 10 14 15
1 4 10 14 16
1 4 10 15 16
1 4 11 12 13
1 4 11 12 14
1 4 11 12 15
1 4 11 12 16
1 4 11 13 14
1 4 11 13 15
1 4 11 13 16
1 4 11 14 15
1 4 11 14 16
1 4 11 15 16
1 4 12 13 14
1 4 12 13 15
1 4 12 13 16
1 4 12 14 15
1 4 12 14 16
1 4 12 15 16
1 4 13 14 15
1 4 13 14 16
1 4 13 15 16
1 4 14 15 16
1 5 6 7 8
1 5 6 7 9
1 5 6 7 10
1 5 6 7 11
1 5 6 7 12
1 5 6 7 13
1 5 6 7 14
1 5 6 7 15
1 5 6 7 16
1 5 6 8 9
1 5 6 8 10
1 5 6 8 11
1 5 6 8 12
1 5 6 8 13
1 5 6 8 14
1 5 6 8 15
1 5 6 8 16
1 5 6 9 10
1 5 6 9 11
1 5 6 9 12
1 5 6 9 13
1 5 6 9 14
1 5 6 9 15
1 5 6 9 16
1 5 6 10 11
1 5 6 10 12
1 5 6 10 13
1 5 6 10 14
1 5 6 10 15
1 5 6 10 16
1 5 6 11 12
1 5 6 11 13
1 5 6 11 14
1 5 6 11 15
1 5 6 11 16
1 5 6 12 13
1 5 6 12 14
1 5 6 12 15
1 5 6 12 16
1 5 6 13 14
1 5 6 13 15
1 5 6 13 16
1 5 6 14 15
1 5 6 14 16
1 5 6 15 16
1 5 7 8 9
1 5 7 8 10
1 5 7 8 11
1 5 7 8 12
1 5 7 8 13
1 5 7 8 14
1 5 7 8 15
1 5 7 8 16
1 5 7 9 10
1 5 7 9 11
1 5 7 9 12
1 5 7 9 13
1 5 7 9 14
1 5 7 9 15
1 5 7 9 16
1 5 7 10 11
1 5 7 10 12
1 5 7 10 13
1 5 7 10 14
1 5 7 10 15
1 5 7 10 16
1 5 7 11 12
1 5 7 11 13
1 5 7 11 14
1 5 7 11 15
1 5 7 11 16
1 5 7 12 13
1 5 7 12 14
1 5 7 12 15
1 5 7 12 16
1 5 7 13 14
1 5 7 13 15
1 5 7 13 16
1 5 7 14 15
1 5 7 14 16
1 5 7 15 16
1 5 8 9 10
1 5 8 9 11
1 5 8 9 12
1 5 8 9 13
1 5 8 9 14
1 5 8 9 15
1 5 8 9 16
1 5 8 10 11
1 5 8 10 12
1 5 8 10 13
1 5 8 10 14
1 5 8 10 15
1 5 8 10 16
1 5 8 11 12
1 5 8 11 13
1 5 8 11 14
1 5 8 11 15
1 5 8 11 16
1 5 8 12 13
1 5 8 12 14
1 5 8 12 15
1 5 8 12 16
1 5 8 13 14
1 5 8 13 15
1 5 8 13 16
1 5 8 14 15
1 5 8 14 16
1 5 8 15 16
1 5 9 10 11
1 5 9 10 12
1 5 9 10 13
1 5 9 10 14
1 5 9 10 15
1 5 9 10 16
1 5 9 11 12
1 5 9 11 13
1 5 9 11 14
1 5 9 11 15
1 5 9 11 16
1 5 9 12 13
1 5 9 12 14
1 5 9 12 15
1 5 9 12 16
1 5 9 13 14
1 5 9 13 15
1 5 9 13 16
1 5 9 14 15
1 5 9 14 16
1 5 9 15 16
1 5 10 11 12
1 5 10 11 13
1 5 10 11 14
1 5 10 11 15
1 5 10 11 16
1 5 10 12 13
1 5 10 12 14
1 5 10 12 15
1 5 10 12 16
1 5 10 13 14
1 5 10 13 15
1 5 10 13 16
1 5 10 14 15
1 5 10 14 16
1 5 10 15 16
1 5 11 12 13
1 5 11 12 14
1 5 11 12 15
1 5 11 12 16
1 5 11 13 14
1 5 11 13 15
1 5 11 13 16
1 5 11 14 15
1 5 11 14 16
1 5 11 15 16
1 5 12 13 14
1 5 12 13 15
1 5 12 13 16
1 5 12 14 15
1 5 12 14 16
1 5 12 15 16
1 5 13 14 15
1 5 13 14 16
1 5 13 15 16
1 5 14 15 16
1 6 7 8 9
1 6 7 8 10
1 6 7 8 11
1 6 7 8 12
1 6 7 8 13
1 6 7 8 14
1 6 7 8 15
1 6 7 8 16
1 6 7 9 10
1 6 7 9 11
1 6 7 9 12
1 6 7 9 13
1 6 7 9 14
1 6 7 9 15
1 6 7 9 16
1 6 7 10 11
1 6 7 10 12
1 6 7 10 13
1 6 7 10 14
1 6 7 10 15
1 6 7 10 16
1 6 7 11 12
1 6 7 11 13
1 6 7 11 14
1 6 7 11 15
1 6 7 11 16
1 6 7 12 13
1 6 7 12 14
1 6 7 12 15
1 6 7 12 16
1 6 7 13 14
1 6 7 13 15
1 6 7 13 16
1 6 7 14 15
1 6 7 14 16
1 6 7 15 16
1 6 8 9 10
1 6 8 9 11
1 6 8 9 12
1 6 8 9 13
1 6 8 9 14
1 6 8 9 15
1 6 8 9 16
1 6 8 10 11
1 6 8 10 12
1 6 8 10 13
1 6 8 10 14
1 6 8 10 15
1 6 8 10 16
1 6 8 11 12
1 6 8 11 13
1 6 8 11 14
1 6 8 11 15
1 6 8 11 16
1 6 8 12 13
1 6 8 12 14
1 6 8 12 15
1 6 8 12 16
1 6 8 13 14
1 6 8 13 15
1 6 8 13 16
1 6 8 14 15
1 6 8 14 16
1 6 8 15 16
1 6 9 10 11
1 6 9 10 12
1 6 9 10 13
1 6 9 10 14
1 6 9 10 15
1 6 9 10 16
1 6 9 11 12
1 6 9 11 13
1 6 9 11 14
1 6 9 11 15
1 6 9 11 16
1 6 9 12 13
1 6 9 12 14
1 6 9 12 15
1 6 9 12 16
1 6 9 13 14
1 6 9 13 15
1 6 9 13 16
1 6 9 14 15
1 6 9 14 16
1 6 9 15 16
1 6 10 11 12
1 6 10 11 13
1 6 10 11 14
1 6 10 11 15
1 6 10 11 16
1 6 10 12 13
1 6 10 12 14
1 6 10 12 15
1 6 10 12 16
1 6 10 13 14
1 6 10 13 15
1 6 10 13 16
1 6 10 14 15
1 6 10 14 16
1 6 10 15 16
1 6 11 12 13
1 6 11 12 14
1 6 11 12 15
1 6 11 12 16
1 6 11 13 14
1 6 11 13 15
1 6 11 13 16
1 6 11 14 15
1 6 11 14 16
1 6 11 15 16
1 6 12 13 14
1 6 12 13 15
1 6 12 13 16
1 6 12 14 15
1 6 12 14 16
1 6 12 15 16
1 6 13 14 15
1 6 13 14 16
1 6 13 15 16
1 6 14 15 16
1 7 8 9 10
1 7 8 9 11
1 7 8 9 12
1 7 8 9 13
1 7 8 9 14
1 7 8 9 15
1 7 8 9 16
1 7 8 10 11
1 7 8 10 12
1 7 8 10 13
1 7 8 10 14
1 7 8 10 15
1 7 8 10 16
1 7 8 11 12
1 7 8 11 13
1 7 8 11 14
1 7 8 11 15
1 7 8 11 16
1 7 8 12 13
1 7 8 12 14
1 7 8 12 15
1 7 8 12 16
1 7 8 13 14
1 7 8 13 15
1 7 8 13 16
1 7 8 14 15
1 7 8 14 16
1 7 8 15 16
1 7 9 10 11
1 7 9 10 12
1 7 9 10 13
1 7 9 10 14
1 7 9 10 15
1 7 9 10 16
1 7 9 11 12
1 7 9 11 13
1 7 9 11 14
1 7 9 11 15
1 7 9 11 16
1 7 9 12 13
1 7 9 12 14
1 7 9 12 15
1 7 9 12 16
1 7 9 13 14
1 7 9 13 15
1 7 9 13 16
1 7 9 14 15
1 7 9 14 16
1 7 9 15 16
1 7 10 11 12
1 7 10 11 13
1 7 10 11 14
1 7 10 11 15
1 7 10 11 16
1 7 10 12 13
1 7 10 12 14
1 7 10 12 15
1 7 10 12 16
1 7 10 13 14
1 7 10 13 15
1 7 10 13 16
1 7 10 14 15
1 7 10 14 16
1 7 10 15 16
1 7 11 12 13
1 7 11 12 14
1 7 11 12 15
1 7 11 12 16
1 7 11 13 14
1 7 11 13 15
1 7 11 13 16
1 7 11 14 15
1 7 11 14 16
1 7 11 15 16
1 7 12 13 14
1 7 12 13 15
1 7 12 13 16
1 7 12 14 15
1 7 12 14 16
1 7 12 15 16
1 7 13 14 15
1 7 13 14 16
1 7 13 15 16
1 7 14 15 16
1 8 9 10 11
1 8 9 10 12
1 8 9 10 13
1 8 9 10 14
1 8 9 10 15
1 8 9 10 16
1 8 9 11 12
1 8 9 11 13
1 8 9 11 14
1 8 9 11 15
1 8 9 11 16
1 8 9 12 13
1 8 9 12 14
1 8 9 12 15
1 8 9 12 16
1 8 9 13 14
1 8 9 13 15
1 8 9 13 16
1 8 9 14 15
1 8 9 14 16
1 8 9 15 16
1 8 10 11 12
1 8 10 11 13
1 8 10 11 14
1 8 10 11 15
1 8 10 11 16
1 8 10 12 13
1 8 10 12 14
1 8 10 12 15
1 8 10 12 16
1 8 10 13 14
1 8 10 13 15
1 8 10 13 16
1 8 10 14 15
1 8 10 14 16
1 8 10 15 16
1 8 11 12 13
1 8 11 12 14
1 8 11 12 15
1 8 11 12 16
1 8 11 13 14
1 8 11 13 15
1 8 11 13 16
1 8 11 14 15
1 8 11 14 16
1 8 11 15 16
1 8 12 13 14
1 8 12 13 15
1 8 12 13 16
1 8 12 14 15
1 8 12 14 16
1 8 12 15 16
1 8 13 14 15
1 8 13 14 16
1 8 13 15 16
1 8 14 15 16
1 9 10 11 12
1 9 10 11 13
1 9 10 11 14
1 9 10 11 15
1 9 10 11 16
1 9 10 12 13
1 9 10 12 14
1 9 10 12 15
1 9 10 12 16
1 9 10 13 14
1 9 10 13 15
1 9 10 13 16
1 9 10 14 15
1 9 10 14 16
1 9 10 15 16
1 9 11 12 13
1 9 11 12 14
1 9 11 12 15
1 9 11 12 16
1 9 11 13 14
1 9 11 13 15
1 9 11 13 16
1 9 11 14 15
1 9 11 14 16
1 9 11 15 16
1 9 12 13 14
1 9 12 13 15
1 9 12 13 16
1 9 12 14 15
1 9 12 14 16
1 9 12 15 16
1 9 13 14 15
1 9 13 14 16
1 9 13 15 16
1 9 14 15 16
1 10 11 12 13
1 10 11 12 14
1 10 11 12 15
1 10 11 12 16
1 10 11 13 14
1 10 11 13 15
1 10 11 13 16
1 10 11 14 15
1 10 11 14 16
1 10 11 15 16
1 10 12 13 14
1 10 12 13 15
1 10 12 13 16
1 10 12 14 15
1 10 12 14 16
1 10 12 15 16
1 10 13 14 15
1 10 13 14 16
1 10 13 15 16
1 10 14 15 16
1 11 12 13 14
1 11 12 13 15
1 11 12 13 16
1 11 12 14 15
1 11 12 14 16
1 11 12 15 16
1 11 13 14 15
1 11 13 14 16
1 11 13 15 16
1 11 14 15 16
1 12 13 14 15
1 12 13 14 16
1 12 13 15 16
1 12 14 15 16
1 13 14 15 16
2 3 4 5 6
2 3 4 5 7
2 3 4 5 8
2 3 4 5 9
2 3 4 5 10
2 3 4 5 11
2 3 4 5 12
2 3 4 5 13
2 3 4 5 14
2 3 4 5 15
2 3 4 5 16
2 3 4 6 7
2 3 4 6 8
2 3 4 6 9
2 3 4 6 10
2 3 4 6 11
2 3 4 6 12
2 3 4 6 13
2 3 4 6 14
2 3 4 6 15
2 3 4 6 16
2 3 4 7 8
2 3 4 7 9
2 3 4 7 10
2 3 4 7 11
2 3 4 7 12
2 3 4 7 13
2 3 4 7 14
2 3 4 7 15
2 3 4 7 16
2 3 4 8 9
2 3 4 8 10
2 3 4 8 11
2 3 4 8 12
2 3 4 8 13
2 3 4 8 14
2 3 4 8 15
2 3 4 8 16
2 3 4 9 10
2 3 4 9 11
2 3 4 9 12
2 3 4 9 13
2 3 4 9 14
2 3 4 9 15
2 3 4 9 16
2 3 4 10 11
2 3 4 10 12
2 3 4 10 13
2 3 4 10 14
2 3 4 10 15
2 3 4 10 16
2 3 4 11 12
2 3 4 11 13
2 3 4 11 14
2 3 4 11 15
2 3 4 11 16
2 3 4 12 13
2 3 4 12 14
2 3 4 12 15
2 3 4 12 16
2 3 4 13 14
2 3 4 13 15
2 3 4 13 16
2 3 4 14 15
2 3 4 14 16
2 3 4 15 16
2 3 5 6 7
2 3 5 6 8
2 3 5 6 9
2 3 5 6 10
2 3 5 6 11
2 3 5 6 12
2 3 5 6 13
2 3 5 6 14
2 3 5 6 15
2 3 5 6 16
2 3 5 7 8
2 3 5 7 9
2 3 5 7 10
2 3 5 7 11
2 3 5 7 12
2 3 5 7 13
2 3 5 7 14
2 3 5 7 15
2 3 5 7 16
2 3 5 8 9
2 3 5 8 10
2 3 5 8 11
2 3 5 8 12
2 3 5 8 13
2 3 5 8 14
2 3 5 8 15
2 3 5 8 16
2 3 5 9 10
2 3 5 9 11
2 3 5 9 12
2 3 5 9 13
2 3 5 9 14
2 3 5 9 15
2 3 5 9 16
2 3 5 10 11
2 3 5 10 12
2 3 5 10 13
2 3 5 10 14
2 3 5 10 15
2 3 5 10 16
2 3 5 11 12
2 3 5 11 13
2 3 5 11 14
2 3 5 11 15
2 3 5 11 16
2 3 5 12 13
2 3 5 12 14
2 3 5 12 15
2 3 5 12 16
2 3 5 13 14
2 3 5 13 15
2 3 5 13 16
2 3 5 14 15
2 3 5 14 16
2 3 5 15 16
2 3 6 7 8
2 3 6 7 9
2 3 6 7 10
2 3 6 7 11
2 3 6 7 12
2 3 6 7 13
2 3 6 7 14
2 3 6 7 15
2 3 6 7 16
2 3 6 8 9
2 3 6 8 10
2 3 6 8 11
2 3 6 8 12
2 3 6 8 13
2 3 6 8 14
2 3 6 8 15
2 3 6 8 16
2 3 6 9 10
2 3 6 9 11
2 3 6 9 12
2 3 6 9 13
2 3 6 9 14
2 3 6 9 15
2 3 6 9 16
2 3 6 10 11
2 3 6 10 12
2 3 6 10 13
2 3 6 10 14
2 3 6 10 15
2 3 6 10 16
2 3 6 11 12
2 3 6 11 13
2 3 6 11 14
2 3 6 11 15
2 3 6 11 16
2 3 6 12 13
2 3 6 12 14
2 3 6 12 15
2 3 6 12 16
2 3 6 13 14
2 3 6 13 15
2 3 6 13 16
2 3 6 14 15
2 3 6 14 16
2 3 6 15 16
2 3 7 8 9
2 3 7 8 10
2 3 7 8 11
2 3 7 8 12
2 3 7 8 13
2 3 7 8 14
2 3 7 8 15
2 3 7 8 16
2 3 7 9 10
2 3 7 9 11
2 3 7 9 12
2 3 7 9 13
2 3 7 9 14
2 3 7 9 15
2 3 7 9 16
2 3 7 10 11
2 3 7 10 12
2 3 7 10 13
2 3 7 10 14
2 3 7 10 15
2 3 7 10 16
2 3 7 11 12
2 3 7 11 13
2 3 7 11 14
2 3 7 11 15
2 3 7 11 16
2 3 7 12 13
2 3 7 12 14
2 3 7 12 15
2 3 7 12 16
2 3 7 13 14
2 3 7 13 15
2 3 7 13 16
2 3 7 14 15
2 3 7 14 16
2 3 7 15 16
2 3 8 9 10
2 3 8 9 11
2 3 8 9 12
2 3 8 9 13
2 3 8 9 14
2 3 8 9 15
2 3 8 9 16
2 3 8 10 11
2 3 8 10 12
2 3 8 10 13
2 3 8 10 14
2 3 8 10 15
2 3 8 10 16
2 3 8 11 12
2 3 8 11 13
2 3 8 11 14
2 3 8 11 15
2 3 8 11 16
2 3 8 12 13
2 3 8 12 14
2 3 8 12 15
2 3 8 12 16
2 3 8 13 14
2 3 8 13 15
2 3 8 13 16
2 3 8 14 15
2 3 8 14 16
2 3 8 15 16
2 3 9 10 11
2 3 9 10 12
2 3 9 10 13
2 3 9 10 14
2 3 9 10 15
2 3 9 10 16
2 3 9 11 12
2 3 9 11 13
2 3 9 11 14
2 3 9 11 15
2 3 9 11 16
2 3 9 12 13
2 3 9 12 14
2 3 9 12 15
2 3 9 12 16
2 3 9 13 14
2 3 9 13 15
2 3 9 13 16
2 3 9 14 15
2 3 9 14 16
2 3 9 15 16
2 3 10 11 12
2 3 10 11 13
2 3 10 11 14
2 3 10 11 15
2 3 10 11 16
2 3 10 12 13
2 3 10 12 14
2 3 10 12 15
2 3 10 12 16
2 3 10 13 14
2 3 10 13 15
2 3 10 13 16
2 3 10 14 15
2 3 10 14 16
2 3 10 15 16
2 3 11 12 13
2 3 11 12 14
2 3 11 12 15
2 3 11 12 16
2 3 11 13 14
2 3 11 13 15
2 3 11 13 16
2 3 11 14 15
2 3 11 14 16
2 3 11 15 16
2 3 12 13 14
2 3 12 13 15
2 3 12 13 16
2 3 12 14 15
2 3 12 14 16
2 3 12 15 16
2 3 13 14 15
2 3 13 14 16
2 3 13 15 16
2 3 14 15 16
2 4 5 6 7
2 4 5 6 8
2 4 5 6 9
2 4 5 6 10
2 4 5 6 11
2 4 5 6 12
2 4 5 6 13
2 4 5 6 14
2 4 5 6 15
2 4 5 6 16
2 4 5 7 8
2 4 5 7 9
2 4 5 7 10
2 4 5 7 11
2 4 5 7 12
2 4 5 7 13
2 4 5 7 14
2 4 5 7 15
2 4 5 7 16
2 4 5 8 9
2 4 5 8 10
2 4 5 8 11
2 4 5 8 12
2 4 5 8 13
2 4 5 8 14
2 4 5 8 15
2 4 5 8 16
2 4 5 9 10
2 4 5 9 11
2 4 5 9 12
2 4 5 9 13
2 4 5 9 14
2 4 5 9 15
2 4 5 9 16
2 4 5 10 11
2 4 5 10 12
2 4 5 10 13
2 4 5 10 14
2 4 5 10 15
2 4 5 10 16
2 4 5 11 12
2 4 5 11 13
2 4 5 11 14
2 4 5 11 15
2 4 5 11 16
2 4 5 12 13
2 4 5 12 14
2 4 5 12 15
2 4 5 12 16
2 4 5 13 14
2 4 5 13 15
2 4 5 13 16
2 4 5 14 15
2 4 5 14 16
2 4 5 15 16
2 4 6 7 8
2 4 6 7 9
2 4 6 7 10
2 4 6 7 11
2 4 6 7 12
2 4 6 7 13
2 4 6 7 14
2 4 6 7 15
2 4 6 7 16
2 4 6 8 9
2 4 6 8 10
2 4 6 8 11
2 4 6 8 12
2 4 6 8 13
2 4 6 8 14
2 4 6 8 15
2 4 6 8 16
2 4 6 9 10
2 4 6 9 11
2 4 6 9 12
2 4 6 9 13
2 4 6 9 14
2 4 6 9 15
2 4 6 9 16
2 4 6 10 11
2 4 6 10 12
2 4 6 10 13
2 4 6 10 14
2 4 6 10 15
2 4 6 10 16
2 4 6 11 12
2 4 6 11 13
2 4 6 11 14
2 4 6 11 15
2 4 6 11 16
2 4 6 12 13
2 4 6 12 14
2 4 6 12 15
2 4 6 12 16
2 4 6 13 14
2 4 6 13 15
2 4 6 13 16
2 4 6 14 15
2 4 6 14 16
2 4 6 15 16
2 4 7 8 9
2 4 7 8 10
2 4 7 8 11
2 4 7 8 12
2 4 7 8 13
2 4 7 8 14
2 4 7 8 15
2 4 7 8 16
2 4 7 9 10
2 4 7 9 11
2 4 7 9 12
2 4 7 9 13
2 4 7 9 14
2 4 7 9 15
2 4 7 9 16
2 4 7 10 11
2 4 7 10 12
2 4 7 10 13
2 4 7 10 14
2 4 7 10 15
2 4 7 10 16
2 4 7 11 12
2 4 7 11 13
2 4 7 11 14
2 4 7 11 15
2 4 7 11 16
2 4 7 12 13
2 4 7 12 14
2 4 7 12 15
2 4 7 12 16
2 4 7 13 14
2 4 7 13 15
2 4 7 13 16
2 4 7 14 15
2 4 7 14 16
2 4 7 15 16
2 4 8 9 10
2 4 8 9 11
2 4 8 9 12
2 4 8 9 13
2 4 8 9 14
2 4 8 9 15
2 4 8 9 16
2 4 8 10 11
2 4 8 10 12
2 4 8 10 13
2 4 8 10 14
2 4 8 10 15
2 4 8 10 16
2 4 8 11 12
2 4 8 11 13
2 4 8 11 14
2 4 8 11 15
2 4 8 11 16
2 4 8 12 13
2 4 8 12 14
2 4 8 12 15
2 4 8 12 16
2 4 8 13 14
2 4 8 13 15
2 4 8 13 16
2 4 8 14 15
2 4 8 14 16
2 4 8 15 16
2 4 9 10 11
2 4 9 10 12
2 4 9 10 13
2 4 9 10 14
2 4 9 10 15
2 4 9 10 16
2 4 9 11 12
2 4 9 11 13
2 4 9 11 14
2 4 9 11 15
2 4 9 11 16
2 4 9 12 13
2 4 9 12 14
2 4 9 12 15
2 4 9 12 16
2 4 9 13 14
2 4 9 13 15
2 4 9 13 16
2 4 9 14 15
2 4 9 14 16
2 4 9 15 16
2 4 10 11 12
2 4 10 11 13
2 4 10 11 14
2 4 10 11 15
2 4 10 11 16
2 4 10 12 13
2 4 10 12 14
2 4 10 12 15
2 4 10 12 16
2 4 10 13 14
2 4 10 13 15
2 4 10 13 16
2 4 10 14 15
2 4 10 14 16
2 4 10 15 16
2 4 11 12 13
2 4 11 12 14
2 4 11 12 15
2 4 11 12 16
2 4 11 13 14
2 4 11 13 15
2 4 11 13 16
2 4 11 14 15
2 4 11 14 16
2 4 11 15 16
2 4 12 13 14
2 4 12 13 15
2 4 12 13 16
2 4 12 14 15
2 4 12 14 16
2 4 12 15 16
2 4 13 14 15
2 4 13 14 16
2 4 13 15 16
2 4 14 15 16
2 5 6 7 8
2 5 6 7 9
2 5 6 7 10
2 5 6 7 11
2 5 6 7 12
2 5 6 7 13
2 5 6 7 14
2 5 6 7 15
2 5 6 7 16
2 5 6 8 9
2 5 6 8 10
2 5 6 8 11
2 5 6 8 12
2 5 6 8 13
2 5 6 8 14
2 5 6 8 15
2 5 6 8 16
2 5 6 9 10
2 5 6 9 11
2 5 6 9 12
2 5 6 9 13
2 5 6 9 14
2 5 6 9 15
2 5 6 9 16
2 5 6 10 11
2 5 6 10 12
2 5 6 10 13
2 5 6 10 14
2 5 6 10 15
2 5 6 10 16
2 5 6 11 12
2 5 6 11 13
2 5 6 11 14
2 5 6 11 15
2 5 6 11 16
2 5 6 12 13
2 5 6 12 14
2 5 6 12 15
2 5 6 12 16
2 5 6 13 14
2 5 6 13 15
2 5 6 13 16
2 5 6 14 15
2 5 6 14 16
2 5 6 15 16
2 5 7 8 9
2 5 7 8 10
2 5 7 8 11
2 5 7 8 12
2 5 7 8 13
2 5 7 8 14
2 5 7 8 15
2 5 7 8 16
2 5 7 9 10
2 5 7 9 11
2 5 7 9 12
2 5 7 9 13
2 5 7 9 14
2 5 7 9 15
2 5 7 9 16
2 5 7 10 11
2 5 7 10 12
2 5 7 10 13
2 5 7 10 14
2 5 7 10 15
2 5 7 10 16
2 5 7 11 12
2 5 7 11 13
2 5 7 11 14
2 5 7 11 15
2 5 7 11 16
2 5 7 12 13
2 5 7 12 14
2 5 7 12 15
2 5 7 12 16
2 5 7 13 14
2 5 7 13 15
2 5 7 13 16
2 5 7 14 15
2 5 7 14 16
2 5 7 15 16
2 5 8 9 10
2 5 8 9 11
2 5 8 9 12
2 5 8 9 13
2 5 8 9 14
2 5 8 9 15
2 5 8 9 16
2 5 8 10 11
2 5 8 10 12
2 5 8 10 13
2 5 8 10 14
2 5 8 10 15
2 5 8 10 16
2 5 8 11 12
2 5 8 11 13
2 5 8 11 14
2 5 8 11 15
2 5 8 11 16
2 5 8 12 13
2 5 8 12 14
2 5 8 12 15
2 5 8 12 16
2 5 8 13 14
2 5 8 13 15
2 5 8 13 16
2 5 8 14 15
2 5 8 14 16
2 5 8 15 16
2 5 9 10 11
2 5 9 10 12
2 5 9 10 13
2 5 9 10 14
2 5 9 10 15
2 5 9 10 16
2 5 9 11 12
2 5 9 11 13
2 5 9 11 14
2 5 9 11 15
2 5 9 11 16
2 5 9 12 13
2 5 9 12 14
2 5 9 12 15
2 5 9 12 16
2 5 9 13 14
2 5 9 13 15
2 5 9 13 16
2 5 9 14 15
2 5 9 14 16
2 5 9 15 16
2 5 10 11 12
2 5 10 11 13
2 5 10 11 14
2 5 10 11 15
2 5 10 11 16
2 5 10 12 13
2 5 10 12 14
2 5 10 12 15
2 5 10 12 16
2 5 10 13 14
2 5 10 13 15
2 5 10 13 16
2 5 10 14 15
2 5 10 14 16
2 5 10 15 16
2 5 11 12 13
2 5 11 12 14
2 5 11 12 15
2 5 11 12 16
2 5 11 13 14
2 5 11 13 15
2 5 11 13 16
2 5 11 14 15
2 5 11 14 16
2 5 11 15 16
2 5 12 13 14
2 5 12 13 15
2 5 12 13 16
2 5 12 14 15
2 5 12 14 16
2 5 12 15 16
2 5 13 14 15
2 5 13 14 16
2 5 13 15 16
2 5 14 15 16
2 6 7 8 9
2 6 7 8 10
2 6 7 8 11
2 6 7 8 12
2 6 7 8 13
2 6 7 8 14
2 6 7 8 15
2 6 7 8 16
2 6 7 9 10
2 6 7 9 11
2 6 7 9 12
2 6 7 9 13
2 6 7 9 14
2 6 7 9 15
2 6 7 9 16
2 6 7 10 11
2 6 7 10 12
2 6 7 10 13
2 6 7 10 14
2 6 7 10 15
2 6 7 10 16
2 6 7 11 12
2 6 7 11 13
2 6 7 11 14
2 6 7 11 15
2 6 7 11 16
2 6 7 12 13
2 6 7 12 14
2 6 7 12 15
2 6 7 12 16
2 6 7 13 14
2 6 7 13 15
2 6 7 13 16
2 6 7 14 15
2 6 7 14 16
2 6 7 15 16
2 6 8 9 10
2 6 8 9 11
2 6 8 9 12
2 6 8 9 13
2 6 8 9 14
2 6 8 9 15
2 6 8 9 16
2 6 8 10 11
2 6 8 10 12
2 6 8 10 13
2 6 8 10 14
2 6 8 10 15
2 6 8 10 16
2 6 8 11 12
2 6 8 11 13
2 6 8 11 14
2 6 8 11 15
2 6 8 11 16
2 6 8 12 13
2 6 8 12 14
2 6 8 12 15
2 6 8 12 16
2 6 8 13 14
2 6 8 13 15
2 6 8 13 16
2 6 8 14 15
2 6 8 14 16
2 6 8 15 16
2 6 9 10 11
2 6 9 10 12
2 6 9 10 13
2 6 9 10 14
2 6 9 10 15
2 6 9 10 16
2 6 9 11 12
2 6 9 11 13
2 6 9 11 14
2 6 9 11 15
2 6 9 11 16
2 6 9 12 13
2 6 9 12 14
2 6 9 12 15
2 6 9 12 16
2 6 9 13 14
2 6 9 13 15
2 6 9 13 16
2 6 9 14 15
2 6 9 14 16
2 6 9 15 16
2 6 10 11 12
2 6 10 11 13
2 6 10 11 14
2 6 10 11 15
2 6 10 11 16
2 6 10 12 13
2 6 10 12 14
2 6 10 12 15
2 6 10 12 16
2 6 10 13 14
2 6 10 13 15
2 6 10 13 16
2 6 10 14 15
2 6 10 14 16
2 6 10 15 16
2 6 11 12 13
2 6 11 12 14
2 6 11 12 15
2 6 11 12 16
2 6 11 13 14
2 6 11 13 15
2 6 11 13 16
2 6 11 14 15
2 6 11 14 16
2 6 11 15 16
2 6 12 13 14
2 6 12 13 15
2 6 12 13 16
2 6 12 14 15
2 6 12 14 16
2 6 12 15 16
2 6 13 14 15
2 6 13 14 16
2 6 13 15 16
2 6 14 15 16
2 7 8 9 10
2 7 8 9 11
2 7 8 9 12
2 7 8 9 13
2 7 8 9 14
2 7 8 9 15
2 7 8 9 16
2 7 8 10 11
2 7 8 10 12
2 7 8 10 13
2 7 8 10 14
2 7 8 10 15
2 7 8 10 16
2 7 8 11 12
2 7 8 11 13
2 7 8 11 14
2 7 8 11 15
2 7 8 11 16
2 7 8 12 13
2 7 8 12 14
2 7 8 12 15
2 7 8 12 16
2 7 8 13 14
2 7 8 13 15
2 7 8 13 16
2 7 8 14 15
2 7 8 14 16
2 7 8 15 16
2 7 9 10 11
2 7 9 10 12
2 7 9 10 13
2 7 9 10 14
2 7 9 10 15
2 7 9 10 16
2 7 9 11 12
2 7 9 11 13
2 7 9 11 14
2 7 9 11 15
2 7 9 11 16
2 7 9 12 13
2 7 9 12 14
2 7 9 12 15
2 7 9 12 16
2 7 9 13 14
2 7 9 13 15
2 7 9 13 16
2 7 9 14 15
2 7 9 14 16
2 7 9 15 16
2 7 10 11 12
2 7 10 11 13
2 7 10 11 14
2 7 10 11 15
2 7 10 11 16
2 7 10 12 13
2 7 10 12 14
2 7 10 12 15
2 7 10 12 16
2 7 10 13 14
2 7 10 13 15
2 7 10 13 16
2 7 10 14 15
2 7 10 14 16
2 7 10 15 16
2 7 11 12 13
2 7 11 12 14
2 7 11 12 15
2 7 11 12 16
2 7 11 13 14
2 7 11 13 15
2 7 11 13 16
2 7 11 14 15
2 7 11 14 16
2 7 11 15 16
2 7 12 13 14
2 7 12 13 15
2 7 12 13 16
2 7 12 14 15
2 7 12 14 16
2 7 12 15 16
2 7 13 14 15
2 7 13 14 16
2 7 13 15 16
2 7 14 15 16
2 8 9 10 11
2 8 9 10 12
2 8 9 10 13
2 8 9 10 14
2 8 9 10 15
2 8 9 10 16
2 8 9 11 12
2 8 9 11 13
2 8 9 11 14
2 8 9 11 15
2 8 9 11 16
2 8 9 12 13
2 8 9 12 14
2 8 9 12 15
2 8 9 12 16
2 8 9 13 14
2 8 9 13 15
2 8 9 13 16
2 8 9 14 15
2 8 9 14 16
2 8 9 15 16
2 8 10 11 12
2 8 10 11 13
2 8 10 11 14
2 8 10 11 15
2 8 10 11 16
2 8 10 12 13
2 8 10 12 14
2 8 10 12 15
2 8 10 12 16
2 8 10 13 14
2 8 10 13 15
2 8 10 13 16
2 8 10 14 15
2 8 10 14 16
2 8 10 15 16
2 8 11 12 13
2 8 11 12 14
2 8 11 12 15
2 8 11 12 16
2 8 11 13 14
2 8 11 13 15
2 8 11 13 16
2 8 11 14 15
2 8 11 14 16
2 8 11 15 16
2 8 12 13 14
2 8 12 13 15
2 8 12 13 16
2 8 12 14 15
2 8 12 14 16
2 8 12 15 16
2 8 13 14 15
2 8 13 14 16
2 8 13 15 16
2 8 14 15 16
2 9 10 11 12
2 9 10 11 13
2 9 10 11 14
2 9 10 11 15
2 9 10 11 16
2 9 10 12 13
2 9 10 12 14
2 9 10 12 15
2 9 10 12 16
2 9 10 13 14
2 9 10 13 15
2 9 10 13 16
2 9 10 14 15
2 9 10 14 16
2 9 10 15 16
2 9 11 12 13
2 9 11 12 14
2 9 11 12 15
2 9 11 12 16
2 9 11 13 14
2 9 11 13 15
2 9 11 13 16
2 9 11 14 15
2 9 11 14 16
2 9 11 15 16
2 9 12 13 14
2 9 12 13 15
2 9 12 13 16
2 9 12 14 15
2 9 12 14 16
2 9 12 15 16
2 9 13 14 15
2 9 13 14 16
2 9 13 15 16
2 9 14 15 16
2 10 11 12 13
2 10 11 12 14
2 10 11 12 15
2 10 11 12 16
2 10 11 13 14
2 10 11 13 15
2 10 11 13 16
2 10 11 14 15
2 10 11 14 16
2 10 11 15 16
2 10 12 13 14
2 10 12 13 15
2 10 12 13 16
2 10 12 14 15
2 10 12 14 16
2 10 12 15 16
2 10 13 14 15
2 10 13 14 16
2 10 13 15 16
2 10 14 15 16
2 11 12 13 14
2 11 12 13 15
2 11 12 13 16
2 11 12 14 15
2 11 12 14 16
2 11 12 15 16
2 11 13 14 15
2 11 13 14 16
2 11 13 15 16
2 11 14 15 16
2 12 13 14 15
2 12 13 14 16
2 12 13 15 16
2 12 14 15 16
2 13 14 15 16
3 4 5 6 7
3 4 5 6 8
3 4 5 6 9
3 4 5 6 10
3 4 5 6 11
3 4 5 6 12
3 4 5 6 13
3 4 5 6 14
3 4 5 6 15
3 4 5 6 16
3 4 5 7 8
3 4 5 7 9
3 4 5 7 10
3 4 5 7 11
3 4 5 7 12
3 4 5 7 13
3 4 5 7 14
3 4 5 7 15
3 4 5 7 16
3 4 5 8 9
3 4 5 8 10
3 4 5 8 11
3 4 5 8 12
3 4 5 8 13
3 4 5 8 14
3 4 5 8 15
3 4 5 8 16
3 4 5 9 10
3 4 5 9 11
3 4 5 9 12
3 4 5 9 13
3 4 5 9 14
3 4 5 9 15
3 4 5 9 16
3 4 5 10 11
3 4 5 10 12
3 4 5 10 13
3 4 5 10 14
3 4 5 10 15
3 4 5 10 16
3 4 5 11 12
3 4 5 11 13
3 4 5 11 14
3 4 5 11 15
3 4 5 11 16
3 4 5 12 13
3 4 5 12 14
3 4 5 12 15
3 4 5 12 16
3 4 5 13 14
3 4 5 13 15
3 4 5 13 16
3 4 5 14 15
3 4 5 14 16
3 4 5 15 16
3 4 6 7 8
3 4 6 7 9
3 4 6 7 10
3 4 6 7 11
3 4 6 7 12
3 4 6 7 13
3 4 6 7 14
3 4 6 7 15
3 4 6 7 16
3 4 6 8 9
3 4 6 8 10
3 4 6 8 11
3 4 6 8 12
3 4 6 8 13
3 4 6 8 14
3 4 6 8 15
3 4 6 8 16
3 4 6 9 10
3 4 6 9 11
3 4 6 9 12
3 4 6 9 13
3 4 6 9 14
3 4 6 9 15
3 4 6 9 16
3 4 6 10 11
3 4 6 10 12
3 4 6 10 13
3 4 6 10 14
3 4 6 10 15
3 4 6 10 16
3 4 6 11 12
3 4 6 11 13
3 4 6 11 14
3 4 6 11 15
3 4 6 11 16
3 4 6 12 13
3 4 6 12 14
3 4 6 12 15
3 4 6 12 16
3 4 6 13 14
3 4 6 13 15
3 4 6 13 16
3 4 6 14 15
3 4 6 14 16
3 4 6 15 16
3 4 7 8 9
3 4 7 8 10
3 4 7 8 11
3 4 7 8 12
3 4 7 8 13
3 4 7 8 14
3 4 7 8 15
3 4 7 8 16
3 4 7 9 10
3 4 7 9 11
3 4 7 9 12
3 4 7 9 13
3 4 7 9 14
3 4 7 9 15
3 4 7 9 16
3 4 7 10 11
3 4 7 10 12
3 4 7 10 13
3 4 7 10 14
3 4 7 10 15
3 4 7 10 16
3 4 7 11 12
3 4 7 11 13
3 4 7 11 14
3 4 7 11 15
3 4 7 11 16
3 4 7 12 13
3 4 7 12 14
3 4 7 12 15
3 4 7 12 16
3 4 7 13 14
3 4 7 13 15
3 4 7 13 16
3 4 7 14 15
3 4 7 14 16
3 4 7 15 16
3 4 8 9 10
3 4 8 9 11
3 4 8 9 12
3 4 8 9 13
3 4 8 9 14
3 4 8 9 15
3 4 8 9 16
3 4 8 10 11
3 4 8 10 12
3 4 8 10 13
3 4 8 10 14
3 4 8 10 15
3 4 8 10 16
3 4 8 11 12
3 4 8 11 13
3 4 8 11 14
3 4 8 11 15
3 4 8 11 16
3 4 8 12 13
3 4 8 12 14
3 4 8 12 15
3 4 8 12 16
3 4 8 13 14
3 4 8 13 15
3 4 8 13 16
3 4 8 14 15
3 4 8 14 16
3 4 8 15 16
3 4 9 10 11
3 4 9 10 12
3 4 9 10 13
3 4 9 10 14
3 4 9 10 15
3 4 9 10 16
3 4 9 11 12
3 4 9 11 13
3 4 9 11 14
3 4 9 11 15
3 4 9 11 16
3 4 9 12 13
3 4 9 12 14
3 4 9 12 15
3 4 9 12 16
3 4 9 13 14
3 4 9 13 15
3 4 9 13 16
3 4 9 14 15
3 4 9 14 16
3 4 9 15 16
3 4 10 11 12
3 4 10 11 13
3 4 10 11 14
3 4 10 11 15
3 4 10 11 16
3 4 10 12 13
3 4 10 12 14
3 4 10 12 15
3 4 10 12 16
3 4 10 13 14
3 4 10 13 15
3 4 10 13 16
3 4 10 14 15
3 4 10 14 16
3 4 10 15 16
3 4 11 12 13
3 4 11 12 14
3 4 11 12 15
3 4 11 12 16
3 4 11 13 14
3 4 11 13 15
3 4 11 13 16
3 4 11 14 15
3 4 11 14 16
3 4 11 15 16
3 4 12 13 14
3 4 12 13 15
3 4 12 13 16
3 4 12 14 15
3 4 12 14 16
3 4 12 15 16
3 4 13 14 15
3 4 13 14 16
3 4 13 15 16
3 4 14 15 16
3 5 6 7 8
3 5 6 7 9
3 5 6 7 10
3 5 6 7 11
3 5 6 7 12
3 5 6 7 13
3 5 6 7 14
3 5 6 7 15
3 5 6 7 16
3 5 6 8 9
3 5 6 8 10
3 5 6 8 11
3 5 6 8 12
3 5 6 8 13
3 5 6 8 14
3 5 6 8 15
3 5 6 8 16
3 5 6 9 10
3 5 6 9 11
3 5 6 9 12
3 5 6 9 13
3 5 6 9 14
3 5 6 9 15
3 5 6 9 16
3 5 6 10 11
3 5 6 10 12
3 5 6 10 13
3 5 6 10 14
3 5 6 10 15
3 5 6 10 16
3 5 6 11 12
3 5 6 11 13
3 5 6 11 14
3 5 6 11 15
3 5 6 11 16
3 5 6 12 13
3 5 6 12 14
3 5 6 12 15
3 5 6 12 16
3 5 6 13 14
3 5 6 13 15
3 5 6 13 16
3 5 6 14 15
3 5 6 14 16
3 5 6 15 16
3 5 7 8 9
3 5 7 8 10
3 5 7 8 11
3 5 7 8 12
3 5 7 8 13
3 5 7 8 14
3 5 7 8 15
3 5 7 8 16
3 5 7 9 10
3 5 7 9 11
3 5 7 9 12
3 5 7 9 13
3 5 7 9 14
3 5 7 9 15
3 5 7 9 16
3 5 7 10 11
3 5 7 10 12
3 5 7 10 13
3 5 7 10 14
3 5 7 10 15
3 5 7 10 16
3 5 7 11 12
3 5 7 11 13
3 5 7 11 14
3 5 7 11 15
3 5 7 11 16
3 5 7 12 13
3 5 7 12 14
3 5 7 12 15
3 5 7 12 16
3 5 7 13 14
3 5 7 13 15
3 5 7 13 16
3 5 7 14 15
3 5 7 14 16
3 5 7 15 16
3 5 8 9 10
3 5 8 9 11
3 5 8 9 12
3 5 8 9 13
3 5 8 9 14
3 5 8 9 15
3 5 8 9 16
3 5 8 10 11
3 5 8 10 12
3 5 8 10 13
3 5 8 10 14
3 5 8 10 15
3 5 8 10 16
3 5 8 11 12
3 5 8 11 13
3 5 8 11 14
3 5 8 11 15
3 5 8 11 16
3 5 8 12 13
3 5 8 12 14
3 5 8 12 15
3 5 8 12 16
3 5 8 13 14
3 5 8 13 15
3 5 8 13 16
3 5 8 14 15
3 5 8 14 16
3 5 8 15 16
3 5 9 10 11
3 5 9 10 12
3 5 9 10 13
3 5 9 10 14
3 5 9 10 15
3 5 9 10 16
3 5 9 11 12
3 5 9 11 13
3 5 9 11 14
3 5 9 11 15
3 5 9 11 16
3 5 9 12 13
3 5 9 12 14
3 5 9 12 15
3 5 9 12 16
3 5 9 13 14
3 5 9 13 15
3 5 9 13 16
3 5 9 14 15
3 5 9 14 16
3 5 9 15 16
3 5 10 11 12
3 5 10 11 13
3 5 10 11 14
3 5 10 11 15
3 5 10 11 16
3 5 10 12 13
3 5 10 12 14
3 5 10 12 15
3 5 10 12 16
3 5 10 13 14
3 5 10 13 15
3 5 10 13 16
3 5 10 14 15
3 5 10 14 16
3 5 10 15 16
3 5 11 12 13
3 5 11 12 14
3 5 11 12 15
3 5 11 12 16
3 5 11 13 14
3 5 11 13 15
3 5 11 13 16
3 5 11 14 15
3 5 11 14 16
3 5 11 15 16
3 5 12 13 14
3 5 12 13 15
3 5 12 13 16
3 5 12 14 15
3 5 12 14 16
3 5 12 15 16
3 5 13 14 15
3 5 13 14 16
3 5 13 15 16
3 5 14 15 16
3 6 7 8 9
3 6 7 8 10
3 6 7 8 11
3 6 7 8 12
3 6 7 8 13
3 6 7 8 14
3 6 7 8 15
3 6 7 8 16
3 6 7 9 10
3 6 7 9 11
3 6 7 9 12
3 6 7 9 13
3 6 7 9 14
3 6 7 9 15
3 6 7 9 16
3 6 7 10 11
3 6 7 10 12
3 6 7 10 13
3 6 7 10 14
3 6 7 10 15
3 6 7 10 16
3 6 7 11 12
3 6 7 11 13
3 6 7 11 14
3 6 7 11 15
3 6 7 11 16
3 6 7 12 13
3 6 7 12 14
3 6 7 12 15
3 6 7 12 16
3 6 7 13 14
3 6 7 13 15
3 6 7 13 16
3 6 7 14 15
3 6 7 14 16
3 6 7 15 16
3 6 8 9 10
3 6 8 9 11
3 6 8 9 12
3 6 8 9 13
3 6 8 9 14
3 6 8 9 15
3 6 8 9 16
3 6 8 10 11
3 6 8 10 12
3 6 8 10 13
3 6 8 10 14
3 6 8 10 15
3 6 8 10 16
3 6 8 11 12
3 6 8 11 13
3 6 8 11 14
3 6 8 11 15
3 6 8 11 16
3 6 8 12 13
3 6 8 12 14
3 6 8 12 15
3 6 8 12 16
3 6 8 13 14
3 6 8 13 15
3 6 8 13 16
3 6 8 14 15
3 6 8 14 16
3 6 8 15 16
3 6 9 10 11
3 6 9 10 12
3 6 9 10 13
3 6 9 10 14
3 6 9 10 15
3 6 9 10 16
3 6 9 11 12
3 6 9 11 13
3 6 9 11 14
3 6 9 11 15
3 6 9 11 16
3 6 9 12 13
3 6 9 12 14
3 6 9 12 15
3 6 9 12 16
3 6 9 13 14
3 6 9 13 15
3 6 9 13 16
3 6 9 14 15
3 6 9 14 16
3 6 9 15 16
3 6 10 11 12
3 6 10 11 13
3 6 10 11 14
3 6 10 11 15
3 6 10 11 16
3 6 10 12 13
3 6 10 12 14
3 6 10 12 15
3 6 10 12 16
3 6 10 13 14
3 6 10 13 15
3 6 10 13 16
3 6 10 14 15
3 6 10 14 16
3 6 10 15 16
3 6 11 12 13
3 6 11 12 14
3 6 11 12 15
3 6 11 12 16
3 6 11 13 14
3 6 11 13 15
3 6 11 13 16
3 6 11 14 15
3 6 11 14 16
3 6 11 15 16
3 6 12 13 14
3 6 12 13 15
3 6 12 13 16
3 6 12 14 15
3 6 12 14 16
3 6 12 15 16
3 6 13 14 15
3 6 13 14 16
3 6 13 15 16
3 6 14 15 16
3 7 8 9 10
3 7 8 9 11
3 7 8 9 12
3 7 8 9 13
3 7 8 9 14
3 7 8 9 15
3 7 8 9 16
3 7 8 10 11
3 7 8 10 12
3 7 8 10 13
3 7 8 10 14
3 7 8 10 15
3 7 8 10 16
3 7 8 11 12
3 7 8 11 13
3 7 8 11 14
3 7 8 11 15
3 7 8 11 16
3 7 8 12 13
3 7 8 12 14
3 7 8 12 15
3 7 8 12 16
3 7 8 13 14
3 7 8 13 15
3 7 8 13 16
3 7 8 14 15
3 7 8 14 16
3 7 8 15 16
3 7 9 10 11
3 7 9 10 12
3 7 9 10 13
3 7 9 10 14
3 7 9 10 15
3 7 9 10 16
3 7 9 11 12
3 7 9 11 13
3 7 9 11 14
3 7 9 11 15
3 7 9 11 16
3 7 9 12 13
3 7 9 12 14
3 7 9 12 15
3 7 9 12 16
3 7 9 13 14
3 7 9 13 15
3 7 9 13 16
3 7 9 14 15
3 7 9 14 16
3 7 9 15 16
3 7 10 11 12
3 7 10 11 13
3 7 10 11 14
3 7 10 11 15
3 7 10 11 16
3 7 10 12 13
3 7 10 12 14
3 7 10 12 15
3 7 10 12 16
3 7 10 13 14
3 7 10 13 15
3 7 10 13 16
3 7 10 14 15
3 7 10 14 16
3 7 10 15 16
3 7 11 12 13
3 7 11 12 14
3 7 11 12 15
3 7 11 12 16
3 7 11 13 14
3 7 11 13 15
3 7 11 13 16
3 7 11 14 15
3 7 11 14 16
3 7 11 15 16
3 7 12 13 14
3 7 12 13 15
3 7 12 13 16
3 7 12 14 15
3 7 12 14 16
3 7 12 15 16
3 7 13 14 15
3 7 13 14 16
3 7 13 15 16
3 7 14 15 16
3 8 9 10 11
3 8 9 10 12
3 8 9 10 13
3 8 9 10 14
3 8 9 10 15
3 8 9 10 16
3 8 9 11 12
3 8 9 11 13
3 8 9 11 14
3 8 9 11 15
3 8 9 11 16
3 8 9 12 13
3 8 9 12 14
3 8 9 12 15
3 8 9 12 16
3 8 9 13 14
3 8 9 13 15
3 8 9 13 16
3 8 9 14 15
3 8 9 14 16
3 8 9 15 16
3 8 10 11 12
3 8 10 11 13
3 8 10 11 14
3 8 10 11 15
3 8 10 11 16
3 8 10 12 13
3 8 10 12 14
3 8 10 12 15
3 8 10 12 16
3 8 10 13 14
3 8 10 13 15
3 8 10 13 16
3 8 10 14 15
3 8 10 14 16
3 8 10 15 16
3 8 11 12 13
3 8 11 12 14
3 8 11 12 15
3 8 11 12 16
3 8 11 13 14
3 8 11 13 15
3 8 11 13 16
3 8 11 14 15
3 8 11 14 16
3 8 11 15 16
3 8 12 13 14
3 8 12 13 15
3 8 12 13 16
3 8 12 14 15
3 8 12 14 16
3 8 12 15 16
3 8 13 14 15
3 8 13 14 16
3 8 13 15 16
3 8 14 15 16
3 9 10 11 12
3 9 10 11 13
3 9 10 11 14
3 9 10 11 15
3 9 10 11 16
3 9 10 12 13
3 9 10 12 14
3 9 10 12 15
3 9 10 12 16
3 9 10 13 14
3 9 10 13 15
3 9 10 13 16
3 9 10 14 15
3 9 10 14 16
3 9 10 15 16
3 9 11 12 13
3 9 11 12 14
3 9 11 12 15
3 9 11 12 16
3 9 11 13 14
3 9 11 13 15
3 9 11 13 16
3 9 11 14 15
3 9 11 14 16
3 9 11 15 16
3 9 12 13 14
3 9 12 13 15
3 9 12 13 16
3 9 12 14 15
3 9 12 14 16
3 9 12 15 16
3 9 13 14 15
3 9 13 14 16
3 9 13 15 16
3 9 14 15 16
3 10 11 12 13
3 10 11 12 14
3 10 11 12 15
3 10 11 12 16
3 10 11 13 14
3 10 11 13 15
3 10 11 13 16
3 10 11 14 15
3 10 11 14 16
3 10 11 15 16
3 10 12 13 14
3 10 12 13 15
3 10 12 13 16
3 10 12 14 15
3 10 12 14 16
3 10 12 15 16
3 10 13 14 15
3 10 13 14 16
3 10 13 15 16
3 10 14 15 16
3 11 12 13 14
3 11 12 13 15
3 11 12 13 16
3 11 12 14 15
3 11 12 14 16
3 11 12 15 16
3 11 13 14 15
3 11 13 14 16
3 11 13 15 16
3 11 14 15 16
3 12 13 14 15
3 12 13 14 16
3 12 13 15 16
3 12 14 15 16
3 13 14 15 16
4 5 6 7 8
4 5 6 7 9
4 5 6 7 10
4 5 6 7 11
4 5 6 7 12
4 5 6 7 13
4 5 6 7 14
4 5 6 7 15
4 5 6 7 16
4 5 6 8 9
4 5 6 8 10
4 5 6 8 11
4 5 6 8 12
4 5 6 8 13
4 5 6 8 14
4 5 6 8 15
4 5 6 8 16
4 5 6 9 10
4 5 6 9 11
4 5 6 9 12
4 5 6 9 13
4 5 6 9 14
4 5 6 9 15
4 5 6 9 16
4 5 6 10 11
4 5 6 10 12
4 5 6 10 13
4 5 6 10 14
4 5 6 10 15
4 5 6 10 16
4 5 6 11 12
4 5 6 11 13
4 5 6 11 14
4 5 6 11 15
4 5 6 11 16
4 5 6 12 13
4 5 6 12 14
4 5 6 12 15
4 5 6 12 16
4 5 6 13 14
4 5 6 13 15
4 5 6 13 16
4 5 6 14 15
4 5 6 14 16
4 5 6 15 16
4 5 7 8 9
4 5 7 8 10
4 5 7 8 11
4 5 7 8 12
4 5 7 8 13
4 5 7 8 14
4 5 7 8 15
4 5 7 8 16
4 5 7 9 10
4 5 7 9 11
4 5 7 9 12
4 5 7 9 13
4 5 7 9 14
4 5 7 9 15
4 5 7 9 16
4 5 7 10 11
4 5 7 10 12
4 5 7 10 13
4 5 7 10 14
4 5 7 10 15
4 5 7 10 16
4 5 7 11 12
4 5 7 11 13
4 5 7 11 14
4 5 7 11 15
4 5 7 11 16
4 5 7 12 13
4 5 7 12 14
4 5 7 12 15
4 5 7 12 16
4 5 7 13 14
4 5 7 13 15
4 5 7 13 16
4 5 7 14 15
4 5 7 14 16
4 5 7 15 16
4 5 8 9 10
4 5 8 9 11
4 5 8 9 12
4 5 8 9 13
4 5 8 9 14
4 5 8 9 15
4 5 8 9 16
4 5 8 10 11
4 5 8 10 12
4 5 8 10 13
4 5 8 10 14
4 5 8 10 15
4 5 8 10 16
4 5 8 11 12
4 5 8 11 13
4 5 8 11 14
4 5 8 11 15
4 5 8 11 16
4 5 8 12 13
4 5 8 12 14
4 5 8 12 15
4 5 8 12 16
4 5 8 13 14
4 5 8 13 15
4 5 8 13 16
4 5 8 14 15
4 5 8 14 16
4 5 8 15 16
4 5 9 10 11
4 5 9 10 12
4 5 9 10 13
4 5 9 10 14
4 5 9 10 15
4 5 9 10 16
4 5 9 11 12
4 5 9 11 13
4 5 9 11 14
4 5 9 11 15
4 5 9 11 16
4 5 9 12 13
4 5 9 12 14
4 5 9 12 15
4 5 9 12 16
4 5 9 13 14
4 5 9 13 15
4 5 9 13 16
4 5 9 14 15
4 5 9 14 16
4 5 9 15 16
4 5 10 11 12
4 5 10 11 13
4 5 10 11 14
4 5 10 11 15
4 5 10 11 16
4 5 10 12 13
4 5 10 12 14
4 5 10 12 15
4 5 10 12 16
4 5 10 13 14
4 5 10 13 15
4 5 10 13 16
4 5 10 14 15
4 5 10 14 16
4 5 10 15 16
4 5 11 12 13
4 5 11 12 14
4 5 11 12 15
4 5 11 12 16
4 5 11 13 14
4 5 11 13 15
4 5 11 13 16
4 5 11 14 15
4 5 11 14 16
4 5 11 15 16
4 5 12 13 14
4 5 12 13 15
4 5 12 13 16
4 5 12 14 15
4 5 12 14 16
4 5 12 15 16
4 5 13 14 15
4 5 13 14 16
4 5 13 15 16
4 5 14 15 16
4 6 7 8 9
4 6 7 8 10
4 6 7 8 11
4 6 7 8 12
4 6 7 8 13
4 6 7 8 14
4 6 7 8 15
4 6 7 8 16
4 6 7 9 10
4 6 7 9 11
4 6 7 9 12
4 6 7 9 13
4 6 7 9 14
4 6 7 9 15
4 6 7 9 16
4 6 7 10 11
4 6 7 10 12
4 6 7 10 13
4 6 7 10 14
4 6 7 10 15
4 6 7 10 16
4 6 7 11 12
4 6 7 11 13
4 6 7 11 14
4 6 7 11 15
4 6 7 11 16
4 6 7 12 13
4 6 7 12 14
4 6 7 12 15
4 6 7 12 16
4 6 7 13 14
4 6 7 13 15
4 6 7 13 16
4 6 7 14 15
4 6 7 14 16
4 6 7 15 16
4 6 8 9 10
4 6 8 9 11
4 6 8 9 12
4 6 8 9 13
4 6 8 9 14
4 6 8 9 15
4 6 8 9 16
4 6 8 10 11
4 6 8 10 12
4 6 8 10 13
4 6 8 10 14
4 6 8 10 15
4 6 8 10 16
4 6 8 11 12
4 6 8 11 13
4 6 8 11 14
4 6 8 11 15
4 6 8 11 16
4 6 8 12 13
4 6 8 12 14
4 6 8 12 15
4 6 8 12 16
4 6 8 13 14
4 6 8 13 15
4 6 8 13 16
4 6 8 14 15
4 6 8 14 16
4 6 8 15 16
4 6 9 10 11
4 6 9 10 12
4 6 9 10 13
4 6 9 10 14
4 6 9 10 15
4 6 9 10 16
4 6 9 11 12
4 6 9 11 13
4 6 9 11 14
4 6 9 11 15
4 6 9 11 16
4 6 9 12 13
4 6 9 12 14
4 6 9 12 15
4 6 9 12 16
4 6 9 13 14
4 6 9 13 15
4 6 9 13 16
4 6 9 14 15
4 6 9 14 16
4 6 9 15 16
4 6 10 11 12
4 6 10 11 13
4 6 10 11 14
4 6 10 11 15
4 6 10 11 16
4 6 10 12 13
4 6 10 12 14
4 6 10 12 15
4 6 10 12 16
4 6 10 13 14
4 6 10 13 15
4 6 10 13 16
4 6 10 14 15
4 6 10 14 16
4 6 10 15 16
4 6 11 12 13
4 6 11 12 14
4 6 11 12 15
4 6 11 12 16
4 6 11 13 14
4 6 11 13 15
4 6 11 13 16
4 6 11 14 15
4 6 11 14 16
4 6 11 15 16
4 6 12 13 14
4 6 12 13 15
4 6 12 13 16
4 6 12 14 15
4 6 12 14 16
4 6 12 15 16
4 6 13 14 15
4 6 13 14 16
4 6 13 15 16
4 6 14 15 16
4 7 8 9 10
4 7 8 9 11
4 7 8 9 12
4 7 8 9 13
4 7 8 9 14
4 7 8 9 15
4 7 8 9 16
4 7 8 10 11
4 7 8 10 12
4 7 8 10 13
4 7 8 10 14
4 7 8 10 15
4 7 8 10 16
4 7 8 11 12
4 7 8 11 13
4 7 8 11 14
4 7 8 11 15
4 7 8 11 16
4 7 8 12 13
4 7 8 12 14
4 7 8 12 15
4 7 8 12 16
4 7 8 13 14
4 7 8 13 15
4 7 8 13 16
4 7 8 14 15
4 7 8 14 16
4 7 8 15 16
4 7 9 10 11
4 7 9 10 12
4 7 9 10 13
4 7 9 10 14
4 7 9 10 15
4 7 9 10 16
4 7 9 11 12
4 7 9 11 13
4 7 9 11 14
4 7 9 11 15
4 7 9 11 16
4 7 9 12 13
4 7 9 12 14
4 7 9 12 15
4 7 9 12 16
4 7 9 13 14
4 7 9 13 15
4 7 9 13 16
4 7 9 14 15
4 7 9 14 16
4 7 9 15 16
4 7 10 11 12
4 7 10 11 13
4 7 10 11 14
4 7 10 11 15
4 7 10 11 16
4 7 10 12 13
4 7 10 12 14
4 7 10 12 15
4 7 10 12 16
4 7 10 13 14
4 7 10 13 15
4 7 10 13 16
4 7 10 14 15
4 7 10 14 16
4 7 10 15 16
4 7 11 12 13
4 7 11 12 14
4 7 11 12 15
4 7 11 12 16
4 7 11 13 14
4 7 11 13 15
4 7 11 13 16
4 7 11 14 15
4 7 11 14 16
4 7 11 15 16
4 7 12 13 14
4 7 12 13 15
4 7 12 13 16
4 7 12 14 15
4 7 12 14 16
4 7 12 15 16
4 7 13 14 15
4 7 13 14 16
4 7 13 15 16
4 7 14 15 16
4 8 9 10 11
4 8 9 10 12
4 8 9 10 13
4 8 9 10 14
4 8 9 10 15
4 8 9 10 16
4 8 9 11 12
4 8 9 11 13
4 8 9 11 14
4 8 9 11 15
4 8 9 11 16
4 8 9 12 13
4 8 9 12 14
4 8 9 12 15
4 8 9 12 16
4 8 9 13 14
4 8 9 13 15
4 8 9 13 16
4 8 9 14 15
4 8 9 14 16
4 8 9 15 16
4 8 10 11 12
4 8 10 11 13
4 8 10 11 14
4 8 10 11 15
4 8 10 11 16
4 8 10 12 13
4 8 10 12 14
4 8 10 12 15
4 8 10 12 16
4 8 10 13 14
4 8 10 13 15
4 8 10 13 16
4 8 10 14 15
4 8 10 14 16
4 8 10 15 16
4 8 11 12 13
4 8 11 12 14
4 8 11 12 15
4 8 11 12 16
4 8 11 13 14
4 8 11 13 15
4 8 11 13 16
4 8 11 14 15
4 8 11 14 16
4 8 11 15 16
4 8 12 13 14
4 8 12 13 15
4 8 12 13 16
4 8 12 14 15
4 8 12 14 16
4 8 12 15 16
4 8 13 14 15
4 8 13 14 16
4 8 13 15 16
4 8 14 15 16
4 9 10 11 12
4 9 10 11 13
4 9 10 11 14
4 9 10 11 15
4 9 10 11 16
4 9 10 12 13
4 9 10 12 14
4 9 10 12 15
4 9 10 12 16
4 9 10 13 14
4 9 10 13 15
4 9 10 13 16
4 9 10 14 15
4 9 10 14 16
4 9 10 15 16
4 9 11 12 13
4 9 11 12 14
4 9 11 12 15
4 9 11 12 16
4 9 11 13 14
4 9 11 13 15
4 9 11 13 16
4 9 11 14 15
4 9 11 14 16
4 9 11 15 16
4 9 12 13 14
4 9 12 13 15
4 9 12 13 16
4 9 12 14 15
4 9 12 14 16
4 9 12 15 16
4 9 13 14 15
4 9 13 14 16
4 9 13 15 16
4 9 14 15 16
4 10 11 12 13
4 10 11 12 14
4 10 11 12 15
4 10 11 12 16
4 10 11 13 14
4 10 11 13 15
4 10 11 13 16
4 10 11 14 15
4 10 11 14 16
4 10 11 15 16
4 10 12 13 14
4 10 12 13 15
4 10 12 13 16
4 10 12 14 15
4 10 12 14 16
4 10 12 15 16
4 10 13 14 15
4 10 13 14 16
4 10 13 15 16
4 10 14 15 16
4 11 12 13 14
4 11 12 13 15
4 11 12 13 16
4 11 12 14 15
4 11 12 14 16
4 11 12 15 16
4 11 13 14 15
4 11 13 14 16
4 11 13 15 16
4 11 14 15 16
4 12 13 14 15
4 12 13 14 16
4 12 13 15 16
4 12 14 15 16
4 13 14 15 16
5 6 7 8 9
5 6 7 8 10
5 6 7 8 11
5 6 7 8 12
5 6 7 8 13
5 6 7 8 14
5 6 7 8 15
5 6 7 8 16
5 6 7 9 10
5 6 7 9 11
5 6 7 9 12
5 6 7 9 13
5 6 7 9 14
5 6 7 9 15
5 6 7 9 16
5 6 7 10 11
5 6 7 10 12
5 6 7 10 13
5 6 7 10 14
5 6 7 10 15
5 6 7 10 16
5 6 7 11 12
5 6 7 11 13
5 6 7 11 14
5 6 7 11 15
5 6 7 11 16
5 6 7 12 13
5 6 7 12 14
5 6 7 12 15
5 6 7 12 16
5 6 7 13 14
5 6 7 13 15
5 6 7 13 16
5 6 7 14 15
5 6 7 14 16
5 6 7 15 16
5 6 8 9 10
5 6 8 9 11
5 6 8 9 12
5 6 8 9 13
5 6 8 9 14
5 6 8 9 15
5 6 8 9 16
5 6 8 10 11
5 6 8 10 12
5 6 8 10 13
5 6 8 10 14
5 6 8 10 15
5 6 8 10 16
5 6 8 11 12
5 6 8 11 13
5 6 8 11 14
5 6 8 11 15
5 6 8 11 16
5 6 8 12 13
5 6 8 12 14
5 6 8 12 15
5 6 8 12 16
5 6 8 13 14
5 6 8 13 15
5 6 8 13 16
5 6 8 14 15
5 6 8 14 16
5 6 8 15 16
5 6 9 10 11
5 6 9 10 12
5 6 9 10 13
5 6 9 10 14
5 6 9 10 15
5 6 9 10 16
5 6 9 11 12
5 6 9 11 13
5 6 9 11 14
5 6 9 11 15
5 6 9 11 16
5 6 9 12 13
5 6 9 12 14
5 6 9 12 15
5 6 9 12 16
5 6 9 13 14
5 6 9 13 15
5 6 9 13 16
5 6 9 14 15
5 6 9 14 16
5 6 9 15 16
5 6 10 11 12
5 6 10 11 13
5 6 10 11 14
5 6 10 11 15
5 6 10 11 16
5 6 10 12 13
5 6 10 12 14
5 6 10 12 15
5 6 10 12 16
5 6 10 13 14
5 6 10 13 15
5 6 10 13 16
5 6 10 14 15
5 6 10 14 16
5 6 10 15 16
5 6 11 12 13
5 6 11 12 14
5 6 11 12 15
5 6 11 12 16
5 6 11 13 14
5 6 11 13 15
5 6 11 13 16
5 6 11 14 15
5 6 11 14 16
5 6 11 15 16
5 6 12 13 14
5 6 12 13 15
5 6 12 13 16
5 6 12 14 15
5 6 12 14 16
5 6 12 15 16
5 6 13 14 15
5 6 13 14 16
5 6 13 15 16
5 6 14 15 16
5 7 8 9 10
5 7 8 9 11
5 7 8 9 12
5 7 8 9 13
5 7 8 9 14
5 7 8 9 15
5 7 8 9 16
5 7 8 10 11
5 7 8 10 12
5 7 8 10 13
5 7 8 10 14
5 7 8 10 15
5 7 8 10 16
5 7 8 11 12
5 7 8 11 13
5 7 8 11 14
5 7 8 11 15
5 7 8 11 16
5 7 8 12 13
5 7 8 12 14
5 7 8 12 15
5 7 8 12 16
5 7 8 13 14
5 7 8 13 15
5 7 8 13 16
5 7 8 14 15
5 7 8 14 16
5 7 8 15 16
5 7 9 10 11
5 7 9 10 12
5 7 9 10 13
5 7 9 10 14
5 7 9 10 15
5 7 9 10 16
5 7 9 11 12
5 7 9 11 13
5 7 9 11 14
5 7 9 11 15
5 7 9 11 16
5 7 9 12 13
5 7 9 12 14
5 7 9 12 15
5 7 9 12 16
5 7 9 13 14
5 7 9 13 15
5 7 9 13 16
5 7 9 14 15
5 7 9 14 16
5 7 9 15 16
5 7 10 11 12
5 7 10 11 13
5 7 10 11 14
5 7 10 11 15
5 7 10 11 16
5 7 10 12 13
5 7 10 12 14
5 7 10 12 15
5 7 10 12 16
5 7 10 13 14
5 7 10 13 15
5 7 10 13 16
5 7 10 14 15
5 7 10 14 16
5 7 10 15 16
5 7 11 12 13
5 7 11 12 14
5 7 11 12 15
5 7 11 12 16
5 7 11 13 14
5 7 11 13 15
5 7 11 13 16
5 7 11 14 15
5 7 11 14 16
5 7 11 15 16
5 7 12 13 14
5 7 12 13 15
5 7 12 13 16
5 7 12 14 15
5 7 12 14 16
5 7 12 15 16
5 7 13 14 15
5 7 13 14 16
5 7 13 15 16
5 7 14 15 16
5 8 9 10 11
5 8 9 10 12
5 8 9 10 13
5 8 9 10 14
5 8 9 10 15
5 8 9 10 16
5 8 9 11 12
5 8 9 11 13
5 8 9 11 14
5 8 9 11 15
5 8 9 11 16
5 8 9 12 13
5 8 9 12 14
5 8 9 12 15
5 8 9 12 16
5 8 9 13 14
5 8 9 13 15
5 8 9 13 16
5 8 9 14 15
5 8 9 14 16
5 8 9 15 16
5 8 10 11 12
5 8 10 11 13
5 8 10 11 14
5 8 10 11 15
5 8 10 11 16
5 8 10 12 13
5 8 10 12 14
5 8 10 12 15
5 8 10 12 16
5 8 10 13 14
5 8 10 13 15
5 8 10 13 16
5 8 10 14 15
5 8 10 14 16
5 8 10 15 16
5 8 11 12 13
5 8 11 12 14
5 8 11 12 15
5 8 11 12 16
5 8 11 13 14
5 8 11 13 15
5 8 11 13 16
5 8 11 14 15
5 8 11 14 16
5 8 11 15 16
5 8 12 13 14
5 8 12 13 15
5 8 12 13 16
5 8 12 14 15
5 8 12 14 16
5 8 12 15 16
5 8 13 14 15
5 8 13 14 16
5 8 13 15 16
5 8 14 15 16
5 9 10 11 12
5 9 10 11 13
5 9 10 11 14
5 9 10 11 15
5 9 10 11 16
5 9 10 12 13
5 9 10 12 14
5 9 10 12 15
5 9 10 12 16
5 9 10 13 14
5 9 10 13 15
5 9 10 13 16
5 9 10 14 15
5 9 10 14 16
5 9 10 15 16
5 9 11 12 13
5 9 11 12 14
5 9 11 12 15
5 9 11 12 16
5 9 11 13 14
5 9 11 13 15
5 9 11 13 16
5 9 11 14 15
5 9 11 14 16
5 9 11 15 16
5 9 12 13 14
5 9 12 13 15
5 9 12 13 16
5 9 12 14 15
5 9 12 14 16
5 9 12 15 16
5 9 13 14 15
5 9 13 14 16
5 9 13 15 16
5 9 14 15 16
5 10 11 12 13
5 10 11 12 14
5 10 11 12 15
5 10 11 12 16
5 10 11 13 14
5 10 11 13 15
5 10 11 13 16
5 10 11 14 15
5 10 11 14 16
5 10 11 15 16
5 10 12 13 14
5 10 12 13 15
5 10 12 13 16
5 10 12 14 15
5 10 12 14 16
5 10 12 15 16
5 10 13 14 15
5 10 13 14 16
5 10 13 15 16
5 10 14 15 16
5 11 12 13 14
5 11 12 13 15
5 11 12 13 16
5 11 12 14 15
5 11 12 14 16
5 11 12 15 16
5 11 13 14 15
5 11 13 14 16
5 11 13 15 16
5 11 14 15 16
5 12 13 14 15
5 12 13 14 16
5 12 13 15 16
5 12 14 15 16
5 13 14 15 16
6 7 8 9 10
6 7 8 9 11
6 7 8 9 12
6 7 8 9 13
6 7 8 9 14
6 7 8 9 15
6 7 8 9 16
6 7 8 10 11
6 7 8 10 12
6 7 8 10 13
6 7 8 10 14
6 7 8 10 15
6 7 8 10 16
6 7 8 11 12
6 7 8 11 13
6 7 8 11 14
6 7 8 11 15
6 7 8 11 16
6 7 8 12 13
6 7 8 12 14
6 7 8 12 15
6 7 8 12 16
6 7 8 13 14
6 7 8 13 15
6 7 8 13 16
6 7 8 14 15
6 7 8 14 16
6 7 8 15 16
6 7 9 10 11
6 7 9 10 12
6 7 9 10 13
6 7 9 10 14
6 7 9 10 15
6 7 9 10 16
6 7 9 11 12
6 7 9 11 13
6 7 9 11 14
6 7 9 11 15
6 7 9 11 16
6 7 9 12 13
6 7 9 12 14
6 7 9 12 15
6 7 9 12 16
6 7 9 13 14
6 7 9 13 15
6 7 9 13 16
6 7 9 14 15
6 7 9 14 16
6 7 9 15 16
6 7 10 11 12
6 7 10 11 13
6 7 10 11 14
6 7 10 11 15
6 7 10 11 16
6 7 10 12 13
6 7 10 12 14
6 7 10 12 15
6 7 10 12 16
6 7 10 13 14
6 7 10 13 15
6 7 10 13 16
6 7 10 14 15
6 7 10 14 16
6 7 10 15 16
6 7 11 12 13
6 7 11 12 14
6 7 11 12 15
6 7 11 12 16
6 7 11 13 14
6 7 11 13 15
6 7 11 13 16
6 7 11 14 15
6 7 11 14 16
6 7 11 15 16
6 7 12 13 14
6 7 12 13 15
6 7 12 13 16
6 7 12 14 15
6 7 12 14 16
6 7 12 15 16
6 7 13 14 15
6 7 13 14 16
6 7 13 15 16
6 7 14 15 16
6 8 9 10 11
6 8 9 10 12
6 8 9 10 13
6 8 9 10 14
6 8 9 10 15
6 8 9 10 16
6 8 9 11 12
6 8 9 11 13
6 8 9 11 14
6 8 9 11 15
6 8 9 11 16
6 8 9 12 13
6 8 9 12 14
6 8 9 12 15
6 8 9 12 16
6 8 9 13 14
6 8 9 13 15
6 8 9 13 16
6 8 9 14 15
6 8 9 14 16
6 8 9 15 16
6 8 10 11 12
6 8 10 11 13
6 8 10 11 14
6 8 10 11 15
6 8 10 11 16
6 8 10 12 13
6 8 10 12 14
6 8 10 12 15
6 8 10 12 16
6 8 10 13 14
6 8 10 13 15
6 8 10 13 16
6 8 10 14 15
6 8 10 14 16
6 8 10 15 16
6 8 11 12 13
6 8 11 12 14
6 8 11 12 15
6 8 11 12 16
6 8 11 13 14
6 8 11 13 15
6 8 11 13 16
6 8 11 14 15
6 8 11 14 16
6 8 11 15 16
6 8 12 13 14
6 8 12 13 15
6 8 12 13 16
6 8 12 14 15
6 8 12 14 16
6 8 12 15 16
6 8 13 14 15
6 8 13 14 16
6 8 13 15 16
6 8 14 15 16
6 9 10 11 12
6 9 10 11 13
6 9 10 11 14
6 9 10 11 15
6 9 10 11 16
6 9 10 12 13
6 9 10 12 14
6 9 10 12 15
6 9 10 12 16
6 9 10 13 14
6 9 10 13 15
6 9 10 13 16
6 9 10 14 15
6 9 10 14 16
6 9 10 15 16
6 9 11 12 13
6 9 11 12 14
6 9 11 12 15
6 9 11 12 16
6 9 11 13 14
6 9 11 13 15
6 9 11 13 16
6 9 11 14 15
6 9 11 14 16
6 9 11 15 16
6 9 12 13 14
6 9 12 13 15
6 9 12 13 16
6 9 12 14 15
6 9 12 14 16
6 9 12 15 16
6 9 13 14 15
6 9 13 14 16
6 9 13 15 16
6 9 14 15 16
6 10 11 12 13
6 10 11 12 14
6 10 11 12 15
6 10 11 12 16
6 10 11 13 14
6 10 11 13 15
6 10 11 13 16
6 10 11 14 15
6 10 11 14 16
6 10 11 15 16
6 10 12 13 14
6 10 12 13 15
6 10 12 13 16
6 10 12 14 15
6 10 12 14 16
6 10 12 15 16
6 10 13 14 15
6 10 13 14 16
6 10 13 15 16
6 10 14 15 16
6 11 12 13 14
6 11 12 13 15
6 11 12 13 16
6 11 12 14 15
6 11 12 14 16
6 11 12 15 16
6 11 13 14 15
6 11 13 14 16
6 11 13 15 16
6 11 14 15 16
6 12 13 14 15
6 12 13 14 16
6 12 13 15 16
6 12 14 15 16
6 13 14 15 16
7 8 9 10 11
7 8 9 10 12
7 8 9 10 13
7 8 9 10 14
7 8 9 10 15
7 8 9 10 16
7 8 9 11 12
7 8 9 11 13
7 8 9 11 14
7 8 9 11 15
7 8 9 11 16
7 8 9 12 13
7 8 9 12 14
7 8 9 12 15
7 8 9 12 16
7 8 9 13 14
7 8 9 13 15
7 8 9 13 16
7 8 9 14 15
7 8 9 14 16
7 8 9 15 16
7 8 10 11 12
7 8 10 11 13
7 8 10 11 14
7 8 10 11 15
7 8 10 11 16
7 8 10 12 13
7 8 10 12 14
7 8 10 12 15
7 8 10 12 16
7 8 10 13 14
7 8 10 13 15
7 8 10 13 16
7 8 10 14 15
7 8 10 14 16
7 8 10 15 16
7 8 11 12 13
7 8 11 12 14
7 8 11 12 15
7 8 11 12 16
7 8 11 13 14
7 8 11 13 15
7 8 11 13 16
7 8 11 14 15
7 8 11 14 16
7 8 11 15 16
7 8 12 13 14
7 8 12 13 15
7 8 12 13 16
7 8 12 14 15
7 8 12 14 16
7 8 12 15 16
7 8 13 14 15
7 8 13 14 16
7 8 13 15 16
7 8 14 15 16
7 9 10 11 12
7 9 10 11 13
7 9 10 11 14
7 9 10 11 15
7 9 10 11 16
7 9 10 12 13
7 9 10 12 14
7 9 10 12 15
7 9 10 12 16
7 9 10 13 14
7 9 10 13 15
7 9 10 13 16
7 9 10 14 15
7 9 10 14 16
7 9 10 15 16
7 9 11 12 13
7 9 11 12 14
7 9 11 12 15
7 9 11 12 16
7 9 11 13 14
7 9 11 13 15
7 9 11 13 16
7 9 11 14 15
7 9 11 14 16
7 9 11 15 16
7 9 12 13 14
7 9 12 13 15
7 9 12 13 16
7 9 12 14 15
7 9 12 14 16
7 9 12 15 16
7 9 13 14 15
7 9 13 14 16
7 9 13 15 16
7 9 14 15 16
7 10 11 12 13
7 10 11 12 14
7 10 11 12 15
7 10 11 12 16
7 10 11 13 14
7 10 11 13 15
7 10 11 13 16
7 10 11 14 15
7 10 11 14 16
7 10 11 15 16
7 10 12 13 14
7 10 12 13 15
7 10 12 13 16
7 10 12 14 15
7 10 12 14 16
7 10 12 15 16
7 10 13 14 15
7 10 13 14 16
7 10 13 15 16
7 10 14 15 16
7 11 12 13 14
7 11 12 13 15
7 11 12 13 16
7 11 12 14 15
7 11 12 14 16
7 11 12 15 16
7 11 13 14 15
7 11 13 14 16
7 11 13 15 16
7 11 14 15 16
7 12 13 14 15
7 12 13 14 16
7 12 13 15 16
7 12 14 15 16
7 13 14 15 16
8 9 10 11 12
8 9 10 11 13
8 9 10 11 14
8 9 10 11 15
8 9 10 11 16
8 9 10 12 13
8 9 10 12 14
8 9 10 12 15
8 9 10 12 16
8 9 10 13 14
8 9 10 13 15
8 9 10 13 16
8 9 10 14 15
8 9 10 14 16
8 9 10 15 16
8 9 11 12 13
8 9 11 12 14
8 9 11 12 15
8 9 11 12 16
8 9 11 13 14
8 9 11 13 15
8 9 11 13 16
8 9 11 14 15
8 9 11 14 16
8 9 11 15 16
8 9 12 13 14
8 9 12 13 15
8 9 12 13 16
8 9 12 14 15
8 9 12 14 16
8 9 12 15 16
8 9 13 14 15
8 9 13 14 16
8 9 13 15 16
8 9 14 15 16
8 10 11 12 13
8 10 11 12 14
8 10 11 12 15
8 10 11 12 16
8 10 11 13 14
8 10 11 13 15
8 10 11 13 16
8 10 11 14 15
8 10 11 14 16
8 10 11 15 16
8 10 12 13 14
8 10 12 13 15
8 10 12 13 16
8 10 12 14 15
8 10 12 14 16
8 10 12 15 16
8 10 13 14 15
8 10 13 14 16
8 10 13 15 16
8 10 14 15 16
8 11 12 13 14
8 11 12 13 15
8 11 12 13 16
8 11 12 14 15
8 11 12 14 16
8 11 12 15 16
8 11 13 14 15
8 11 13 14 16
8 11 13 15 16
8 11 14 15 16
8 12 13 14 15
8 12 13 14 16
8 12 13 15 16
8 12 14 15 16
8 13 14 15 16
9 10 11 12 13
9 10 11 12 14
9 10 11 12 15
9 10 11 12 16
9 10 11 13 14
9 10 11 13 15
9 10 11 13 16
9 10 11 14 15
9 10 11 14 16
9 10 11 15 16
9 10 12 13 14
9 10 12 13 15
9 10 12 13 16
9 10 12 14 15
9 10 12 14 16
9 10 12 15 16
9 10 13 14 15
9 10 13 14 16
9 10 13 15 16
9 10 14 15 16
9 11 12 13 14
9 11 12 13 15
9 11 12 13 16
9 11 12 14 15
9 11 12 14 16
9 11 12 15 16
9 11 13 14 15
9 11 13 14 16
9 11 13 15 16
9 11 14 15 16
9 12 13 14 15
9 12 13 14 16
9 12 13 15 16
9 12 14 15 16
9 13 14 15 16
10 11 12 13 14
10 11 12 13 15
10 11 12 13 16
10 11 12 14 15
10 11 12 14 16
10 11 12 15 16
10 11 13 14 15
10 11 13 14 16
10 11 13 15 16
10 11 14 15 16
10 12 13 14 15
10 12 13 14 16
10 12 13 15 16
10 12 14 15 16
10 13 14 15 16
11 12 13 14 15
11 12 13 14 16
11 12 13 15 16
11 12 14 15 16
11 13 14 15 16
12 13 14 15 16

Is hamiltonian hermitian? 1
Implicit Hamiltonian constructed
E(core)= 9.189534427600
H(1,1) + E(core) energy = -76.239369460800
Davidson: iter=0 dim=0 root=0 eigenvalue=-85.428903888400
Davidson: iter=1 dim=1 root=0 eigenvalue=-85.509356127545
Davidson: iter=2 dim=2 root=0 eigenvalue=-85.517376920585
Davidson: iter=3 dim=3 root=0 eigenvalue=-85.518061961057
Davidson: iter=4 dim=4 root=0 eigenvalue=-85.518095939165
Davidson: iter=5 dim=5 root=0 eigenvalue=-85.518100476239
Davidson: iter=6 dim=6 root=0 eigenvalue=-85.518100909870
Davidson: iter=7 dim=7 root=0 eigenvalue=-85.518100958039
Davidson: iter=8 dim=8 root=0 eigenvalue=-85.518100963657
Davidson: iter=9 dim=9 root=0 eigenvalue=-85.518100964348
Davidson: iter=10 dim=10 root=0 eigenvalue=-85.518100964397
Davidson: iter=11 dim=11 root=0 eigenvalue=-85.518100964402
Davidson: iter=12 dim=12 root=0 eigenvalue=-85.518100964403
root no. 0 converged
Davidson converged in 12 iterations.
E(core)= 9.189534427600
E(0)= -76.328566536803
FCI Excitation energies = 1
0.000000000000

Vacuum coefficients in CI state 0 = -0.982028008955
Eigenvector 0 in string basis
0: -0.982028008955 seniority 0 ... 5
1 2 3 4 5
 | 5
1 2 3 4 5

Seniority vectors for all roots (nroots/seniority)
1 6
0.972906094881 0.005170184926 -0.964420231386 0.167197726739 1.000048227934 0.000000000661

Calculating transition densities
Root 0 MO occupations numbers (density matrix diagonal)
16
1.999989681755 1.991271024902 1.976902565425 1.978191424785 1.981086516397 0.006230986435 0.006480540706 0.008047843479 0.006974362519 0.009569149311 0.014444948903 0.003027505824 0.007334570815 0.002355053618 0.001900732509 0.006193092740
Transition densities done:
Trandens between roots 0 0
16 16
1.999989681755 0.000028998635 0.000000000000 0.000051010748 0.000000000000 0.000247160263 0.000000000000 0.000000000000 0.000232257963 0.000070062564 0.000000000000 0.000146886400 0.000000000000 0.000000000000 0.000000000000 -0.000646754165
0.000028998635 1.991271024902 0.000000000000 0.003037463916 0.000000000000 0.000185376634 0.000000000000 0.000000000000 -0.000105970365 0.007845030576 0.000000000000 -0.001630175763 0.000000000000 0.000000000000 0.000000000000 -0.000097067586
0.000000000000 0.000000000000 1.976902565425 0.000000000000 0.000000000000 0.000000000000 0.001366177245 -0.000374978596 0.000000000000 0.000000000000 0.000000000000 0.000000000000 0.009801357623 0.000000000000 0.000000000000 0.000000000000
0.000051010748 0.003037463916 0.000000000000 1.978191424785 0.000000000000 -0.005645236026 0.000000000000 0.000000000000 -0.000102153539 0.000711522511 0.000000000000 -0.006535342252 0.000000000000 0.000000000000 0.000000000000 0.001813764076
0.000000000000 0.000000000000 0.000000000000 0.000000000000 1.981086516397 0.000000000000 0.000000000000 0.000000000000 0.000000000000 0.000000000000 0.005524509875 0.000000000000 0.000000000000 0.000000000000 -0.007844995633 0.000000000000
0.000247160263 0.000185376634 0.000000000000 -0.005645236026 0.000000000000 0.006230986435 0.000000000000 0.000000000000 0.005387483360 -0.004849517443 0.000000000000 0.002637043527 0.000000000000 0.000000000000 0.000000000000 -0.000849758087
0.000000000000 0.000000000000 0.001366177245 0.000000000000 0.000000000000 0.000000000000 0.006480540706 0.005798121819 0.000000000000 0.000000000000 0.000000000000 0.000000000000 0.006687619020 0.000000000000 0.000000000000 0.000000000000
0.000000000000 0.000000000000 -0.000374978596 0.000000000000 0.000000000000 0.000000000000 0.005798121819 0.008047843479 0.000000000000 0.000000000000 0.000000000000 0.000000000000 0.005343838118 0.000000000000 0.000000000000 0.000000000000
0.000232257963 -0.000105970365 0.000000000000 -0.000102153539 0.000000000000 0.005387483360 0.000000000000 0.000000000000 0.006974362519 -0.003316188507 0.000000000000 0.001510833430 0.000000000000 0.000000000000 0.000000000000 -0.000031840098
0.000070062564 0.007845030576 0.000000000000 0.000711522511 0.000000000000 -0.004849517443 0.000000000000 0.000000000000 -0.003316188507 0.009569149311 0.000000000000 -0.002553066380 0.000000000000 0.000000000000 0.000000000000 -0.004285701806
0.000000000000 0.000000000000 0.000000000000 0.000000000000 0.005524509875 0.000000000000 0.000000000000 0.000000000000 0.000000000000 0.000000000000 0.014444948903 0.000000000000 0.000000000000 0.000000000000 -0.001940866313 0.000000000000
0.000146886400 -0.001630175763 0.000000000000 -0.006535342252 0.000000000000 0.002637043527 0.000000000000 0.000000000000 0.001510833430 -0.002553066380 0.000000000000 0.003027505824 0.000000000000 0.000000000000 0.000000000000 0.000396918600
0.000000000000 0.000000000000 0.009801357623 0.000000000000 0.000000000000 0.000000000000 0.006687619020 0.005343838118 0.000000000000 0.000000000000 0.000000000000 0.000000000000 0.007334570815 0.000000000000 0.000000000000 0.000000000000
0.000000000000 0.000000000000 0.000000000000 0.000000000000 0.000000000000 0.000000000000 0.000000000000 0.000000000000 0.000000000000 0.000000000000 0.000000000000 0.000000000000 0.000000000000 0.002355053618 0.000000000000 0.000000000000
0.000000000000 0.000000000000 0.000000000000 0.000000000000 -0.007844995633 0.000000000000 0.000000000000 0.000000000000 0.000000000000 0.000000000000 -0.001940866313 0.000000000000 0.000000000000 0.000000000000 0.001900732509 0.000000000000
-0.000646754165 -0.000097067586 0.000000000000 0.001813764076 0.000000000000 -0.000849758087 0.000000000000 0.000000000000 -0.000031840098 -0.004285701806 0.000000000000 0.000396918600 0.000000000000 0.000000000000 0.000000000000 0.006193092740

State 0 :
Natural orbital occupations
16
1.999990231973 1.991977780203 1.981133173102 1.977556595957 1.976952393782 0.019155334066 0.018162945461 0.014716032296 0.008969698846 0.003013923707 0.002560507508 0.002355053618 0.001705388306 0.001582992410 0.000097285069 0.000070663817
Natural orbitals (in MO basis)
16 16
-0.999986255844 0.004887052200 -0.000000000000 0.001861097331 0.000000000000 0.000000000000 -0.000049378931 -0.000000000000 0.000348532210 0.000104797035 0.000000000000 0.000000000000 -0.000031622364 0.000000000000 -0.000000000000 -0.000072566684
-0.004368778942 -0.976316632924 -0.000000000000 0.216264616600 0.000000000000 0.000000000000 0.002743748035 -0.000000000000 0.001581850031 -0.001482758386 -0.000000000000 -0.000000000000 0.001121723875 -0.000000000000 0.000000000000 0.001695409877
0.000000000000 0.000000000000 0.000000000000 -0.000000000000 0.999987341830 -0.003202337304 0.000000000000 -0.000000000000 0.000000000000 0.000000000000 -0.003030613718 0.000000000000 -0.000000000000 0.000000000000 0.002424169284 -0.000000000000
-0.002874789024 -0.216249343750 -0.000000000000 -0.976323603320 0.000000000000 0.000000000000 0.002375034890 0.000000000000 -0.001805947287 -0.002621245292 -0.000000000000 0.000000000000 -0.001881701694 0.000000000000 -0.000000000000 -0.000929812309
0.000000000000 0.000000000000 -0.999988177628 -0.000000000000 0.000000000000 -0.000000000000 -0.000000000000 0.003368015960 -0.000000000000 0.000000000000 -0.000000000000 -0.000000000000 0.000000000000 0.003507288513 -0.000000000000 0.000000000000
-0.000116633473 0.000536141979 -0.000000000000 0.002819826441 -0.000000000000 0.000000000000 0.513206723047 -0.000000000000 -0.378497097206 -0.173709728690 -0.000000000000 0.000000000000 0.096249222070 -0.000000000000 -0.000000000000 -0.744252357580
0.000000000000 0.000000000000 -0.000000000000 0.000000000000 0.000709697077 0.571415849517 -0.000000000000 0.000000000000 0.000000000000 -0.000000000000 0.254465783228 0.000000000000 0.000000000000 0.000000000000 0.780211886872 -0.000000000000
0.000000000000 -0.000000000000 -0.000000000000 0.000000000000 -0.000174846735 0.578449525931 -0.000000000000 0.000000000000 0.000000000000 0.000000000000 -0.799273733179 0.000000000000 -0.000000000000 -0.000000000000 -0.162965072421 0.000000000000
-0.000116431965 0.000073022844 -0.000000000000 0.000048426700 0.000000000000 0.000000000000 0.470543931143 0.000000000000 -0.412287750925 0.675505504846 0.000000000000 0.000000000000 -0.160507394447 0.000000000000 0.000000000000 0.355720237432
-0.000053583722 -0.003944121605 -0.000000000000 0.000500167978 -0.000000000000 -0.000000000000 -0.642599803205 0.000000000000 -0.397467573703 0.289949419100 0.000000000000 0.000000000000 -0.457899433216 0.000000000000 -0.000000000000 -0.367867714084
0.000000000000 0.000000000000 -0.002812923107 -0.000000000000 0.000000000000 0.000000000000 -0.000000000000 -0.989022755260 -0.000000000000 0.000000000000 -0.000000000000 -0.000000000000 0.000000000000 0.147736512216 0.000000000000 0.000000000000
-0.000060688958 0.001516923849 0.000000000000 0.003056021553 -0.000000000000 0.000000000000 0.248729681755 0.000000000000 -0.052015892103 -0.506422416581 0.000000000000 0.000000000000 -0.795912789027 0.000000000000 0.000000000000 0.213249657961
0.000000000000 0.000000000000 0.000000000000 0.000000000000 0.004978146152 0.582125259636 -0.000000000000 -0.000000000000 -0.000000000000 -0.000000000000 0.544425825983 -0.000000000000 0.000000000000 0.000000000000 -0.603908867428 0.000000000000
0.000000000000 -0.000000000000 -0.000000000000 -0.000000000000 -0.000000000000 -0.000000000000 -0.000000000000 0.000000000000 -0.000000000000 0.000000000000 0.000000000000 1.000000000000 0.000000000000 0.000000000000 -0.000000000000 0.000000000000
-0.000000000000 -0.000000000000 0.003966367079 -0.000000000000 -0.000000000000 0.000000000000 -0.000000000000 0.147724899887 -0.000000000000 0.000000000000 -0.000000000000 -0.000000000000 0.000000000000 0.989020536635 -0.000000000000 0.000000000000
0.000322130829 -0.000142799875 -0.000000000000 -0.000911219531 0.000000000000 0.000000000000 0.200980434960 -0.000000000000 0.725304589464 0.415901229798 0.000000000000 0.000000000000 -0.349026653476 0.000000000000 -0.000000000000 -0.372485872216

