Begin IJ Block
1   1   -33.0221112777
1   2   -0.5826231947
1   4   0.1835072169
2   2   -7.8725135042
2   4   0.2095731820
3   3   -6.7720604303
4   4   -6.8929914717
5   5   -7.0063683923

End IJ Block
Begin IA Block
1   1   -0.1127728462
1   2   -0.0000000000
2   1   -0.5566782830
2   2   -0.0000000000
3   1   0.0000000000
3   2   -0.6074083671
4   1   -0.2881156513
4   2   0.0000000000

End IA Block
Begin AB Block
1   1   -2.5348016674
1   2   -0.0000000000
2   2   -2.1334506797

End AB Block
Begin IJAB Block
1   6   1   3   0.0044201782
1   6   2   4   0.0020589261
1   7   1   3   -0.0006944833
1   7   2   4   -0.0017309855
1   8   1   4   -0.0000678189
1   8   2   3   -0.0011276876
1   9   1   3   -0.0007994897
1   9   2   4   0.0005424672
2   6   1   3   -0.0006944833
2   6   2   4   -0.0017309855
2   7   1   3   0.0177422784
2   7   2   4   0.0072129319
2   8   1   4   0.0129161673
2   8   2   3   0.0063881778
2   9   1   3   0.0100815376
2   9   2   4   -0.0010964010
3   6   1   4   -0.0011276876
3   6   2   3   -0.0000678189
3   7   1   4   0.0063881778
3   7   2   3   0.0129161673
3   8   1   3   0.0106250755
3   8   2   4   0.0170786331
3   9   1   4   0.0034548264
3   9   2   3   0.0074742041
4   6   1   3   -0.0007994897
4   6   2   4   0.0005424672
4   7   1   3   0.0100815376
4   7   2   4   -0.0010964010
4   8   1   4   0.0074742041
4   8   2   3   0.0034548264
4   9   1   3   0.0103752531
4   9   2   4   0.0048584368
5   10   1   3   0.0083852443
5   10   2   4   0.0031989744

End IJAB Block
Begin IJKL Block
1   6   1   6   4.7140378595
1   6   1   7   0.4274014505
1   6   1   9   -0.1350857921
1   6   2   6   0.4274014505
1   6   2   7   0.0593840015
1   6   2   9   -0.0159349643
1   6   3   8   0.0165492797
1   6   4   6   -0.1350857921
1   6   4   7   -0.0159349643
1   6   4   9   0.0256429893
1   6   5   10   0.0249097601
1   7   1   6   0.4274014505
1   7   1   7   1.0480637164
1   7   1   9   -0.0816366971
1   7   2   6   0.0633614218
1   7   2   7   0.0146919668
1   7   2   9   -0.0074005618
1   7   3   8   -0.0229138112
1   7   4   6   -0.0158635825
1   7   4   7   -0.0145087340
1   7   4   9   -0.0218166126
1   7   5   10   -0.0280096947
1   8   1   8   0.8935654805
1   8   2   8   0.0075848359
1   8   3   6   0.0212783144
1   8   3   7   -0.0237683890
1   8   3   9   0.0030539944
1   8   4   8   -0.0075446078
1   9   1   6   -0.1350857921
1   9   1   7   -0.0816366971
1   9   1   9   0.9780546062
1   9   2   6   -0.0158635825
1   9   2   7   -0.0076743673
1   9   2   9   0.0134266115
1   9   3   8   0.0026385866
1   9   4   6   0.0307433324
1   9   4   7   -0.0225137410
1   9   4   9   0.0079560050
1   9   5   10   0.0084056006
1   10   1   10   1.0197331156
1   10   2   10   0.0121305007
1   10   4   10   -0.0047752294
1   10   5   6   0.0303924883
1   10   5   7   -0.0283302687
1   10   5   9   0.0087223687
2   6   1   6   0.4274014505
2   6   1   7   0.0633614218
2   6   1   9   -0.0158635825
2   6   2   6   1.0480637164
2   6   2   7   0.0146919668
2   6   2   9   -0.0145087340
2   6   3   8   -0.0229138112
2   6   4   6   -0.0816366971
2   6   4   7   -0.0074005618
2   6   4   9   -0.0218166126
2   6   5   10   -0.0280096947
2   7   1   6   0.0593840015
2   7   1   7   0.0146919668
2   7   1   9   -0.0076743673
2   7   2   6   0.0146919668
2   7   2   7   0.7434975446
2   7   2   9   0.0176304368
2   7   3   8   0.1404068614
2   7   4   6   -0.0076743673
2   7   4   7   0.0176304368
2   7   4   9   0.1116832434
2   7   5   10   0.1142833799
2   8   1   8   0.0075848359
2   8   2   8   0.6748278133
2   8   3   6   -0.0237683890
2   8   3   7   0.1457540640
2   8   3   9   0.0133421650
2   8   4   8   0.0120540030
2   9   1   6   -0.0159349643
2   9   1   7   -0.0074005618
2   9   1   9   0.0134266115
2   9   2   6   -0.0145087340
2   9   2   7   0.0176304368
2   9   2   9   0.6665050853
2   9   3   8   0.0138397636
2   9   4   6   -0.0225137410
2   9   4   7   0.1168099843
2   9   4   9   -0.0611846652
2   9   5   10   -0.0268356180
2   10   1   10   0.0121305007
2   10   2   10   0.6933627150
2   10   4   10   -0.0300255665
2   10   5   6   -0.0283302687
2   10   5   7   0.1185333757
2   10   5   9   -0.0265981599
3   6   1   8   0.0212783144
3   6   2   8   -0.0237683890
3   6   3   6   0.8935654805
3   6   3   7   0.0075848359
3   6   3   9   -0.0075446078
3   6   4   8   0.0030539944
3   7   1   8   -0.0237683890
3   7   2   8   0.1457540640
3   7   3   6   0.0075848359
3   7   3   7   0.6748278133
3   7   3   9   0.0120540030
3   7   4   8   0.0133421650
3   8   1   6   0.0165492797
3   8   1   7   -0.0229138112
3   8   1   9   0.0026385866
3   8   2   6   -0.0229138112
3   8   2   7   0.1404068614
3   8   2   9   0.0138397636
3   8   3   8   0.6499841480
3   8   4   6   0.0026385866
3   8   4   7   0.0138397636
3   8   4   9   0.0286403754
3   8   5   10   0.0207097821
3   9   1   8   0.0030539944
3   9   2   8   0.0133421650
3   9   3   6   -0.0075446078
3   9   3   7   0.0120540030
3   9   3   9   0.5977132056
3   9   4   8   0.0354746969
3   10   3   10   0.6107778625
3   10   5   8   0.0271060413
4   6   1   6   -0.1350857921
4   6   1   7   -0.0158635825
4   6   1   9   0.0307433324
4   6   2   6   -0.0816366971
4   6   2   7   -0.0076743673
4   6   2   9   -0.0225137410
4   6   3   8   0.0026385866
4   6   4   6   0.9780546062
4   6   4   7   0.0134266115
4   6   4   9   0.0079560050
4   6   5   10   0.0084056006
4   7   1   6   -0.0159349643
4   7   1   7   -0.0145087340
4   7   1   9   -0.0225137410
4   7   2   6   -0.0074005618
4   7   2   7   0.0176304368
4   7   2   9   0.1168099843
4   7   3   8   0.0138397636
4   7   4   6   0.0134266115
4   7   4   7   0.6665050853
4   7   4   9   -0.0611846652
4   7   5   10   -0.0268356180
4   8   1   8   -0.0075446078
4   8   2   8   0.0120540030
4   8   3   6   0.0030539944
4   8   3   7   0.0133421650
4   8   3   9   0.0354746969
4   8   4   8   0.5977132056
4   9   1   6   0.0256429893
4   9   1   7   -0.0218166126
4   9   1   9   0.0079560050
4   9   2   6   -0.0218166126
4   9   2   7   0.1116832434
4   9   2   9   -0.0611846652
4   9   3   8   0.0286403754
4   9   4   6   0.0079560050
4   9   4   7   -0.0611846652
4   9   4   9   0.6897050655
4   9   5   10   0.0306161220
4   10   1   10   -0.0047752294
4   10   2   10   -0.0300255665
4   10   4   10   0.6372792597
4   10   5   6   0.0087223687
4   10   5   7   -0.0265981599
4   10   5   9   0.0365082457
5   6   1   10   0.0303924883
5   6   2   10   -0.0283302687
5   6   4   10   0.0087223687
5   6   5   6   1.0197331156
5   6   5   7   0.0121305007
5   6   5   9   -0.0047752294
5   7   1   10   -0.0283302687
5   7   2   10   0.1185333757
5   7   4   10   -0.0265981599
5   7   5   6   0.0121305007
5   7   5   7   0.6933627150
5   7   5   9   -0.0300255665
5   8   3   10   0.0271060413
5   8   5   8   0.6107778625
5   9   1   10   0.0087223687
5   9   2   10   -0.0265981599
5   9   4   10   0.0365082457
5   9   5   6   -0.0047752294
5   9   5   7   -0.0300255665
5   9   5   9   0.6372792597
5   10   1   6   0.0249097601
5   10   1   7   -0.0280096947
5   10   1   9   0.0084056006
5   10   2   6   -0.0280096947
5   10   2   7   0.1142833799
5   10   2   9   -0.0268356180
5   10   3   8   0.0207097821
5   10   4   6   0.0084056006
5   10   4   7   -0.0268356180
5   10   4   9   0.0306161220
5   10   5   10   0.7094193339

End IJKL Block
Begin ABCD Block
1   3   1   3   0.2229124827
1   3   2   4   0.0526209328
1   4   1   4   0.2058385452
1   4   2   3   0.0526172068
1   4   2   4   0.0000000000
2   3   1   4   0.0526172068
2   3   2   3   0.2058385452
2   3   2   4   0.0000000000
2   4   1   3   0.0526209328
2   4   1   4   0.0000000000
2   4   2   3   0.0000000000
2   4   2   4   0.2110781308

End ABCD Block
Begin AIJB Block
1   6   1   3   0.0040126956
1   6   2   3   -0.0004112951
1   6   3   4   -0.0009198974
1   6   4   3   -0.0005014438
1   7   1   3   -0.0004112951
1   7   2   3   0.0136539775
1   7   3   4   0.0039512780
1   7   4   3   0.0074091956
1   8   1   4   0.0001658466
1   8   2   4   0.0104287130
1   8   3   3   0.0078327702
1   8   4   4   0.0065544955
1   9   1   3   -0.0005014438
1   9   2   3   0.0074091956
1   9   3   4   0.0024835851
1   9   4   3   0.0087173859
1   10   5   3   0.0061393968
2   6   1   4   0.0018803547
2   6   2   4   -0.0015714635
2   6   3   3   0.0001658466
2   6   4   4   0.0005173761
2   7   1   4   -0.0015714635
2   7   2   4   0.0055946883
2   7   3   3   0.0104287130
2   7   4   4   -0.0008049220
2   8   1   3   -0.0009198974
2   8   2   3   0.0039512780
2   8   3   4   0.0139081422
2   8   4   3   0.0024835851
2   9   1   4   0.0005173761
2   9   2   4   -0.0008049220
2   9   3   3   0.0065544955
2   9   4   4   0.0031840473
2   10   5   4   0.0020150765

1   6   6   1   -0.2840059909
1   6   7   1   -0.0006122811
1   6   8   2   0.0024240718
1   6   9   1   0.0030657025
1   7   6   1   -0.0006122811
1   7   7   1   -0.2695891752
1   7   8   2   -0.0286775172
1   7   9   1   -0.0176052446
1   8   6   2   0.0024373743
1   8   7   2   -0.0286681789
1   8   8   1   -0.2659114343
1   8   9   2   -0.0085821812
1   9   6   1   0.0030657025
1   9   7   1   -0.0176052446
1   9   8   2   -0.0086281987
1   9   9   1   -0.2557502022
1   10   10   1   -0.2593206114
2   6   6   2   -0.2431429589
2   6   7   2   -0.0005322361
2   6   8   1   0.0024373743
2   6   9   2   0.0009228807
2   7   6   2   -0.0005322361
2   7   7   2   -0.2299600950
2   7   8   1   -0.0286681789
2   7   9   2   -0.0083474533
2   8   6   1   0.0024240718
2   8   7   1   -0.0286775172
2   8   8   2   -0.2336985051
2   8   9   1   -0.0086281987
2   9   6   2   0.0009228807
2   9   7   2   -0.0083474533
2   9   8   1   -0.0085821812
2   9   9   2   -0.2206320291
2   10   10   2   -0.2217004648

End AIJB Block
Begin IJKA Block
1   6   1   3   0.0918363431
1   6   2   3   0.0148858291
1   6   3   4   0.0062505681
1   6   4   3   0.0003774641
1   7   1   3   0.1112624600
1   7   2   3   0.0016895340
1   7   3   4   -0.0054533412
1   7   4   3   -0.0057175181
1   8   1   4   0.1086799056
1   8   2   4   0.0007232369
1   8   3   3   -0.0031339168
1   8   4   4   -0.0003776442
1   9   1   3   0.0499184198
1   9   2   3   -0.0006482738
1   9   3   4   0.0017232261
1   9   4   3   -0.0022987935
1   10   5   3   -0.0045621082
2   6   1   3   0.0157612135
2   6   2   3   0.0008559037
2   6   3   4   -0.0071123009
2   6   4   3   -0.0055687897
2   7   1   3   0.0008082018
2   7   2   3   0.0654769175
2   7   3   4   0.0234120853
2   7   4   3   0.0119260317
2   8   1   4   0.0001043581
2   8   2   4   0.0662203394
2   8   3   3   0.0042786674
2   8   4   4   -0.0073046261
2   9   1   3   -0.0008277345
2   9   2   3   0.0330922606
2   9   3   4   -0.0085024982
2   9   4   3   0.0003726890
2   10   5   3   0.0118819577
3   6   1   4   0.0068829980
3   6   2   4   -0.0073218135
3   6   3   3   0.0003851320
3   6   4   4   0.0011373481
3   7   1   4   -0.0055637976
3   7   2   4   0.0230423857
3   7   3   3   0.0487305870
3   7   4   4   -0.0029265390
3   8   1   3   -0.0029504078
3   8   2   3   0.0045387758
3   8   3   4   0.0609674169
3   8   4   3   -0.0009215017
3   9   1   4   0.0016726035
3   9   2   4   -0.0077173948
3   9   3   3   0.0227788704
3   9   4   4   0.0053094103
3   10   5   4   0.0061232032
4   6   1   3   0.0006673405
4   6   2   3   -0.0057708318
4   6   3   4   0.0010671445
4   6   4   3   0.0044132728
4   7   1   3   -0.0055586588
4   7   2   3   0.0122228715
4   7   3   4   -0.0030852516
4   7   4   3   0.0447873091
4   8   1   4   -0.0003515885
4   8   2   4   -0.0064395842
4   8   3   3   -0.0009334432
4   8   4   4   0.0577626713
4   9   1   3   -0.0019492575
4   9   2   3   0.0007657583
4   9   3   4   0.0055984751
4   9   4   3   0.0323669437
4   10   5   3   0.0012005488
5   6   5   3   0.0016539887
5   7   5   3   0.0565152066
5   8   5   4   0.0603248982
5   9   5   3   0.0287610010
5   10   1   3   -0.0040432469
5   10   2   3   0.0116088092
5   10   3   4   0.0061932130
5   10   4   3   0.0015283429

End IJKA Block
Begin IABC Block
1   3   1   3   -0.0003131378
1   3   2   4   -0.0006688586
1   4   1   4   -0.0000206020
1   4   2   3   -0.0006734826
2   3   1   3   0.0049380307
2   3   2   4   -0.0007609617
2   4   1   4   0.0024172372
2   4   2   3   -0.0007061855
3   3   1   4   -0.0110481396
3   3   2   3   0.0031941890
3   4   1   3   -0.0108502345
3   4   2   4   0.0004011939
4   3   1   3   -0.0028150471
4   3   2   4   -0.0059797821
4   4   1   4   -0.0036573781
4   4   2   3   -0.0059207896

End IABC Block
