Begin IJ Block
1   1   -33.0271975773
1   2   -0.5819703916
1   4   -0.1871122221
2   2   -7.8574375802
2   4   -0.2416100102
3   3   -6.6974656994
4   4   -6.9164495014
5   5   -7.0842606806

End IJ Block
Begin IA Block
1   1   0.1790080650
2   1   0.8502248952
3   2   1.0525797643
3   3   -0.5178167783
4   1   -0.4642224149

End IA Block
Begin AB Block
1   1   -3.3620177265
1   2   0.0000000000
2   2   -3.1522584933
2   3   1.0111294151
3   3   -4.0878348659

End AB Block
Begin IJAB Block
1   6   1   4   0.0105095893
1   6   1   5   0.0000000000
1   6   1   6   0.0000000000
1   6   2   4   0.0000000000
1   6   2   5   0.0064224105
1   6   2   6   -0.0061205603
1   6   3   4   0.0000000000
1   6   3   5   -0.0061205603
1   6   3   6   0.0057807122
1   7   1   4   -0.0017434019
1   7   2   5   -0.0056963123
1   7   2   6   0.0044897627
1   7   3   5   0.0053642668
1   7   3   6   -0.0045423005
1   8   1   5   0.0001882328
1   8   1   6   -0.0023000320
1   8   2   4   -0.0028431041
1   8   3   4   0.0025357210
1   9   1   4   0.0016522903
1   9   2   5   -0.0022014414
1   9   2   6   0.0047967525
1   9   3   5   0.0024192640
1   9   3   6   -0.0047189277
2   6   1   4   -0.0017434019
2   6   2   5   -0.0056963123
2   6   2   6   0.0053642668
2   6   3   5   0.0044897627
2   6   3   6   -0.0045423005
2   7   1   4   0.0391423675
2   7   2   5   0.0215259696
2   7   2   6   -0.0176082878
2   7   3   5   -0.0176082878
2   7   3   6   0.0426063426
2   8   1   5   0.0302778360
2   8   1   6   -0.0152058323
2   8   2   4   0.0145147592
2   8   3   4   -0.0136972400
2   9   1   4   -0.0215074696
2   9   2   5   0.0042130921
2   9   2   6   -0.0130203608
2   9   3   5   -0.0053306034
2   9   3   6   -0.0068793208
3   6   1   5   -0.0028431041
3   6   1   6   0.0025357210
3   6   2   4   0.0001882328
3   6   3   4   -0.0023000320
3   7   1   5   0.0145147592
3   7   1   6   -0.0136972400
3   7   2   4   0.0302778360
3   7   3   4   -0.0152058323
3   8   1   4   0.0236030768
3   8   2   5   0.0449618209
3   8   2   6   -0.0351303438
3   8   3   5   -0.0351303438
3   8   3   6   0.0842625243
3   9   1   5   -0.0087497101
3   9   1   6   0.0132413022
3   9   2   4   -0.0185399016
3   9   3   4   0.0174522039
4   6   1   4   0.0016522903
4   6   2   5   -0.0022014414
4   6   2   6   0.0024192640
4   6   3   5   0.0047967525
4   6   3   6   -0.0047189277
4   7   1   4   -0.0215074696
4   7   2   5   0.0042130921
4   7   2   6   -0.0053306034
4   7   3   5   -0.0130203608
4   7   3   6   -0.0068793208
4   8   1   5   -0.0185399016
4   8   1   6   0.0174522039
4   8   2   4   -0.0087497101
4   8   3   4   0.0132413022
4   9   1   4   0.0218415161
4   9   2   5   0.0137549541
4   9   2   6   -0.0214427488
4   9   3   5   -0.0214427488
4   9   3   6   0.0566042970
5   10   1   4   0.0159819663
5   10   2   5   0.0080788190
5   10   2   6   -0.0066067887
5   10   3   5   -0.0066067887
5   10   3   6   0.0086770840

End IJAB Block
Begin IJKL Block
1   6   1   6   4.7389951040
1   6   1   7   0.4316433364
1   6   1   9   0.1398324335
1   6   2   6   0.4316433364
1   6   2   7   0.0617001786
1   6   2   9   0.0170235919
1   6   3   8   0.0172471923
1   6   4   6   0.1398324335
1   6   4   7   0.0170235919
1   6   4   9   0.0274423069
1   6   5   10   0.0272427343
1   7   1   6   0.4316433364
1   7   1   7   1.0467341462
1   7   1   9   0.0884289066
1   7   2   6   0.0638508633
1   7   2   7   0.0146347573
1   7   2   9   0.0078229375
1   7   3   8   -0.0226502036
1   7   4   6   0.0167796696
1   7   4   7   0.0146524379
1   7   4   9   -0.0219119671
1   7   5   10   -0.0288933781
1   8   1   8   0.8792151265
1   8   2   8   0.0066657583
1   8   3   6   0.0197663775
1   8   3   7   -0.0232865402
1   8   3   9   -0.0031076420
1   8   4   8   0.0073514205
1   9   1   6   0.1398324335
1   9   1   7   0.0884289066
1   9   1   9   0.9826165443
1   9   2   6   0.0167796696
1   9   2   7   0.0080561277
1   9   2   9   0.0128635039
1   9   3   8   -0.0029142158
1   9   4   6   0.0299863874
1   9   4   7   -0.0225131529
1   9   4   9   -0.0088109898
1   9   5   10   -0.0090542080
1   10   1   10   1.0352624942
1   10   2   10   0.0114930530
1   10   4   10   0.0045801578
1   10   5   6   0.0299152685
1   10   5   7   -0.0293007731
1   10   5   9   -0.0093711715
2   6   1   6   0.4316433364
2   6   1   7   0.0638508633
2   6   1   9   0.0167796696
2   6   2   6   1.0467341462
2   6   2   7   0.0146347573
2   6   2   9   0.0146524379
2   6   3   8   -0.0226502036
2   6   4   6   0.0884289066
2   6   4   7   0.0078229375
2   6   4   9   -0.0219119671
2   6   5   10   -0.0288933781
2   7   1   6   0.0617001786
2   7   1   7   0.0146347573
2   7   1   9   0.0080561277
2   7   2   6   0.0146347573
2   7   2   7   0.7465904043
2   7   2   9   -0.0167651380
2   7   3   8   0.1462519803
2   7   4   6   0.0080561277
2   7   4   7   -0.0167651380
2   7   4   9   0.1186965402
2   7   5   10   0.1212488391
2   8   1   8   0.0066657583
2   8   2   8   0.6743307274
2   8   3   6   -0.0232865402
2   8   3   7   0.1495779654
2   8   3   9   -0.0153783955
2   8   4   8   -0.0123384033
2   9   1   6   0.0170235919
2   9   1   7   0.0078229375
2   9   1   9   0.0128635039
2   9   2   6   0.0146524379
2   9   2   7   -0.0167651380
2   9   2   9   0.6746403964
2   9   3   8   -0.0157663854
2   9   4   6   -0.0225131529
2   9   4   7   0.1224997959
2   9   4   9   0.0691635125
2   9   5   10   0.0297687651
2   10   1   10   0.0114930530
2   10   2   10   0.7077455700
2   10   4   10   0.0367349258
2   10   5   6   -0.0293007731
2   10   5   7   0.1251534778
2   10   5   9   0.0300346914
3   6   1   8   0.0197663775
3   6   2   8   -0.0232865402
3   6   3   6   0.8792151265
3   6   3   7   0.0066657583
3   6   3   9   0.0073514205
3   6   4   8   -0.0031076420
3   7   1   8   -0.0232865402
3   7   2   8   0.1495779654
3   7   3   6   0.0066657583
3   7   3   7   0.6743307274
3   7   3   9   -0.0123384033
3   7   4   8   -0.0153783955
3   8   1   6   0.0172471923
3   8   1   7   -0.0226502036
3   8   1   9   -0.0029142158
3   8   2   6   -0.0226502036
3   8   2   7   0.1462519803
3   8   2   9   -0.0157663854
3   8   3   8   0.6516364418
3   8   4   6   -0.0029142158
3   8   4   7   -0.0157663854
3   8   4   9   0.0350345347
3   8   5   10   0.0245961145
3   9   1   8   -0.0031076420
3   9   2   8   -0.0153783955
3   9   3   6   0.0073514205
3   9   3   7   -0.0123384033
3   9   3   9   0.5979866988
3   9   4   8   0.0380439251
3   10   3   10   0.6149025856
3   10   5   8   0.0291199123
4   6   1   6   0.1398324335
4   6   1   7   0.0167796696
4   6   1   9   0.0299863874
4   6   2   6   0.0884289066
4   6   2   7   0.0080561277
4   6   2   9   -0.0225131529
4   6   3   8   -0.0029142158
4   6   4   6   0.9826165443
4   6   4   7   0.0128635039
4   6   4   9   -0.0088109898
4   6   5   10   -0.0090542080
4   7   1   6   0.0170235919
4   7   1   7   0.0146524379
4   7   1   9   -0.0225131529
4   7   2   6   0.0078229375
4   7   2   7   -0.0167651380
4   7   2   9   0.1224997959
4   7   3   8   -0.0157663854
4   7   4   6   0.0128635039
4   7   4   7   0.6746403964
4   7   4   9   0.0691635125
4   7   5   10   0.0297687651
4   8   1   8   0.0073514205
4   8   2   8   -0.0123384033
4   8   3   6   -0.0031076420
4   8   3   7   -0.0153783955
4   8   3   9   0.0380439251
4   8   4   8   0.5979866988
4   9   1   6   0.0274423069
4   9   1   7   -0.0219119671
4   9   1   9   -0.0088109898
4   9   2   6   -0.0219119671
4   9   2   7   0.1186965402
4   9   2   9   0.0691635125
4   9   3   8   0.0350345347
4   9   4   6   -0.0088109898
4   9   4   7   0.0691635125
4   9   4   9   0.7119487585
4   9   5   10   0.0366673386
4   10   1   10   0.0045801578
4   10   2   10   0.0367349258
4   10   4   10   0.6544368780
4   10   5   6   -0.0093711715
4   10   5   7   0.0300346914
4   10   5   9   0.0411648761
5   6   1   10   0.0299152685
5   6   2   10   -0.0293007731
5   6   4   10   -0.0093711715
5   6   5   6   1.0352624942
5   6   5   7   0.0114930530
5   6   5   9   0.0045801578
5   7   1   10   -0.0293007731
5   7   2   10   0.1251534778
5   7   4   10   0.0300346914
5   7   5   6   0.0114930530
5   7   5   7   0.7077455700
5   7   5   9   0.0367349258
5   8   3   10   0.0291199123
5   8   5   8   0.6149025856
5   9   1   10   -0.0093711715
5   9   2   10   0.0300346914
5   9   4   10   0.0411648761
5   9   5   6   0.0045801578
5   9   5   7   0.0367349258
5   9   5   9   0.6544368780
5   10   1   6   0.0272427343
5   10   1   7   -0.0288933781
5   10   1   9   -0.0090542080
5   10   2   6   -0.0288933781
5   10   2   7   0.1212488391
5   10   2   9   0.0297687651
5   10   3   8   0.0245961145
5   10   4   6   -0.0090542080
5   10   4   7   0.0297687651
5   10   4   9   0.0366673386
5   10   5   10   0.7412360169

End IJKL Block
Begin ABCD Block
1   4   1   4   0.3009843355
1   4   2   5   0.0739409599
1   4   2   6   0.0024013721
1   4   3   5   0.0024013721
1   4   3   6   0.0138792169
1   5   1   5   0.2890119869
1   5   1   6   -0.0300725763
1   5   2   4   0.0739409599
1   5   3   4   0.0024013721
1   6   1   5   -0.0300725763
1   6   1   6   0.3320306788
1   6   2   4   0.0024013721
1   6   3   4   0.0138792169
2   4   1   5   0.0739409599
2   4   1   6   0.0024013721
2   4   2   4   0.2890119869
2   4   3   4   -0.0300725763
2   5   1   4   0.0739409599
2   5   2   5   0.2954518567
2   5   2   6   -0.0271898590
2   5   3   5   -0.0271898590
2   5   3   6   0.0288322396
2   6   1   4   0.0024013721
2   6   2   5   -0.0271898590
2   6   2   6   0.3221814325
2   6   3   5   0.0288322396
2   6   3   6   -0.0736452048
3   4   1   5   0.0024013721
3   4   1   6   0.0138792169
3   4   2   4   -0.0300725763
3   4   3   4   0.3320306788
3   5   1   4   0.0024013721
3   5   2   5   -0.0271898590
3   5   2   6   0.0288322396
3   5   3   5   0.3221814325
3   5   3   6   -0.0736452048
3   6   1   4   0.0138792169
3   6   2   5   0.0288322396
3   6   2   6   -0.0736452048
3   6   3   5   -0.0736452048
3   6   3   6   0.4928391344

End ABCD Block
Begin AIJB Block
1   6   1   4   0.0100601313
1   6   1   5   0.0000000000
1   6   1   6   0.0000000000
1   6   2   4   -0.0010836945
1   6   3   5   -0.0024334534
1   6   3   6   0.0021004825
1   6   4   4   0.0011562925
1   7   1   4   -0.0010836945
1   7   2   4   0.0330765929
1   7   3   5   0.0110592236
1   7   3   6   -0.0104462537
1   7   4   4   -0.0183560773
1   8   1   5   0.0007492210
1   8   1   6   -0.0027107504
1   8   2   5   0.0283957056
1   8   2   6   -0.0136795891
1   8   3   4   0.0192563254
1   8   4   5   -0.0191640477
1   8   4   6   0.0179599937
1   9   1   4   0.0011562925
1   9   2   4   -0.0183560773
1   9   3   5   -0.0081470943
1   9   3   6   0.0122189463
1   9   4   4   0.0192242725
1   10   5   4   0.0116811584
2   6   1   4   0.0000000000
2   6   1   5   0.0060900877
2   6   1   6   -0.0058383424
2   6   2   5   -0.0052705085
2   6   2   6   0.0049957447
2   6   3   4   0.0007492210
2   6   4   5   -0.0021145499
2   6   4   6   0.0023796458
2   7   1   5   -0.0052705085
2   7   1   6   0.0040657400
2   7   2   5   0.0184624370
2   7   2   6   -0.0155514421
2   7   3   4   0.0283957056
2   7   4   5   0.0039380567
2   7   4   6   -0.0041050866
2   8   1   4   -0.0024334534
2   8   2   4   0.0110592236
2   8   3   5   0.0450506153
2   8   3   6   -0.0372133610
2   8   4   4   -0.0081470943
2   9   1   5   -0.0021145499
2   9   1   6   0.0047048956
2   9   2   5   0.0039380567
2   9   2   6   -0.0123661078
2   9   3   4   -0.0191640477
2   9   4   5   0.0127098145
2   9   4   6   -0.0214812135
2   10   5   5   0.0063352341
2   10   5   6   -0.0061431326
3   6   1   4   0.0000000000
3   6   1   5   -0.0058383424
3   6   1   6   0.0056316824
3   6   2   5   0.0040657400
3   6   2   6   -0.0041297615
3   6   3   4   -0.0027107504
3   6   4   5   0.0047048956
3   6   4   6   -0.0048057049
3   7   1   5   0.0049957447
3   7   1   6   -0.0041297615
3   7   2   5   -0.0155514421
3   7   2   6   0.0391733678
3   7   3   4   -0.0136795891
3   7   4   5   -0.0123661078
3   7   4   6   -0.0071195022
3   8   1   4   0.0021004825
3   8   2   4   -0.0104462537
3   8   3   5   -0.0372133610
3   8   3   6   0.0853722757
3   8   4   4   0.0122189463
3   9   1   5   0.0023796458
3   9   1   6   -0.0048057049
3   9   2   5   -0.0041050866
3   9   2   6   -0.0071195022
3   9   3   4   0.0179599937
3   9   4   5   -0.0214812135
3   9   4   6   0.0574008154
3   10   5   5   -0.0061431326
3   10   5   6   0.0097593681

1   6   6   1   -0.4091520072
1   6   7   1   -0.0017805462
1   6   8   2   0.0049656217
1   6   8   3   -0.0017242464
1   6   9   1   -0.0066455975
1   7   6   1   -0.0017805462
1   7   7   1   -0.3677138079
1   7   8   2   -0.0512335607
1   7   8   3   0.0105018439
1   7   9   1   0.0302458032
1   8   6   2   0.0049972027
1   8   6   3   -0.0018355800
1   8   7   2   -0.0510566407
1   8   7   3   0.0107988772
1   8   8   1   -0.3578140161
1   8   9   2   0.0169481695
1   8   9   3   -0.0096568726
1   9   6   1   -0.0066455975
1   9   7   1   0.0302458032
1   9   8   2   0.0172058266
1   9   8   3   -0.0095917684
1   9   9   1   -0.3412464779
1   10   10   1   -0.3480021806
2   6   6   2   -0.3985276975
2   6   6   3   0.1602490364
2   6   7   2   -0.0020646124
2   6   7   3   0.0024279019
2   6   8   1   0.0049972027
2   6   9   2   -0.0017572688
2   6   9   3   -0.0007593178
2   7   6   2   -0.0020646124
2   7   6   3   0.0024029640
2   7   7   2   -0.3463768050
2   7   7   3   0.1011304401
2   7   8   1   -0.0510566407
2   7   9   2   0.0104000272
2   7   9   3   0.0080219508
2   8   6   1   0.0049656217
2   8   7   1   -0.0512335607
2   8   8   2   -0.3495737230
2   8   8   3   0.0974215012
2   8   9   1   0.0172058266
2   9   6   2   -0.0017572688
2   9   6   3   -0.0006571031
2   9   7   2   0.0104000272
2   9   7   3   0.0077253840
2   9   8   1   0.0169481695
2   9   9   2   -0.3281611899
2   9   9   3   0.0993056934
2   10   10   2   -0.3301657110
2   10   10   3   0.0939055150
3   6   6   2   0.1602490364
3   6   6   3   -0.5595164264
3   6   7   2   0.0024029640
3   6   7   3   -0.0020063992
3   6   8   1   -0.0018355800
3   6   9   2   -0.0006571031
3   6   9   3   -0.0013041903
3   7   6   2   0.0024279019
3   7   6   3   -0.0020063992
3   7   7   2   0.1011304401
3   7   7   3   -0.5123841348
3   7   8   1   0.0107988772
3   7   9   2   0.0077253840
3   7   9   3   0.0265801378
3   8   6   1   -0.0017242464
3   8   7   1   0.0105018439
3   8   8   2   0.0974215012
3   8   8   3   -0.5212534448
3   8   9   1   -0.0095917684
3   9   6   2   -0.0007593178
3   9   6   3   -0.0013041903
3   9   7   2   0.0080219508
3   9   7   3   0.0265801378
3   9   8   1   -0.0096568726
3   9   9   2   0.0993056934
3   9   9   3   -0.4845162329
3   10   10   2   0.0939055150
3   10   10   3   -0.4643320743

End AIJB Block
Begin IJKA Block
1   6   1   4   -0.1446909179
1   6   2   4   -0.0232109721
1   6   3   5   -0.0110549192
1   6   3   6   0.0106412434
1   6   4   4   0.0007986488
1   7   1   4   -0.1733098913
1   7   2   4   -0.0027719892
1   7   3   5   0.0097748632
1   7   3   6   -0.0073920614
1   7   4   4   -0.0091382495
1   8   1   5   -0.1954587213
1   8   1   6   0.1352621169
1   8   2   5   -0.0016951950
1   8   2   6   0.0032437041
1   8   3   4   0.0044218535
1   8   4   5   -0.0002776614
1   8   4   6   -0.0053668467
1   9   1   4   0.0837948610
1   9   2   4   -0.0007031272
1   9   3   5   0.0038358486
1   9   3   6   -0.0087253211
1   9   4   4   0.0034651752
1   10   5   4   0.0076164784
2   6   1   4   -0.0245006573
2   6   2   4   -0.0012427796
2   6   3   5   0.0129808660
2   6   3   6   -0.0121017076
2   6   4   4   -0.0093093684
2   7   1   4   -0.0015966825
2   7   2   4   -0.0980233933
2   7   3   5   -0.0387170845
2   7   3   6   0.0043987858
2   7   4   4   0.0177181721
2   8   1   5   -0.0008038909
2   8   1   6   0.0024980287
2   8   2   5   -0.1103313155
2   8   2   6   0.0275138597
2   8   3   4   -0.0010301699
2   8   4   5   -0.0203052152
2   8   4   6   0.0653776235
2   9   1   4   -0.0009578997
2   9   2   4   0.0514742081
2   9   3   5   -0.0223130628
2   9   3   6   0.0708635142
2   9   4   4   0.0007773443
2   10   5   4   -0.0233127534
3   6   1   5   -0.0121563528
3   6   1   6   0.0117836016
3   6   2   5   0.0131407336
3   6   2   6   -0.0122689561
3   6   3   4   -0.0003681785
3   6   4   5   0.0019715359
3   6   4   6   -0.0026320579
3   7   1   5   0.0100138318
3   7   1   6   -0.0077200276
3   7   2   5   -0.0383150979
3   7   2   6   0.0060097903
3   7   3   4   -0.0697498684
3   7   4   5   -0.0074900036
3   7   4   6   0.0313519153
3   8   1   4   0.0042399385
3   8   2   4   -0.0010712449
3   8   3   5   -0.0949260614
3   8   3   6   0.0081194109
3   8   4   4   -0.0042862393
3   9   1   5   0.0037412340
3   9   1   6   -0.0082988198
3   9   2   5   -0.0212111805
3   9   2   6   0.0671462191
3   9   3   4   0.0317912555
3   9   4   5   -0.0079303476
3   9   4   6   -0.0017643786
3   10   5   5   -0.0114741408
3   10   5   6   0.0123606069
4   6   1   4   0.0012046274
4   6   2   4   -0.0094428871
4   6   3   5   0.0020134432
4   6   3   6   -0.0026473158
4   6   4   4   -0.0072660683
4   7   1   4   -0.0089873423
4   7   2   4   0.0170394119
4   7   3   5   -0.0077171864
4   7   3   6   0.0325139069
4   7   4   4   -0.0683031533
4   8   1   5   -0.0002133316
4   8   1   6   -0.0049907018
4   8   2   5   -0.0197338374
4   8   2   6   0.0628166543
4   8   3   4   -0.0049518646
4   8   4   5   -0.1003296067
4   8   4   6   0.0505067114
4   9   1   4   0.0030199822
4   9   2   4   0.0018903967
4   9   3   5   -0.0063048128
4   9   3   6   -0.0053904848
4   9   4   4   0.0508802465
4   10   5   4   0.0009316591
5   6   5   4   -0.0026106195
5   7   5   4   -0.0898477443
5   8   5   5   -0.1069023262
5   8   5   6   0.0553178879
5   9   5   4   0.0465136853
5   10   1   4   0.0070761849
5   10   2   4   -0.0216253248
5   10   3   5   -0.0108905455
5   10   3   6   0.0124508066
5   10   4   4   0.0011256335

End IJKA Block
Begin IABC Block
1   4   1   4   0.0010140586
1   4   2   5   0.0025751461
1   4   2   6   -0.0009403715
1   4   3   5   -0.0023648555
1   4   3   6   0.0008359827
1   5   1   5   -0.0002876609
1   5   1   6   0.0010273686
1   5   2   4   0.0025815333
1   5   3   4   -0.0023653546
1   6   1   5   0.0010153093
1   6   1   6   -0.0002977746
1   6   2   4   -0.0009557816
1   6   3   4   0.0008142333
2   4   1   4   -0.0178130372
2   4   2   5   0.0011335220
2   4   2   6   0.0003610542
2   4   3   5   -0.0091216744
2   4   3   6   0.0107704332
2   5   1   5   -0.0125148900
2   5   1   6   0.0126173976
2   5   2   4   0.0009426257
2   5   3   4   -0.0087886002
2   6   1   5   0.0123736704
2   6   1   6   -0.0250302092
2   6   2   4   0.0002806354
2   6   3   4   0.0117860506
3   4   1   5   0.0231534810
3   4   1   6   0.0007186479
3   4   2   4   -0.0110298688
3   4   3   4   -0.0169360643
3   5   1   4   0.0226725915
3   5   2   5   -0.0117849259
3   5   2   6   0.0217423161
3   5   3   5   -0.0072442299
3   5   3   6   -0.0030231315
3   6   1   4   0.0000662182
3   6   2   5   0.0215700956
3   6   2   6   -0.0358651315
3   6   3   5   -0.0018789128
3   6   3   6   -0.0515989753
4   4   1   4   0.0015985110
4   4   2   5   -0.0174196363
4   4   2   6   0.0017355192
4   4   3   5   0.0308482594
4   4   3   6   -0.0086115626
4   5   1   5   -0.0026925186
4   5   1   6   -0.0050087558
4   5   2   4   -0.0172775807
4   5   3   4   0.0303148683
4   6   1   5   -0.0041579220
4   6   1   6   0.0053695415
4   6   2   4   0.0021463178
4   6   3   4   -0.0095482660

End IABC Block
