Begin IJ Block
1   1   -1.6214594255
1   2   0.0000000000
1   3   -0.0967905942
2   2   -1.4797854068
2   3   -0.0000000000
3   3   -1.4443023922

End IJ Block
Begin IA Block
1   1   -0.0000000000
1   2   0.0556972116
1   3   0.0000000000
1   4   0.1004737286
1   6   0.0434139392
2   1   -0.1330344000
2   2   -0.0000000000
2   3   -0.0558238060
2   4   -0.0000000000
2   5   0.0804032100
3   1   -0.0000000000
3   2   -0.1242564378
3   3   0.0000000000
3   4   -0.0088048995
3   5   0.0000000000
3   6   0.0813061842

End IA Block
Begin AB Block
1   1   -1.3424136992
1   2   -0.0000000000
1   3   0.1539503202
1   4   0.0000000000
1   5   -0.0207756765
1   6   -0.0000000000
2   2   -1.1840140659
2   3   -0.0000000000
2   4   0.0616085201
2   5   -0.0000000000
2   6   -0.1532396000
3   3   -1.1312289996
3   4   -0.0000000000
3   5   -0.1660054619
3   6   -0.0000000000
4   4   -0.8330689945
4   5   0.0000000000
4   6   -0.1034633961
5   5   -0.7610481135
5   6   -0.0000000000
6   6   -0.7305765938

End AB Block
Begin IJAB Block
1   4   1   7   0.0580181942
1   4   1   9   -0.0232342418
1   4   1   10   -0.0000000000
1   4   1   11   -0.0094753139
1   4   2   8   0.0370873060
1   4   2   10   -0.0023541951
1   4   2   12   0.0091382057
1   4   3   7   -0.0232342418
1   4   3   9   0.0462294390
1   4   3   10   0.0000000000
1   4   3   11   0.0145488108
1   4   4   7   -0.0000000000
1   4   4   8   -0.0023541951
1   4   4   9   0.0000000000
1   4   4   10   0.0127590741
1   4   4   11   -0.0000000000
1   4   4   12   0.0049517592
1   4   5   7   -0.0094753139
1   4   5   9   0.0145488108
1   4   5   10   -0.0000000000
1   4   5   11   0.0122837337
1   4   5   12   0.0000000000
1   4   6   8   0.0091382057
1   4   6   10   0.0049517592
1   4   6   11   0.0000000000
1   4   6   12   0.0125790541
1   5   1   8   -0.0384464135
1   5   1   10   -0.0024585915
1   5   1   11   -0.0000000000
1   5   1   12   -0.0209675511
1   5   2   7   -0.0232151393
1   5   2   9   -0.0308169807
1   5   2   11   -0.0087232655
1   5   2   12   -0.0000000000
1   5   3   8   -0.0186566744
1   5   3   9   0.0000000000
1   5   3   10   -0.0010345660
1   5   3   11   -0.0000000000
1   5   3   12   0.0000364733
1   5   4   7   -0.0041375160
1   5   4   9   -0.0004168306
1   5   4   10   -0.0000000000
1   5   4   11   0.0089259930
1   5   4   12   0.0000000000
1   5   5   7   -0.0000000000
1   5   5   8   -0.0057881404
1   5   5   10   0.0081022160
1   5   5   11   -0.0000000000
1   5   5   12   -0.0054354810
1   5   6   7   -0.0210676344
1   5   6   8   -0.0000000000
1   5   6   9   -0.0040875832
1   5   6   10   0.0000000000
1   5   6   11   -0.0057863646
1   5   6   12   -0.0000000000
1   6   1   7   0.0093066637
1   6   1   9   -0.0503163565
1   6   1   11   -0.0232575717
1   6   2   8   -0.0161006797
1   6   2   10   -0.0056008185
1   6   2   11   -0.0000000000
1   6   2   12   -0.0097607060
1   6   3   7   -0.0275685046
1   6   3   8   0.0000000000
1   6   3   9   0.0152500186
1   6   3   10   0.0000000000
1   6   3   11   0.0114668411
1   6   3   12   -0.0000000000
1   6   4   8   -0.0069579987
1   6   4   9   0.0000000000
1   6   4   10   0.0021684538
1   6   4   11   0.0000000000
1   6   4   12   0.0086697924
1   6   5   7   -0.0212482510
1   6   5   9   0.0110539361
1   6   5   10   0.0000000000
1   6   5   11   -0.0031621417
1   6   6   8   -0.0169046424
1   6   6   10   0.0082691460
1   6   6   12   -0.0051798857
2   4   1   8   -0.0232151393
2   4   1   10   -0.0041375160
2   4   1   11   -0.0000000000
2   4   1   12   -0.0210676344
2   4   2   7   -0.0384464135
2   4   2   9   -0.0186566744
2   4   2   11   -0.0057881404
2   4   2   12   -0.0000000000
2   4   3   8   -0.0308169807
2   4   3   9   0.0000000000
2   4   3   10   -0.0004168306
2   4   3   12   -0.0040875832
2   4   4   7   -0.0024585915
2   4   4   9   -0.0010345660
2   4   4   10   -0.0000000000
2   4   4   11   0.0081022160
2   4   4   12   0.0000000000
2   4   5   7   -0.0000000000
2   4   5   8   -0.0087232655
2   4   5   9   -0.0000000000
2   4   5   10   0.0089259930
2   4   5   11   -0.0000000000
2   4   5   12   -0.0057863646
2   4   6   7   -0.0209675511
2   4   6   8   -0.0000000000
2   4   6   9   0.0000364733
2   4   6   10   0.0000000000
2   4   6   11   -0.0054354810
2   4   6   12   -0.0000000000
2   5   1   7   0.0559340952
2   5   1   9   0.0127811148
2   5   1   11   0.0138407383
2   5   2   8   0.0594357770
2   5   2   9   -0.0000000000
2   5   2   10   0.0010026445
2   5   2   11   0.0000000000
2   5   2   12   0.0233794265
2   5   3   7   0.0127811148
2   5   3   8   -0.0000000000
2   5   3   9   0.0316565099
2   5   3   10   -0.0000000000
2   5   3   11   0.0025525426
2   5   3   12   0.0000000000
2   5   4   8   0.0010026445
2   5   4   9   -0.0000000000
2   5   4   10   0.0105553074
2   5   4   11   -0.0000000000
2   5   4   12   -0.0056223270
2   5   5   7   0.0138407383
2   5   5   8   0.0000000000
2   5   5   9   0.0025525426
2   5   5   10   -0.0000000000
2   5   5   11   0.0155517296
2   5   5   12   0.0000000000
2   5   6   8   0.0233794265
2   5   6   9   0.0000000000
2   5   6   10   -0.0056223270
2   5   6   11   0.0000000000
2   5   6   12   0.0179005238
2   6   1   8   0.0514611724
2   6   1   10   -0.0135165238
2   6   1   12   0.0187259870
2   6   2   7   0.0237752535
2   6   2   9   0.0321681785
2   6   2   10   -0.0000000000
2   6   2   11   0.0137865363
2   6   2   12   0.0000000000
2   6   3   8   0.0143859448
2   6   3   9   -0.0000000000
2   6   3   10   0.0071197274
2   6   3   11   0.0000000000
2   6   3   12   0.0031008237
2   6   4   7   -0.0131528116
2   6   4   8   -0.0000000000
2   6   4   9   0.0065198099
2   6   4   10   0.0000000000
2   6   4   11   -0.0086054240
2   6   4   12   -0.0000000000
2   6   5   8   0.0112458537
2   6   5   9   0.0000000000
2   6   5   10   -0.0077942208
2   6   5   11   0.0000000000
2   6   5   12   0.0141742901
2   6   6   7   0.0175697656
2   6   6   9   0.0099951547
2   6   6   11   0.0145919937
2   6   6   12   0.0000000000
3   4   1   7   0.0093066637
3   4   1   9   -0.0275685046
3   4   1   11   -0.0212482510
3   4   2   8   -0.0161006797
3   4   2   9   0.0000000000
3   4   2   10   -0.0069579987
3   4   2   12   -0.0169046424
3   4   3   7   -0.0503163565
3   4   3   9   0.0152500186
3   4   3   10   0.0000000000
3   4   3   11   0.0110539361
3   4   4   8   -0.0056008185
3   4   4   9   0.0000000000
3   4   4   10   0.0021684538
3   4   4   11   0.0000000000
3   4   4   12   0.0082691460
3   4   5   7   -0.0232575717
3   4   5   8   -0.0000000000
3   4   5   9   0.0114668411
3   4   5   10   0.0000000000
3   4   5   11   -0.0031621417
3   4   6   8   -0.0097607060
3   4   6   9   -0.0000000000
3   4   6   10   0.0086697924
3   4   6   12   -0.0051798857
3   5   1   8   0.0237752535
3   5   1   10   -0.0131528116
3   5   1   12   0.0175697656
3   5   2   7   0.0514611724
3   5   2   9   0.0143859448
3   5   2   10   -0.0000000000
3   5   2   11   0.0112458537
3   5   3   8   0.0321681785
3   5   3   9   -0.0000000000
3   5   3   10   0.0065198099
3   5   3   11   0.0000000000
3   5   3   12   0.0099951547
3   5   4   7   -0.0135165238
3   5   4   8   -0.0000000000
3   5   4   9   0.0071197274
3   5   4   10   0.0000000000
3   5   4   11   -0.0077942208
3   5   5   8   0.0137865363
3   5   5   9   0.0000000000
3   5   5   10   -0.0086054240
3   5   5   11   0.0000000000
3   5   5   12   0.0145919937
3   5   6   7   0.0187259870
3   5   6   8   0.0000000000
3   5   6   9   0.0031008237
3   5   6   10   -0.0000000000
3   5   6   11   0.0141742901
3   5   6   12   0.0000000000
3   6   1   7   0.0665731714
3   6   1   9   -0.0166525062
3   6   1   10   -0.0000000000
3   6   1   11   0.0092615327
3   6   2   8   0.0509312329
3   6   2   10   -0.0133802165
3   6   2   11   0.0000000000
3   6   2   12   0.0118580549
3   6   3   7   -0.0166525062
3   6   3   9   0.0462196841
3   6   3   10   -0.0000000000
3   6   3   11   0.0132397561
3   6   4   7   -0.0000000000
3   6   4   8   -0.0133802165
3   6   4   9   -0.0000000000
3   6   4   10   0.0137228240
3   6   4   11   -0.0000000000
3   6   4   12   -0.0048699244
3   6   5   7   0.0092615327
3   6   5   8   0.0000000000
3   6   5   9   0.0132397561
3   6   5   10   -0.0000000000
3   6   5   11   0.0189421020
3   6   5   12   0.0000000000
3   6   6   8   0.0118580549
3   6   6   10   -0.0048699244
3   6   6   11   0.0000000000
3   6   6   12   0.0155924140

End IJAB Block
Begin IJKL Block
1   4   1   4   0.2925834010
1   4   1   6   0.0546172864
1   4   2   5   0.0943895906
1   4   3   4   0.0546172864
1   4   3   6   0.0781450892
1   5   1   5   0.2320300177
1   5   2   4   0.0950311324
1   5   2   6   -0.0768186527
1   5   3   5   -0.0281221663
1   6   1   4   0.0546172864
1   6   1   6   0.2541651374
1   6   2   5   -0.0771751599
1   6   3   4   0.0791593462
1   6   3   6   0.0228079950
2   4   1   5   0.0950311324
2   4   2   4   0.2320300177
2   4   2   6   -0.0281221663
2   4   3   5   -0.0768186527
2   5   1   4   0.0943895906
2   5   1   6   -0.0771751599
2   5   2   5   0.2598567849
2   5   3   4   -0.0771751599
2   5   3   6   0.0877071861
2   6   1   5   -0.0768186527
2   6   2   4   -0.0281221663
2   6   2   6   0.2312550771
2   6   3   5   0.0888709786
3   4   1   4   0.0546172864
3   4   1   6   0.0791593462
3   4   2   5   -0.0771751599
3   4   3   4   0.2541651374
3   4   3   6   0.0228079950
3   5   1   5   -0.0281221663
3   5   2   4   -0.0768186527
3   5   2   6   0.0888709786
3   5   3   5   0.2312550771
3   6   1   4   0.0781450892
3   6   1   6   0.0228079950
3   6   2   5   0.0877071861
3   6   3   4   0.0228079950
3   6   3   6   0.2491202500

End IJKL Block
Begin ABCD Block
1   7   1   7   0.2404985331
1   7   1   8   0.0000000000
1   7   1   9   -0.0304646763
1   7   1   10   -0.0000000000
1   7   1   11   0.0053620523
1   7   1   12   0.0000000000
1   7   2   7   0.0000000000
1   7   2   8   0.0760718388
1   7   2   9   0.0000000000
1   7   2   10   -0.0100098427
1   7   2   11   0.0000000000
1   7   2   12   0.0229685785
1   7   3   7   -0.0304646763
1   7   3   8   0.0000000000
1   7   3   9   0.0561284982
1   7   3   10   -0.0000000000
1   7   3   11   0.0214799946
1   7   3   12   0.0000000000
1   7   4   7   -0.0000000000
1   7   4   8   -0.0100098427
1   7   4   9   -0.0000000000
1   7   4   10   0.0098493236
1   7   4   11   -0.0000000000
1   7   4   12   -0.0034285243
1   7   5   7   0.0053620523
1   7   5   8   0.0000000000
1   7   5   9   0.0214799946
1   7   5   10   -0.0000000000
1   7   5   11   0.0205225573
1   7   5   12   0.0000000000
1   7   6   7   0.0000000000
1   7   6   8   0.0229685785
1   7   6   9   0.0000000000
1   7   6   10   -0.0034285243
1   7   6   11   0.0000000000
1   7   6   12   0.0195679333
1   8   1   7   0.0000000000
1   8   1   8   0.2180213392
1   8   1   10   -0.0139160530
1   8   1   11   0.0000000000
1   8   1   12   0.0282704966
1   8   2   7   0.0764372728
1   8   2   8   0.0000000000
1   8   2   9   0.0616536007
1   8   2   10   -0.0000000000
1   8   2   11   0.0193156082
1   8   2   12   0.0000000000
1   8   3   7   0.0000000000
1   8   3   8   0.0029972816
1   8   3   10   0.0067499794
1   8   3   11   0.0000000000
1   8   3   12   0.0004025568
1   8   4   7   -0.0100139700
1   8   4   8   -0.0000000000
1   8   4   9   -0.0010644173
1   8   4   10   0.0000000000
1   8   4   11   -0.0070400837
1   8   4   12   -0.0000000000
1   8   5   7   0.0000000000
1   8   5   8   0.0145441807
1   8   5   9   0.0000000000
1   8   5   10   -0.0047918736
1   8   5   11   0.0000000000
1   8   5   12   0.0109342533
1   8   6   7   0.0230706460
1   8   6   8   0.0000000000
1   8   6   9   0.0184361711
1   8   6   10   -0.0000000000
1   8   6   11   0.0142793521
1   8   6   12   0.0000000000
1   9   1   7   -0.0304646763
1   9   1   9   0.2268728080
1   9   1   10   0.0000000000
1   9   1   11   0.0317825135
1   9   1   12   0.0000000000
1   9   2   7   0.0000000000
1   9   2   8   0.0617415481
1   9   2   9   -0.0000000000
1   9   2   10   0.0115976101
1   9   2   11   0.0000000000
1   9   2   12   -0.0065192924
1   9   3   7   0.0564575117
1   9   3   9   -0.0412151069
1   9   3   10   -0.0000000000
1   9   3   11   -0.0233444317
1   9   3   12   0.0000000000
1   9   4   7   -0.0000000000
1   9   4   8   -0.0010743441
1   9   4   9   0.0000000000
1   9   4   10   -0.0029150952
1   9   4   11   -0.0000000000
1   9   4   12   -0.0050127227
1   9   5   7   0.0215636454
1   9   5   8   0.0000000000
1   9   5   9   -0.0090821389
1   9   5   10   -0.0000000000
1   9   5   11   -0.0034960634
1   9   5   12   0.0000000000
1   9   6   7   0.0000000000
1   9   6   8   0.0184474733
1   9   6   9   -0.0000000000
1   9   6   10   -0.0040280768
1   9   6   11   0.0000000000
1   9   6   12   0.0015969533
1   10   1   7   -0.0000000000
1   10   1   8   -0.0139160530
1   10   1   9   0.0000000000
1   10   1   10   0.1848457483
1   10   1   11   -0.0000000000
1   10   1   12   0.0129970706
1   10   2   7   -0.0100139700
1   10   2   8   -0.0000000000
1   10   2   9   0.0116186773
1   10   2   10   0.0000000000
1   10   2   11   -0.0537145691
1   10   2   12   -0.0000000000
1   10   3   7   -0.0000000000
1   10   3   8   0.0067590498
1   10   3   9   -0.0000000000
1   10   3   10   -0.0232474010
1   10   3   11   -0.0000000000
1   10   3   12   -0.0331320382
1   10   4   7   0.0099476628
1   10   4   8   0.0000000000
1   10   4   9   -0.0028837507
1   10   4   10   -0.0000000000
1   10   4   11   0.0054500946
1   10   4   12   0.0000000000
1   10   5   7   -0.0000000000
1   10   5   8   -0.0047993756
1   10   5   9   -0.0000000000
1   10   5   10   0.0022449680
1   10   5   11   -0.0000000000
1   10   5   12   -0.0129154103
1   10   6   7   -0.0033853776
1   10   6   8   -0.0000000000
1   10   6   9   -0.0039990120
1   10   6   10   0.0000000000
1   10   6   11   -0.0147604172
1   10   6   12   -0.0000000000
1   11   1   7   0.0053620523
1   11   1   8   0.0000000000
1   11   1   9   0.0317825135
1   11   1   10   -0.0000000000
1   11   1   11   0.1823533101
1   11   1   12   0.0000000000
1   11   2   7   0.0000000000
1   11   2   8   0.0193134833
1   11   2   9   0.0000000000
1   11   2   10   -0.0537120729
1   11   2   11   0.0000000000
1   11   2   12   0.0480999029
1   11   3   7   0.0215636454
1   11   3   8   0.0000000000
1   11   3   9   -0.0233710808
1   11   3   10   -0.0000000000
1   11   3   11   0.0008410324
1   11   3   12   0.0000000000
1   11   4   7   -0.0000000000
1   11   4   8   -0.0070425011
1   11   4   9   -0.0000000000
1   11   4   10   0.0054287447
1   11   4   11   -0.0000000000
1   11   4   12   -0.0080497802
1   11   5   7   0.0206646276
1   11   5   8   0.0000000000
1   11   5   9   -0.0034926180
1   11   5   10   -0.0000000000
1   11   5   11   0.0130472780
1   11   5   12   0.0000000000
1   11   6   7   0.0000000000
1   11   6   8   0.0142825575
1   11   6   9   0.0000000000
1   11   6   10   -0.0147768030
1   11   6   11   0.0000000000
1   11   6   12   0.0101028184
1   12   1   7   0.0000000000
1   12   1   8   0.0282704966
1   12   1   9   0.0000000000
1   12   1   10   0.0129970706
1   12   1   11   0.0000000000
1   12   1   12   0.1816629812
1   12   2   7   0.0230706460
1   12   2   8   0.0000000000
1   12   2   9   -0.0065017971
1   12   2   10   -0.0000000000
1   12   2   11   0.0481086674
1   12   3   7   0.0000000000
1   12   3   8   0.0004297553
1   12   3   9   0.0000000000
1   12   3   10   -0.0331201459
1   12   3   11   0.0000000000
1   12   3   12   -0.0049938897
1   12   4   7   -0.0033853776
1   12   4   8   -0.0000000000
1   12   4   9   -0.0049698778
1   12   4   10   0.0000000000
1   12   4   11   -0.0080367838
1   12   4   12   0.0000000000
1   12   5   7   0.0000000000
1   12   5   8   0.0109431491
1   12   5   9   0.0000000000
1   12   5   10   -0.0129187839
1   12   5   11   0.0000000000
1   12   5   12   0.0087324182
1   12   6   7   0.0197911410
1   12   6   8   0.0000000000
1   12   6   9   0.0016447977
1   12   6   10   -0.0000000000
1   12   6   11   0.0101457281
1   12   6   12   0.0000000000
2   7   1   7   0.0000000000
2   7   1   8   0.0764372728
2   7   1   9   0.0000000000
2   7   1   10   -0.0100139700
2   7   1   11   0.0000000000
2   7   1   12   0.0230706460
2   7   2   7   0.2180213392
2   7   2   8   0.0000000000
2   7   2   9   0.0029972816
2   7   2   10   -0.0000000000
2   7   2   11   0.0145441807
2   7   2   12   0.0000000000
2   7   3   8   0.0616536007
2   7   3   10   -0.0010644173
2   7   3   11   0.0000000000
2   7   3   12   0.0184361711
2   7   4   7   -0.0139160530
2   7   4   8   -0.0000000000
2   7   4   9   0.0067499794
2   7   4   10   0.0000000000
2   7   4   11   -0.0047918736
2   7   4   12   -0.0000000000
2   7   5   7   0.0000000000
2   7   5   8   0.0193156082
2   7   5   9   0.0000000000
2   7   5   10   -0.0070400837
2   7   5   11   0.0000000000
2   7   5   12   0.0142793521
2   7   6   7   0.0282704966
2   7   6   8   0.0000000000
2   7   6   9   0.0004025568
2   7   6   10   -0.0000000000
2   7   6   11   0.0109342533
2   7   6   12   0.0000000000
2   8   1   7   0.0760718388
2   8   1   8   0.0000000000
2   8   1   9   0.0617415481
2   8   1   10   -0.0000000000
2   8   1   11   0.0193134833
2   8   1   12   0.0000000000
2   8   2   7   0.0000000000
2   8   2   8   0.2241905117
2   8   2   9   0.0000000000
2   8   2   10   -0.0068612184
2   8   2   11   0.0000000000
2   8   2   12   0.0285542520
2   8   3   7   0.0617415481
2   8   3   8   0.0000000000
2   8   3   9   0.0635596283
2   8   3   10   -0.0000000000
2   8   3   11   0.0142848973
2   8   3   12   0.0000000000
2   8   4   7   -0.0000000000
2   8   4   8   -0.0068612184
2   8   4   9   -0.0000000000
2   8   4   10   0.0073833136
2   8   4   11   -0.0000000000
2   8   4   12   -0.0046967068
2   8   5   7   0.0193134833
2   8   5   8   0.0000000000
2   8   5   9   0.0142848973
2   8   5   10   -0.0000000000
2   8   5   11   0.0146734806
2   8   5   12   0.0000000000
2   8   6   7   0.0000000000
2   8   6   8   0.0285542520
2   8   6   9   0.0000000000
2   8   6   10   -0.0046967068
2   8   6   11   0.0000000000
2   8   6   12   0.0165023184
2   9   1   7   0.0000000000
2   9   1   8   0.0616536007
2   9   1   9   -0.0000000000
2   9   1   10   0.0116186773
2   9   1   11   0.0000000000
2   9   1   12   -0.0065017971
2   9   2   7   0.0029972816
2   9   2   8   0.0000000000
2   9   2   9   0.2073161716
2   9   2   10   -0.0000000000
2   9   2   11   0.0177173094
2   9   2   12   0.0000000000
2   9   3   8   0.0636331350
2   9   3   10   0.0080931749
2   9   3   11   0.0000000000
2   9   3   12   -0.0102080280
2   9   4   7   0.0067590498
2   9   4   9   -0.0084810815
2   9   4   10   -0.0000000000
2   9   4   11   -0.0071616408
2   9   4   12   -0.0000000000
2   9   5   7   0.0000000000
2   9   5   8   0.0142790648
2   9   5   9   -0.0000000000
2   9   5   10   -0.0031438769
2   9   5   11   0.0000000000
2   9   5   12   0.0030566622
2   9   6   7   0.0004297553
2   9   6   8   0.0000000000
2   9   6   9   0.0188123860
2   9   6   10   -0.0000000000
2   9   6   11   0.0079220119
2   9   6   12   0.0000000000
2   10   1   7   -0.0100098427
2   10   1   8   -0.0000000000
2   10   1   9   0.0115976101
2   10   1   10   0.0000000000
2   10   1   11   -0.0537120729
2   10   1   12   -0.0000000000
2   10   2   7   -0.0000000000
2   10   2   8   -0.0068612184
2   10   2   9   -0.0000000000
2   10   2   10   0.1725590689
2   10   2   11   -0.0000000000
2   10   2   12   -0.0011513935
2   10   3   7   -0.0010743441
2   10   3   9   0.0081023092
2   10   3   10   0.0000000000
2   10   3   11   -0.0495710586
2   10   3   12   -0.0000000000
2   10   4   7   0.0000000000
2   10   4   8   0.0074503094
2   10   4   10   -0.0087743586
2   10   4   11   0.0000000000
2   10   4   12   -0.0015197394
2   10   5   7   -0.0070425011
2   10   5   8   -0.0000000000
2   10   5   9   -0.0031582785
2   10   5   10   0.0000000001
2   10   5   11   -0.0149760181
2   10   5   12   -0.0000000000
2   10   6   7   -0.0000000000
2   10   6   8   -0.0046612824
2   10   6   9   -0.0000000000
2   10   6   10   0.0154529884
2   10   6   11   -0.0000000001
2   10   6   12   0.0027041708
2   11   1   7   0.0000000000
2   11   1   8   0.0193156082
2   11   1   9   0.0000000000
2   11   1   10   -0.0537145691
2   11   1   11   0.0000000000
2   11   1   12   0.0481086674
2   11   2   7   0.0145441807
2   11   2   8   0.0000000000
2   11   2   9   0.0177173094
2   11   2   10   -0.0000000000
2   11   2   11   0.1786946064
2   11   2   12   0.0000000000
2   11   3   7   0.0000000000
2   11   3   8   0.0142790648
2   11   3   9   0.0000000000
2   11   3   10   -0.0495646533
2   11   3   11   0.0000000000
2   11   3   12   0.0374368266
2   11   4   7   -0.0047993756
2   11   4   8   -0.0000000000
2   11   4   9   -0.0071683059
2   11   4   10   0.0000000000
2   11   4   11   -0.0092262493
2   11   4   12   -0.0000000000
2   11   5   7   0.0000000000
2   11   5   8   0.0147301157
2   11   5   9   0.0000000000
2   11   5   10   -0.0149780331
2   11   5   11   0.0000000001
2   11   5   12   0.0098779796
2   11   6   7   0.0109431491
2   11   6   8   0.0000000000
2   11   6   9   0.0079212661
2   11   6   10   -0.0000000001
2   11   6   11   0.0153746569
2   11   6   12   0.0000000000
2   12   1   7   0.0229685785
2   12   1   8   0.0000000000
2   12   1   9   -0.0065192924
2   12   1   10   -0.0000000000
2   12   1   11   0.0480999029
2   12   2   7   0.0000000000
2   12   2   8   0.0285542520
2   12   2   9   0.0000000000
2   12   2   10   -0.0011513935
2   12   2   11   0.0000000000
2   12   2   12   0.1758128275
2   12   3   7   0.0184474733
2   12   3   8   0.0000000000
2   12   3   9   -0.0101945191
2   12   3   10   -0.0000000000
2   12   3   11   0.0374353614
2   12   4   7   -0.0000000000
2   12   4   8   -0.0046612824
2   12   4   9   -0.0000000000
2   12   4   10   -0.0015362021
2   12   4   11   -0.0000000000
2   12   4   12   -0.0062432124
2   12   5   7   0.0142825575
2   12   5   8   0.0000000000
2   12   5   9   0.0030523611
2   12   5   10   -0.0000000000
2   12   5   11   0.0098638658
2   12   5   12   0.0000000000
2   12   6   7   0.0000000000
2   12   6   8   0.0166242819
2   12   6   9   0.0000000000
2   12   6   10   0.0026789816
2   12   6   11   0.0000000000
2   12   6   12   0.0145322829
3   7   1   7   -0.0304646763
3   7   1   8   0.0000000000
3   7   1   9   0.0564575117
3   7   1   10   -0.0000000000
3   7   1   11   0.0215636454
3   7   1   12   0.0000000000
3   7   2   8   0.0617415481
3   7   2   10   -0.0010743441
3   7   2   11   0.0000000000
3   7   2   12   0.0184474733
3   7   3   7   0.2268728080
3   7   3   8   -0.0000000000
3   7   3   9   -0.0412151069
3   7   3   10   0.0000000000
3   7   3   11   -0.0090821389
3   7   3   12   -0.0000000000
3   7   4   7   0.0000000000
3   7   4   8   0.0115976101
3   7   4   9   -0.0000000000
3   7   4   10   -0.0029150952
3   7   4   11   -0.0000000000
3   7   4   12   -0.0040280768
3   7   5   7   0.0317825135
3   7   5   8   0.0000000000
3   7   5   9   -0.0233444317
3   7   5   10   -0.0000000000
3   7   5   11   -0.0034960634
3   7   5   12   0.0000000000
3   7   6   7   0.0000000000
3   7   6   8   -0.0065192924
3   7   6   9   0.0000000000
3   7   6   10   -0.0050127227
3   7   6   11   0.0000000000
3   7   6   12   0.0015969533
3   8   1   7   0.0000000000
3   8   1   8   0.0029972816
3   8   1   10   0.0067590498
3   8   1   11   0.0000000000
3   8   1   12   0.0004297553
3   8   2   7   0.0616536007
3   8   2   8   0.0000000000
3   8   2   9   0.0636331350
3   8   2   11   0.0142790648
3   8   2   12   0.0000000000
3   8   3   7   -0.0000000000
3   8   3   8   0.2073161716
3   8   3   10   -0.0084810815
3   8   3   11   -0.0000000000
3   8   3   12   0.0188123860
3   8   4   7   0.0116186773
3   8   4   8   -0.0000000000
3   8   4   9   0.0080931749
3   8   4   10   -0.0000000000
3   8   4   11   -0.0031438769
3   8   4   12   -0.0000000000
3   8   5   7   0.0000000000
3   8   5   8   0.0177173094
3   8   5   9   0.0000000000
3   8   5   10   -0.0071616408
3   8   5   11   0.0000000000
3   8   5   12   0.0079220119
3   8   6   7   -0.0065017971
3   8   6   8   0.0000000000
3   8   6   9   -0.0102080280
3   8   6   10   -0.0000000000
3   8   6   11   0.0030566622
3   8   6   12   0.0000000000
3   9   1   7   0.0561284982
3   9   1   9   -0.0412151069
3   9   1   10   -0.0000000000
3   9   1   11   -0.0233710808
3   9   1   12   0.0000000000
3   9   2   8   0.0635596283
3   9   2   10   0.0081023092
3   9   2   11   0.0000000000
3   9   2   12   -0.0101945191
3   9   3   7   -0.0412151069
3   9   3   9   0.2327096943
3   9   3   10   -0.0000000000
3   9   3   11   0.0317031912
3   9   3   12   -0.0000000000
3   9   4   7   -0.0000000000
3   9   4   8   0.0081023092
3   9   4   9   -0.0000000000
3   9   4   10   0.0091911148
3   9   4   11   -0.0000000000
3   9   4   12   -0.0005603144
3   9   5   7   -0.0233710808
3   9   5   8   0.0000000000
3   9   5   9   0.0317031912
3   9   5   10   -0.0000000000
3   9   5   11   0.0163776046
3   9   5   12   0.0000000000
3   9   6   7   0.0000000000
3   9   6   8   -0.0101945191
3   9   6   9   -0.0000000000
3   9   6   10   -0.0005603144
3   9   6   11   0.0000000000
3   9   6   12   0.0121396677
3   10   1   7   -0.0000000000
3   10   1   8   0.0067499794
3   10   1   9   -0.0000000000
3   10   1   10   -0.0232474010
3   10   1   11   -0.0000000000
3   10   1   12   -0.0331201459
3   10   2   7   -0.0010644173
3   10   2   8   -0.0000000000
3   10   2   9   0.0080931749
3   10   2   10   0.0000000000
3   10   2   11   -0.0495646533
3   10   2   12   -0.0000000000
3   10   3   7   0.0000000000
3   10   3   8   -0.0084810815
3   10   3   9   -0.0000000000
3   10   3   10   0.1815573550
3   10   3   11   0.0000000000
3   10   3   12   0.0224523005
3   10   4   7   -0.0028837507
3   10   4   9   0.0092060117
3   10   4   10   -0.0000000000
3   10   4   11   -0.0062584337
3   10   4   12   0.0000000000
3   10   5   7   -0.0000000000
3   10   5   8   -0.0071683059
3   10   5   9   -0.0000000000
3   10   5   10   0.0190222008
3   10   5   11   -0.0000000001
3   10   5   12   0.0138020351
3   10   6   7   -0.0049698778
3   10   6   8   -0.0000000000
3   10   6   9   -0.0005623856
3   10   6   10   0.0000000001
3   10   6   11   0.0116343051
3   10   6   12   -0.0000000001
3   11   1   7   0.0214799946
3   11   1   8   0.0000000000
3   11   1   9   -0.0233444317
3   11   1   10   -0.0000000000
3   11   1   11   0.0008410324
3   11   1   12   0.0000000000
3   11   2   7   0.0000000000
3   11   2   8   0.0142848973
3   11   2   9   0.0000000000
3   11   2   10   -0.0495710586
3   11   2   11   0.0000000000
3   11   2   12   0.0374353614
3   11   3   7   -0.0090821389
3   11   3   8   -0.0000000000
3   11   3   9   0.0317031912
3   11   3   10   0.0000000000
3   11   3   11   0.1696906661
3   11   3   12   -0.0000000000
3   11   4   7   -0.0000000000
3   11   4   8   -0.0031582785
3   11   4   9   -0.0000000000
3   11   4   10   -0.0062609873
3   11   4   11   -0.0000000000
3   11   4   12   0.0100820453
3   11   5   7   -0.0034926180
3   11   5   8   0.0000000000
3   11   5   9   0.0164034497
3   11   5   10   -0.0000000001
3   11   5   11   0.0110766029
3   11   5   12   0.0000000000
3   11   6   7   0.0000000000
3   11   6   8   0.0030523611
3   11   6   9   0.0000000000
3   11   6   10   0.0116321670
3   11   6   11   0.0000000001
3   11   6   12   -0.0108980606
3   12   1   7   0.0000000000
3   12   1   8   0.0004025568
3   12   1   9   0.0000000000
3   12   1   10   -0.0331320382
3   12   1   11   0.0000000000
3   12   1   12   -0.0049938897
3   12   2   7   0.0184361711
3   12   2   8   0.0000000000
3   12   2   9   -0.0102080280
3   12   2   10   -0.0000000000
3   12   2   11   0.0374368266
3   12   3   7   -0.0000000000
3   12   3   8   0.0188123860
3   12   3   9   -0.0000000000
3   12   3   10   0.0224523005
3   12   3   11   -0.0000000000
3   12   3   12   0.1720504941
3   12   4   7   -0.0039990120
3   12   4   8   -0.0000000000
3   12   4   9   -0.0005623856
3   12   4   10   0.0000000000
3   12   4   11   0.0100812227
3   12   4   12   -0.0000000000
3   12   5   7   0.0000000000
3   12   5   8   0.0079212661
3   12   5   9   0.0000000000
3   12   5   10   0.0137985401
3   12   5   11   0.0000000000
3   12   5   12   0.0105292875
3   12   6   7   0.0016447977
3   12   6   8   0.0000000000
3   12   6   9   0.0121382069
3   12   6   10   -0.0000000001
3   12   6   11   -0.0108864592
3   12   6   12   -0.0000000000
4   7   1   7   -0.0000000000
4   7   1   8   -0.0100139700
4   7   1   9   -0.0000000000
4   7   1   10   0.0099476628
4   7   1   11   -0.0000000000
4   7   1   12   -0.0033853776
4   7   2   7   -0.0139160530
4   7   2   8   -0.0000000000
4   7   2   9   0.0067590498
4   7   2   10   0.0000000000
4   7   2   11   -0.0047993756
4   7   2   12   -0.0000000000
4   7   3   7   0.0000000000
4   7   3   8   0.0116186773
4   7   3   9   -0.0000000000
4   7   3   10   -0.0028837507
4   7   3   11   -0.0000000000
4   7   3   12   -0.0039990120
4   7   4   7   0.1848457483
4   7   4   8   0.0000000000
4   7   4   9   -0.0232474010
4   7   4   10   -0.0000000000
4   7   4   11   0.0022449680
4   7   4   12   0.0000000000
4   7   5   7   -0.0000000000
4   7   5   8   -0.0537145691
4   7   5   9   -0.0000000000
4   7   5   10   0.0054500946
4   7   5   11   -0.0000000000
4   7   5   12   -0.0147604172
4   7   6   7   0.0129970706
4   7   6   8   -0.0000000000
4   7   6   9   -0.0331320382
4   7   6   10   0.0000000000
4   7   6   11   -0.0129154103
4   7   6   12   -0.0000000000
4   8   1   7   -0.0100098427
4   8   1   8   -0.0000000000
4   8   1   9   -0.0010743441
4   8   1   10   0.0000000000
4   8   1   11   -0.0070425011
4   8   1   12   -0.0000000000
4   8   2   7   -0.0000000000
4   8   2   8   -0.0068612184
4   8   2   10   0.0074503094
4   8   2   11   -0.0000000000
4   8   2   12   -0.0046612824
4   8   3   7   0.0115976101
4   8   3   8   -0.0000000000
4   8   3   9   0.0081023092
4   8   3   11   -0.0031582785
4   8   3   12   -0.0000000000
4   8   4   7   0.0000000000
4   8   4   8   0.1725590689
4   8   4   9   0.0000000000
4   8   4   10   -0.0087743586
4   8   4   11   0.0000000001
4   8   4   12   0.0154529884
4   8   5   7   -0.0537120729
4   8   5   8   -0.0000000000
4   8   5   9   -0.0495710586
4   8   5   10   0.0000000000
4   8   5   11   -0.0149760181
4   8   5   12   -0.0000000001
4   8   6   7   -0.0000000000
4   8   6   8   -0.0011513935
4   8   6   9   -0.0000000000
4   8   6   10   -0.0015197394
4   8   6   11   -0.0000000000
4   8   6   12   0.0027041708
4   9   1   7   -0.0000000000
4   9   1   8   -0.0010644173
4   9   1   9   0.0000000000
4   9   1   10   -0.0028837507
4   9   1   11   -0.0000000000
4   9   1   12   -0.0049698778
4   9   2   7   0.0067499794
4   9   2   8   -0.0000000000
4   9   2   9   -0.0084810815
4   9   2   11   -0.0071683059
4   9   2   12   -0.0000000000
4   9   3   7   -0.0000000000
4   9   3   8   0.0080931749
4   9   3   9   -0.0000000000
4   9   3   10   0.0092060117
4   9   3   11   -0.0000000000
4   9   3   12   -0.0005623856
4   9   4   7   -0.0232474010
4   9   4   8   0.0000000000
4   9   4   9   0.1815573550
4   9   4   10   -0.0000000000
4   9   4   11   0.0190222008
4   9   4   12   0.0000000001
4   9   5   7   -0.0000000000
4   9   5   8   -0.0495646533
4   9   5   9   0.0000000000
4   9   5   10   -0.0062584337
4   9   5   11   -0.0000000001
4   9   5   12   0.0116343051
4   9   6   7   -0.0331201459
4   9   6   8   -0.0000000000
4   9   6   9   0.0224523005
4   9   6   10   0.0000000000
4   9   6   11   0.0138020351
4   9   6   12   -0.0000000001
4   10   1   7   0.0098493236
4   10   1   8   0.0000000000
4   10   1   9   -0.0029150952
4   10   1   10   -0.0000000000
4   10   1   11   0.0054287447
4   10   1   12   0.0000000000
4   10   2   7   0.0000000000
4   10   2   8   0.0073833136
4   10   2   9   -0.0000000000
4   10   2   10   -0.0087743586
4   10   2   11   0.0000000000
4   10   2   12   -0.0015362021
4   10   3   7   -0.0029150952
4   10   3   8   -0.0000000000
4   10   3   9   0.0091911148
4   10   3   10   -0.0000000000
4   10   3   11   -0.0062609873
4   10   3   12   0.0000000000
4   10   4   7   -0.0000000000
4   10   4   8   -0.0087743586
4   10   4   9   -0.0000000000
4   10   4   10   0.1703040781
4   10   4   11   -0.0000000002
4   10   4   12   0.0195639402
4   10   5   7   0.0054287447
4   10   5   8   0.0000000000
4   10   5   9   -0.0062609873
4   10   5   10   -0.0000000002
4   10   5   11   0.0541459913
4   10   5   12   0.0000000001
4   10   6   7   0.0000000000
4   10   6   8   -0.0015362021
4   10   6   9   0.0000000000
4   10   6   10   0.0195639402
4   10   6   11   0.0000000001
4   10   6   12   0.0340670942
4   11   1   7   -0.0000000000
4   11   1   8   -0.0070400837
4   11   1   9   -0.0000000000
4   11   1   10   0.0054500946
4   11   1   11   -0.0000000000
4   11   1   12   -0.0080367838
4   11   2   7   -0.0047918736
4   11   2   8   -0.0000000000
4   11   2   9   -0.0071616408
4   11   2   10   0.0000000000
4   11   2   11   -0.0092262493
4   11   2   12   -0.0000000000
4   11   3   7   -0.0000000000
4   11   3   8   -0.0031438769
4   11   3   9   -0.0000000000
4   11   3   10   -0.0062584337
4   11   3   11   -0.0000000000
4   11   3   12   0.0100812227
4   11   4   7   0.0022449680
4   11   4   8   0.0000000001
4   11   4   9   0.0190222008
4   11   4   10   -0.0000000002
4   11   4   11   0.1571422579
4   11   4   12   0.0000000001
4   11   5   7   -0.0000000000
4   11   5   8   -0.0149780331
4   11   5   9   -0.0000000001
4   11   5   10   0.0541491648
4   11   5   11   -0.0000000003
4   11   5   12   -0.0389858708
4   11   6   7   -0.0129187839
4   11   6   8   -0.0000000000
4   11   6   9   0.0137985401
4   11   6   10   0.0000000001
4   11   6   11   -0.0080885890
4   11   6   12   -0.0000000000
4   12   1   7   -0.0034285243
4   12   1   8   -0.0000000000
4   12   1   9   -0.0050127227
4   12   1   10   0.0000000000
4   12   1   11   -0.0080497802
4   12   1   12   0.0000000000
4   12   2   7   -0.0000000000
4   12   2   8   -0.0046967068
4   12   2   9   -0.0000000000
4   12   2   10   -0.0015197394
4   12   2   11   -0.0000000000
4   12   2   12   -0.0062432124
4   12   3   7   -0.0040280768
4   12   3   8   -0.0000000000
4   12   3   9   -0.0005603144
4   12   3   10   0.0000000000
4   12   3   11   0.0100820453
4   12   3   12   -0.0000000000
4   12   4   7   0.0000000000
4   12   4   8   0.0154529884
4   12   4   9   0.0000000001
4   12   4   10   0.0195639402
4   12   4   11   0.0000000001
4   12   4   12   0.1579302721
4   12   5   7   -0.0147768030
4   12   5   8   -0.0000000001
4   12   5   9   0.0116321670
4   12   5   10   0.0000000001
4   12   5   11   -0.0389844797
4   12   5   12   -0.0000000000
4   12   6   7   -0.0000000000
4   12   6   8   0.0026789816
4   12   6   9   -0.0000000001
4   12   6   10   0.0340731291
4   12   6   11   -0.0000000000
4   12   6   12   0.0011809948
5   7   1   7   0.0053620523
5   7   1   8   0.0000000000
5   7   1   9   0.0215636454
5   7   1   10   -0.0000000000
5   7   1   11   0.0206646276
5   7   1   12   0.0000000000
5   7   2   7   0.0000000000
5   7   2   8   0.0193134833
5   7   2   9   0.0000000000
5   7   2   10   -0.0070425011
5   7   2   11   0.0000000000
5   7   2   12   0.0142825575
5   7   3   7   0.0317825135
5   7   3   8   0.0000000000
5   7   3   9   -0.0233710808
5   7   3   10   -0.0000000000
5   7   3   11   -0.0034926180
5   7   3   12   0.0000000000
5   7   4   7   -0.0000000000
5   7   4   8   -0.0537120729
5   7   4   9   -0.0000000000
5   7   4   10   0.0054287447
5   7   4   11   -0.0000000000
5   7   4   12   -0.0147768030
5   7   5   7   0.1823533101
5   7   5   8   0.0000000000
5   7   5   9   0.0008410324
5   7   5   10   -0.0000000000
5   7   5   11   0.0130472780
5   7   5   12   0.0000000000
5   7   6   7   0.0000000000
5   7   6   8   0.0480999029
5   7   6   9   0.0000000000
5   7   6   10   -0.0080497802
5   7   6   11   0.0000000000
5   7   6   12   0.0101028184
5   8   1   7   0.0000000000
5   8   1   8   0.0145441807
5   8   1   9   0.0000000000
5   8   1   10   -0.0047993756
5   8   1   11   0.0000000000
5   8   1   12   0.0109431491
5   8   2   7   0.0193156082
5   8   2   8   0.0000000000
5   8   2   9   0.0142790648
5   8   2   10   -0.0000000000
5   8   2   11   0.0147301157
5   8   2   12   0.0000000000
5   8   3   7   0.0000000000
5   8   3   8   0.0177173094
5   8   3   9   0.0000000000
5   8   3   10   -0.0071683059
5   8   3   11   0.0000000000
5   8   3   12   0.0079212661
5   8   4   7   -0.0537145691
5   8   4   8   -0.0000000000
5   8   4   9   -0.0495646533
5   8   4   10   0.0000000000
5   8   4   11   -0.0149780331
5   8   4   12   -0.0000000001
5   8   5   7   0.0000000000
5   8   5   8   0.1786946064
5   8   5   9   0.0000000000
5   8   5   10   -0.0092262493
5   8   5   11   0.0000000001
5   8   5   12   0.0153746569
5   8   6   7   0.0481086674
5   8   6   8   0.0000000000
5   8   6   9   0.0374368266
5   8   6   10   -0.0000000000
5   8   6   11   0.0098779796
5   8   6   12   0.0000000000
5   9   1   7   0.0214799946
5   9   1   8   0.0000000000
5   9   1   9   -0.0090821389
5   9   1   10   -0.0000000000
5   9   1   11   -0.0034926180
5   9   1   12   0.0000000000
5   9   2   7   0.0000000000
5   9   2   8   0.0142848973
5   9   2   9   -0.0000000000
5   9   2   10   -0.0031582785
5   9   2   11   0.0000000000
5   9   2   12   0.0030523611
5   9   3   7   -0.0233444317
5   9   3   8   0.0000000000
5   9   3   9   0.0317031912
5   9   3   10   -0.0000000000
5   9   3   11   0.0164034497
5   9   3   12   0.0000000000
5   9   4   7   -0.0000000000
5   9   4   8   -0.0495710586
5   9   4   9   0.0000000000
5   9   4   10   -0.0062609873
5   9   4   11   -0.0000000001
5   9   4   12   0.0116321670
5   9   5   7   0.0008410324
5   9   5   8   0.0000000000
5   9   5   9   0.1696906661
5   9   5   10   -0.0000000000
5   9   5   11   0.0110766029
5   9   5   12   0.0000000001
5   9   6   7   0.0000000000
5   9   6   8   0.0374353614
5   9   6   9   -0.0000000000
5   9   6   10   0.0100820453
5   9   6   11   0.0000000000
5   9   6   12   -0.0108980606
5   10   1   7   -0.0000000000
5   10   1   8   -0.0047918736
5   10   1   9   -0.0000000000
5   10   1   10   0.0022449680
5   10   1   11   -0.0000000000
5   10   1   12   -0.0129187839
5   10   2   7   -0.0070400837
5   10   2   8   -0.0000000000
5   10   2   9   -0.0031438769
5   10   2   10   0.0000000001
5   10   2   11   -0.0149780331
5   10   2   12   -0.0000000000
5   10   3   7   -0.0000000000
5   10   3   8   -0.0071616408
5   10   3   9   -0.0000000000
5   10   3   10   0.0190222008
5   10   3   11   -0.0000000001
5   10   3   12   0.0137985401
5   10   4   7   0.0054500946
5   10   4   8   0.0000000000
5   10   4   9   -0.0062584337
5   10   4   10   -0.0000000002
5   10   4   11   0.0541491648
5   10   4   12   0.0000000001
5   10   5   7   -0.0000000000
5   10   5   8   -0.0092262493
5   10   5   9   -0.0000000000
5   10   5   10   0.1571422579
5   10   5   11   -0.0000000003
5   10   5   12   -0.0080885890
5   10   6   7   -0.0080367838
5   10   6   8   -0.0000000000
5   10   6   9   0.0100812227
5   10   6   10   0.0000000001
5   10   6   11   -0.0389858708
5   10   6   12   -0.0000000000
5   11   1   7   0.0205225573
5   11   1   8   0.0000000000
5   11   1   9   -0.0034960634
5   11   1   10   -0.0000000000
5   11   1   11   0.0130472780
5   11   1   12   0.0000000000
5   11   2   7   0.0000000000
5   11   2   8   0.0146734806
5   11   2   9   0.0000000000
5   11   2   10   -0.0149760181
5   11   2   11   0.0000000001
5   11   2   12   0.0098638658
5   11   3   7   -0.0034960634
5   11   3   8   0.0000000000
5   11   3   9   0.0163776046
5   11   3   10   -0.0000000001
5   11   3   11   0.0110766029
5   11   3   12   0.0000000000
5   11   4   7   -0.0000000000
5   11   4   8   -0.0149760181
5   11   4   9   -0.0000000001
5   11   4   10   0.0541459913
5   11   4   11   -0.0000000003
5   11   4   12   -0.0389844797
5   11   5   7   0.0130472780
5   11   5   8   0.0000000001
5   11   5   9   0.0110766029
5   11   5   10   -0.0000000003
5   11   5   11   0.1676411458
5   11   5   12   0.0000000001
5   11   6   7   0.0000000000
5   11   6   8   0.0098638658
5   11   6   9   0.0000000000
5   11   6   10   -0.0389844797
5   11   6   11   0.0000000001
5   11   6   12   0.0451417249
5   12   1   7   0.0000000000
5   12   1   8   0.0109342533
5   12   1   9   0.0000000000
5   12   1   10   -0.0129154103
5   12   1   11   0.0000000000
5   12   1   12   0.0087324182
5   12   2   7   0.0142793521
5   12   2   8   0.0000000000
5   12   2   9   0.0030566622
5   12   2   10   -0.0000000000
5   12   2   11   0.0098779796
5   12   2   12   0.0000000000
5   12   3   7   0.0000000000
5   12   3   8   0.0079220119
5   12   3   9   0.0000000000
5   12   3   10   0.0138020351
5   12   3   11   0.0000000000
5   12   3   12   0.0105292875
5   12   4   7   -0.0147604172
5   12   4   8   -0.0000000001
5   12   4   9   0.0116343051
5   12   4   10   0.0000000001
5   12   4   11   -0.0389858708
5   12   4   12   -0.0000000000
5   12   5   7   0.0000000000
5   12   5   8   0.0153746569
5   12   5   9   0.0000000001
5   12   5   10   -0.0080885890
5   12   5   11   0.0000000001
5   12   5   12   0.1595615482
5   12   6   7   0.0101457281
5   12   6   8   0.0000000000
5   12   6   9   -0.0108864592
5   12   6   10   -0.0000000000
5   12   6   11   0.0451531682
5   12   6   12   -0.0000000000
6   7   1   7   0.0000000000
6   7   1   8   0.0230706460
6   7   1   9   0.0000000000
6   7   1   10   -0.0033853776
6   7   1   11   0.0000000000
6   7   1   12   0.0197911410
6   7   2   7   0.0282704966
6   7   2   8   0.0000000000
6   7   2   9   0.0004297553
6   7   2   10   -0.0000000000
6   7   2   11   0.0109431491
6   7   2   12   0.0000000000
6   7   3   7   0.0000000000
6   7   3   8   -0.0065017971
6   7   3   9   0.0000000000
6   7   3   10   -0.0049698778
6   7   3   11   0.0000000000
6   7   3   12   0.0016447977
6   7   4   7   0.0129970706
6   7   4   8   -0.0000000000
6   7   4   9   -0.0331201459
6   7   4   10   0.0000000000
6   7   4   11   -0.0129187839
6   7   4   12   -0.0000000000
6   7   5   7   0.0000000000
6   7   5   8   0.0481086674
6   7   5   9   0.0000000000
6   7   5   10   -0.0080367838
6   7   5   11   0.0000000000
6   7   5   12   0.0101457281
6   7   6   7   0.1816629812
6   7   6   9   -0.0049938897
6   7   6   10   0.0000000000
6   7   6   11   0.0087324182
6   7   6   12   0.0000000000
6   8   1   7   0.0229685785
6   8   1   8   0.0000000000
6   8   1   9   0.0184474733
6   8   1   10   -0.0000000000
6   8   1   11   0.0142825575
6   8   1   12   0.0000000000
6   8   2   7   0.0000000000
6   8   2   8   0.0285542520
6   8   2   9   0.0000000000
6   8   2   10   -0.0046612824
6   8   2   11   0.0000000000
6   8   2   12   0.0166242819
6   8   3   7   -0.0065192924
6   8   3   8   0.0000000000
6   8   3   9   -0.0101945191
6   8   3   10   -0.0000000000
6   8   3   11   0.0030523611
6   8   3   12   0.0000000000
6   8   4   7   -0.0000000000
6   8   4   8   -0.0011513935
6   8   4   9   -0.0000000000
6   8   4   10   -0.0015362021
6   8   4   11   -0.0000000000
6   8   4   12   0.0026789816
6   8   5   7   0.0480999029
6   8   5   8   0.0000000000
6   8   5   9   0.0374353614
6   8   5   10   -0.0000000000
6   8   5   11   0.0098638658
6   8   5   12   0.0000000000
6   8   6   8   0.1758128275
6   8   6   10   -0.0062432124
6   8   6   11   0.0000000000
6   8   6   12   0.0145322829
6   9   1   7   0.0000000000
6   9   1   8   0.0184361711
6   9   1   9   -0.0000000000
6   9   1   10   -0.0039990120
6   9   1   11   0.0000000000
6   9   1   12   0.0016447977
6   9   2   7   0.0004025568
6   9   2   8   0.0000000000
6   9   2   9   0.0188123860
6   9   2   10   -0.0000000000
6   9   2   11   0.0079212661
6   9   2   12   0.0000000000
6   9   3   7   0.0000000000
6   9   3   8   -0.0102080280
6   9   3   9   -0.0000000000
6   9   3   10   -0.0005623856
6   9   3   11   0.0000000000
6   9   3   12   0.0121382069
6   9   4   7   -0.0331320382
6   9   4   8   -0.0000000000
6   9   4   9   0.0224523005
6   9   4   10   0.0000000000
6   9   4   11   0.0137985401
6   9   4   12   -0.0000000001
6   9   5   7   0.0000000000
6   9   5   8   0.0374368266
6   9   5   9   -0.0000000000
6   9   5   10   0.0100812227
6   9   5   11   0.0000000000
6   9   5   12   -0.0108864592
6   9   6   7   -0.0049938897
6   9   6   9   0.1720504941
6   9   6   10   -0.0000000000
6   9   6   11   0.0105292875
6   9   6   12   -0.0000000000
6   10   1   7   -0.0034285243
6   10   1   8   -0.0000000000
6   10   1   9   -0.0040280768
6   10   1   10   0.0000000000
6   10   1   11   -0.0147768030
6   10   1   12   -0.0000000000
6   10   2   7   -0.0000000000
6   10   2   8   -0.0046967068
6   10   2   9   -0.0000000000
6   10   2   10   0.0154529884
6   10   2   11   -0.0000000001
6   10   2   12   0.0026789816
6   10   3   7   -0.0050127227
6   10   3   8   -0.0000000000
6   10   3   9   -0.0005603144
6   10   3   10   0.0000000001
6   10   3   11   0.0116321670
6   10   3   12   -0.0000000001
6   10   4   7   0.0000000000
6   10   4   8   -0.0015197394
6   10   4   9   0.0000000000
6   10   4   10   0.0195639402
6   10   4   11   0.0000000001
6   10   4   12   0.0340731291
6   10   5   7   -0.0080497802
6   10   5   8   -0.0000000000
6   10   5   9   0.0100820453
6   10   5   10   0.0000000001
6   10   5   11   -0.0389844797
6   10   5   12   -0.0000000000
6   10   6   7   0.0000000000
6   10   6   8   -0.0062432124
6   10   6   9   -0.0000000000
6   10   6   10   0.1579302721
6   10   6   11   -0.0000000000
6   10   6   12   0.0011809948
6   11   1   7   0.0000000000
6   11   1   8   0.0142793521
6   11   1   9   0.0000000000
6   11   1   10   -0.0147604172
6   11   1   11   0.0000000000
6   11   1   12   0.0101457281
6   11   2   7   0.0109342533
6   11   2   8   0.0000000000
6   11   2   9   0.0079220119
6   11   2   10   -0.0000000001
6   11   2   11   0.0153746569
6   11   2   12   0.0000000000
6   11   3   7   0.0000000000
6   11   3   8   0.0030566622
6   11   3   9   0.0000000000
6   11   3   10   0.0116343051
6   11   3   11   0.0000000001
6   11   3   12   -0.0108864592
6   11   4   7   -0.0129154103
6   11   4   8   -0.0000000000
6   11   4   9   0.0138020351
6   11   4   10   0.0000000001
6   11   4   11   -0.0080885890
6   11   4   12   -0.0000000000
6   11   5   7   0.0000000000
6   11   5   8   0.0098779796
6   11   5   9   0.0000000000
6   11   5   10   -0.0389858708
6   11   5   11   0.0000000001
6   11   5   12   0.0451531682
6   11   6   7   0.0087324182
6   11   6   8   0.0000000000
6   11   6   9   0.0105292875
6   11   6   10   -0.0000000000
6   11   6   11   0.1595615482
6   11   6   12   -0.0000000000
6   12   1   7   0.0195679333
6   12   1   8   0.0000000000
6   12   1   9   0.0015969533
6   12   1   10   -0.0000000000
6   12   1   11   0.0101028184
6   12   1   12   0.0000000000
6   12   2   7   0.0000000000
6   12   2   8   0.0165023184
6   12   2   9   0.0000000000
6   12   2   10   0.0027041708
6   12   2   11   0.0000000000
6   12   2   12   0.0145322829
6   12   3   7   0.0015969533
6   12   3   8   0.0000000000
6   12   3   9   0.0121396677
6   12   3   10   -0.0000000001
6   12   3   11   -0.0108980606
6   12   3   12   -0.0000000000
6   12   4   7   -0.0000000000
6   12   4   8   0.0027041708
6   12   4   9   -0.0000000001
6   12   4   10   0.0340670942
6   12   4   11   -0.0000000000
6   12   4   12   0.0011809948
6   12   5   7   0.0101028184
6   12   5   8   0.0000000000
6   12   5   9   -0.0108980606
6   12   5   10   -0.0000000000
6   12   5   11   0.0451417249
6   12   5   12   -0.0000000000
6   12   6   7   0.0000000000
6   12   6   8   0.0145322829
6   12   6   9   -0.0000000000
6   12   6   10   0.0011809948
6   12   6   11   -0.0000000000
6   12   6   12   0.1609059278

End ABCD Block
Begin AIJB Block
1   4   1   7   0.0617480610
1   4   1   9   -0.0238515351
1   4   1   11   -0.0084660254
1   4   2   8   -0.0241891499
1   4   2   10   -0.0030944793
1   4   2   12   -0.0203392467
1   4   3   7   0.0099256469
1   4   3   9   -0.0273287088
1   4   3   11   -0.0212746018
1   4   3   12   -0.0000000000
1   5   1   8   -0.0384715787
1   5   1   10   -0.0013391066
1   5   1   12   -0.0199756228
1   5   2   7   0.0570737384
1   5   2   9   0.0123299353
1   5   2   11   0.0156510898
1   5   3   8   0.0228062752
1   5   3   10   -0.0147193233
1   5   3   12   0.0151447310
1   6   1   7   0.0099256469
1   6   1   9   -0.0479312796
1   6   1   11   -0.0231640449
1   6   2   8   0.0484991825
1   6   2   10   -0.0152740129
1   6   2   12   0.0155238040
1   6   3   7   0.0622762643
1   6   3   9   -0.0159885368
1   6   3   10   -0.0000000000
1   6   3   11   0.0108027559
2   4   1   8   0.0356626742
2   4   1   10   -0.0031480930
2   4   1   12   0.0082016712
2   4   2   7   -0.0384715787
2   4   2   9   -0.0167418046
2   4   2   11   -0.0059801185
2   4   3   8   -0.0169467243
2   4   3   10   -0.0062000800
2   4   3   12   -0.0163795255
2   5   1   7   -0.0241891499
2   5   1   9   -0.0272661584
2   5   1   11   -0.0083378747
2   5   2   8   0.0565401389
2   5   2   10   -0.0000400024
2   5   2   12   0.0214145896
2   5   3   7   0.0484991825
2   5   3   9   0.0156813911
2   5   3   11   0.0123818552
2   6   1   8   -0.0169467243
2   6   1   10   -0.0046677601
2   6   1   12   -0.0098447408
2   6   2   7   0.0228062752
2   6   2   9   0.0325083703
2   6   2   11   0.0149771634
2   6   3   8   0.0509726509
2   6   3   10   -0.0143291191
2   6   3   12   0.0120592081
3   4   1   7   -0.0238515351
3   4   1   9   0.0420352923
3   4   1   10   0.0000000000
3   4   1   11   0.0135390906
3   4   1   12   0.0000000000
3   4   2   8   -0.0272661584
3   4   2   9   0.0000000000
3   4   2   10   -0.0002837668
3   4   2   12   -0.0028581739
3   4   3   7   -0.0479312796
3   4   3   9   0.0165043246
3   4   3   10   0.0000000000
3   4   3   11   0.0112412513
3   4   3   12   0.0000000000
3   5   1   8   -0.0167418046
3   5   1   9   0.0000000000
3   5   1   10   -0.0006469134
3   5   1   12   0.0004939342
3   5   2   7   0.0123299353
3   5   2   9   0.0300159645
3   5   2   11   0.0031587718
3   5   3   8   0.0325083703
3   5   3   10   0.0067755891
3   5   3   11   0.0000000000
3   5   3   12   0.0108055079
3   6   1   7   -0.0273287088
3   6   1   9   0.0165043246
3   6   1   10   0.0000000000
3   6   1   11   0.0114525716
3   6   2   8   0.0156813911
3   6   2   10   0.0073279952
3   6   2   11   0.0000000000
3   6   2   12   0.0045014724
3   6   3   7   -0.0159885368
3   6   3   9   0.0477622818
3   6   3   10   -0.0000000000
3   6   3   11   0.0147174805
4   4   1   8   -0.0031480930
4   4   1   9   0.0000000000
4   4   1   10   0.0135809318
4   4   1   12   0.0050169290
4   4   2   7   -0.0013391066
4   4   2   9   -0.0006469134
4   4   2   10   -0.0000000000
4   4   2   11   0.0090142160
4   4   2   12   -0.0000000000
4   4   3   8   -0.0046677601
4   4   3   9   0.0000000000
4   4   3   10   0.0020962259
4   4   3   11   0.0000000000
4   4   3   12   0.0093156663
4   5   1   7   -0.0030944793
4   5   1   9   -0.0002837668
4   5   1   10   -0.0000000000
4   5   1   11   0.0097176468
4   5   2   8   -0.0000400024
4   5   2   10   0.0111997233
4   5   2   11   -0.0000000000
4   5   2   12   -0.0062918212
4   5   3   7   -0.0152740129
4   5   3   9   0.0073279952
4   5   3   10   0.0000000000
4   5   3   11   -0.0086893032
4   5   3   12   0.0000000000
4   6   1   8   -0.0062000800
4   6   1   9   0.0000000000
4   6   1   10   0.0020962259
4   6   1   11   0.0000000000
4   6   1   12   0.0097207928
4   6   2   7   -0.0147193233
4   6   2   9   0.0067755891
4   6   2   10   0.0000000000
4   6   2   11   -0.0095009281
4   6   3   7   -0.0000000000
4   6   3   8   -0.0143291191
4   6   3   9   -0.0000000000
4   6   3   10   0.0145298421
4   6   3   11   -0.0000000000
4   6   3   12   -0.0053511927
5   4   1   7   -0.0084660254
5   4   1   9   0.0135390906
5   4   1   11   0.0121702555
5   4   2   8   -0.0083378747
5   4   2   10   0.0097176468
5   4   2   11   -0.0000000000
5   4   2   12   -0.0055904801
5   4   3   7   -0.0231640449
5   4   3   9   0.0114525716
5   4   3   10   0.0000000000
5   4   3   11   -0.0039854620
5   4   3   12   0.0000000000
5   5   1   8   -0.0059801185
5   5   1   10   0.0090142160
5   5   1   11   -0.0000000000
5   5   1   12   -0.0054053030
5   5   2   7   0.0156510898
5   5   2   9   0.0031587718
5   5   2   10   -0.0000000000
5   5   2   11   0.0174578118
5   5   2   12   -0.0000000000
5   5   3   8   0.0149771634
5   5   3   9   0.0000000000
5   5   3   10   -0.0095009281
5   5   3   11   0.0000000000
5   5   3   12   0.0158066249
5   6   1   7   -0.0212746018
5   6   1   9   0.0112412513
5   6   1   10   0.0000000000
5   6   1   11   -0.0039854620
5   6   1   12   0.0000000000
5   6   2   8   0.0123818552
5   6   2   9   0.0000000000
5   6   2   10   -0.0086893032
5   6   2   11   0.0000000000
5   6   2   12   0.0153820339
5   6   3   7   0.0108027559
5   6   3   9   0.0147174805
5   6   3   10   -0.0000000000
5   6   3   11   0.0210541105
6   4   1   8   0.0082016712
6   4   1   9   0.0000000000
6   4   1   10   0.0050169290
6   4   1   12   0.0120244729
6   4   2   7   -0.0199756228
6   4   2   9   0.0004939342
6   4   2   11   -0.0054053030
6   4   3   8   -0.0098447408
6   4   3   10   0.0097207928
6   4   3   11   0.0000000000
6   4   3   12   -0.0043533608
6   5   1   7   -0.0203392467
6   5   1   9   -0.0028581739
6   5   1   10   -0.0000000000
6   5   1   11   -0.0055904801
6   5   2   8   0.0214145896
6   5   2   10   -0.0062918212
6   5   2   11   -0.0000000000
6   5   2   12   0.0165679494
6   5   3   7   0.0155238040
6   5   3   9   0.0045014724
6   5   3   11   0.0153820339
6   6   1   7   -0.0000000000
6   6   1   8   -0.0163795255
6   6   1   9   0.0000000000
6   6   1   10   0.0093156663
6   6   1   11   0.0000000000
6   6   1   12   -0.0043533608
6   6   2   7   0.0151447310
6   6   2   9   0.0108055079
6   6   2   10   0.0000000000
6   6   2   11   0.0158066249
6   6   3   8   0.0120592081
6   6   3   10   -0.0053511927
6   6   3   12   0.0165078162

1   4   4   1   -0.2544796666
1   4   4   2   -0.0000000000
1   4   4   3   0.0630956601
1   4   4   4   0.0000000000
1   4   4   5   0.0114262840
1   4   5   2   0.0754147501
1   4   5   3   0.0000000000
1   4   5   4   -0.0036128147
1   4   5   5   0.0000000000
1   4   5   6   0.0323478373
1   4   6   1   -0.0207946299
1   4   6   3   0.0640475652
1   4   6   5   0.0316043917
1   4   6   6   0.0000000000
1   5   4   2   0.0750560350
1   5   4   3   0.0000000000
1   5   4   4   -0.0035885251
1   5   4   5   0.0000000000
1   5   4   6   0.0323661815
1   5   5   1   -0.2322126633
1   5   5   2   -0.0000000000
1   5   5   3   -0.0044030936
1   5   5   4   0.0000000000
1   5   5   5   -0.0225923167
1   5   5   6   -0.0000000000
1   5   6   2   -0.0795000741
1   5   6   4   0.0147577575
1   5   6   5   -0.0000000000
1   5   6   6   -0.0274727386
1   6   4   1   -0.0207946299
1   6   4   3   0.0638537569
1   6   4   5   0.0317555417
1   6   4   6   0.0000000000
1   6   5   2   -0.0793170892
1   6   5   3   -0.0000000000
1   6   5   4   0.0148214456
1   6   5   5   -0.0000000000
1   6   5   6   -0.0275510241
1   6   6   1   -0.2420228750
1   6   6   2   -0.0000000000
1   6   6   3   0.0333485053
1   6   6   4   0.0000000000
1   6   6   5   -0.0078453648
2   4   4   1   -0.0000000000
2   4   4   2   -0.2245239080
2   4   4   4   0.0139481733
2   4   4   6   -0.0292842158
2   4   5   1   0.0750560350
2   4   5   2   0.0000000000
2   4   5   3   0.0734814570
2   4   5   5   0.0231690040
2   4   5   6   0.0000000000
2   4   6   2   0.0158709863
2   4   6   4   0.0063333121
2   4   6   5   0.0000000000
2   4   6   6   0.0099540632
2   5   4   1   0.0754147501
2   5   4   2   0.0000000000
2   5   4   3   0.0732120153
2   5   4   5   0.0231260072
2   5   4   6   0.0000000000
2   5   5   1   -0.0000000000
2   5   5   2   -0.2400503682
2   5   5   4   0.0082346729
2   5   5   5   -0.0000000000
2   5   5   6   -0.0393087783
2   5   6   1   -0.0793170892
2   5   6   2   -0.0000000000
2   5   6   3   -0.0658055879
2   5   6   4   0.0000000000
2   5   6   5   -0.0237752611
2   5   6   6   -0.0000000000
2   6   4   2   0.0158709863
2   6   4   4   0.0062510114
2   6   4   5   0.0000000000
2   6   4   6   0.0102796467
2   6   5   1   -0.0795000741
2   6   5   2   -0.0000000000
2   6   5   3   -0.0652636918
2   6   5   4   0.0000000000
2   6   5   5   -0.0237834832
2   6   5   6   -0.0000000000
2   6   6   1   -0.0000000000
2   6   6   2   -0.2238064019
2   6   6   4   0.0174238621
2   6   6   6   -0.0299658448
3   4   4   1   0.0630956601
3   4   4   3   -0.2581725342
3   4   4   4   -0.0000000000
3   4   4   5   -0.0451642655
3   4   4   6   -0.0000000000
3   4   5   1   0.0000000000
3   4   5   2   0.0732120153
3   4   5   3   -0.0000000000
3   4   5   4   0.0064907852
3   4   5   5   0.0000000000
3   4   5   6   -0.0055445544
3   4   6   1   0.0638537569
3   4   6   3   -0.0382441708
3   4   6   4   -0.0000000000
3   4   6   5   -0.0237372020
3   4   6   6   0.0000000000
3   5   4   1   0.0000000000
3   5   4   2   0.0734814570
3   5   4   3   -0.0000000000
3   5   4   4   0.0064205867
3   5   4   5   0.0000000000
3   5   4   6   -0.0053769081
3   5   5   1   -0.0044030936
3   5   5   3   -0.2173007136
3   5   5   5   -0.0201714324
3   5   5   6   -0.0000000000
3   5   6   1   -0.0000000000
3   5   6   2   -0.0652636918
3   5   6   3   0.0000000000
3   5   6   4   -0.0137151113
3   5   6   5   -0.0000000000
3   5   6   6   0.0030366545
3   6   4   1   0.0640475652
3   6   4   3   -0.0382441708
3   6   4   4   -0.0000000000
3   6   4   5   -0.0236262851
3   6   4   6   0.0000000000
3   6   5   2   -0.0658055879
3   6   5   3   0.0000000000
3   6   5   4   -0.0136033936
3   6   5   5   -0.0000000000
3   6   5   6   0.0027615884
3   6   6   1   0.0333485053
3   6   6   3   -0.2345709308
3   6   6   4   -0.0000000000
3   6   6   5   -0.0342943272
3   6   6   6   -0.0000000000
4   4   4   1   0.0000000000
4   4   4   2   0.0139481733
4   4   4   3   -0.0000000000
4   4   4   4   -0.2011958215
4   4   4   5   0.0000000000
4   4   4   6   -0.0392141627
4   4   5   1   -0.0035885251
4   4   5   3   0.0064205867
4   4   5   4   0.0000000000
4   4   5   5   -0.0596455366
4   4   5   6   -0.0000000000
4   4   6   2   0.0062510114
4   4   6   3   -0.0000000000
4   4   6   4   -0.0183292294
4   4   6   5   -0.0000000000
4   4   6   6   -0.0383570774
4   5   4   1   -0.0036128147
4   5   4   3   0.0064907852
4   5   4   4   0.0000000000
4   5   4   5   -0.0596021432
4   5   4   6   -0.0000000000
4   5   5   1   0.0000000000
4   5   5   2   0.0082346729
4   5   5   4   -0.1815627326
4   5   5   5   0.0000000000
4   5   5   6   0.0026912736
4   5   6   1   0.0148214456
4   5   6   2   0.0000000000
4   5   6   3   -0.0136033936
4   5   6   4   -0.0000000000
4   5   6   5   0.0568411312
4   5   6   6   0.0000000000
4   6   4   2   0.0063333121
4   6   4   3   -0.0000000000
4   6   4   4   -0.0183292294
4   6   4   5   -0.0000000000
4   6   4   6   -0.0383417505
4   6   5   1   0.0147577575
4   6   5   2   0.0000000000
4   6   5   3   -0.0137151113
4   6   5   4   -0.0000000000
4   6   5   5   0.0568081579
4   6   5   6   0.0000000000
4   6   6   1   0.0000000000
4   6   6   2   0.0174238621
4   6   6   3   -0.0000000000
4   6   6   4   -0.1901619912
4   6   6   5   0.0000000000
4   6   6   6   -0.0122085346
5   4   4   1   0.0114262840
5   4   4   3   -0.0451642655
5   4   4   4   0.0000000000
5   4   4   5   -0.1773289586
5   4   4   6   -0.0000000000
5   4   5   1   0.0000000000
5   4   5   2   0.0231260072
5   4   5   3   0.0000000000
5   4   5   4   -0.0596021432
5   4   5   5   0.0000000000
5   4   5   6   0.0368053241
5   4   6   1   0.0317555417
5   4   6   2   0.0000000000
5   4   6   3   -0.0236262851
5   4   6   4   -0.0000000000
5   4   6   5   0.0108818350
5   5   4   1   0.0000000000
5   5   4   2   0.0231690040
5   5   4   3   0.0000000000
5   5   4   4   -0.0596455366
5   5   4   5   0.0000000000
5   5   4   6   0.0368341409
5   5   5   1   -0.0225923167
5   5   5   2   -0.0000000000
5   5   5   3   -0.0201714324
5   5   5   4   0.0000000000
5   5   5   5   -0.1895577479
5   5   5   6   -0.0000000000
5   5   6   1   -0.0000000000
5   5   6   2   -0.0237834832
5   5   6   3   -0.0000000000
5   5   6   4   0.0568081579
5   5   6   5   -0.0000000000
5   5   6   6   -0.0535993601
5   6   4   1   0.0316043917
5   6   4   2   0.0000000000
5   6   4   3   -0.0237372020
5   6   4   4   -0.0000000000
5   6   4   5   0.0108818350
5   6   5   1   -0.0000000000
5   6   5   2   -0.0237752611
5   6   5   3   -0.0000000000
5   6   5   4   0.0568411312
5   6   5   5   -0.0000000000
5   6   5   6   -0.0536290757
5   6   6   1   -0.0078453648
5   6   6   3   -0.0342943272
5   6   6   4   0.0000000000
5   6   6   5   -0.1872581384
5   6   6   6   -0.0000000000
6   4   4   2   -0.0292842158
6   4   4   3   -0.0000000000
6   4   4   4   -0.0392141627
6   4   4   5   -0.0000000000
6   4   4   6   -0.1813031561
6   4   5   1   0.0323661815
6   4   5   2   0.0000000000
6   4   5   3   -0.0053769081
6   4   5   4   -0.0000000000
6   4   5   5   0.0368341409
6   4   6   1   0.0000000000
6   4   6   2   0.0102796467
6   4   6   3   0.0000000000
6   4   6   4   -0.0383417505
6   4   6   6   0.0006008807
6   5   4   1   0.0323478373
6   5   4   2   0.0000000000
6   5   4   3   -0.0055445544
6   5   4   4   -0.0000000000
6   5   4   5   0.0368053241
6   5   5   1   -0.0000000000
6   5   5   2   -0.0393087783
6   5   5   3   -0.0000000000
6   5   5   4   0.0026912736
6   5   5   5   -0.0000000000
6   5   5   6   -0.1823486610
6   5   6   1   -0.0275510241
6   5   6   2   -0.0000000000
6   5   6   3   0.0027615884
6   5   6   4   0.0000000000
6   5   6   5   -0.0536290757
6   5   6   6   0.0000000000
6   6   4   1   0.0000000000
6   6   4   2   0.0099540632
6   6   4   3   0.0000000000
6   6   4   4   -0.0383570774
6   6   4   6   0.0006008807
6   6   5   1   -0.0274727386
6   6   5   2   -0.0000000000
6   6   5   3   0.0030366545
6   6   5   4   0.0000000000
6   6   5   5   -0.0535993601
6   6   5   6   0.0000000000
6   6   6   2   -0.0299658448
6   6   6   3   -0.0000000000
6   6   6   4   -0.0122085346
6   6   6   5   -0.0000000000
6   6   6   6   -0.1846671492

End AIJB Block
Begin IJKA Block
1   4   1   7   0.0000000000
1   4   1   8   -0.0073878472
1   4   1   9   -0.0000000000
1   4   1   10   -0.0311795756
1   4   1   12   -0.0184769190
1   4   2   7   0.0325115571
1   4   2   9   -0.0006922389
1   4   2   10   0.0000000000
1   4   2   11   -0.0149756990
1   4   3   8   0.0182854357
1   4   3   9   -0.0000000000
1   4   3   10   -0.0083829549
1   4   3   11   -0.0000000000
1   4   3   12   -0.0131608692
1   5   1   7   0.0471989151
1   5   1   9   0.0098027174
1   5   1   11   -0.0161375843
1   5   2   8   -0.0242898748
1   5   2   9   0.0000000000
1   5   2   10   -0.0186853545
1   5   2   11   0.0000000000
1   5   2   12   0.0021500629
1   5   3   7   0.0383717198
1   5   3   8   0.0000000000
1   5   3   9   -0.0204639739
1   5   3   10   -0.0000000000
1   5   3   11   0.0073365512
1   6   1   8   0.0506843149
1   6   1   9   -0.0000000000
1   6   1   10   -0.0094861225
1   6   1   11   -0.0000000000
1   6   1   12   -0.0160867288
1   6   2   7   0.0503857896
1   6   2   8   0.0000000000
1   6   2   9   -0.0366624093
1   6   2   10   -0.0000000000
1   6   2   11   0.0076557107
1   6   3   7   0.0000000000
1   6   3   8   0.0381572381
1   6   3   10   -0.0247555890
1   6   3   12   0.0048491253
2   4   1   7   0.0320642713
2   4   1   9   -0.0005192669
2   4   1   11   -0.0152908062
2   4   2   8   -0.0228608922
2   4   2   10   -0.0225635117
2   4   2   11   0.0000000000
2   4   2   12   -0.0026711249
2   4   3   7   0.0066877559
2   4   3   9   -0.0150214181
2   4   3   10   -0.0000000000
2   4   3   11   0.0106572012
2   5   1   8   -0.0247319656
2   5   1   9   0.0000000000
2   5   1   10   -0.0183526535
2   5   1   11   0.0000000000
2   5   1   12   0.0024357516
2   5   2   7   0.0047293619
2   5   2   8   -0.0000000000
2   5   2   9   0.0296001374
2   5   2   10   0.0000000000
2   5   2   11   -0.0246910824
2   5   3   8   0.0012615341
2   5   3   9   -0.0000000000
2   5   3   10   0.0195901640
2   5   3   11   -0.0000000000
2   5   3   12   -0.0142470331
2   6   1   7   0.0491433378
2   6   1   8   0.0000000000
2   6   1   9   -0.0365795293
2   6   1   10   -0.0000000000
2   6   1   11   0.0078384833
2   6   2   8   0.0092761862
2   6   2   9   -0.0000000000
2   6   2   10   0.0167226065
2   6   2   11   -0.0000000000
2   6   2   12   -0.0225860094
2   6   3   7   -0.0477244404
2   6   3   8   -0.0000000000
2   6   3   9   0.0088300275
2   6   3   10   0.0000000000
2   6   3   11   -0.0232113720
3   4   1   8   0.0180578375
3   4   1   9   -0.0000000000
3   4   1   10   -0.0085479664
3   4   1   11   -0.0000000000
3   4   1   12   -0.0139575103
3   4   2   7   0.0064711913
3   4   2   8   0.0000000000
3   4   2   9   -0.0151210695
3   4   2   10   -0.0000000000
3   4   2   11   0.0107648559
3   4   3   7   0.0000000000
3   4   3   8   0.0069086353
3   4   3   10   -0.0291459639
3   4   3   12   -0.0049143743
3   5   1   7   0.0368586999
3   5   1   8   0.0000000000
3   5   1   9   -0.0204191398
3   5   1   10   -0.0000000000
3   5   1   11   0.0075147732
3   5   2   8   0.0012592060
3   5   2   9   -0.0000000000
3   5   2   10   0.0191788548
3   5   2   11   -0.0000000000
3   5   2   12   -0.0153660375
3   5   3   7   0.0080845569
3   5   3   9   0.0052811890
3   5   3   10   0.0000000000
3   5   3   11   -0.0261039964
3   6   1   7   0.0000000000
3   6   1   8   0.0376624790
3   6   1   10   -0.0239361252
3   6   1   12   0.0058678457
3   6   2   7   -0.0457336847
3   6   2   8   -0.0000000000
3   6   2   9   0.0084988740
3   6   2   10   0.0000000000
3   6   2   11   -0.0225434441
3   6   3   8   0.0196528490
3   6   3   9   -0.0000000000
3   6   3   10   0.0022322034
3   6   3   11   -0.0000000000
3   6   3   12   -0.0245018239

End IJKA Block
Begin IABC Block
1   7   1   8   -0.0019383444
1   7   1   10   -0.0141525366
1   7   1   12   -0.0091150101
1   7   2   7   -0.0003842268
1   7   2   9   -0.0097690423
1   7   2   11   0.0010771055
1   7   3   8   -0.0085996079
1   7   3   10   0.0076060702
1   7   3   12   0.0057378002
1   7   4   7   -0.0283554721
1   7   4   8   -0.0000000000
1   7   4   9   0.0105586278
1   7   4   10   0.0000000000
1   7   4   11   0.0013129856
1   7   4   12   -0.0000000000
1   7   5   8   0.0110702003
1   7   5   9   0.0000000000
1   7   5   10   0.0003652613
1   7   5   11   0.0000000000
1   7   5   12   0.0131194035
1   7   6   7   -0.0087274960
1   7   6   9   0.0135757131
1   7   6   10   0.0000000000
1   7   6   11   0.0128515925
1   8   1   7   -0.0020271719
1   8   1   9   -0.0200559698
1   8   1   10   -0.0000000000
1   8   1   11   -0.0020308410
1   8   1   12   0.0000000000
1   8   2   8   -0.0155368703
1   8   2   10   -0.0087920602
1   8   2   12   -0.0067815135
1   8   3   7   -0.0090800346
1   8   3   9   0.0009887752
1   8   3   10   0.0000000000
1   8   3   11   0.0047467026
1   8   4   7   -0.0000000000
1   8   4   8   -0.0227591467
1   8   4   10   0.0037619512
1   8   4   11   -0.0000000000
1   8   4   12   -0.0063316281
1   8   5   7   0.0102679100
1   8   5   8   0.0000000000
1   8   5   9   0.0128232592
1   8   5   10   -0.0000000000
1   8   5   11   0.0091513608
1   8   5   12   0.0000000000
1   8   6   7   -0.0000000000
1   8   6   8   -0.0052046264
1   8   6   10   -0.0027639886
1   8   6   12   0.0024111412
1   9   1   8   -0.0196396582
1   9   1   9   -0.0000000000
1   9   1   10   0.0084712741
1   9   1   12   0.0032654808
1   9   2   7   -0.0099215013
1   9   2   9   -0.0051301771
1   9   2   10   0.0000000000
1   9   2   11   0.0031253941
1   9   3   8   0.0006412072
1   9   3   9   0.0000000000
1   9   3   10   -0.0134887661
1   9   3   12   -0.0115873111
1   9   4   7   0.0105920923
1   9   4   9   -0.0289513543
1   9   4   10   -0.0000000000
1   9   4   11   -0.0096306546
1   9   4   12   -0.0000000000
1   9   5   7   0.0000000000
1   9   5   8   0.0118344301
1   9   5   9   -0.0000000000
1   9   5   10   -0.0050604404
1   9   5   11   0.0000000000
1   9   5   12   -0.0031273039
1   9   6   7   0.0123555407
1   9   6   9   -0.0171077322
1   9   6   10   -0.0000000000
1   9   6   11   -0.0054438428
1   9   6   12   -0.0000000000
1   10   1   7   -0.0148787614
1   10   1   8   -0.0000000000
1   10   1   9   0.0089488436
1   10   1   11   0.0098154259
1   10   2   8   -0.0093668025
1   10   2   10   -0.0014991064
1   10   2   11   0.0000000000
1   10   2   12   -0.0059394726
1   10   3   7   0.0079802503
1   10   3   8   0.0000000000
1   10   3   9   -0.0145614283
1   10   3   10   0.0000000000
1   10   3   11   -0.0079196646
1   10   3   12   0.0000000000
1   10   4   7   0.0000000000
1   10   4   8   0.0039228249
1   10   4   9   -0.0000000000
1   10   4   10   -0.0093451197
1   10   4   11   0.0000000000
1   10   4   12   0.0001087335
1   10   5   7   0.0003387619
1   10   5   9   -0.0057092695
1   10   5   10   0.0000000000
1   10   5   11   -0.0094169073
1   10   5   12   -0.0000000000
1   10   6   7   0.0000000000
1   10   6   8   -0.0032625934
1   10   6   9   -0.0000000000
1   10   6   10   -0.0019219489
1   10   6   11   0.0000000000
1   10   6   12   -0.0075412349
1   11   1   8   -0.0014254466
1   11   1   9   0.0000000000
1   11   1   10   0.0097262276
1   11   1   11   0.0000000000
1   11   1   12   0.0185391776
1   11   2   7   0.0010426918
1   11   2   9   0.0039276129
1   11   2   10   0.0000000000
1   11   2   11   0.0038683169
1   11   3   8   0.0047080391
1   11   3   9   0.0000000000
1   11   3   10   -0.0074350931
1   11   3   12   -0.0036729296
1   11   4   7   0.0012147116
1   11   4   8   -0.0000000000
1   11   4   9   -0.0098099589
1   11   4   10   0.0000000000
1   11   4   11   -0.0120372503
1   11   4   12   -0.0000000000
1   11   5   7   0.0000000000
1   11   5   8   0.0090928436
1   11   5   9   0.0000000000
1   11   5   10   -0.0091249912
1   11   5   11   0.0000000000
1   11   5   12   0.0066624672
1   11   6   7   0.0126405062
1   11   6   9   -0.0048853061
1   11   6   10   0.0000000000
1   11   6   11   0.0029786726
1   11   6   12   -0.0000000000
1   12   1   7   -0.0096469847
1   12   1   8   0.0000000000
1   12   1   9   0.0041745222
1   12   1   10   -0.0000000000
1   12   1   11   0.0184454610
1   12   2   8   -0.0066823132
1   12   2   10   -0.0054796688
1   12   2   11   0.0000000000
1   12   2   12   0.0036327039
1   12   3   7   0.0056314417
1   12   3   8   -0.0000000000
1   12   3   9   -0.0118672710
1   12   3   10   0.0000000000
1   12   3   11   -0.0039766813
1   12   3   12   0.0000000000
1   12   4   7   -0.0000000000
1   12   4   8   -0.0064045741
1   12   4   9   -0.0000000000
1   12   4   10   0.0000648021
1   12   4   11   -0.0000000000
1   12   4   12   -0.0109093852
1   12   5   7   0.0128970725
1   12   5   8   0.0000000000
1   12   5   9   -0.0028641960
1   12   5   10   -0.0000000000
1   12   5   11   0.0065677139
1   12   5   12   0.0000000000
1   12   6   7   0.0000000000
1   12   6   8   0.0026087936
1   12   6   9   -0.0000000000
1   12   6   10   -0.0072773565
1   12   6   11   -0.0000000000
1   12   6   12   0.0021940008
2   7   1   7   0.0152346005
2   7   1   9   -0.0363464691
2   7   1   11   -0.0244800220
2   7   2   8   0.0012715434
2   7   2   10   0.0084778660
2   7   2   12   0.0003126653
2   7   3   7   0.0005930546
2   7   3   9   0.0126697677
2   7   3   10   0.0000000000
2   7   3   11   0.0042205077
2   7   4   7   0.0000000000
2   7   4   8   0.0169850422
2   7   4   9   0.0000000000
2   7   4   10   -0.0026118468
2   7   4   11   0.0000000000
2   7   4   12   0.0134496446
2   7   5   7   -0.0272670536
2   7   5   8   -0.0000000000
2   7   5   9   -0.0025262961
2   7   5   10   0.0000000000
2   7   5   11   -0.0120668955
2   7   5   12   -0.0000000000
2   7   6   8   -0.0118476375
2   7   6   9   0.0000000000
2   7   6   10   0.0108029235
2   7   6   11   0.0000000000
2   7   6   12   -0.0079565856
2   8   1   8   0.0054429845
2   8   1   10   0.0051226683
2   8   1   11   -0.0000000000
2   8   1   12   0.0000391818
2   8   2   7   0.0018906901
2   8   2   8   -0.0000000000
2   8   2   9   0.0128794555
2   8   2   11   -0.0054479737
2   8   2   12   -0.0000000000
2   8   3   7   -0.0000000000
2   8   3   8   0.0201521546
2   8   3   10   0.0058118807
2   8   3   12   0.0088264624
2   8   4   7   0.0175410151
2   8   4   8   0.0000000000
2   8   4   9   0.0146048554
2   8   4   10   -0.0000000000
2   8   4   11   0.0087164066
2   8   4   12   0.0000000000
2   8   5   7   -0.0000000000
2   8   5   8   -0.0236669590
2   8   5   9   -0.0000000000
2   8   5   10   0.0064265970
2   8   5   11   -0.0000000000
2   8   5   12   -0.0114213822
2   8   6   7   -0.0101003217
2   8   6   8   0.0000000000
2   8   6   9   -0.0008763317
2   8   6   11   -0.0101903373
2   8   6   12   0.0000000000
2   9   1   7   -0.0352814587
2   9   1   9   0.0331976151
2   9   1   11   0.0136390374
2   9   1   12   -0.0000000000
2   9   2   8   0.0132320321
2   9   2   10   0.0036813131
2   9   2   12   0.0086053191
2   9   3   7   0.0130458113
2   9   3   9   0.0067994229
2   9   3   10   -0.0000000000
2   9   3   11   -0.0030024087
2   9   3   12   -0.0000000000
2   9   4   7   0.0000000000
2   9   4   8   0.0154638208
2   9   4   9   -0.0000000000
2   9   4   10   -0.0005480624
2   9   4   11   0.0000000000
2   9   4   12   0.0010926728
2   9   5   7   -0.0023386642
2   9   5   9   -0.0155125602
2   9   5   10   0.0000000000
2   9   5   11   -0.0051216608
2   9   5   12   -0.0000000000
2   9   6   7   0.0000000000
2   9   6   8   -0.0000037506
2   9   6   10   -0.0000943021
2   9   6   11   0.0000000000
2   9   6   12   -0.0015683902
2   10   1   8   0.0056549286
2   10   1   9   0.0000000000
2   10   1   10   0.0148881552
2   10   1   11   0.0000000000
2   10   1   12   0.0348724674
2   10   2   7   0.0094742260
2   10   2   9   0.0038823480
2   10   2   10   -0.0000000000
2   10   2   11   0.0034848393
2   10   2   12   -0.0000000000
2   10   3   7   0.0000000000
2   10   3   8   0.0068117701
2   10   3   9   -0.0000000000
2   10   3   10   0.0041905474
2   10   3   11   0.0000000000
2   10   3   12   0.0015792484
2   10   4   7   -0.0029204494
2   10   4   8   -0.0000000000
2   10   4   9   -0.0003582740
2   10   4   10   0.0000000000
2   10   4   11   -0.0081959317
2   10   4   12   -0.0000000000
2   10   5   7   0.0000000000
2   10   5   8   0.0070711234
2   10   5   10   -0.0082925130
2   10   5   11   0.0000000000
2   10   5   12   0.0081086095
2   10   6   7   0.0111531255
2   10   6   8   -0.0000000000
2   10   6   9   0.0002146116
2   10   6   10   0.0000000000
2   10   6   11   0.0074740899
2   10   6   12   -0.0000000000
2   11   1   7   -0.0245620516
2   11   1   8   -0.0000000000
2   11   1   9   0.0133158408
2   11   1   10   0.0000000000
2   11   1   11   -0.0125392756
2   11   2   8   -0.0063784392
2   11   2   9   -0.0000000000
2   11   2   10   0.0033238334
2   11   2   11   -0.0000000000
2   11   2   12   -0.0206381678
2   11   3   7   0.0040418214
2   11   3   8   -0.0000000000
2   11   3   9   -0.0035442197
2   11   3   10   0.0000000000
2   11   3   11   0.0018218109
2   11   3   12   -0.0000000000
2   11   4   7   0.0000000000
2   11   4   8   0.0091987168
2   11   4   9   0.0000000000
2   11   4   10   -0.0082589881
2   11   4   11   0.0000000000
2   11   4   12   0.0096231029
2   11   5   7   -0.0123726003
2   11   5   8   -0.0000000000
2   11   5   9   -0.0054829882
2   11   5   10   0.0000000000
2   11   5   11   -0.0168811086
2   11   5   12   -0.0000000000
2   11   6   7   0.0000000000
2   11   6   8   -0.0108063055
2   11   6   9   0.0000000000
2   11   6   10   0.0073658229
2   11   6   11   0.0000000000
2   11   6   12   -0.0139433600
2   12   1   8   -0.0006816698
2   12   1   9   -0.0000000000
2   12   1   10   0.0344061014
2   12   1   11   -0.0000000000
2   12   1   12   -0.0047571334
2   12   2   7   0.0010158346
2   12   2   8   -0.0000000000
2   12   2   9   0.0077957566
2   12   2   10   0.0000000000
2   12   2   11   -0.0202148962
2   12   2   12   -0.0000000000
2   12   3   8   0.0088077418
2   12   3   9   -0.0000000000
2   12   3   10   0.0012192422
2   12   3   11   -0.0000000000
2   12   3   12   -0.0000229726
2   12   4   7   0.0133654331
2   12   4   8   0.0000000000
2   12   4   9   0.0010700178
2   12   4   10   -0.0000000000
2   12   4   11   0.0095298663
2   12   5   7   -0.0000000000
2   12   5   8   -0.0116204951
2   12   5   9   -0.0000000000
2   12   5   10   0.0078963753
2   12   5   11   -0.0000000000
2   12   5   12   -0.0158173129
2   12   6   7   -0.0076303518
2   12   6   8   0.0000000000
2   12   6   9   -0.0020909132
2   12   6   10   -0.0000000000
2   12   6   11   -0.0137190098
3   7   1   8   -0.0473770990
3   7   1   10   0.0048058039
3   7   1   12   -0.0254579180
3   7   2   7   0.0139254008
3   7   2   8   -0.0000000000
3   7   2   9   -0.0360633388
3   7   2   10   0.0000000000
3   7   2   11   -0.0218028984
3   7   3   7   -0.0000000000
3   7   3   8   0.0058124623
3   7   3   9   -0.0000000000
3   7   3   10   0.0095141761
3   7   3   11   -0.0000000000
3   7   3   12   0.0135415165
3   7   4   7   0.0024305848
3   7   4   8   0.0000000000
3   7   4   9   0.0184126618
3   7   4   10   -0.0000000000
3   7   4   11   0.0156494597
3   7   4   12   0.0000000000
3   7   5   7   -0.0000000000
3   7   5   8   -0.0205069285
3   7   5   9   -0.0000000000
3   7   5   10   0.0124456336
3   7   5   11   -0.0000000000
3   7   5   12   -0.0101268171
3   7   6   7   -0.0278092989
3   7   6   9   0.0007747930
3   7   6   10   -0.0000000000
3   7   6   11   -0.0109815327
3   7   6   12   0.0000000000
3   8   1   7   -0.0453710195
3   8   1   8   -0.0000000000
3   8   1   9   -0.0437066620
3   8   1   11   -0.0223891584
3   8   1   12   -0.0000000000
3   8   2   7   -0.0000000000
3   8   2   8   0.0078636966
3   8   2   10   0.0028714494
3   8   2   11   -0.0000000000
3   8   2   12   0.0008386097
3   8   3   7   0.0062632507
3   8   3   8   -0.0000000000
3   8   3   9   0.0238482327
3   8   3   10   0.0000000000
3   8   3   11   0.0069491773
3   8   3   12   -0.0000000000
3   8   4   7   0.0000000000
3   8   4   8   0.0117994870
3   8   4   9   0.0000000000
3   8   4   10   -0.0002768402
3   8   4   11   0.0000000000
3   8   4   12   0.0096070344
3   8   5   7   -0.0219815635
3   8   5   8   -0.0000000000
3   8   5   9   -0.0054842731
3   8   5   10   0.0000000000
3   8   5   11   -0.0104233238
3   8   5   12   -0.0000000000
3   8   6   8   -0.0188327900
3   8   6   10   0.0084683346
3   8   6   11   0.0000000000
3   8   6   12   -0.0091350143
3   9   1   7   -0.0000000000
3   9   1   8   -0.0423840219
3   9   1   10   0.0039725441
3   9   1   12   0.0139494856
3   9   2   7   -0.0342610117
3   9   2   9   0.0355100348
3   9   2   11   0.0141534079
3   9   2   12   -0.0000000000
3   9   3   7   -0.0000000000
3   9   3   8   0.0238680328
3   9   3   9   0.0000000000
3   9   3   10   -0.0072924152
3   9   3   11   -0.0000000000
3   9   3   12   -0.0019022244
3   9   4   7   0.0201932260
3   9   4   9   -0.0076907836
3   9   4   10   -0.0000000000
3   9   4   11   -0.0050277346
3   9   4   12   0.0000000000
3   9   5   7   -0.0000000000
3   9   5   8   -0.0059729540
3   9   5   9   0.0000000000
3   9   5   10   -0.0041024618
3   9   5   11   -0.0000000000
3   9   5   12   -0.0050373309
3   9   6   7   0.0020284824
3   9   6   9   -0.0144290452
3   9   6   10   -0.0000000000
3   9   6   11   -0.0066900924
3   9   6   12   0.0000000000
3   10   1   7   0.0050745797
3   10   1   9   0.0041133193
3   10   1   10   -0.0000000000
3   10   1   11   0.0464806826
3   10   2   7   0.0000000000
3   10   2   8   0.0034880626
3   10   2   10   0.0176550192
3   10   2   11   0.0000000000
3   10   2   12   0.0326811509
3   10   3   7   0.0114020052
3   10   3   8   0.0000000000
3   10   3   9   -0.0074562050
3   10   3   10   -0.0000000000
3   10   3   11   -0.0143369320
3   10   3   12   0.0000000000
3   10   4   7   -0.0000000000
3   10   4   8   -0.0003092615
3   10   4   9   -0.0000000000
3   10   4   10   0.0006098490
3   10   4   11   -0.0000000000
3   10   4   12   -0.0087292902
3   10   5   7   0.0135460462
3   10   5   8   0.0000000000
3   10   5   9   -0.0043388983
3   10   5   10   -0.0000000000
3   10   5   11   0.0066694177
3   10   5   12   0.0000000000
3   10   6   7   -0.0000000000
3   10   6   8   0.0087544161
3   10   6   9   -0.0000000000
3   10   6   10   -0.0084006574
3   10   6   11   -0.0000000000
3   10   6   12   0.0087742910
3   11   1   8   -0.0218816664
3   11   1   9   -0.0000000000
3   11   1   10   0.0461654843
3   11   1   11   -0.0000000000
3   11   1   12   -0.0364411743
3   11   2   7   -0.0226127550
3   11   2   8   -0.0000000000
3   11   2   9   0.0136901113
3   11   2   10   0.0000000000
3   11   2   11   -0.0090303320
3   11   2   12   -0.0000000000
3   11   3   7   -0.0000000000
3   11   3   8   0.0060144282
3   11   3   9   -0.0000000000
3   11   3   10   -0.0143223657
3   11   3   11   -0.0000000000
3   11   3   12   -0.0100506210
3   11   4   7   0.0163881873
3   11   4   8   0.0000000000
3   11   4   9   -0.0052397056
3   11   4   10   -0.0000000000
3   11   4   11   0.0072221742
3   11   4   12   0.0000000000
3   11   5   7   -0.0000000000
3   11   5   8   -0.0107288674
3   11   5   9   -0.0000000000
3   11   5   10   0.0066809326
3   11   5   11   -0.0000000000
3   11   5   12   -0.0170793675
3   11   6   7   -0.0113390505
3   11   6   8   0.0000000000
3   11   6   9   -0.0069490668
3   11   6   10   -0.0000000000
3   11   6   11   -0.0182295710
3   11   6   12   0.0000000000
3   12   1   7   -0.0248973964
3   12   1   8   -0.0000000000
3   12   1   9   0.0131727178
3   12   1   10   0.0000000000
3   12   1   11   -0.0362523161
3   12   1   12   -0.0000000000
3   12   2   8   0.0001458315
3   12   2   9   -0.0000000000
3   12   2   10   0.0323232441
3   12   2   11   -0.0000000000
3   12   2   12   -0.0025676046
3   12   3   7   0.0140255118
3   12   3   8   -0.0000000000
3   12   3   9   -0.0025427845
3   12   3   10   0.0000000000
3   12   3   11   -0.0099746989
3   12   3   12   0.0000000000
3   12   4   7   0.0000000000
3   12   4   8   0.0095210940
3   12   4   9   0.0000000000
3   12   4   10   -0.0087039517
3   12   4   11   0.0000000000
3   12   4   12   0.0070103092
3   12   5   7   -0.0101968674
3   12   5   8   -0.0000000000
3   12   5   9   -0.0052459403
3   12   5   10   0.0000000000
3   12   5   11   -0.0170400250
3   12   5   12   0.0000000000
3   12   6   8   -0.0095419850
3   12   6   9   0.0000000000
3   12   6   10   0.0086299418
3   12   6   11   0.0000000000
3   12   6   12   -0.0132552108

End IABC Block
