&FCI NORB=  7,NELEC= 10,MS2=0,
 ORBSYM=1,1,1,1,1,1,1
 ISYM=1,
&END
 0.9838442730     1     1     2     2
 0.0677124806     1     1     2     4
 -0.1276889524     1     1     2     6
 0.8678745396     1     1     3     3
 0.1492580806     1     1     3     7
 0.0677124806     1     1     4     2
 0.9495888789     1     1     4     4
 0.0642301700     1     1     4     6
 0.9969473107     1     1     5     5
 -0.1276889524     1     1     6     2
 0.0642301700     1     1     6     4
 0.3485270775     1     1     6     6
 0.1492580806     1     1     7     3
 0.3259626537     1     1     7     7
 -0.9838442730     1     2     2     1
 -0.0070603909     1     2     2     4
 -0.0011330751     1     2     2     6
 0.0310067446     1     2     3     3
 0.0122136833     1     2     3     7
 -0.0677124806     1     2     4     1
 0.0359452980     1     2     4     4
 0.0067582668     1     2     4     6
 0.0408599526     1     2     5     5
 0.1276889524     1     2     6     1
 0.0063441598     1     2     6     4
 0.0018334170     1     2     6     6
 0.0085169096     1     2     7     3
 0.0047919743     1     2     7     7
 0.0027031429     1     3     2     7
 -0.8678745396     1     3     3     1
 -0.0310067446     1     3     3     2
 -0.0105954526     1     3     3     4
 0.0045031277     1     3     3     6
 -0.0011965467     1     3     4     7
 0.0021057229     1     3     6     7
 -0.1492580806     1     3     7     1
 -0.0085169096     1     3     7     2
 -0.0030986668     1     3     7     4
 0.0043280313     1     3     7     6
 -0.0677124806     1     4     2     1
 0.0070603909     1     4     2     2
 -0.0002393747     1     4     2     6
 0.0105954526     1     4     3     3
 0.0020906651     1     4     3     7
 -0.9495888789     1     4     4     1
 -0.0359452980     1     4     4     2
 0.0089685917     1     4     4     6
 0.0137364848     1     4     5     5
 -0.0642301700     1     4     6     1
 -0.0063441598     1     4     6     2
 0.0040004320     1     4     6     6
 0.0030986668     1     4     7     3
 0.0026963257     1     4     7     7
 -0.9969473107     1     5     5     1
 -0.0408599526     1     5     5     2
 -0.0137364848     1     5     5     4
 0.0086829627     1     5     5     6
 0.1276889524     1     6     2     1
 0.0011330751     1     6     2     2
 0.0002393747     1     6     2     4
 -0.0045031277     1     6     3     3
 -0.0021483214     1     6     3     7
 -0.0642301700     1     6     4     1
 -0.0067582668     1     6     4     2
 -0.0089685917     1     6     4     4
 -0.0086829627     1     6     5     5
 -0.3485270775     1     6     6     1
 -0.0018334170     1     6     6     2
 -0.0040004320     1     6     6     4
 -0.0043280313     1     6     7     3
 -0.0017581211     1     6     7     7
 -0.0027031429     1     7     2     3
 -0.1492580806     1     7     3     1
 -0.0122136833     1     7     3     2
 -0.0020906651     1     7     3     4
 0.0021483214     1     7     3     6
 0.0011965467     1     7     4     3
 -0.0021057229     1     7     6     3
 -0.3259626537     1     7     7     1
 -0.0047919743     1     7     7     2
 -0.0026963257     1     7     7     4
 0.0017581211     1     7     7     6
 -0.9838442730     2     1     1     2
 -0.0677124806     2     1     1     4
 0.1276889524     2     1     1     6
 0.0310067446     2     1     3     3
 0.0085169096     2     1     3     7
 -0.0070603909     2     1     4     2
 0.0359452980     2     1     4     4
 0.0063441598     2     1     4     6
 0.0408599526     2     1     5     5
 -0.0011330751     2     1     6     2
 0.0067582668     2     1     6     4
 0.0018334170     2     1     6     6
 0.0122136833     2     1     7     3
 0.0047919743     2     1     7     7
 0.9838442730     2     2     1     1
 0.0070603909     2     2     1     4
 0.0011330751     2     2     1     6
 0.5274902937     2     2     3     3
 0.0606413624     2     2     3     7
 0.0070603909     2     2     4     1
 0.5507829864     2     2     4     4
 0.0267636340     2     2     4     6
 0.5782928393     2     2     5     5
 0.0011330751     2     2     6     1
 0.0267636340     2     2     6     4
 0.3032472719     2     2     6     6
 0.0606413624     2     2     7     3
 0.2845092092     2     2     7     7
 -0.0027031429     2     3     1     7
 -0.0310067446     2     3     3     1
 -0.5274902937     2     3     3     2
 -0.0018974401     2     3     3     4
 0.0590074818     2     3     3     6
 0.0096595245     2     3     4     7
 -0.0340229035     2     3     6     7
 -0.0122136833     2     3     7     1
 -0.0606413624     2     3     7     2
 0.0017812509     2     3     7     4
 -0.0217454724     2     3     7     6
 0.0677124806     2     4     1     1
 -0.0070603909     2     4     1     2
 0.0002393747     2     4     1     6
 0.0018974401     2     4     3     3
 0.0080971734     2     4     3     7
 -0.0359452980     2     4     4     1
 -0.5507829864     2     4     4     2
 0.0586716736     2     4     4     6
 0.0045111882     2     4     5     5
 -0.0067582668     2     4     6     1
 -0.0267636340     2     4     6     2
 -0.0110171470     2     4     6     6
 -0.0017812509     2     4     7     3
 -0.0123940912     2     4     7     7
 -0.0408599526     2     5     5     1
 -0.5782928393     2     5     5     2
 -0.0045111882     2     5     5     4
 0.0574609478     2     5     5     6
 -0.1276889524     2     6     1     1
 -0.0011330751     2     6     1     2
 -0.0002393747     2     6     1     4
 -0.0590074818     2     6     3     3
 -0.0117121072     2     6     3     7
 -0.0063441598     2     6     4     1
 -0.0267636340     2     6     4     2
 -0.0586716736     2     6     4     4
 -0.0574609478     2     6     5     5
 -0.0018334170     2     6     6     1
 -0.3032472719     2     6     6     2
 0.0110171470     2     6     6     4
 0.0217454724     2     6     7     3
 -0.0082295713     2     6     7     7
 0.0027031429     2     7     1     3
 -0.0085169096     2     7     3     1
 -0.0606413624     2     7     3     2
 -0.0080971734     2     7     3     4
 0.0117121072     2     7     3     6
 -0.0096595245     2     7     4     3
 0.0340229035     2     7     6     3
 -0.0047919743     2     7     7     1
 -0.2845092092     2     7     7     2
 0.0123940912     2     7     7     4
 0.0082295713     2     7     7     6
 -0.8678745396     3     1     1     3
 -0.1492580806     3     1     1     7
 -0.0310067446     3     1     2     3
 -0.0085169096     3     1     2     7
 -0.0105954526     3     1     4     3
 -0.0030986668     3     1     4     7
 0.0045031277     3     1     6     3
 0.0043280313     3     1     6     7
 0.0027031429     3     1     7     2
 -0.0011965467     3     1     7     4
 0.0021057229     3     1     7     6
 -0.0310067446     3     2     1     3
 -0.0122136833     3     2     1     7
 -0.5274902937     3     2     2     3
 -0.0606413624     3     2     2     7
 -0.0018974401     3     2     4     3
 0.0017812509     3     2     4     7
 0.0590074818     3     2     6     3
 -0.0217454724     3     2     6     7
 -0.0027031429     3     2     7     1
 0.0096595245     3     2     7     4
 -0.0340229035     3     2     7     6
 0.8678745396     3     3     1     1
 0.0310067446     3     3     1     2
 0.0105954526     3     3     1     4
 -0.0045031277     3     3     1     6
 0.0310067446     3     3     2     1
 0.5274902937     3     3     2     2
 0.0018974401     3     3     2     4
 -0.0590074818     3     3     2     6
 0.0105954526     3     3     4     1
 0.0018974401     3     3     4     2
 0.5618736459     3     3     4     4
 0.0298142616     3     3     4     6
 0.5855722852     3     3     5     5
 -0.0045031277     3     3     6     1
 -0.0590074818     3     3     6     2
 0.0298142616     3     3     6     4
 0.3064727023     3     3     6     6
 0.2709094970     3     3     7     7
 -0.0105954526     3     4     1     3
 -0.0020906651     3     4     1     7
 -0.0018974401     3     4     2     3
 -0.0080971734     3     4     2     7
 -0.5618736459     3     4     4     3
 -0.0751373931     3     4     4     7
 -0.0298142616     3     4     6     3
 0.0005894798     3     4     6     7
 0.0011965467     3     4     7     1
 -0.0096595245     3     4     7     2
 0.0079173009     3     4     7     6
 -0.5855722852     3     5     5     3
 -0.0775407239     3     5     5     7
 0.0045031277     3     6     1     3
 0.0021483214     3     6     1     7
 0.0590074818     3     6     2     3
 0.0117121072     3     6     2     7
 -0.0298142616     3     6     4     3
 -0.0067849144     3     6     4     7
 -0.3064727023     3     6     6     3
 -0.0254973638     3     6     6     7
 -0.0021057229     3     6     7     1
 0.0340229035     3     6     7     2
 -0.0079173009     3     6     7     4
 0.1492580806     3     7     1     1
 0.0122136833     3     7     1     2
 0.0020906651     3     7     1     4
 -0.0021483214     3     7     1     6
 0.0085169096     3     7     2     1
 0.0606413624     3     7     2     2
 0.0080971734     3     7     2     4
 -0.0117121072     3     7     2     6
 0.0030986668     3     7     4     1
 -0.0017812509     3     7     4     2
 0.0751373931     3     7     4     4
 0.0067849144     3     7     4     6
 0.0775407239     3     7     5     5
 -0.0043280313     3     7     6     1
 0.0217454724     3     7     6     2
 -0.0005894798     3     7     6     4
 0.0254973638     3     7     6     6
 -0.2709094970     3     7     7     3
 -0.0677124806     4     1     1     2
 -0.9495888789     4     1     1     4
 -0.0642301700     4     1     1     6
 0.0070603909     4     1     2     2
 -0.0359452980     4     1     2     4
 -0.0063441598     4     1     2     6
 0.0105954526     4     1     3     3
 0.0030986668     4     1     3     7
 0.0137364848     4     1     5     5
 -0.0002393747     4     1     6     2
 0.0089685917     4     1     6     4
 0.0040004320     4     1     6     6
 0.0020906651     4     1     7     3
 0.0026963257     4     1     7     7
 0.0677124806     4     2     1     1
 -0.0359452980     4     2     1     4
 -0.0067582668     4     2     1     6
 -0.0070603909     4     2     2     1
 -0.5507829864     4     2     2     4
 -0.0267636340     4     2     2     6
 0.0018974401     4     2     3     3
 -0.0017812509     4     2     3     7
 0.0045111882     4     2     5     5
 0.0002393747     4     2     6     1
 0.0586716736     4     2     6     4
 -0.0110171470     4     2     6     6
 0.0080971734     4     2     7     3
 -0.0123940912     4     2     7     7
 0.0011965467     4     3     1     7
 -0.0096595245     4     3     2     7
 -0.0105954526     4     3     3     1
 -0.0018974401     4     3     3     2
 -0.5618736459     4     3     3     4
 -0.0298142616     4     3     3     6
 0.0079173009     4     3     6     7
 -0.0020906651     4     3     7     1
 -0.0080971734     4     3     7     2
 -0.0751373931     4     3     7     4
 0.0005894798     4     3     7     6
 0.9495888789     4     4     1     1
 0.0359452980     4     4     1     2
 -0.0089685917     4     4     1     6
 0.0359452980     4     4     2     1
 0.5507829864     4     4     2     2
 -0.0586716736     4     4     2     6
 0.5618736459     4     4     3     3
 0.0751373931     4     4     3     7
 0.6063705375     4     4     5     5
 -0.0089685917     4     4     6     1
 -0.0586716736     4     4     6     2
 0.2927144215     4     4     6     6
 0.0751373931     4     4     7     3
 0.2741179271     4     4     7     7
 -0.0137364848     4     5     5     1
 -0.0045111882     4     5     5     2
 -0.6063705375     4     5     5     4
 -0.0357102164     4     5     5     6
 0.0642301700     4     6     1     1
 0.0067582668     4     6     1     2
 0.0089685917     4     6     1     4
 0.0063441598     4     6     2     1
 0.0267636340     4     6     2     2
 0.0586716736     4     6     2     4
 0.0298142616     4     6     3     3
 0.0067849144     4     6     3     7
 0.0357102164     4     6     5     5
 -0.0040004320     4     6     6     1
 0.0110171470     4     6     6     2
 -0.2927144215     4     6     6     4
 -0.0005894798     4     6     7     3
 0.0075639124     4     6     7     7
 -0.0011965467     4     7     1     3
 0.0096595245     4     7     2     3
 -0.0030986668     4     7     3     1
 0.0017812509     4     7     3     2
 -0.0751373931     4     7     3     4
 -0.0067849144     4     7     3     6
 -0.0079173009     4     7     6     3
 -0.0026963257     4     7     7     1
 0.0123940912     4     7     7     2
 -0.2741179271     4     7     7     4
 -0.0075639124     4     7     7     6
 -0.9969473107     5     1     1     5
 -0.0408599526     5     1     2     5
 -0.0137364848     5     1     4     5
 0.0086829627     5     1     6     5
 -0.0408599526     5     2     1     5
 -0.5782928393     5     2     2     5
 -0.0045111882     5     2     4     5
 0.0574609478     5     2     6     5
 -0.5855722852     5     3     3     5
 -0.0775407239     5     3     7     5
 -0.0137364848     5     4     1     5
 -0.0045111882     5     4     2     5
 -0.6063705375     5     4     4     5
 -0.0357102164     5     4     6     5
 0.9969473107     5     5     1     1
 0.0408599526     5     5     1     2
 0.0137364848     5     5     1     4
 -0.0086829627     5     5     1     6
 0.0408599526     5     5     2     1
 0.5782928393     5     5     2     2
 0.0045111882     5     5     2     4
 -0.0574609478     5     5     2     6
 0.5855722852     5     5     3     3
 0.0775407239     5     5     3     7
 0.0137364848     5     5     4     1
 0.0045111882     5     5     4     2
 0.6063705375     5     5     4     4
 0.0357102164     5     5     4     6
 -0.0086829627     5     5     6     1
 -0.0574609478     5     5     6     2
 0.0357102164     5     5     6     4
 0.3020900539     5     5     6     6
 0.0775407239     5     5     7     3
 0.2791498596     5     5     7     7
 0.0086829627     5     6     1     5
 0.0574609478     5     6     2     5
 -0.0357102164     5     6     4     5
 -0.3020900539     5     6     6     5
 -0.0775407239     5     7     3     5
 -0.2791498596     5     7     7     5
 0.1276889524     6     1     1     2
 -0.0642301700     6     1     1     4
 -0.3485270775     6     1     1     6
 0.0011330751     6     1     2     2
 -0.0067582668     6     1     2     4
 -0.0018334170     6     1     2     6
 -0.0045031277     6     1     3     3
 -0.0043280313     6     1     3     7
 0.0002393747     6     1     4     2
 -0.0089685917     6     1     4     4
 -0.0040004320     6     1     4     6
 -0.0086829627     6     1     5     5
 -0.0021483214     6     1     7     3
 -0.0017581211     6     1     7     7
 -0.1276889524     6     2     1     1
 -0.0063441598     6     2     1     4
 -0.0018334170     6     2     1     6
 -0.0011330751     6     2     2     1
 -0.0267636340     6     2     2     4
 -0.3032472719     6     2     2     6
 -0.0590074818     6     2     3     3
 0.0217454724     6     2     3     7
 -0.0002393747     6     2     4     1
 -0.0586716736     6     2     4     4
 0.0110171470     6     2     4     6
 -0.0574609478     6     2     5     5
 -0.0117121072     6     2     7     3
 -0.0082295713     6     2     7     7
 -0.0021057229     6     3     1     7
 0.0340229035     6     3     2     7
 0.0045031277     6     3     3     1
 0.0590074818     6     3     3     2
 -0.0298142616     6     3     3     4
 -0.3064727023     6     3     3     6
 -0.0079173009     6     3     4     7
 0.0021483214     6     3     7     1
 0.0117121072     6     3     7     2
 -0.0067849144     6     3     7     4
 -0.0254973638     6     3     7     6
 0.0642301700     6     4     1     1
 0.0063441598     6     4     1     2
 -0.0040004320     6     4     1     6
 0.0067582668     6     4     2     1
 0.0267636340     6     4     2     2
 0.0110171470     6     4     2     6
 0.0298142616     6     4     3     3
 -0.0005894798     6     4     3     7
 0.0089685917     6     4     4     1
 0.0586716736     6     4     4     2
 -0.2927144215     6     4     4     6
 0.0357102164     6     4     5     5
 0.0067849144     6     4     7     3
 0.0075639124     6     4     7     7
 0.0086829627     6     5     5     1
 0.0574609478     6     5     5     2
 -0.0357102164     6     5     5     4
 -0.3020900539     6     5     5     6
 0.3485270775     6     6     1     1
 0.0018334170     6     6     1     2
 0.0040004320     6     6     1     4
 0.0018334170     6     6     2     1
 0.3032472719     6     6     2     2
 -0.0110171470     6     6     2     4
 0.3064727023     6     6     3     3
 0.0254973638     6     6     3     7
 0.0040004320     6     6     4     1
 -0.0110171470     6     6     4     2
 0.2927144215     6     6     4     4
 0.3020900539     6     6     5     5
 0.0254973638     6     6     7     3
 0.1880276488     6     6     7     7
 0.0021057229     6     7     1     3
 -0.0340229035     6     7     2     3
 0.0043280313     6     7     3     1
 -0.0217454724     6     7     3     2
 0.0005894798     6     7     3     4
 -0.0254973638     6     7     3     6
 0.0079173009     6     7     4     3
 0.0017581211     6     7     7     1
 0.0082295713     6     7     7     2
 -0.0075639124     6     7     7     4
 -0.1880276488     6     7     7     6
 -0.1492580806     7     1     1     3
 -0.3259626537     7     1     1     7
 -0.0122136833     7     1     2     3
 -0.0047919743     7     1     2     7
 -0.0027031429     7     1     3     2
 0.0011965467     7     1     3     4
 -0.0021057229     7     1     3     6
 -0.0020906651     7     1     4     3
 -0.0026963257     7     1     4     7
 0.0021483214     7     1     6     3
 0.0017581211     7     1     6     7
 -0.0085169096     7     2     1     3
 -0.0047919743     7     2     1     7
 -0.0606413624     7     2     2     3
 -0.2845092092     7     2     2     7
 0.0027031429     7     2     3     1
 -0.0096595245     7     2     3     4
 0.0340229035     7     2     3     6
 -0.0080971734     7     2     4     3
 0.0123940912     7     2     4     7
 0.0117121072     7     2     6     3
 0.0082295713     7     2     6     7
 0.1492580806     7     3     1     1
 0.0085169096     7     3     1     2
 0.0030986668     7     3     1     4
 -0.0043280313     7     3     1     6
 0.0122136833     7     3     2     1
 0.0606413624     7     3     2     2
 -0.0017812509     7     3     2     4
 0.0217454724     7     3     2     6
 -0.2709094970     7     3     3     7
 0.0020906651     7     3     4     1
 0.0080971734     7     3     4     2
 0.0751373931     7     3     4     4
 -0.0005894798     7     3     4     6
 0.0775407239     7     3     5     5
 -0.0021483214     7     3     6     1
 -0.0117121072     7     3     6     2
 0.0067849144     7     3     6     4
 0.0254973638     7     3     6     6
 -0.0030986668     7     4     1     3
 -0.0026963257     7     4     1     7
 0.0017812509     7     4     2     3
 0.0123940912     7     4     2     7
 -0.0011965467     7     4     3     1
 0.0096595245     7     4     3     2
 -0.0079173009     7     4     3     6
 -0.0751373931     7     4     4     3
 -0.2741179271     7     4     4     7
 -0.0067849144     7     4     6     3
 -0.0075639124     7     4     6     7
 -0.0775407239     7     5     5     3
 -0.2791498596     7     5     5     7
 0.0043280313     7     6     1     3
 0.0017581211     7     6     1     7
 -0.0217454724     7     6     2     3
 0.0082295713     7     6     2     7
 0.0021057229     7     6     3     1
 -0.0340229035     7     6     3     2
 0.0079173009     7     6     3     4
 0.0005894798     7     6     4     3
 -0.0075639124     7     6     4     7
 -0.0254973638     7     6     6     3
 -0.1880276488     7     6     6     7
 0.3259626537     7     7     1     1
 0.0047919743     7     7     1     2
 0.0026963257     7     7     1     4
 -0.0017581211     7     7     1     6
 0.0047919743     7     7     2     1
 0.2845092092     7     7     2     2
 -0.0123940912     7     7     2     4
 -0.0082295713     7     7     2     6
 0.2709094970     7     7     3     3
 0.0026963257     7     7     4     1
 -0.0123940912     7     7     4     2
 0.2741179271     7     7     4     4
 0.0075639124     7     7     4     6
 0.2791498596     7     7     5     5
 -0.0017581211     7     7     6     1
 -0.0082295713     7     7     6     2
 0.0075639124     7     7     6     4
 0.1880276488     7     7     6     6
0.0 0 0 0 0
 0.9838442730     1     1     2     2
 0.0677124806     1     1     2     4
 -0.1276889524     1     1     2     6
 0.8678745396     1     1     3     3
 0.1492580806     1     1     3     7
 0.0677124806     1     1     4     2
 0.9495888789     1     1     4     4
 0.0642301700     1     1     4     6
 0.9969473107     1     1     5     5
 -0.1276889524     1     1     6     2
 0.0642301700     1     1     6     4
 0.3485270775     1     1     6     6
 0.1492580806     1     1     7     3
 0.3259626537     1     1     7     7
 -0.9838442730     1     2     2     1
 -0.0070603909     1     2     2     4
 -0.0011330751     1     2     2     6
 0.0310067446     1     2     3     3
 0.0122136833     1     2     3     7
 -0.0677124806     1     2     4     1
 0.0359452980     1     2     4     4
 0.0067582668     1     2     4     6
 0.0408599526     1     2     5     5
 0.1276889524     1     2     6     1
 0.0063441598     1     2     6     4
 0.0018334170     1     2     6     6
 0.0085169096     1     2     7     3
 0.0047919743     1     2     7     7
 0.0027031429     1     3     2     7
 -0.8678745396     1     3     3     1
 -0.0310067446     1     3     3     2
 -0.0105954526     1     3     3     4
 0.0045031277     1     3     3     6
 -0.0011965467     1     3     4     7
 0.0021057229     1     3     6     7
 -0.1492580806     1     3     7     1
 -0.0085169096     1     3     7     2
 -0.0030986668     1     3     7     4
 0.0043280313     1     3     7     6
 -0.0677124806     1     4     2     1
 0.0070603909     1     4     2     2
 -0.0002393747     1     4     2     6
 0.0105954526     1     4     3     3
 0.0020906651     1     4     3     7
 -0.9495888789     1     4     4     1
 -0.0359452980     1     4     4     2
 0.0089685917     1     4     4     6
 0.0137364848     1     4     5     5
 -0.0642301700     1     4     6     1
 -0.0063441598     1     4     6     2
 0.0040004320     1     4     6     6
 0.0030986668     1     4     7     3
 0.0026963257     1     4     7     7
 -0.9969473107     1     5     5     1
 -0.0408599526     1     5     5     2
 -0.0137364848     1     5     5     4
 0.0086829627     1     5     5     6
 0.1276889524     1     6     2     1
 0.0011330751     1     6     2     2
 0.0002393747     1     6     2     4
 -0.0045031277     1     6     3     3
 -0.0021483214     1     6     3     7
 -0.0642301700     1     6     4     1
 -0.0067582668     1     6     4     2
 -0.0089685917     1     6     4     4
 -0.0086829627     1     6     5     5
 -0.3485270775     1     6     6     1
 -0.0018334170     1     6     6     2
 -0.0040004320     1     6     6     4
 -0.0043280313     1     6     7     3
 -0.0017581211     1     6     7     7
 -0.0027031429     1     7     2     3
 -0.1492580806     1     7     3     1
 -0.0122136833     1     7     3     2
 -0.0020906651     1     7     3     4
 0.0021483214     1     7     3     6
 0.0011965467     1     7     4     3
 -0.0021057229     1     7     6     3
 -0.3259626537     1     7     7     1
 -0.0047919743     1     7     7     2
 -0.0026963257     1     7     7     4
 0.0017581211     1     7     7     6
 -0.9838442730     2     1     1     2
 -0.0677124806     2     1     1     4
 0.1276889524     2     1     1     6
 0.0310067446     2     1     3     3
 0.0085169096     2     1     3     7
 -0.0070603909     2     1     4     2
 0.0359452980     2     1     4     4
 0.0063441598     2     1     4     6
 0.0408599526     2     1     5     5
 -0.0011330751     2     1     6     2
 0.0067582668     2     1     6     4
 0.0018334170     2     1     6     6
 0.0122136833     2     1     7     3
 0.0047919743     2     1     7     7
 0.9838442730     2     2     1     1
 0.0070603909     2     2     1     4
 0.0011330751     2     2     1     6
 0.5274902937     2     2     3     3
 0.0606413624     2     2     3     7
 0.0070603909     2     2     4     1
 0.5507829864     2     2     4     4
 0.0267636340     2     2     4     6
 0.5782928393     2     2     5     5
 0.0011330751     2     2     6     1
 0.0267636340     2     2     6     4
 0.3032472719     2     2     6     6
 0.0606413624     2     2     7     3
 0.2845092092     2     2     7     7
 -0.0027031429     2     3     1     7
 -0.0310067446     2     3     3     1
 -0.5274902937     2     3     3     2
 -0.0018974401     2     3     3     4
 0.0590074818     2     3     3     6
 0.0096595245     2     3     4     7
 -0.0340229035     2     3     6     7
 -0.0122136833     2     3     7     1
 -0.0606413624     2     3     7     2
 0.0017812509     2     3     7     4
 -0.0217454724     2     3     7     6
 0.0677124806     2     4     1     1
 -0.0070603909     2     4     1     2
 0.0002393747     2     4     1     6
 0.0018974401     2     4     3     3
 0.0080971734     2     4     3     7
 -0.0359452980     2     4     4     1
 -0.5507829864     2     4     4     2
 0.0586716736     2     4     4     6
 0.0045111882     2     4     5     5
 -0.0067582668     2     4     6     1
 -0.0267636340     2     4     6     2
 -0.0110171470     2     4     6     6
 -0.0017812509     2     4     7     3
 -0.0123940912     2     4     7     7
 -0.0408599526     2     5     5     1
 -0.5782928393     2     5     5     2
 -0.0045111882     2     5     5     4
 0.0574609478     2     5     5     6
 -0.1276889524     2     6     1     1
 -0.0011330751     2     6     1     2
 -0.0002393747     2     6     1     4
 -0.0590074818     2     6     3     3
 -0.0117121072     2     6     3     7
 -0.0063441598     2     6     4     1
 -0.0267636340     2     6     4     2
 -0.0586716736     2     6     4     4
 -0.0574609478     2     6     5     5
 -0.0018334170     2     6     6     1
 -0.3032472719     2     6     6     2
 0.0110171470     2     6     6     4
 0.0217454724     2     6     7     3
 -0.0082295713     2     6     7     7
 0.0027031429     2     7     1     3
 -0.0085169096     2     7     3     1
 -0.0606413624     2     7     3     2
 -0.0080971734     2     7     3     4
 0.0117121072     2     7     3     6
 -0.0096595245     2     7     4     3
 0.0340229035     2     7     6     3
 -0.0047919743     2     7     7     1
 -0.2845092092     2     7     7     2
 0.0123940912     2     7     7     4
 0.0082295713     2     7     7     6
 -0.8678745396     3     1     1     3
 -0.1492580806     3     1     1     7
 -0.0310067446     3     1     2     3
 -0.0085169096     3     1     2     7
 -0.0105954526     3     1     4     3
 -0.0030986668     3     1     4     7
 0.0045031277     3     1     6     3
 0.0043280313     3     1     6     7
 0.0027031429     3     1     7     2
 -0.0011965467     3     1     7     4
 0.0021057229     3     1     7     6
 -0.0310067446     3     2     1     3
 -0.0122136833     3     2     1     7
 -0.5274902937     3     2     2     3
 -0.0606413624     3     2     2     7
 -0.0018974401     3     2     4     3
 0.0017812509     3     2     4     7
 0.0590074818     3     2     6     3
 -0.0217454724     3     2     6     7
 -0.0027031429     3     2     7     1
 0.0096595245     3     2     7     4
 -0.0340229035     3     2     7     6
 0.8678745396     3     3     1     1
 0.0310067446     3     3     1     2
 0.0105954526     3     3     1     4
 -0.0045031277     3     3     1     6
 0.0310067446     3     3     2     1
 0.5274902937     3     3     2     2
 0.0018974401     3     3     2     4
 -0.0590074818     3     3     2     6
 0.0105954526     3     3     4     1
 0.0018974401     3     3     4     2
 0.5618736459     3     3     4     4
 0.0298142616     3     3     4     6
 0.5855722852     3     3     5     5
 -0.0045031277     3     3     6     1
 -0.0590074818     3     3     6     2
 0.0298142616     3     3     6     4
 0.3064727023     3     3     6     6
 0.2709094970     3     3     7     7
 -0.0105954526     3     4     1     3
 -0.0020906651     3     4     1     7
 -0.0018974401     3     4     2     3
 -0.0080971734     3     4     2     7
 -0.5618736459     3     4     4     3
 -0.0751373931     3     4     4     7
 -0.0298142616     3     4     6     3
 0.0005894798     3     4     6     7
 0.0011965467     3     4     7     1
 -0.0096595245     3     4     7     2
 0.0079173009     3     4     7     6
 -0.5855722852     3     5     5     3
 -0.0775407239     3     5     5     7
 0.0045031277     3     6     1     3
 0.0021483214     3     6     1     7
 0.0590074818     3     6     2     3
 0.0117121072     3     6     2     7
 -0.0298142616     3     6     4     3
 -0.0067849144     3     6     4     7
 -0.3064727023     3     6     6     3
 -0.0254973638     3     6     6     7
 -0.0021057229     3     6     7     1
 0.0340229035     3     6     7     2
 -0.0079173009     3     6     7     4
 0.1492580806     3     7     1     1
 0.0122136833     3     7     1     2
 0.0020906651     3     7     1     4
 -0.0021483214     3     7     1     6
 0.0085169096     3     7     2     1
 0.0606413624     3     7     2     2
 0.0080971734     3     7     2     4
 -0.0117121072     3     7     2     6
 0.0030986668     3     7     4     1
 -0.0017812509     3     7     4     2
 0.0751373931     3     7     4     4
 0.0067849144     3     7     4     6
 0.0775407239     3     7     5     5
 -0.0043280313     3     7     6     1
 0.0217454724     3     7     6     2
 -0.0005894798     3     7     6     4
 0.0254973638     3     7     6     6
 -0.2709094970     3     7     7     3
 -0.0677124806     4     1     1     2
 -0.9495888789     4     1     1     4
 -0.0642301700     4     1     1     6
 0.0070603909     4     1     2     2
 -0.0359452980     4     1     2     4
 -0.0063441598     4     1     2     6
 0.0105954526     4     1     3     3
 0.0030986668     4     1     3     7
 0.0137364848     4     1     5     5
 -0.0002393747     4     1     6     2
 0.0089685917     4     1     6     4
 0.0040004320     4     1     6     6
 0.0020906651     4     1     7     3
 0.0026963257     4     1     7     7
 0.0677124806     4     2     1     1
 -0.0359452980     4     2     1     4
 -0.0067582668     4     2     1     6
 -0.0070603909     4     2     2     1
 -0.5507829864     4     2     2     4
 -0.0267636340     4     2     2     6
 0.0018974401     4     2     3     3
 -0.0017812509     4     2     3     7
 0.0045111882     4     2     5     5
 0.0002393747     4     2     6     1
 0.0586716736     4     2     6     4
 -0.0110171470     4     2     6     6
 0.0080971734     4     2     7     3
 -0.0123940912     4     2     7     7
 0.0011965467     4     3     1     7
 -0.0096595245     4     3     2     7
 -0.0105954526     4     3     3     1
 -0.0018974401     4     3     3     2
 -0.5618736459     4     3     3     4
 -0.0298142616     4     3     3     6
 0.0079173009     4     3     6     7
 -0.0020906651     4     3     7     1
 -0.0080971734     4     3     7     2
 -0.0751373931     4     3     7     4
 0.0005894798     4     3     7     6
 0.9495888789     4     4     1     1
 0.0359452980     4     4     1     2
 -0.0089685917     4     4     1     6
 0.0359452980     4     4     2     1
 0.5507829864     4     4     2     2
 -0.0586716736     4     4     2     6
 0.5618736459     4     4     3     3
 0.0751373931     4     4     3     7
 0.6063705375     4     4     5     5
 -0.0089685917     4     4     6     1
 -0.0586716736     4     4     6     2
 0.2927144215     4     4     6     6
 0.0751373931     4     4     7     3
 0.2741179271     4     4     7     7
 -0.0137364848     4     5     5     1
 -0.0045111882     4     5     5     2
 -0.6063705375     4     5     5     4
 -0.0357102164     4     5     5     6
 0.0642301700     4     6     1     1
 0.0067582668     4     6     1     2
 0.0089685917     4     6     1     4
 0.0063441598     4     6     2     1
 0.0267636340     4     6     2     2
 0.0586716736     4     6     2     4
 0.0298142616     4     6     3     3
 0.0067849144     4     6     3     7
 0.0357102164     4     6     5     5
 -0.0040004320     4     6     6     1
 0.0110171470     4     6     6     2
 -0.2927144215     4     6     6     4
 -0.0005894798     4     6     7     3
 0.0075639124     4     6     7     7
 -0.0011965467     4     7     1     3
 0.0096595245     4     7     2     3
 -0.0030986668     4     7     3     1
 0.0017812509     4     7     3     2
 -0.0751373931     4     7     3     4
 -0.0067849144     4     7     3     6
 -0.0079173009     4     7     6     3
 -0.0026963257     4     7     7     1
 0.0123940912     4     7     7     2
 -0.2741179271     4     7     7     4
 -0.0075639124     4     7     7     6
 -0.9969473107     5     1     1     5
 -0.0408599526     5     1     2     5
 -0.0137364848     5     1     4     5
 0.0086829627     5     1     6     5
 -0.0408599526     5     2     1     5
 -0.5782928393     5     2     2     5
 -0.0045111882     5     2     4     5
 0.0574609478     5     2     6     5
 -0.5855722852     5     3     3     5
 -0.0775407239     5     3     7     5
 -0.0137364848     5     4     1     5
 -0.0045111882     5     4     2     5
 -0.6063705375     5     4     4     5
 -0.0357102164     5     4     6     5
 0.9969473107     5     5     1     1
 0.0408599526     5     5     1     2
 0.0137364848     5     5     1     4
 -0.0086829627     5     5     1     6
 0.0408599526     5     5     2     1
 0.5782928393     5     5     2     2
 0.0045111882     5     5     2     4
 -0.0574609478     5     5     2     6
 0.5855722852     5     5     3     3
 0.0775407239     5     5     3     7
 0.0137364848     5     5     4     1
 0.0045111882     5     5     4     2
 0.6063705375     5     5     4     4
 0.0357102164     5     5     4     6
 -0.0086829627     5     5     6     1
 -0.0574609478     5     5     6     2
 0.0357102164     5     5     6     4
 0.3020900539     5     5     6     6
 0.0775407239     5     5     7     3
 0.2791498596     5     5     7     7
 0.0086829627     5     6     1     5
 0.0574609478     5     6     2     5
 -0.0357102164     5     6     4     5
 -0.3020900539     5     6     6     5
 -0.0775407239     5     7     3     5
 -0.2791498596     5     7     7     5
 0.1276889524     6     1     1     2
 -0.0642301700     6     1     1     4
 -0.3485270775     6     1     1     6
 0.0011330751     6     1     2     2
 -0.0067582668     6     1     2     4
 -0.0018334170     6     1     2     6
 -0.0045031277     6     1     3     3
 -0.0043280313     6     1     3     7
 0.0002393747     6     1     4     2
 -0.0089685917     6     1     4     4
 -0.0040004320     6     1     4     6
 -0.0086829627     6     1     5     5
 -0.0021483214     6     1     7     3
 -0.0017581211     6     1     7     7
 -0.1276889524     6     2     1     1
 -0.0063441598     6     2     1     4
 -0.0018334170     6     2     1     6
 -0.0011330751     6     2     2     1
 -0.0267636340     6     2     2     4
 -0.3032472719     6     2     2     6
 -0.0590074818     6     2     3     3
 0.0217454724     6     2     3     7
 -0.0002393747     6     2     4     1
 -0.0586716736     6     2     4     4
 0.0110171470     6     2     4     6
 -0.0574609478     6     2     5     5
 -0.0117121072     6     2     7     3
 -0.0082295713     6     2     7     7
 -0.0021057229     6     3     1     7
 0.0340229035     6     3     2     7
 0.0045031277     6     3     3     1
 0.0590074818     6     3     3     2
 -0.0298142616     6     3     3     4
 -0.3064727023     6     3     3     6
 -0.0079173009     6     3     4     7
 0.0021483214     6     3     7     1
 0.0117121072     6     3     7     2
 -0.0067849144     6     3     7     4
 -0.0254973638     6     3     7     6
 0.0642301700     6     4     1     1
 0.0063441598     6     4     1     2
 -0.0040004320     6     4     1     6
 0.0067582668     6     4     2     1
 0.0267636340     6     4     2     2
 0.0110171470     6     4     2     6
 0.0298142616     6     4     3     3
 -0.0005894798     6     4     3     7
 0.0089685917     6     4     4     1
 0.0586716736     6     4     4     2
 -0.2927144215     6     4     4     6
 0.0357102164     6     4     5     5
 0.0067849144     6     4     7     3
 0.0075639124     6     4     7     7
 0.0086829627     6     5     5     1
 0.0574609478     6     5     5     2
 -0.0357102164     6     5     5     4
 -0.3020900539     6     5     5     6
 0.3485270775     6     6     1     1
 0.0018334170     6     6     1     2
 0.0040004320     6     6     1     4
 0.0018334170     6     6     2     1
 0.3032472719     6     6     2     2
 -0.0110171470     6     6     2     4
 0.3064727023     6     6     3     3
 0.0254973638     6     6     3     7
 0.0040004320     6     6     4     1
 -0.0110171470     6     6     4     2
 0.2927144215     6     6     4     4
 0.3020900539     6     6     5     5
 0.0254973638     6     6     7     3
 0.1880276488     6     6     7     7
 0.0021057229     6     7     1     3
 -0.0340229035     6     7     2     3
 0.0043280313     6     7     3     1
 -0.0217454724     6     7     3     2
 0.0005894798     6     7     3     4
 -0.0254973638     6     7     3     6
 0.0079173009     6     7     4     3
 0.0017581211     6     7     7     1
 0.0082295713     6     7     7     2
 -0.0075639124     6     7     7     4
 -0.1880276488     6     7     7     6
 -0.1492580806     7     1     1     3
 -0.3259626537     7     1     1     7
 -0.0122136833     7     1     2     3
 -0.0047919743     7     1     2     7
 -0.0027031429     7     1     3     2
 0.0011965467     7     1     3     4
 -0.0021057229     7     1     3     6
 -0.0020906651     7     1     4     3
 -0.0026963257     7     1     4     7
 0.0021483214     7     1     6     3
 0.0017581211     7     1     6     7
 -0.0085169096     7     2     1     3
 -0.0047919743     7     2     1     7
 -0.0606413624     7     2     2     3
 -0.2845092092     7     2     2     7
 0.0027031429     7     2     3     1
 -0.0096595245     7     2     3     4
 0.0340229035     7     2     3     6
 -0.0080971734     7     2     4     3
 0.0123940912     7     2     4     7
 0.0117121072     7     2     6     3
 0.0082295713     7     2     6     7
 0.1492580806     7     3     1     1
 0.0085169096     7     3     1     2
 0.0030986668     7     3     1     4
 -0.0043280313     7     3     1     6
 0.0122136833     7     3     2     1
 0.0606413624     7     3     2     2
 -0.0017812509     7     3     2     4
 0.0217454724     7     3     2     6
 -0.2709094970     7     3     3     7
 0.0020906651     7     3     4     1
 0.0080971734     7     3     4     2
 0.0751373931     7     3     4     4
 -0.0005894798     7     3     4     6
 0.0775407239     7     3     5     5
 -0.0021483214     7     3     6     1
 -0.0117121072     7     3     6     2
 0.0067849144     7     3     6     4
 0.0254973638     7     3     6     6
 -0.0030986668     7     4     1     3
 -0.0026963257     7     4     1     7
 0.0017812509     7     4     2     3
 0.0123940912     7     4     2     7
 -0.0011965467     7     4     3     1
 0.0096595245     7     4     3     2
 -0.0079173009     7     4     3     6
 -0.0751373931     7     4     4     3
 -0.2741179271     7     4     4     7
 -0.0067849144     7     4     6     3
 -0.0075639124     7     4     6     7
 -0.0775407239     7     5     5     3
 -0.2791498596     7     5     5     7
 0.0043280313     7     6     1     3
 0.0017581211     7     6     1     7
 -0.0217454724     7     6     2     3
 0.0082295713     7     6     2     7
 0.0021057229     7     6     3     1
 -0.0340229035     7     6     3     2
 0.0079173009     7     6     3     4
 0.0005894798     7     6     4     3
 -0.0075639124     7     6     4     7
 -0.0254973638     7     6     6     3
 -0.1880276488     7     6     6     7
 0.3259626537     7     7     1     1
 0.0047919743     7     7     1     2
 0.0026963257     7     7     1     4
 -0.0017581211     7     7     1     6
 0.0047919743     7     7     2     1
 0.2845092092     7     7     2     2
 -0.0123940912     7     7     2     4
 -0.0082295713     7     7     2     6
 0.2709094970     7     7     3     3
 0.0026963257     7     7     4     1
 -0.0123940912     7     7     4     2
 0.2741179271     7     7     4     4
 0.0075639124     7     7     4     6
 0.2791498596     7     7     5     5
 -0.0017581211     7     7     6     1
 -0.0082295713     7     7     6     2
 0.0075639124     7     7     6     4
 0.1880276488     7     7     6     6
0.0 0 0 0 0
 4.7295544964     1     1     1     1
 0.4290955498     1     1     1     2
 0.1371002885     1     1     1     4
 -0.1254230488     1     1     1     6
 0.4290955498     1     1     2     1
 1.0474459344     1     1     2     2
 0.0839058417     1     1     2     4
 -0.1491637933     1     1     2     6
 0.8888719431     1     1     3     3
 0.1595151584     1     1     3     7
 0.1371002885     1     1     4     1
 0.0839058417     1     1     4     2
 0.9804480863     1     1     4     4
 0.0646326035     1     1     4     6
 1.0276080846     1     1     5     5
 -0.1254230488     1     1     6     1
 -0.1491637933     1     1     6     2
 0.0646326035     1     1     6     4
 0.3558284315     1     1     6     6
 0.1595151584     1     1     7     3
 0.3301959751     1     1     7     7
 0.4290955498     1     2     1     1
 0.0593440929     1     2     1     2
 0.0161149566     1     2     1     4
 -0.0202539791     1     2     1     6
 0.0636016614     1     2     2     1
 0.0146918257     1     2     2     2
 0.0074831897     1     2     2     4
 -0.0024596863     1     2     2     6
 0.0074121770     1     2     3     3
 0.0012836247     1     2     3     7
 0.0161933611     1     2     4     1
 0.0077811986     1     2     4     2
 0.0134117539     1     2     4     4
 -0.0008770530     1     2     4     6
 0.0121525359     1     2     5     5
 -0.0214748409     1     2     6     1
 -0.0012720869     1     2     6     2
 -0.0010888263     1     2     6     4
 0.0012141129     1     2     6     6
 0.0003594046     1     2     7     3
 0.0013218099     1     2     7     7
 0.0166069101     1     3     1     3
 0.0092922667     1     3     1     7
 -0.0226611383     1     3     2     3
 -0.0079635459     1     3     2     7
 0.0209974035     1     3     3     1
 -0.0235945676     1     3     3     2
 -0.0030796585     1     3     3     4
 0.0039831013     1     3     3     6
 -0.0026387424     1     3     4     3
 -0.0028837527     1     3     4     7
 0.0037765664     1     3     6     3
 0.0038609735     1     3     6     7
 0.0102570778     1     3     7     1
 -0.0081575050     1     3     7     2
 -0.0027660118     1     3     7     4
 0.0038846972     1     3     7     6
 0.1371002885     1     4     1     1
 0.0161149566     1     4     1     2
 0.0261093001     1     4     1     4
 0.0000552016     1     4     1     6
 0.0161933611     1     4     2     1
 0.0145435806     1     4     2     2
 -0.0217366517     1     4     2     4
 -0.0076461247     1     4     2     6
 0.0075157941     1     4     3     3
 0.0003297000     1     4     3     7
 0.0308592074     1     4     4     1
 -0.0225335441     1     4     4     2
 -0.0081048367     1     4     4     4
 0.0030763135     1     4     4     6
 0.0047957595     1     4     5     5
 0.0004024335     1     4     6     1
 -0.0074329861     1     4     6     2
 0.0026661216     1     4     6     4
 0.0048972871     1     4     6     6
 0.0003326550     1     4     7     3
 0.0013877537     1     4     7     7
 0.0255996936     1     5     1     5
 -0.0282874746     1     5     2     5
 -0.0085885171     1     5     4     5
 0.0306607739     1     5     5     1
 -0.0287074167     1     5     5     2
 -0.0089407253     1     5     5     4
 0.0065221278     1     5     5     6
 0.0058814313     1     5     6     5
 -0.1254230488     1     6     1     1
 -0.0202539791     1     6     1     2
 0.0000552016     1     6     1     4
 0.0079322525     1     6     1     6
 -0.0214748409     1     6     2     1
 -0.0013266112     1     6     2     2
 -0.0074067500     1     6     2     4
 -0.0010978098     1     6     2     6
 -0.0005200264     1     6     3     3
 -0.0000212841     1     6     3     7
 0.0004024335     1     6     4     1
 -0.0076353198     1     6     4     2
 -0.0058922782     1     6     4     4
 0.0013652223     1     6     4     6
 -0.0021608349     1     6     5     5
 0.0073013540     1     6     6     1
 -0.0006193041     1     6     6     2
 0.0008968551     1     6     6     4
 0.0005664597     1     6     6     6
 -0.0004433341     1     6     7     3
 -0.0001204067     1     6     7     7
 0.0092922667     1     7     1     3
 0.0045247587     1     7     1     7
 -0.0106666888     1     7     2     3
 -0.0038251192     1     7     2     7
 0.0102570778     1     7     3     1
 -0.0109300586     1     7     3     2
 -0.0017609651     1     7     3     4
 0.0021270373     1     7     3     6
 -0.0016872060     1     7     4     3
 -0.0013929195     1     7     4     7
 0.0017552506     1     7     6     3
 0.0016292752     1     7     6     7
 0.0042333214     1     7     7     1
 -0.0034701644     1     7     7     2
 -0.0013085720     1     7     7     4
 0.0016377144     1     7     7     6
 0.4290955498     2     1     1     1
 0.0636016614     2     1     1     2
 0.0161933611     2     1     1     4
 -0.0214748409     2     1     1     6
 0.0593440929     2     1     2     1
 0.0146918257     2     1     2     2
 0.0077811986     2     1     2     4
 -0.0012720869     2     1     2     6
 0.0074121770     2     1     3     3
 0.0003594046     2     1     3     7
 0.0161149566     2     1     4     1
 0.0074831897     2     1     4     2
 0.0134117539     2     1     4     4
 -0.0010888263     2     1     4     6
 0.0121525359     2     1     5     5
 -0.0202539791     2     1     6     1
 -0.0024596863     2     1     6     2
 -0.0008770530     2     1     6     4
 0.0012141129     2     1     6     6
 0.0012836247     2     1     7     3
 0.0013218099     2     1     7     7
 1.0474459344     2     2     1     1
 0.0146918257     2     2     1     2
 0.0145435806     2     2     1     4
 -0.0013266112     2     2     1     6
 0.0146918257     2     2     2     1
 0.7441549652     2     2     2     2
 -0.0169956876     2     2     2     4
 -0.0852580700     2     2     2     6
 0.6740118193     2     2     3     3
 0.0924181399     2     2     3     7
 0.0145435806     2     2     4     1
 -0.0169956876     2     2     4     2
 0.6690835743     2     2     4     4
 0.0415294414     2     2     4     6
 0.6990759633     2     2     5     5
 -0.0013266112     2     2     6     1
 -0.0852580700     2     2     6     2
 0.0415294414     2     2     6     4
 0.3270669227     2     2     6     6
 0.0924181399     2     2     7     3
 0.2964515864     2     2     7     7
 -0.0226611383     2     3     1     3
 -0.0106666888     2     3     1     7
 0.1410508074     2     3     2     3
 0.0323800924     2     3     2     7
 -0.0235945676     2     3     3     1
 0.1465215256     2     3     3     2
 -0.0139243194     2     3     3     4
 -0.0030839477     2     3     3     6
 -0.0144309163     2     3     4     3
 0.0155697821     2     3     4     7
 -0.0033198671     2     3     6     3
 -0.0415724666     2     3     6     7
 -0.0109300586     2     3     7     1
 0.0317767775     2     3     7     2
 0.0144573025     2     3     7     4
 -0.0415671806     2     3     7     6
 0.0839058417     2     4     1     1
 0.0074831897     2     4     1     2
 -0.0217366517     2     4     1     4
 -0.0074067500     2     4     1     6
 0.0077811986     2     4     2     1
 -0.0169956876     2     4     2     2
 0.1129788140     2     4     2     4
 0.0147310891     2     4     2     6
 -0.0120268793     2     4     3     3
 0.0138657958     2     4     3     7
 -0.0225335441     2     4     4     1
 0.1183005879     2     4     4     2
 0.0631453819     2     4     4     4
 -0.0001341937     2     4     4     6
 0.0319458996     2     4     5     5
 -0.0076353198     2     4     6     1
 0.0147658074     2     4     6     2
 -0.0002376956     2     4     6     4
 -0.0237410134     2     4     6     6
 0.0126760516     2     4     7     3
 -0.0102179362     2     4     7     7
 -0.0282874746     2     5     1     5
 0.1163203177     2     5     2     5
 0.0275802749     2     5     4     5
 -0.0287074167     2     5     5     1
 0.1207831240     2     5     5     2
 0.0274347114     2     5     5     4
 -0.0183243430     2     5     5     6
 -0.0174121139     2     5     6     5
 -0.1491637933     2     6     1     1
 -0.0024596863     2     6     1     2
 -0.0076461247     2     6     1     4
 -0.0010978098     2     6     1     6
 -0.0012720869     2     6     2     1
 -0.0852580700     2     6     2     2
 0.0147310891     2     6     2     4
 0.0294047073     2     6     2     6
 -0.0620914295     2     6     3     3
 -0.0230429625     2     6     3     7
 -0.0074329861     2     6     4     1
 0.0147658074     2     6     4     2
 -0.0588058673     2     6     4     4
 -0.0160206044     2     6     4     6
 -0.0757852908     2     6     5     5
 -0.0006193041     2     6     6     1
 0.0238196508     2     6     6     2
 -0.0127238664     2     6     6     4
 -0.0111612242     2     6     6     6
 -0.0198217082     2     6     7     3
 -0.0072975504     2     6     7     7
 -0.0079635459     2     7     1     3
 -0.0038251192     2     7     1     7
 0.0323800924     2     7     2     3
 0.0148730539     2     7     2     7
 -0.0081575050     2     7     3     1
 0.0317767775     2     7     3     2
 0.0057686224     2     7     3     4
 -0.0113308553     2     7     3     6
 0.0059102576     2     7     4     3
 0.0029065823     2     7     4     7
 -0.0075495631     2     7     6     3
 0.0010473499     2     7     6     7
 -0.0034701644     2     7     7     1
 0.0119423772     2     7     7     2
 0.0021761550     2     7     7     4
 0.0009320209     2     7     7     6
 0.0209974035     3     1     1     3
 0.0102570778     3     1     1     7
 -0.0235945676     3     1     2     3
 -0.0081575050     3     1     2     7
 0.0166069101     3     1     3     1
 -0.0226611383     3     1     3     2
 -0.0026387424     3     1     3     4
 0.0037765664     3     1     3     6
 -0.0030796585     3     1     4     3
 -0.0027660118     3     1     4     7
 0.0039831013     3     1     6     3
 0.0038846972     3     1     6     7
 0.0092922667     3     1     7     1
 -0.0079635459     3     1     7     2
 -0.0028837527     3     1     7     4
 0.0038609735     3     1     7     6
 -0.0235945676     3     2     1     3
 -0.0109300586     3     2     1     7
 0.1465215256     3     2     2     3
 0.0317767775     3     2     2     7
 -0.0226611383     3     2     3     1
 0.1410508074     3     2     3     2
 -0.0144309163     3     2     3     4
 -0.0033198671     3     2     3     6
 -0.0139243194     3     2     4     3
 0.0144573025     3     2     4     7
 -0.0030839477     3     2     6     3
 -0.0415671806     3     2     6     7
 -0.0106666888     3     2     7     1
 0.0323800924     3     2     7     2
 0.0155697821     3     2     7     4
 -0.0415724666     3     2     7     6
 0.8888719431     3     3     1     1
 0.0074121770     3     3     1     2
 0.0075157941     3     3     1     4
 -0.0005200264     3     3     1     6
 0.0074121770     3     3     2     1
 0.6740118193     3     3     2     2
 -0.0120268793     3     3     2     4
 -0.0620914295     3     3     2     6
 0.6487647284     3     3     3     3
 0.0829104400     3     3     3     7
 0.0075157941     3     3     4     1
 -0.0120268793     3     3     4     2
 0.5981487051     3     3     4     4
 0.0276518203     3     3     4     6
 0.6134770473     3     3     5     5
 -0.0005200264     3     3     6     1
 -0.0620914295     3     3     6     2
 0.0276518203     3     3     6     4
 0.3205110821     3     3     6     6
 0.0829104400     3     3     7     3
 0.3005117208     3     3     7     7
 -0.0030796585     3     4     1     3
 -0.0017609651     3     4     1     7
 -0.0139243194     3     4     2     3
 0.0057686224     3     4     2     7
 -0.0026387424     3     4     3     1
 -0.0144309163     3     4     3     2
 0.0292780677     3     4     3     4
 -0.0020565629     3     4     3     6
 0.0362750592     3     4     4     3
 0.0072936868     3     4     4     7
 -0.0021624413     3     4     6     3
 0.0131416699     3     4     6     7
 -0.0016872060     3     4     7     1
 0.0059102576     3     4     7     2
 0.0074274754     3     4     7     4
 0.0132404249     3     4     7     6
 0.0212483521     3     5     3     5
 0.0279047621     3     5     5     3
 0.0089432860     3     5     5     7
 0.0088057500     3     5     7     5
 0.0039831013     3     6     1     3
 0.0021270373     3     6     1     7
 -0.0030839477     3     6     2     3
 -0.0113308553     3     6     2     7
 0.0037765664     3     6     3     1
 -0.0033198671     3     6     3     2
 -0.0020565629     3     6     3     4
 0.0176580141     3     6     3     6
 -0.0021624413     3     6     4     3
 0.0068227075     3     6     4     7
 0.0140383798     3     6     6     3
 -0.0177821555     3     6     6     7
 0.0017552506     3     6     7     1
 -0.0075495631     3     6     7     2
 0.0053231240     3     6     7     4
 -0.0174541593     3     6     7     6
 0.1595151584     3     7     1     1
 0.0012836247     3     7     1     2
 0.0003297000     3     7     1     4
 -0.0000212841     3     7     1     6
 0.0003594046     3     7     2     1
 0.0924181399     3     7     2     2
 0.0138657958     3     7     2     4
 -0.0230429625     3     7     2     6
 0.0829104400     3     7     3     3
 0.0341243943     3     7     3     7
 0.0003326550     3     7     4     1
 0.0126760516     3     7     4     2
 0.0824310799     3     7     4     4
 0.0136076219     3     7     4     6
 0.0864840099     3     7     5     5
 -0.0004433341     3     7     6     1
 -0.0198217082     3     7     6     2
 0.0125521901     3     7     6     4
 0.0077152083     3     7     6     6
 0.0296022238     3     7     7     3
 0.0058156949     3     7     7     7
 0.1371002885     4     1     1     1
 0.0161933611     4     1     1     2
 0.0308592074     4     1     1     4
 0.0004024335     4     1     1     6
 0.0161149566     4     1     2     1
 0.0145435806     4     1     2     2
 -0.0225335441     4     1     2     4
 -0.0074329861     4     1     2     6
 0.0075157941     4     1     3     3
 0.0003326550     4     1     3     7
 0.0261093001     4     1     4     1
 -0.0217366517     4     1     4     2
 -0.0081048367     4     1     4     4
 0.0026661216     4     1     4     6
 0.0047957595     4     1     5     5
 0.0000552016     4     1     6     1
 -0.0076461247     4     1     6     2
 0.0030763135     4     1     6     4
 0.0048972871     4     1     6     6
 0.0003297000     4     1     7     3
 0.0013877537     4     1     7     7
 0.0839058417     4     2     1     1
 0.0077811986     4     2     1     2
 -0.0225335441     4     2     1     4
 -0.0076353198     4     2     1     6
 0.0074831897     4     2     2     1
 -0.0169956876     4     2     2     2
 0.1183005879     4     2     2     4
 0.0147658074     4     2     2     6
 -0.0120268793     4     2     3     3
 0.0126760516     4     2     3     7
 -0.0217366517     4     2     4     1
 0.1129788140     4     2     4     2
 0.0631453819     4     2     4     4
 -0.0002376956     4     2     4     6
 0.0319458996     4     2     5     5
 -0.0074067500     4     2     6     1
 0.0147310891     4     2     6     2
 -0.0001341937     4     2     6     4
 -0.0237410134     4     2     6     6
 0.0138657958     4     2     7     3
 -0.0102179362     4     2     7     7
 -0.0026387424     4     3     1     3
 -0.0016872060     4     3     1     7
 -0.0144309163     4     3     2     3
 0.0059102576     4     3     2     7
 -0.0030796585     4     3     3     1
 -0.0139243194     4     3     3     2
 0.0362750592     4     3     3     4
 -0.0021624413     4     3     3     6
 0.0292780677     4     3     4     3
 0.0074274754     4     3     4     7
 -0.0020565629     4     3     6     3
 0.0132404249     4     3     6     7
 -0.0017609651     4     3     7     1
 0.0057686224     4     3     7     2
 0.0072936868     4     3     7     4
 0.0131416699     4     3     7     6
 0.9804480863     4     4     1     1
 0.0134117539     4     4     1     2
 -0.0081048367     4     4     1     4
 -0.0058922782     4     4     1     6
 0.0134117539     4     4     2     1
 0.6690835743     4     4     2     2
 0.0631453819     4     4     2     4
 -0.0588058673     4     4     2     6
 0.5981487051     4     4     3     3
 0.0824310799     4     4     3     7
 -0.0081048367     4     4     4     1
 0.0631453819     4     4     4     2
 0.6959254013     4     4     4     4
 0.0408184755     4     4     4     6
 0.6443555659     4     4     5     5
 -0.0058922782     4     4     6     1
 -0.0588058673     4     4     6     2
 0.0408184755     4     4     6     4
 0.3068132507     4     4     6     6
 0.0824310799     4     4     7     3
 0.2818364042     4     4     7     7
 -0.0085885171     4     5     1     5
 0.0275802749     4     5     2     5
 0.0316887938     4     5     4     5
 -0.0089407253     4     5     5     1
 0.0274347114     4     5     5     2
 0.0379850284     4     5     5     4
 0.0007779833     4     5     5     6
 0.0011269885     4     5     6     5
 0.0646326035     4     6     1     1
 -0.0008770530     4     6     1     2
 0.0030763135     4     6     1     4
 0.0013652223     4     6     1     6
 -0.0010888263     4     6     2     1
 0.0415294414     4     6     2     2
 -0.0001341937     4     6     2     4
 -0.0160206044     4     6     2     6
 0.0276518203     4     6     3     3
 0.0136076219     4     6     3     7
 0.0026661216     4     6     4     1
 -0.0002376956     4     6     4     2
 0.0408184755     4     6     4     4
 0.0161497562     4     6     4     6
 0.0364881997     4     6     5     5
 0.0008968551     4     6     6     1
 -0.0127238664     4     6     6     2
 0.0140988292     4     6     6     4
 -0.0008596220     4     6     6     6
 0.0125521901     4     6     7     3
 -0.0038668623     4     6     7     7
 -0.0028837527     4     7     1     3
 -0.0013929195     4     7     1     7
 0.0155697821     4     7     2     3
 0.0029065823     4     7     2     7
 -0.0027660118     4     7     3     1
 0.0144573025     4     7     3     2
 0.0072936868     4     7     3     4
 0.0068227075     4     7     3     6
 0.0074274754     4     7     4     3
 0.0108701150     4     7     4     7
 0.0053231240     4     7     6     3
 -0.0115716648     4     7     6     7
 -0.0013085720     4     7     7     1
 0.0021761550     4     7     7     2
 0.0077184771     4     7     7     4
 -0.0114307747     4     7     7     6
 0.0306607739     5     1     1     5
 -0.0287074167     5     1     2     5
 -0.0089407253     5     1     4     5
 0.0255996936     5     1     5     1
 -0.0282874746     5     1     5     2
 -0.0085885171     5     1     5     4
 0.0058814313     5     1     5     6
 0.0065221278     5     1     6     5
 -0.0287074167     5     2     1     5
 0.1207831240     5     2     2     5
 0.0274347114     5     2     4     5
 -0.0282874746     5     2     5     1
 0.1163203177     5     2     5     2
 0.0275802749     5     2     5     4
 -0.0174121139     5     2     5     6
 -0.0183243430     5     2     6     5
 0.0279047621     5     3     3     5
 0.0212483521     5     3     5     3
 0.0088057500     5     3     5     7
 0.0089432860     5     3     7     5
 -0.0089407253     5     4     1     5
 0.0274347114     5     4     2     5
 0.0379850284     5     4     4     5
 -0.0085885171     5     4     5     1
 0.0275802749     5     4     5     2
 0.0316887938     5     4     5     4
 0.0011269885     5     4     5     6
 0.0007779833     5     4     6     5
 1.0276080846     5     5     1     1
 0.0121525359     5     5     1     2
 0.0047957595     5     5     1     4
 -0.0021608349     5     5     1     6
 0.0121525359     5     5     2     1
 0.6990759633     5     5     2     2
 0.0319458996     5     5     2     4
 -0.0757852908     5     5     2     6
 0.6134770473     5     5     3     3
 0.0864840099     5     5     3     7
 0.0047957595     5     5     4     1
 0.0319458996     5     5     4     2
 0.6443555659     5     5     4     4
 0.0364881997     5     5     4     6
 0.7218727393     5     5     5     5
 -0.0021608349     5     5     6     1
 -0.0757852908     5     5     6     2
 0.0364881997     5     5     6     4
 0.3111988345     5     5     6     6
 0.0864840099     5     5     7     3
 0.2833810649     5     5     7     7
 0.0065221278     5     6     1     5
 -0.0183243430     5     6     2     5
 0.0007779833     5     6     4     5
 0.0058814313     5     6     5     1
 -0.0174121139     5     6     5     2
 0.0011269885     5     6     5     4
 0.0123791585     5     6     5     6
 0.0091087806     5     6     6     5
 0.0089432860     5     7     3     5
 0.0088057500     5     7     5     3
 0.0062932808     5     7     5     7
 0.0042312053     5     7     7     5
 -0.1254230488     6     1     1     1
 -0.0214748409     6     1     1     2
 0.0004024335     6     1     1     4
 0.0073013540     6     1     1     6
 -0.0202539791     6     1     2     1
 -0.0013266112     6     1     2     2
 -0.0076353198     6     1     2     4
 -0.0006193041     6     1     2     6
 -0.0005200264     6     1     3     3
 -0.0004433341     6     1     3     7
 0.0000552016     6     1     4     1
 -0.0074067500     6     1     4     2
 -0.0058922782     6     1     4     4
 0.0008968551     6     1     4     6
 -0.0021608349     6     1     5     5
 0.0079322525     6     1     6     1
 -0.0010978098     6     1     6     2
 0.0013652223     6     1     6     4
 0.0005664597     6     1     6     6
 -0.0000212841     6     1     7     3
 -0.0001204067     6     1     7     7
 -0.1491637933     6     2     1     1
 -0.0012720869     6     2     1     2
 -0.0074329861     6     2     1     4
 -0.0006193041     6     2     1     6
 -0.0024596863     6     2     2     1
 -0.0852580700     6     2     2     2
 0.0147658074     6     2     2     4
 0.0238196508     6     2     2     6
 -0.0620914295     6     2     3     3
 -0.0198217082     6     2     3     7
 -0.0076461247     6     2     4     1
 0.0147310891     6     2     4     2
 -0.0588058673     6     2     4     4
 -0.0127238664     6     2     4     6
 -0.0757852908     6     2     5     5
 -0.0010978098     6     2     6     1
 0.0294047073     6     2     6     2
 -0.0160206044     6     2     6     4
 -0.0111612242     6     2     6     6
 -0.0230429625     6     2     7     3
 -0.0072975504     6     2     7     7
 0.0037765664     6     3     1     3
 0.0017552506     6     3     1     7
 -0.0033198671     6     3     2     3
 -0.0075495631     6     3     2     7
 0.0039831013     6     3     3     1
 -0.0030839477     6     3     3     2
 -0.0021624413     6     3     3     4
 0.0140383798     6     3     3     6
 -0.0020565629     6     3     4     3
 0.0053231240     6     3     4     7
 0.0176580141     6     3     6     3
 -0.0174541593     6     3     6     7
 0.0021270373     6     3     7     1
 -0.0113308553     6     3     7     2
 0.0068227075     6     3     7     4
 -0.0177821555     6     3     7     6
 0.0646326035     6     4     1     1
 -0.0010888263     6     4     1     2
 0.0026661216     6     4     1     4
 0.0008968551     6     4     1     6
 -0.0008770530     6     4     2     1
 0.0415294414     6     4     2     2
 -0.0002376956     6     4     2     4
 -0.0127238664     6     4     2     6
 0.0276518203     6     4     3     3
 0.0125521901     6     4     3     7
 0.0030763135     6     4     4     1
 -0.0001341937     6     4     4     2
 0.0408184755     6     4     4     4
 0.0140988292     6     4     4     6
 0.0364881997     6     4     5     5
 0.0013652223     6     4     6     1
 -0.0160206044     6     4     6     2
 0.0161497562     6     4     6     4
 -0.0008596220     6     4     6     6
 0.0136076219     6     4     7     3
 -0.0038668623     6     4     7     7
 0.0058814313     6     5     1     5
 -0.0174121139     6     5     2     5
 0.0011269885     6     5     4     5
 0.0065221278     6     5     5     1
 -0.0183243430     6     5     5     2
 0.0007779833     6     5     5     4
 0.0091087806     6     5     5     6
 0.0123791585     6     5     6     5
 0.3558284315     6     6     1     1
 0.0012141129     6     6     1     2
 0.0048972871     6     6     1     4
 0.0005664597     6     6     1     6
 0.0012141129     6     6     2     1
 0.3270669227     6     6     2     2
 -0.0237410134     6     6     2     4
 -0.0111612242     6     6     2     6
 0.3205110821     6     6     3     3
 0.0077152083     6     6     3     7
 0.0048972871     6     6     4     1
 -0.0237410134     6     6     4     2
 0.3068132507     6     6     4     4
 -0.0008596220     6     6     4     6
 0.3111988345     6     6     5     5
 0.0005664597     6     6     6     1
 -0.0111612242     6     6     6     2
 -0.0008596220     6     6     6     4
 0.2666466920     6     6     6     6
 0.0077152083     6     6     7     3
 0.2535702688     6     6     7     7
 0.0038609735     6     7     1     3
 0.0016292752     6     7     1     7
 -0.0415724666     6     7     2     3
 0.0010473499     6     7     2     7
 0.0038846972     6     7     3     1
 -0.0415671806     6     7     3     2
 0.0131416699     6     7     3     4
 -0.0177821555     6     7     3     6
 0.0132404249     6     7     4     3
 -0.0115716648     6     7     4     7
 -0.0174541593     6     7     6     3
 0.0655554966     6     7     6     7
 0.0016377144     6     7     7     1
 0.0009320209     6     7     7     2
 -0.0114307747     6     7     7     4
 0.0655426200     6     7     7     6
 0.0102570778     7     1     1     3
 0.0042333214     7     1     1     7
 -0.0109300586     7     1     2     3
 -0.0034701644     7     1     2     7
 0.0092922667     7     1     3     1
 -0.0106666888     7     1     3     2
 -0.0016872060     7     1     3     4
 0.0017552506     7     1     3     6
 -0.0017609651     7     1     4     3
 -0.0013085720     7     1     4     7
 0.0021270373     7     1     6     3
 0.0016377144     7     1     6     7
 0.0045247587     7     1     7     1
 -0.0038251192     7     1     7     2
 -0.0013929195     7     1     7     4
 0.0016292752     7     1     7     6
 -0.0081575050     7     2     1     3
 -0.0034701644     7     2     1     7
 0.0317767775     7     2     2     3
 0.0119423772     7     2     2     7
 -0.0079635459     7     2     3     1
 0.0323800924     7     2     3     2
 0.0059102576     7     2     3     4
 -0.0075495631     7     2     3     6
 0.0057686224     7     2     4     3
 0.0021761550     7     2     4     7
 -0.0113308553     7     2     6     3
 0.0009320209     7     2     6     7
 -0.0038251192     7     2     7     1
 0.0148730539     7     2     7     2
 0.0029065823     7     2     7     4
 0.0010473499     7     2     7     6
 0.1595151584     7     3     1     1
 0.0003594046     7     3     1     2
 0.0003326550     7     3     1     4
 -0.0004433341     7     3     1     6
 0.0012836247     7     3     2     1
 0.0924181399     7     3     2     2
 0.0126760516     7     3     2     4
 -0.0198217082     7     3     2     6
 0.0829104400     7     3     3     3
 0.0296022238     7     3     3     7
 0.0003297000     7     3     4     1
 0.0138657958     7     3     4     2
 0.0824310799     7     3     4     4
 0.0125521901     7     3     4     6
 0.0864840099     7     3     5     5
 -0.0000212841     7     3     6     1
 -0.0230429625     7     3     6     2
 0.0136076219     7     3     6     4
 0.0077152083     7     3     6     6
 0.0341243943     7     3     7     3
 0.0058156949     7     3     7     7
 -0.0027660118     7     4     1     3
 -0.0013085720     7     4     1     7
 0.0144573025     7     4     2     3
 0.0021761550     7     4     2     7
 -0.0028837527     7     4     3     1
 0.0155697821     7     4     3     2
 0.0074274754     7     4     3     4
 0.0053231240     7     4     3     6
 0.0072936868     7     4     4     3
 0.0077184771     7     4     4     7
 0.0068227075     7     4     6     3
 -0.0114307747     7     4     6     7
 -0.0013929195     7     4     7     1
 0.0029065823     7     4     7     2
 0.0108701150     7     4     7     4
 -0.0115716648     7     4     7     6
 0.0088057500     7     5     3     5
 0.0089432860     7     5     5     3
 0.0042312053     7     5     5     7
 0.0062932808     7     5     7     5
 0.0038846972     7     6     1     3
 0.0016377144     7     6     1     7
 -0.0415671806     7     6     2     3
 0.0009320209     7     6     2     7
 0.0038609735     7     6     3     1
 -0.0415724666     7     6     3     2
 0.0132404249     7     6     3     4
 -0.0174541593     7     6     3     6
 0.0131416699     7     6     4     3
 -0.0114307747     7     6     4     7
 -0.0177821555     7     6     6     3
 0.0655426200     7     6     6     7
 0.0016292752     7     6     7     1
 0.0010473499     7     6     7     2
 -0.0115716648     7     6     7     4
 0.0655554966     7     6     7     6
 0.3301959751     7     7     1     1
 0.0013218099     7     7     1     2
 0.0013877537     7     7     1     4
 -0.0001204067     7     7     1     6
 0.0013218099     7     7     2     1
 0.2964515864     7     7     2     2
 -0.0102179362     7     7     2     4
 -0.0072975504     7     7     2     6
 0.3005117208     7     7     3     3
 0.0058156949     7     7     3     7
 0.0013877537     7     7     4     1
 -0.0102179362     7     7     4     2
 0.2818364042     7     7     4     4
 -0.0038668623     7     7     4     6
 0.2833810649     7     7     5     5
 -0.0001204067     7     7     6     1
 -0.0072975504     7     7     6     2
 -0.0038668623     7     7     6     4
 0.2535702688     7     7     6     6
 0.0058156949     7     7     7     3
 0.2587904114     7     7     7     7
0.0 0 0 0 0
 -33.0222984119     1     1     0     0
 -0.5819142758     1     2     0     0
 -0.1849052124     1     4     0     0
 0.1536014895     1     6     0     0
 -0.5819142758     2     1     0     0
 -7.8677294413     2     2     0     0
 -0.2200582993     2     4     0     0
 0.7349684259     2     6     0     0
 -6.7485528416     3     3     0     0
 -0.8688760722     3     7     0     0
 -0.1849052124     4     1     0     0
 -0.2200582993     4     2     0     0
 -6.9057630985     4     4     0     0
 -0.3674970192     4     6     0     0
 -7.0471721714     5     5     0     0
 0.1536014895     6     1     0     0
 0.7349684259     6     2     0     0
 -0.3674970192     6     4     0     0
 -3.0262558069     6     6     0     0
 -0.8688760722     7     3     0     0
 -2.7160662629     7     7     0     0
0.0 0 0 0 0
 -33.0222984119     1     1     0     0
 -0.5819142758     1     2     0     0
 -0.1849052124     1     4     0     0
 0.1536014895     1     6     0     0
 -0.5819142758     2     1     0     0
 -7.8677294413     2     2     0     0
 -0.2200582993     2     4     0     0
 0.7349684259     2     6     0     0
 -6.7485528416     3     3     0     0
 -0.8688760722     3     7     0     0
 -0.1849052124     4     1     0     0
 -0.2200582993     4     2     0     0
 -6.9057630985     4     4     0     0
 -0.3674970192     4     6     0     0
 -7.0471721714     5     5     0     0
 0.1536014895     6     1     0     0
 0.7349684259     6     2     0     0
 -0.3674970192     6     4     0     0
 -3.0262558069     6     6     0     0
 -0.8688760722     7     3     0     0
 -2.7160662629     7     7     0     0
9.1895344276 0 0 0 0
