Number of strings: 252 252, CI size = 63504
String addressing array alpha: 5 10
0 70 105 120 125 126 126 126 126 126
0 0 35 55 65 69 70 70 70 70
0 0 0 15 25 31 34 35 35 35
0 0 0 0 5 9 12 14 15 15
0 0 0 0 0 1 2 3 4 5

Alpha strings 252 5
1 2 3 4 5
1 2 3 4 6
1 2 3 4 7
1 2 3 4 8
1 2 3 4 9
1 2 3 4 10
1 2 3 5 6
1 2 3 5 7
1 2 3 5 8
1 2 3 5 9
1 2 3 5 10
1 2 3 6 7
1 2 3 6 8
1 2 3 6 9
1 2 3 6 10
1 2 3 7 8
1 2 3 7 9
1 2 3 7 10
1 2 3 8 9
1 2 3 8 10
1 2 3 9 10
1 2 4 5 6
1 2 4 5 7
1 2 4 5 8
1 2 4 5 9
1 2 4 5 10
1 2 4 6 7
1 2 4 6 8
1 2 4 6 9
1 2 4 6 10
1 2 4 7 8
1 2 4 7 9
1 2 4 7 10
1 2 4 8 9
1 2 4 8 10
1 2 4 9 10
1 2 5 6 7
1 2 5 6 8
1 2 5 6 9
1 2 5 6 10
1 2 5 7 8
1 2 5 7 9
1 2 5 7 10
1 2 5 8 9
1 2 5 8 10
1 2 5 9 10
1 2 6 7 8
1 2 6 7 9
1 2 6 7 10
1 2 6 8 9
1 2 6 8 10
1 2 6 9 10
1 2 7 8 9
1 2 7 8 10
1 2 7 9 10
1 2 8 9 10
1 3 4 5 6
1 3 4 5 7
1 3 4 5 8
1 3 4 5 9
1 3 4 5 10
1 3 4 6 7
1 3 4 6 8
1 3 4 6 9
1 3 4 6 10
1 3 4 7 8
1 3 4 7 9
1 3 4 7 10
1 3 4 8 9
1 3 4 8 10
1 3 4 9 10
1 3 5 6 7
1 3 5 6 8
1 3 5 6 9
1 3 5 6 10
1 3 5 7 8
1 3 5 7 9
1 3 5 7 10
1 3 5 8 9
1 3 5 8 10
1 3 5 9 10
1 3 6 7 8
1 3 6 7 9
1 3 6 7 10
1 3 6 8 9
1 3 6 8 10
1 3 6 9 10
1 3 7 8 9
1 3 7 8 10
1 3 7 9 10
1 3 8 9 10
1 4 5 6 7
1 4 5 6 8
1 4 5 6 9
1 4 5 6 10
1 4 5 7 8
1 4 5 7 9
1 4 5 7 10
1 4 5 8 9
1 4 5 8 10
1 4 5 9 10
1 4 6 7 8
1 4 6 7 9
1 4 6 7 10
1 4 6 8 9
1 4 6 8 10
1 4 6 9 10
1 4 7 8 9
1 4 7 8 10
1 4 7 9 10
1 4 8 9 10
1 5 6 7 8
1 5 6 7 9
1 5 6 7 10
1 5 6 8 9
1 5 6 8 10
1 5 6 9 10
1 5 7 8 9
1 5 7 8 10
1 5 7 9 10
1 5 8 9 10
1 6 7 8 9
1 6 7 8 10
1 6 7 9 10
1 6 8 9 10
1 7 8 9 10
2 3 4 5 6
2 3 4 5 7
2 3 4 5 8
2 3 4 5 9
2 3 4 5 10
2 3 4 6 7
2 3 4 6 8
2 3 4 6 9
2 3 4 6 10
2 3 4 7 8
2 3 4 7 9
2 3 4 7 10
2 3 4 8 9
2 3 4 8 10
2 3 4 9 10
2 3 5 6 7
2 3 5 6 8
2 3 5 6 9
2 3 5 6 10
2 3 5 7 8
2 3 5 7 9
2 3 5 7 10
2 3 5 8 9
2 3 5 8 10
2 3 5 9 10
2 3 6 7 8
2 3 6 7 9
2 3 6 7 10
2 3 6 8 9
2 3 6 8 10
2 3 6 9 10
2 3 7 8 9
2 3 7 8 10
2 3 7 9 10
2 3 8 9 10
2 4 5 6 7
2 4 5 6 8
2 4 5 6 9
2 4 5 6 10
2 4 5 7 8
2 4 5 7 9
2 4 5 7 10
2 4 5 8 9
2 4 5 8 10
2 4 5 9 10
2 4 6 7 8
2 4 6 7 9
2 4 6 7 10
2 4 6 8 9
2 4 6 8 10
2 4 6 9 10
2 4 7 8 9
2 4 7 8 10
2 4 7 9 10
2 4 8 9 10
2 5 6 7 8
2 5 6 7 9
2 5 6 7 10
2 5 6 8 9
2 5 6 8 10
2 5 6 9 10
2 5 7 8 9
2 5 7 8 10
2 5 7 9 10
2 5 8 9 10
2 6 7 8 9
2 6 7 8 10
2 6 7 9 10
2 6 8 9 10
2 7 8 9 10
3 4 5 6 7
3 4 5 6 8
3 4 5 6 9
3 4 5 6 10
3 4 5 7 8
3 4 5 7 9
3 4 5 7 10
3 4 5 8 9
3 4 5 8 10
3 4 5 9 10
3 4 6 7 8
3 4 6 7 9
3 4 6 7 10
3 4 6 8 9
3 4 6 8 10
3 4 6 9 10
3 4 7 8 9
3 4 7 8 10
3 4 7 9 10
3 4 8 9 10
3 5 6 7 8
3 5 6 7 9
3 5 6 7 10
3 5 6 8 9
3 5 6 8 10
3 5 6 9 10
3 5 7 8 9
3 5 7 8 10
3 5 7 9 10
3 5 8 9 10
3 6 7 8 9
3 6 7 8 10
3 6 7 9 10
3 6 8 9 10
3 7 8 9 10
4 5 6 7 8
4 5 6 7 9
4 5 6 7 10
4 5 6 8 9
4 5 6 8 10
4 5 6 9 10
4 5 7 8 9
4 5 7 8 10
4 5 7 9 10
4 5 8 9 10
4 6 7 8 9
4 6 7 8 10
4 6 7 9 10
4 6 8 9 10
4 7 8 9 10
5 6 7 8 9
5 6 7 8 10
5 6 7 9 10
5 6 8 9 10
5 7 8 9 10
6 7 8 9 10

Is hamiltonian hermitian? 1
Implicit Hamiltonian constructed
E(core)= 9.189534427600
H(1,1) + E(core) energy = -76.380187333700
Davidson: iter=0 dim=0 root=0 eigenvalue=-85.569721761300
Davidson: iter=1 dim=1 root=0 eigenvalue=-85.576367737459
Davidson: iter=2 dim=2 root=0 eigenvalue=-85.576801385836
Davidson: iter=3 dim=3 root=0 eigenvalue=-85.576811181913
Davidson: iter=4 dim=4 root=0 eigenvalue=-85.576811561497
Davidson: iter=5 dim=5 root=0 eigenvalue=-85.576811572857
Davidson: iter=6 dim=6 root=0 eigenvalue=-85.576811573234
Davidson: iter=7 dim=7 root=0 eigenvalue=-85.576811573247
Davidson: iter=8 dim=8 root=0 eigenvalue=-85.576811573247
root no. 0 converged
Davidson converged in 8 iterations.
E(core)= 9.189534427600
E(0)= -76.387277145647
FCI Excitation energies = 1
0.000000000000

Vacuum coefficients in CI state 0 = -0.997826046414
Eigenvector 0 in string basis
0: -0.997826046414 seniority 0 ... 5
1 2 3 4 5
 | 5
1 2 3 4 5

Seniority vectors for all roots (nroots/seniority)
1 6
0.997248460837 0.000623429854 -0.996141574821 0.059141143196 1.000000052250 0.000000000000

Calculating transition densities
Root 0 MO occupations numbers (density matrix diagonal)
10
1.999999572565 1.999183531263 1.998297771440 1.998049621399 1.996098053440 0.001295573816 0.001153086050 0.001351974357 0.000719438135 0.003851377534
Transition densities done:
Trandens between roots 0 0
10 10
1.999999572565 0.000001369481 0.000000000000 0.000000598031 0.000000000000 0.000200284524 0.000000000000 -0.000226584517 0.000000000000 0.000000000000
0.000001369481 1.999183531263 0.000000000000 0.000094230061 0.000000000000 0.000212787814 0.000000000000 -0.006760041953 0.000000000000 0.000000000000
0.000000000000 0.000000000000 1.998297771440 0.000000000000 0.000000000000 0.000000000000 0.000947206328 0.000000000000 0.000957027653 0.000000000000
0.000000598031 0.000094230061 0.000000000000 1.998049621399 0.000000000000 -0.005548557310 0.000000000000 -0.008820390499 0.000000000000 0.000000000000
0.000000000000 0.000000000000 0.000000000000 0.000000000000 1.996098053440 0.000000000000 0.000000000000 0.000000000000 0.000000000000 -0.022207666644
0.000200284524 0.000212787814 0.000000000000 -0.005548557310 0.000000000000 0.001295573816 0.000000000000 0.000206629970 0.000000000000 0.000000000000
0.000000000000 0.000000000000 0.000947206328 0.000000000000 0.000000000000 0.000000000000 0.001153086050 0.000000000000 -0.000649378890 0.000000000000
-0.000226584517 -0.006760041953 0.000000000000 -0.008820390499 0.000000000000 0.000206629970 0.000000000000 0.001351974357 0.000000000000 0.000000000000
0.000000000000 0.000000000000 0.000957027653 0.000000000000 0.000000000000 0.000000000000 -0.000649378890 0.000000000000 0.000719438135 0.000000000000
0.000000000000 0.000000000000 0.000000000000 0.000000000000 -0.022207666644 0.000000000000 0.000000000000 0.000000000000 0.000000000000 0.003851377534

State 0 :
Natural orbital occupations
10
1.999999625196 1.999220083082 1.998298678892 1.998090341059 1.996345572585 0.003603858390 0.001620860945 0.001468040503 0.001102183562 0.000250755788
Natural orbitals (in MO basis)
10 10
0.999995702537 -0.002897760147 0.000000000000 0.000418336206 -0.000000000000 0.000000000000 -0.000000000000 -0.000011365071 -0.000150860343 -0.000000000000
0.002833761269 0.993923775080 -0.000000000000 0.109982003069 -0.000000000000 0.000000000000 0.000000000000 -0.002350685153 -0.002435653712 -0.000000000000
0.000000000000 -0.000000000000 -0.999999772912 -0.000000000000 -0.000000000000 0.000000000000 0.000104689101 -0.000000000000 0.000000000000 -0.000665745439
0.000734226208 0.109964918244 0.000000000000 -0.993921496377 -0.000000000000 0.000000000000 0.000000000000 -0.005104056690 -0.001088720263 0.000000000000
0.000000000000 0.000000000000 0.000000000000 0.000000000000 0.999937892897 -0.011144969679 0.000000000000 0.000000000000 0.000000000000 -0.000000000000
0.000098457140 -0.000200221440 -0.000000000000 0.002774019354 -0.000000000000 0.000000000000 0.000000000000 -0.697366548500 0.716709252115 0.000000000000
-0.000000000000 -0.000000000000 -0.000474124222 0.000000000000 -0.000000000000 0.000000000000 -0.811330300347 -0.000000000000 -0.000000000000 0.584587819703
-0.000126183175 -0.003848244380 0.000000000000 0.004018438925 -0.000000000000 0.000000000000 0.000000000000 -0.716692625739 -0.697366981907 0.000000000000
0.000000000000 0.000000000000 -0.000478939473 0.000000000000 -0.000000000000 0.000000000000 0.584588002596 0.000000000000 0.000000000000 0.811330165739
0.000000000000 0.000000000000 0.000000000000 0.000000000000 -0.011144969679 -0.999937892897 0.000000000000 0.000000000000 0.000000000000 -0.000000000000

