Begin IJ Block
1   1   -33.0258227456
1   2   -0.5831840123
1   4   -0.1857751050
2   2   -7.8656245695
2   4   -0.2274672046
3   3   -6.7427758550
4   4   -6.9112778119
5   5   -7.0680144058

End IJ Block
Begin IA Block
1   1   0.1553758500
1   3   -0.0000000000
1   4   0.1475121247
1   5   0.0127480310
2   1   0.8037482098
2   3   -0.0000000000
2   4   0.5704791251
2   5   -0.2220583646
3   2   -0.9777824596
3   3   -0.4416831490
3   4   -0.0000000000
3   5   -0.0000000000
4   1   -0.4223790469
4   3   -0.0000000000
4   4   -0.2855582322
4   5   1.3446782927
5   6   1.6973359531

End IA Block
Begin AB Block
1   1   -3.0203140057
1   3   0.0000000000
1   4   -0.7445470604
1   5   0.5869448355
2   2   -2.7106059612
2   3   -0.6815823638
2   4   -0.0000000000
2   5   -0.0000000000
3   3   -3.6000817383
3   4   -0.0000000000
3   5   -0.0000000000
4   4   -3.5555586086
4   5   0.2462428545
5   5   -3.6799201363
6   6   -4.3268558088

End AB Block
Begin IJAB Block
1   6   1   7   0.0079528012
1   6   1   10   0.0077850998
1   6   1   11   -0.0046281039
1   6   2   8   0.0045805882
1   6   2   9   0.0038069965
1   6   3   8   0.0038069965
1   6   3   9   0.0031405567
1   6   4   7   0.0077850998
1   6   4   10   0.0076306433
1   6   4   11   -0.0051224513
1   6   5   7   -0.0046281039
1   6   5   10   -0.0051224513
1   6   5   11   0.0134812836
1   6   6   12   0.0187169977
1   7   1   7   -0.0006847295
1   7   1   10   -0.0005825195
1   7   1   11   0.0034167551
1   7   2   8   -0.0038694190
1   7   2   9   -0.0027314168
1   7   3   8   -0.0031963132
1   7   3   9   -0.0025009309
1   7   4   7   -0.0008816956
1   7   4   10   -0.0009746023
1   7   4   11   0.0036057305
1   7   5   7   0.0048999309
1   7   5   10   0.0045624828
1   7   5   11   -0.0094607342
1   7   6   12   -0.0137249875
1   8   1   8   -0.0004298700
1   8   1   9   -0.0016078530
1   8   2   7   0.0020107296
1   8   2   10   -0.0000396125
1   8   2   11   -0.0004195892
1   8   3   7   0.0015598239
1   8   3   10   -0.0000152086
1   8   3   11   -0.0000163545
1   8   4   8   -0.0006211696
1   8   4   9   -0.0017668628
1   8   5   8   -0.0001539525
1   8   5   9   0.0031595046
1   9   1   7   0.0010467910
1   9   1   10   0.0010242452
1   9   1   11   0.0019835897
1   9   2   8   -0.0014498677
1   9   2   9   -0.0031686172
1   9   3   8   -0.0014390036
1   9   3   9   -0.0027690208
1   9   4   7   0.0011635675
1   9   4   10   0.0011959342
1   9   4   11   0.0019561853
1   9   5   7   -0.0025181302
1   9   5   10   -0.0026937173
1   9   5   11   -0.0025748586
1   9   6   12   -0.0049630030
1   10   1   12   0.0011306798
1   10   4   12   0.0007825338
1   10   5   12   0.0001299333
1   10   6   7   -0.0053152276
1   10   6   10   -0.0078421151
1   10   6   11   -0.0016334951
2   6   1   7   -0.0006847295
2   6   1   10   -0.0008816956
2   6   1   11   0.0048999309
2   6   2   8   -0.0038694190
2   6   2   9   -0.0031963132
2   6   3   8   -0.0027314168
2   6   3   9   -0.0025009309
2   6   4   7   -0.0005825195
2   6   4   10   -0.0009746023
2   6   4   11   0.0045624828
2   6   5   7   0.0034167551
2   6   5   10   0.0036057305
2   6   5   11   -0.0094607342
2   6   6   12   -0.0137249875
2   7   1   7   0.0273662358
2   7   1   10   0.0239704456
2   7   1   11   -0.0169160729
2   7   2   8   0.0146929005
2   7   2   9   0.0107374055
2   7   3   8   0.0107374055
2   7   3   9   0.0262583978
2   7   4   7   0.0239704456
2   7   4   10   0.0369227500
2   7   4   11   -0.0126884718
2   7   5   7   -0.0169160729
2   7   5   10   -0.0126884718
2   7   5   11   0.0272608401
2   7   6   12   0.0342554660
2   8   1   8   -0.0241579374
2   8   1   9   -0.0107174012
2   8   2   7   -0.0096911872
2   8   2   10   -0.0018130750
2   8   2   11   0.0035135604
2   8   3   7   -0.0077901249
2   8   3   10   -0.0171941122
2   8   3   11   0.0018711852
2   8   4   8   -0.0165974850
2   8   4   9   -0.0178974448
2   8   5   8   0.0071372757
2   8   5   9   -0.0005148257
2   9   1   7   -0.0140832891
2   9   1   10   -0.0129033187
2   9   1   11   0.0304773049
2   9   2   8   0.0028608473
2   9   2   9   0.0085005633
2   9   3   8   0.0030784012
2   9   3   9   -0.0032321224
2   9   4   7   -0.0132160320
2   9   4   10   -0.0211364437
2   9   4   11   0.0237015361
2   9   5   7   0.0128342505
2   9   5   10   0.0096304412
2   9   5   11   -0.0025270758
2   9   6   12   0.0093336552
2   10   1   12   0.0401387985
2   10   4   12   0.0323368168
2   10   5   12   -0.0087035239
2   10   6   7   0.0156658901
2   10   6   10   0.0154370790
2   10   6   11   -0.0001207678
3   6   1   8   0.0020107296
3   6   1   9   0.0015598239
3   6   2   7   -0.0004298700
3   6   2   10   -0.0006211696
3   6   2   11   -0.0001539525
3   6   3   7   -0.0016078530
3   6   3   10   -0.0017668628
3   6   3   11   0.0031595046
3   6   4   8   -0.0000396125
3   6   4   9   -0.0000152086
3   6   5   8   -0.0004195892
3   6   5   9   -0.0000163545
3   7   1   8   -0.0096911872
3   7   1   9   -0.0077901249
3   7   2   7   -0.0241579374
3   7   2   10   -0.0165974850
3   7   2   11   0.0071372757
3   7   3   7   -0.0107174012
3   7   3   10   -0.0178974448
3   7   3   11   -0.0005148257
3   7   4   8   -0.0018130750
3   7   4   9   -0.0171941122
3   7   5   8   0.0035135604
3   7   5   9   0.0018711852
3   8   1   7   0.0158952593
3   8   1   10   0.0199919289
3   8   1   11   -0.0055838357
3   8   2   8   0.0368629243
3   8   2   9   0.0262522283
3   8   3   8   0.0262522283
3   8   3   9   0.0561390180
3   8   4   7   0.0199919289
3   8   4   10   0.0570487464
3   8   4   11   -0.0040302251
3   8   5   7   -0.0055838357
3   8   5   10   -0.0040302251
3   8   5   11   0.0102728452
3   8   6   12   0.0109521647
3   9   1   8   0.0051512735
3   9   1   9   0.0103322666
3   9   2   7   0.0135879758
3   9   2   10   0.0109812578
3   9   2   11   -0.0347516201
3   9   3   7   0.0139280806
3   9   3   10   0.0167681407
3   9   3   11   -0.0238079995
3   9   4   8   0.0109449733
3   9   4   9   0.0344340385
3   9   5   8   -0.0061906188
3   9   5   9   -0.0051039419
3   10   2   12   -0.0416580132
3   10   3   12   -0.0252963699
3   10   6   8   -0.0066431234
3   10   6   9   -0.0045988851
4   6   1   7   0.0010467910
4   6   1   10   0.0011635675
4   6   1   11   -0.0025181302
4   6   2   8   -0.0014498677
4   6   2   9   -0.0014390036
4   6   3   8   -0.0031686172
4   6   3   9   -0.0027690208
4   6   4   7   0.0010242452
4   6   4   10   0.0011959342
4   6   4   11   -0.0026937173
4   6   5   7   0.0019835897
4   6   5   10   0.0019561853
4   6   5   11   -0.0025748586
4   6   6   12   -0.0049630030
4   7   1   7   -0.0140832891
4   7   1   10   -0.0132160320
4   7   1   11   0.0128342505
4   7   2   8   0.0028608473
4   7   2   9   0.0030784012
4   7   3   8   0.0085005633
4   7   3   9   -0.0032321224
4   7   4   7   -0.0129033187
4   7   4   10   -0.0211364437
4   7   4   11   0.0096304412
4   7   5   7   0.0304773049
4   7   5   10   0.0237015361
4   7   5   11   -0.0025270758
4   7   6   12   0.0093336552
4   8   1   8   0.0135879758
4   8   1   9   0.0139280806
4   8   2   7   0.0051512735
4   8   2   10   0.0109449733
4   8   2   11   -0.0061906188
4   8   3   7   0.0103322666
4   8   3   10   0.0344340385
4   8   3   11   -0.0051039419
4   8   4   8   0.0109812578
4   8   4   9   0.0167681407
4   8   5   8   -0.0347516201
4   8   5   9   -0.0238079995
4   9   1   7   0.0153425547
4   9   1   10   0.0106535425
4   9   1   11   -0.0168943399
4   9   2   8   0.0096714492
4   9   2   9   0.0153771403
4   9   3   8   0.0153771403
4   9   3   9   0.0435554264
4   9   4   7   0.0106535425
4   9   4   10   0.0177987981
4   9   4   11   -0.0144157940
4   9   5   7   -0.0168943399
4   9   5   10   -0.0144157940
4   9   5   11   0.0686406686
4   9   6   12   0.0152509014
4   10   1   12   -0.0153537480
4   10   4   12   -0.0120983886
4   10   5   12   0.0617946415
4   10   6   7   0.0005736883
4   10   6   10   0.0028288513
4   10   6   11   0.0125954701
5   6   1   12   -0.0053152276
5   6   4   12   -0.0078421151
5   6   5   12   -0.0016334951
5   6   6   7   0.0011306798
5   6   6   10   0.0007825338
5   6   6   11   0.0001299333
5   7   1   12   0.0156658901
5   7   4   12   0.0154370790
5   7   5   12   -0.0001207678
5   7   6   7   0.0401387985
5   7   6   10   0.0323368168
5   7   6   11   -0.0087035239
5   8   2   12   -0.0066431234
5   8   3   12   -0.0045988851
5   8   6   8   -0.0416580132
5   8   6   9   -0.0252963699
5   9   1   12   0.0005736883
5   9   4   12   0.0028288513
5   9   5   12   0.0125954701
5   9   6   7   -0.0153537480
5   9   6   10   -0.0120983886
5   9   6   11   0.0617946415
5   10   1   7   0.0110543791
5   10   1   10   0.0074090101
5   10   1   11   -0.0039753366
5   10   2   8   0.0059850893
5   10   2   9   0.0045855860
5   10   3   8   0.0045855860
5   10   3   9   0.0079721336
5   10   4   7   0.0074090101
5   10   4   10   0.0217394367
5   10   4   11   0.0031713722
5   10   5   7   -0.0039753366
5   10   5   10   0.0031713722
5   10   5   11   0.0122551703
5   10   6   12   0.1046947059

End IJAB Block
Begin IJKL Block
1   6   1   6   4.7302809507
1   6   1   7   0.4309645830
1   6   1   9   0.1378327574
1   6   2   6   0.4309645830
1   6   2   7   0.0603219151
1   6   2   9   0.0161351985
1   6   3   8   0.0174445163
1   6   4   6   0.1378327574
1   6   4   7   0.0161351985
1   6   4   9   0.0273149287
1   6   5   10   0.0271292976
1   7   1   6   0.4309645830
1   7   1   7   1.0477256668
1   7   1   9   0.0856261416
1   7   2   6   0.0636802355
1   7   2   7   0.0144015837
1   7   2   9   0.0076466074
1   7   3   8   -0.0231705909
1   7   4   6   0.0163769896
1   7   4   7   0.0145733221
1   7   4   9   -0.0225223111
1   7   5   10   -0.0293461173
1   8   1   8   0.8895932181
1   8   2   8   0.0070497743
1   8   3   6   0.0208632505
1   8   3   7   -0.0237186209
1   8   3   9   -0.0030901097
1   8   4   8   0.0075041536
1   9   1   6   0.1378327574
1   9   1   7   0.0856261416
1   9   1   9   0.9839350684
1   9   2   6   0.0163769896
1   9   2   7   0.0077995275
1   9   2   9   0.0130780935
1   9   3   8   -0.0027877318
1   9   4   6   0.0309689537
1   9   4   7   -0.0228132511
1   9   4   9   -0.0084431733
1   9   5   10   -0.0089587695
1   10   1   10   1.0345742956
1   10   2   10   0.0118364701
1   10   4   10   0.0047727643
1   10   5   6   0.0310373860
1   10   5   7   -0.0293267284
1   10   5   9   -0.0090934556
2   6   1   6   0.4309645830
2   6   1   7   0.0636802355
2   6   1   9   0.0163769896
2   6   2   6   1.0477256668
2   6   2   7   0.0144015837
2   6   2   9   0.0145733221
2   6   3   8   -0.0231705909
2   6   4   6   0.0856261416
2   6   4   7   0.0076466074
2   6   4   9   -0.0225223111
2   6   5   10   -0.0293461173
2   7   1   6   0.0603219151
2   7   1   7   0.0144015837
2   7   1   9   0.0077995275
2   7   2   6   0.0144015837
2   7   2   7   0.7460390138
2   7   2   9   -0.0173219008
2   7   3   8   0.1449251244
2   7   4   6   0.0077995275
2   7   4   7   -0.0173219008
2   7   4   9   0.1172270899
2   7   5   10   0.1205336041
2   8   1   8   0.0070497743
2   8   2   8   0.6752447796
2   8   3   6   -0.0237186209
2   8   3   7   0.1476905630
2   8   3   9   -0.0145671586
2   8   4   8   -0.0120895725
2   9   1   6   0.0161351985
2   9   1   7   0.0076466074
2   9   1   9   0.0130780935
2   9   2   6   0.0145733221
2   9   2   7   -0.0173219008
2   9   2   9   0.6718236968
2   9   3   8   -0.0150044137
2   9   4   6   -0.0228132511
2   9   4   7   0.1202670568
2   9   4   9   0.0637428053
2   9   5   10   0.0279765310
2   10   1   10   0.0118364701
2   10   2   10   0.7035870328
2   10   4   10   0.0325944371
2   10   5   6   -0.0293267284
2   10   5   7   0.1233548796
2   10   5   9   0.0277354783
3   6   1   8   0.0208632505
3   6   2   8   -0.0237186209
3   6   3   6   0.8895932181
3   6   3   7   0.0070497743
3   6   3   9   0.0075041536
3   6   4   8   -0.0030901097
3   7   1   8   -0.0237186209
3   7   2   8   0.1476905630
3   7   3   6   0.0070497743
3   7   3   7   0.6752447796
3   7   3   9   -0.0120895725
3   7   4   8   -0.0145671586
3   8   1   6   0.0174445163
3   8   1   7   -0.0231705909
3   8   1   9   -0.0027877318
3   8   2   6   -0.0231705909
3   8   2   7   0.1449251244
3   8   2   9   -0.0150044137
3   8   3   8   0.6528061811
3   8   4   6   -0.0027877318
3   8   4   7   -0.0150044137
3   8   4   9   0.0334402036
3   8   5   10   0.0240566752
3   9   1   8   -0.0030901097
3   9   2   8   -0.0145671586
3   9   3   6   0.0075041536
3   9   3   7   -0.0120895725
3   9   3   9   0.5995121671
3   9   4   8   0.0377592695
3   10   3   10   0.6149551440
3   10   5   8   0.0285482165
4   6   1   6   0.1378327574
4   6   1   7   0.0163769896
4   6   1   9   0.0309689537
4   6   2   6   0.0856261416
4   6   2   7   0.0077995275
4   6   2   9   -0.0228132511
4   6   3   8   -0.0027877318
4   6   4   6   0.9839350684
4   6   4   7   0.0130780935
4   6   4   9   -0.0084431733
4   6   5   10   -0.0089587695
4   7   1   6   0.0161351985
4   7   1   7   0.0145733221
4   7   1   9   -0.0228132511
4   7   2   6   0.0076466074
4   7   2   7   -0.0173219008
4   7   2   9   0.1202670568
4   7   3   8   -0.0150044137
4   7   4   6   0.0130780935
4   7   4   7   0.6718236968
4   7   4   9   0.0637428053
4   7   5   10   0.0279765310
4   8   1   8   0.0075041536
4   8   2   8   -0.0120895725
4   8   3   6   -0.0030901097
4   8   3   7   -0.0145671586
4   8   3   9   0.0377592695
4   8   4   8   0.5995121671
4   9   1   6   0.0273149287
4   9   1   7   -0.0225223111
4   9   1   9   -0.0084431733
4   9   2   6   -0.0225223111
4   9   2   7   0.1172270899
4   9   2   9   0.0637428053
4   9   3   8   0.0334402036
4   9   4   6   -0.0084431733
4   9   4   7   0.0637428053
4   9   4   9   0.7022793210
4   9   5   10   0.0346070503
4   10   1   10   0.0047727643
4   10   2   10   0.0325944371
4   10   4   10   0.6481359196
4   10   5   6   -0.0090934556
4   10   5   7   0.0277354783
4   10   5   9   0.0391585698
5   6   1   10   0.0310373860
5   6   2   10   -0.0293267284
5   6   4   10   -0.0090934556
5   6   5   6   1.0345742956
5   6   5   7   0.0118364701
5   6   5   9   0.0047727643
5   7   1   10   -0.0293267284
5   7   2   10   0.1233548796
5   7   4   10   0.0277354783
5   7   5   6   0.0118364701
5   7   5   7   0.7035870328
5   7   5   9   0.0325944371
5   8   3   10   0.0285482165
5   8   5   8   0.6149551440
5   9   1   10   -0.0090934556
5   9   2   10   0.0277354783
5   9   4   10   0.0391585698
5   9   5   6   0.0047727643
5   9   5   7   0.0325944371
5   9   5   9   0.6481359196
5   10   1   6   0.0271292976
5   10   1   7   -0.0293461173
5   10   1   9   -0.0089587695
5   10   2   6   -0.0293461173
5   10   2   7   0.1205336041
5   10   2   9   0.0279765310
5   10   3   8   0.0240566752
5   10   4   6   -0.0089587695
5   10   4   7   0.0279765310
5   10   4   9   0.0346070503
5   10   5   10   0.7323583651

End IJKL Block
Begin ABCD Block
1   7   1   7   0.2662831115
1   7   1   10   0.0210220908
1   7   1   11   -0.0322476540
1   7   2   8   0.0656745629
1   7   2   9   0.0000160918
1   7   3   8   0.0000160918
1   7   3   9   0.0174509106
1   7   4   7   0.0210220908
1   7   4   10   0.0296164401
1   7   4   11   -0.0053532314
1   7   5   7   -0.0322476540
1   7   5   10   -0.0053532314
1   7   5   11   0.0335093960
1   7   6   12   0.0264159967
1   8   1   8   0.2533277313
1   8   1   9   0.0242202204
1   8   2   7   0.0656745629
1   8   2   10   0.0101162327
1   8   2   11   -0.0023815949
1   8   3   7   0.0000160918
1   8   3   10   0.0069709153
1   8   3   11   -0.0083531123
1   8   4   8   0.0233081551
1   8   4   9   0.0124711799
1   8   5   8   -0.0245477173
1   8   5   9   -0.0152264044
1   9   1   8   0.0242202204
1   9   1   9   0.2838496673
1   9   2   7   0.0000160918
1   9   2   10   0.0363022240
1   9   2   11   -0.0314009037
1   9   3   7   0.0174509106
1   9   3   10   0.0151764411
1   9   3   11   0.0023760505
1   9   4   8   0.0124711799
1   9   4   9   0.0495284187
1   9   5   8   -0.0152264044
1   9   5   9   -0.0281519429
1   9   5   11   -0.0000000000
1   10   1   7   0.0210220908
1   10   1   10   0.3001217537
1   10   1   11   -0.0054769296
1   10   2   8   0.0101162327
1   10   2   9   0.0363022240
1   10   3   8   0.0069709153
1   10   3   9   0.0151764411
1   10   4   7   0.0296164401
1   10   4   10   0.0567521775
1   10   4   11   -0.0124078179
1   10   5   7   -0.0053532314
1   10   5   10   -0.0503860465
1   10   5   11   0.0074658461
1   10   6   12   -0.0063846998
1   11   1   7   -0.0322476540
1   11   1   10   -0.0054769296
1   11   1   11   0.2654854022
1   11   2   8   -0.0023815949
1   11   2   9   -0.0314009037
1   11   3   8   -0.0083531123
1   11   3   9   0.0023760505
1   11   3   11   -0.0000000000
1   11   4   7   -0.0053532314
1   11   4   10   -0.0124078179
1   11   4   11   0.0352565662
1   11   5   7   0.0335093960
1   11   5   9   -0.0000000000
1   11   5   10   0.0074658461
1   11   5   11   -0.0158727881
1   11   6   12   -0.0105670282
1   12   1   12   0.2809580260
1   12   4   12   0.0377918142
1   12   5   12   -0.0342214626
1   12   6   7   0.0264159967
1   12   6   10   -0.0063846998
1   12   6   11   -0.0105670282
2   7   1   8   0.0656745629
2   7   1   9   0.0000160918
2   7   2   7   0.2533277313
2   7   2   10   0.0233081551
2   7   2   11   -0.0245477173
2   7   3   7   0.0242202204
2   7   3   10   0.0124711799
2   7   3   11   -0.0152264044
2   7   4   8   0.0101162327
2   7   4   9   0.0069709153
2   7   5   8   -0.0023815949
2   7   5   9   -0.0083531123
2   8   1   7   0.0656745629
2   8   1   10   0.0101162327
2   8   1   11   -0.0023815949
2   8   2   8   0.2585412502
2   8   2   9   0.0194238180
2   8   3   8   0.0194238180
2   8   3   9   0.0182590852
2   8   4   7   0.0101162327
2   8   4   10   0.0120435639
2   8   4   11   -0.0040619693
2   8   5   7   -0.0023815949
2   8   5   10   -0.0040619693
2   8   5   11   0.0063588186
2   8   6   12   0.0056198762
2   9   1   7   0.0000160918
2   9   1   10   0.0363022240
2   9   1   11   -0.0314009037
2   9   2   8   0.0194238180
2   9   2   9   0.2657637714
2   9   3   8   0.0182590852
2   9   3   9   0.0432181293
2   9   4   7   0.0069709153
2   9   4   10   0.0179572517
2   9   4   11   -0.0086904443
2   9   5   7   -0.0083531123
2   9   5   10   -0.0085386507
2   9   5   11   0.0024712429
2   9   6   12   -0.0002259947
2   10   1   8   0.0101162327
2   10   1   9   0.0363022240
2   10   2   7   0.0233081551
2   10   2   10   0.2806818422
2   10   2   11   -0.0092773603
2   10   3   7   0.0124711799
2   10   3   10   0.0467993691
2   10   3   11   -0.0058813335
2   10   4   8   0.0120435639
2   10   4   9   0.0179572517
2   10   5   8   -0.0040619693
2   10   5   9   -0.0085386507
2   11   1   8   -0.0023815949
2   11   1   9   -0.0314009037
2   11   2   7   -0.0245477173
2   11   2   10   -0.0092773603
2   11   2   11   0.2402841566
2   11   3   7   -0.0152264044
2   11   3   10   -0.0058813335
2   11   3   11   0.0336059311
2   11   4   8   -0.0040619693
2   11   4   9   -0.0086904443
2   11   5   8   0.0063588186
2   11   5   9   0.0024712429
2   12   2   12   0.2550421016
2   12   3   12   0.0383275821
2   12   6   8   0.0056198762
2   12   6   9   -0.0002259947
3   7   1   8   0.0000160918
3   7   1   9   0.0174509106
3   7   2   7   0.0242202204
3   7   2   10   0.0124711799
3   7   2   11   -0.0152264044
3   7   3   7   0.2838496673
3   7   3   10   0.0495284187
3   7   3   11   -0.0281519429
3   7   4   8   0.0363022240
3   7   4   9   0.0151764411
3   7   5   8   -0.0314009037
3   7   5   9   0.0023760505
3   7   5   11   -0.0000000000
3   8   1   7   0.0000160918
3   8   1   10   0.0069709153
3   8   1   11   -0.0083531123
3   8   2   8   0.0194238180
3   8   2   9   0.0182590852
3   8   3   8   0.2657637714
3   8   3   9   0.0432181293
3   8   4   7   0.0363022240
3   8   4   10   0.0179572517
3   8   4   11   -0.0085386507
3   8   5   7   -0.0314009037
3   8   5   10   -0.0086904443
3   8   5   11   0.0024712429
3   8   6   12   -0.0002259947
3   9   1   7   0.0174509106
3   9   1   10   0.0151764411
3   9   1   11   0.0023760505
3   9   2   8   0.0182590852
3   9   2   9   0.0432181293
3   9   3   8   0.0432181293
3   9   3   9   0.3735488563
3   9   3   11   0.0000000000
3   9   4   7   0.0151764411
3   9   4   10   0.0508452483
3   9   4   11   -0.0234905973
3   9   5   7   0.0023760505
3   9   5   9   0.0000000000
3   9   5   10   -0.0234905973
3   9   5   11   0.0320915049
3   9   6   12   0.0081872415
3   10   1   8   0.0069709153
3   10   1   9   0.0151764411
3   10   2   7   0.0124711799
3   10   2   10   0.0467993691
3   10   2   11   -0.0058813335
3   10   3   7   0.0495284187
3   10   3   10   0.3643120206
3   10   3   11   -0.0104013344
3   10   4   8   0.0179572517
3   10   4   9   0.0508452483
3   10   5   8   -0.0086904443
3   10   5   9   -0.0234905973
3   10   5   11   -0.0000000000
3   11   1   8   -0.0083531123
3   11   1   9   0.0023760505
3   11   1   11   -0.0000000000
3   11   2   7   -0.0152264044
3   11   2   10   -0.0058813335
3   11   2   11   0.0336059311
3   11   3   7   -0.0281519429
3   11   3   9   0.0000000000
3   11   3   10   -0.0104013344
3   11   3   11   0.3292348902
3   11   4   8   -0.0085386507
3   11   4   9   -0.0234905973
3   11   4   11   -0.0000000000
3   11   5   7   -0.0000000000
3   11   5   8   0.0024712429
3   11   5   9   0.0320915049
3   11   5   10   -0.0000000000
3   11   5   11   -0.0000000000
3   12   2   12   0.0383275821
3   12   3   12   0.3420888185
3   12   6   8   -0.0002259947
3   12   6   9   0.0081872415
4   7   1   7   0.0210220908
4   7   1   10   0.0296164401
4   7   1   11   -0.0053532314
4   7   2   8   0.0101162327
4   7   2   9   0.0069709153
4   7   3   8   0.0363022240
4   7   3   9   0.0151764411
4   7   4   7   0.3001217537
4   7   4   10   0.0567521775
4   7   4   11   -0.0503860465
4   7   5   7   -0.0054769296
4   7   5   10   -0.0124078179
4   7   5   11   0.0074658461
4   7   6   12   -0.0063846998
4   8   1   8   0.0233081551
4   8   1   9   0.0124711799
4   8   2   7   0.0101162327
4   8   2   10   0.0120435639
4   8   2   11   -0.0040619693
4   8   3   7   0.0363022240
4   8   3   10   0.0179572517
4   8   3   11   -0.0085386507
4   8   4   8   0.2806818422
4   8   4   9   0.0467993691
4   8   5   8   -0.0092773603
4   8   5   9   -0.0058813335
4   9   1   8   0.0124711799
4   9   1   9   0.0495284187
4   9   2   7   0.0069709153
4   9   2   10   0.0179572517
4   9   2   11   -0.0086904443
4   9   3   7   0.0151764411
4   9   3   10   0.0508452483
4   9   3   11   -0.0234905973
4   9   4   8   0.0467993691
4   9   4   9   0.3643120206
4   9   5   8   -0.0058813335
4   9   5   9   -0.0104013344
4   9   5   11   -0.0000000000
4   10   1   7   0.0296164401
4   10   1   10   0.0567521775
4   10   1   11   -0.0124078179
4   10   2   8   0.0120435639
4   10   2   9   0.0179572517
4   10   3   8   0.0179572517
4   10   3   9   0.0508452483
4   10   4   7   0.0567521775
4   10   4   10   0.4098455237
4   10   4   11   -0.0150194521
4   10   5   7   -0.0124078179
4   10   5   10   -0.0150194521
4   10   5   11   0.0143217221
4   10   6   12   0.0142216751
4   11   1   7   -0.0053532314
4   11   1   10   -0.0124078179
4   11   1   11   0.0352565662
4   11   2   8   -0.0040619693
4   11   2   9   -0.0086904443
4   11   3   8   -0.0085386507
4   11   3   9   -0.0234905973
4   11   3   11   -0.0000000000
4   11   4   7   -0.0503860465
4   11   4   10   -0.0150194521
4   11   4   11   0.3121142804
4   11   5   7   0.0074658461
4   11   5   9   -0.0000000000
4   11   5   10   0.0143217221
4   11   5   11   0.0009114537
4   11   6   12   0.0076099468
4   12   1   12   0.0377918142
4   12   4   12   0.3436721319
4   12   5   12   0.0015043675
4   12   6   7   -0.0063846998
4   12   6   10   0.0142216751
4   12   6   11   0.0076099468
5   7   1   7   -0.0322476540
5   7   1   10   -0.0053532314
5   7   1   11   0.0335093960
5   7   2   8   -0.0023815949
5   7   2   9   -0.0083531123
5   7   3   8   -0.0314009037
5   7   3   9   0.0023760505
5   7   3   11   -0.0000000000
5   7   4   7   -0.0054769296
5   7   4   10   -0.0124078179
5   7   4   11   0.0074658461
5   7   5   7   0.2654854022
5   7   5   9   -0.0000000000
5   7   5   10   0.0352565662
5   7   5   11   -0.0158727881
5   7   6   12   -0.0105670282
5   8   1   8   -0.0245477173
5   8   1   9   -0.0152264044
5   8   2   7   -0.0023815949
5   8   2   10   -0.0040619693
5   8   2   11   0.0063588186
5   8   3   7   -0.0314009037
5   8   3   10   -0.0086904443
5   8   3   11   0.0024712429
5   8   4   8   -0.0092773603
5   8   4   9   -0.0058813335
5   8   5   8   0.2402841566
5   8   5   9   0.0336059311
5   9   1   8   -0.0152264044
5   9   1   9   -0.0281519429
5   9   1   11   -0.0000000000
5   9   2   7   -0.0083531123
5   9   2   10   -0.0085386507
5   9   2   11   0.0024712429
5   9   3   7   0.0023760505
5   9   3   9   0.0000000000
5   9   3   10   -0.0234905973
5   9   3   11   0.0320915049
5   9   4   8   -0.0058813335
5   9   4   9   -0.0104013344
5   9   4   11   -0.0000000000
5   9   5   7   -0.0000000000
5   9   5   8   0.0336059311
5   9   5   9   0.3292348902
5   9   5   10   -0.0000000000
5   9   5   11   -0.0000000000
5   10   1   7   -0.0053532314
5   10   1   10   -0.0503860465
5   10   1   11   0.0074658461
5   10   2   8   -0.0040619693
5   10   2   9   -0.0085386507
5   10   3   8   -0.0086904443
5   10   3   9   -0.0234905973
5   10   3   11   -0.0000000000
5   10   4   7   -0.0124078179
5   10   4   10   -0.0150194521
5   10   4   11   0.0143217221
5   10   5   7   0.0352565662
5   10   5   9   -0.0000000000
5   10   5   10   0.3121142804
5   10   5   11   0.0009114537
5   10   6   12   0.0076099468
5   11   1   7   0.0335093960
5   11   1   9   -0.0000000000
5   11   1   10   0.0074658461
5   11   1   11   -0.0158727881
5   11   2   8   0.0063588186
5   11   2   9   0.0024712429
5   11   3   7   -0.0000000000
5   11   3   8   0.0024712429
5   11   3   9   0.0320915049
5   11   3   10   -0.0000000000
5   11   3   11   -0.0000000000
5   11   4   7   0.0074658461
5   11   4   9   -0.0000000000
5   11   4   10   0.0143217221
5   11   4   11   0.0009114537
5   11   5   7   -0.0158727881
5   11   5   9   -0.0000000000
5   11   5   10   0.0009114537
5   11   5   11   0.3571410784
5   11   6   12   0.0221032922
5   12   1   12   -0.0342214626
5   12   4   12   0.0015043675
5   12   5   12   0.3555719445
5   12   6   7   -0.0105670282
5   12   6   10   0.0076099468
5   12   6   11   0.0221032922
6   7   1   12   0.0264159967
6   7   4   12   -0.0063846998
6   7   5   12   -0.0105670282
6   7   6   7   0.2809580260
6   7   6   10   0.0377918142
6   7   6   11   -0.0342214626
6   8   2   12   0.0056198762
6   8   3   12   -0.0002259947
6   8   6   8   0.2550421016
6   8   6   9   0.0383275821
6   9   2   12   -0.0002259947
6   9   3   12   0.0081872415
6   9   6   8   0.0383275821
6   9   6   9   0.3420888185
6   10   1   12   -0.0063846998
6   10   4   12   0.0142216751
6   10   5   12   0.0076099468
6   10   6   7   0.0377918142
6   10   6   10   0.3436721319
6   10   6   11   0.0015043675
6   11   1   12   -0.0105670282
6   11   4   12   0.0076099468
6   11   5   12   0.0221032922
6   11   6   7   -0.0342214626
6   11   6   10   0.0015043675
6   11   6   11   0.3555719445
6   12   1   7   0.0264159967
6   12   1   10   -0.0063846998
6   12   1   11   -0.0105670282
6   12   2   8   0.0056198762
6   12   2   9   -0.0002259947
6   12   3   8   -0.0002259947
6   12   3   9   0.0081872415
6   12   4   7   -0.0063846998
6   12   4   10   0.0142216751
6   12   4   11   0.0076099468
6   12   5   7   -0.0105670282
6   12   5   10   0.0076099468
6   12   5   11   0.0221032922
6   12   6   12   0.4347277199

End ABCD Block
Begin AIJB Block
1   6   1   7   0.0072904407
1   6   1   10   0.0071401691
1   6   1   11   -0.0043419031
1   6   2   7   -0.0004705061
1   6   2   10   -0.0006419364
1   6   2   11   0.0045306344
1   6   3   8   0.0017680751
1   6   3   9   0.0013509963
1   6   4   7   0.0007960741
1   6   4   10   0.0008587239
1   6   4   11   -0.0022904315
1   6   5   12   -0.0048686738
1   7   1   7   -0.0004705061
1   7   1   10   -0.0004100434
1   7   1   11   0.0030463821
1   7   2   7   0.0252211210
1   7   2   10   0.0220296267
1   7   2   11   -0.0160129665
1   7   3   8   -0.0074064519
1   7   3   9   -0.0065428657
1   7   4   7   -0.0137045388
1   7   4   10   -0.0124817458
1   7   4   11   0.0117351533
1   7   5   12   0.0143600972
1   8   1   8   -0.0006488379
1   8   1   9   -0.0017574397
1   8   2   8   -0.0221406578
1   8   2   9   -0.0098841333
1   8   3   7   0.0140742898
1   8   3   10   0.0193611277
1   8   3   11   -0.0050143359
1   8   4   8   0.0139903121
1   8   4   9   0.0144023643
1   9   1   7   0.0007960741
1   9   1   10   0.0007791180
1   9   1   11   0.0021781499
1   9   2   7   -0.0137045388
1   9   2   10   -0.0122029463
1   9   2   11   0.0296155888
1   9   3   8   0.0052400608
1   9   3   9   0.0106174002
1   9   4   7   0.0144498323
1   9   4   10   0.0102414106
1   9   4   11   -0.0180175490
1   9   5   12   0.0005269997
1   10   1   12   0.0016000667
1   10   2   12   0.0393504548
1   10   4   12   -0.0174294279
1   10   5   7   0.0087899746
1   10   5   10   0.0064798335
1   10   5   11   -0.0033769900
2   6   1   8   0.0042379338
2   6   1   9   0.0035338620
2   6   2   8   -0.0035094021
2   6   2   9   -0.0029253522
2   6   3   7   -0.0006488379
2   6   3   10   -0.0008345291
2   6   3   11   -0.0000944394
2   6   4   8   -0.0013313716
2   6   4   9   -0.0013289064
2   7   1   8   -0.0035094021
2   7   1   9   -0.0024560816
2   7   2   8   0.0119247469
2   7   2   9   0.0090258824
2   7   3   7   -0.0221406578
2   7   3   10   -0.0159516212
2   7   3   11   0.0072890432
2   7   4   8   0.0024191401
2   7   4   9   0.0024552562
2   8   1   7   0.0017680751
2   8   1   10   -0.0001837028
2   8   1   11   -0.0003945906
2   8   2   7   -0.0074064519
2   8   2   10   -0.0005360746
2   8   2   11   0.0034987452
2   8   3   8   0.0328789089
2   8   3   9   0.0248620379
2   8   4   7   0.0052400608
2   8   4   10   0.0106036903
2   8   4   11   -0.0049297677
2   8   5   12   -0.0056866189
2   9   1   8   -0.0013313716
2   9   1   9   -0.0030015704
2   9   2   8   0.0024191401
2   9   2   9   0.0081623552
2   9   3   7   0.0139903121
2   9   3   10   0.0108279651
2   9   3   11   -0.0339888097
2   9   4   8   0.0075593324
2   9   4   9   0.0140341576
2   10   3   12   -0.0419997293
2   10   5   8   0.0039691641
2   10   5   9   0.0034228015
3   6   1   8   0.0035338620
3   6   1   9   0.0029670995
3   6   2   8   -0.0024560816
3   6   2   9   -0.0022039461
3   6   3   7   -0.0017574397
3   6   3   10   -0.0019496376
3   6   3   11   0.0031561298
3   6   4   8   -0.0030015704
3   6   4   9   -0.0026959530
3   7   1   8   -0.0029253522
3   7   1   9   -0.0022039461
3   7   2   8   0.0090258824
3   7   2   9   0.0236039870
3   7   3   7   -0.0098841333
3   7   3   10   -0.0174874463
3   7   3   11   -0.0004199429
3   7   4   8   0.0081623552
3   7   4   9   -0.0029747906
3   8   1   7   0.0013509963
3   8   1   10   -0.0002271487
3   8   1   11   -0.0000366229
3   8   2   7   -0.0065428657
3   8   2   10   -0.0160633027
3   8   2   11   0.0023931222
3   8   3   8   0.0248620379
3   8   3   9   0.0552525726
3   8   4   7   0.0106174002
3   8   4   10   0.0348481796
3   8   4   11   -0.0038530468
3   8   5   12   -0.0033170464
3   9   1   8   -0.0013289064
3   9   1   9   -0.0026959530
3   9   2   8   0.0024552562
3   9   2   9   -0.0029747906
3   9   3   7   0.0144023643
3   9   3   10   0.0169297469
3   9   3   11   -0.0237698500
3   9   4   8   0.0140341576
3   9   4   9   0.0423997484
3   10   3   12   -0.0258435914
3   10   5   8   0.0034228015
3   10   5   9   0.0072525327
4   6   1   7   0.0071401691
4   6   1   10   0.0070414143
4   6   1   11   -0.0047990069
4   6   2   7   -0.0004100434
4   6   2   10   -0.0006948572
4   6   2   11   0.0042071656
4   6   3   8   -0.0001837028
4   6   3   9   -0.0002271487
4   6   4   7   0.0007791180
4   6   4   10   0.0008648975
4   6   4   11   -0.0024980748
4   6   5   12   -0.0074358671
4   7   1   7   -0.0006419364
4   7   1   10   -0.0006948572
4   7   1   11   0.0032618175
4   7   2   7   0.0220296267
4   7   2   10   0.0337797378
4   7   2   11   -0.0117546805
4   7   3   8   -0.0005360746
4   7   3   9   -0.0160633027
4   7   4   7   -0.0122029463
4   7   4   10   -0.0197180675
4   7   4   11   0.0089838440
4   7   5   12   0.0142145567
4   8   1   8   -0.0008345291
4   8   1   9   -0.0019496376
4   8   2   8   -0.0159516212
4   8   2   9   -0.0174874463
4   8   3   7   0.0193611277
4   8   3   10   0.0566567883
4   8   3   11   -0.0033640258
4   8   4   8   0.0108279651
4   8   4   9   0.0169297469
4   9   1   7   0.0008587239
4   9   1   10   0.0008648975
4   9   1   11   0.0021812030
4   9   2   7   -0.0124817458
4   9   2   10   -0.0197180675
4   9   2   11   0.0235476673
4   9   3   8   0.0106036903
4   9   3   9   0.0348481796
4   9   4   7   0.0102414106
4   9   4   10   0.0173697693
4   9   4   11   -0.0140599457
4   9   5   12   0.0027184047
4   10   1   12   0.0012922110
4   10   2   12   0.0315679046
4   10   4   12   -0.0132168542
4   10   5   7   0.0064798335
4   10   5   10   0.0203204647
4   10   5   11   0.0040055377
5   6   1   7   -0.0043419031
5   6   1   10   -0.0047990069
5   6   1   11   0.0126329169
5   6   2   7   0.0030463821
5   6   2   10   0.0032618175
5   6   2   11   -0.0086284439
5   6   3   8   -0.0003945906
5   6   3   9   -0.0000366229
5   6   4   7   0.0021781499
5   6   4   10   0.0021812030
5   6   4   11   -0.0022688628
5   6   5   12   -0.0015920647
5   7   1   7   0.0045306344
5   7   1   10   0.0042071656
5   7   1   11   -0.0086284439
5   7   2   7   -0.0160129665
5   7   2   10   -0.0117546805
5   7   2   11   0.0244897209
5   7   3   8   0.0034987452
5   7   3   9   0.0023931222
5   7   4   7   0.0296155888
5   7   4   10   0.0235476673
5   7   4   11   -0.0041806653
5   7   5   12   -0.0004874169
5   8   1   8   -0.0000944394
5   8   1   9   0.0031561298
5   8   2   8   0.0072890432
5   8   2   9   -0.0004199429
5   8   3   7   -0.0050143359
5   8   3   10   -0.0033640258
5   8   3   11   0.0093655753
5   8   4   8   -0.0339888097
5   8   4   9   -0.0237698500
5   9   1   7   -0.0022904315
5   9   1   10   -0.0024980748
5   9   1   11   -0.0022688628
5   9   2   7   0.0117351533
5   9   2   10   0.0089838440
5   9   2   11   -0.0041806653
5   9   3   8   -0.0049297677
5   9   3   9   -0.0038530468
5   9   4   7   -0.0180175490
5   9   4   10   -0.0140599457
5   9   4   11   0.0667339797
5   9   5   12   0.0107538719
5   10   1   12   0.0001353719
5   10   2   12   -0.0098837802
5   10   4   12   0.0634555707
5   10   5   7   -0.0033769900
5   10   5   10   0.0040055377
5   10   5   11   0.0121879777
6   6   1   12   0.0176935387
6   6   2   12   -0.0123973201
6   6   4   12   -0.0044255043
6   6   5   7   0.0016000667
6   6   5   10   0.0012922110
6   6   5   11   0.0001353719
6   7   1   12   -0.0123973201
6   7   2   12   0.0309843897
6   7   4   12   0.0079993269
6   7   5   7   0.0393504548
6   7   5   10   0.0315679046
6   7   5   11   -0.0098837802
6   8   3   12   0.0109043792
6   8   5   8   -0.0419997293
6   8   5   9   -0.0258435914
6   9   1   12   -0.0044255043
6   9   2   12   0.0079993269
6   9   4   12   0.0148011098
6   9   5   7   -0.0174294279
6   9   5   10   -0.0132168542
6   9   5   11   0.0634555707
6   10   1   7   -0.0048686738
6   10   1   10   -0.0074358671
6   10   1   11   -0.0015920647
6   10   2   7   0.0143600972
6   10   2   10   0.0142145567
6   10   2   11   -0.0004874169
6   10   3   8   -0.0056866189
6   10   3   9   -0.0033170464
6   10   4   7   0.0005269997
6   10   4   10   0.0027184047
6   10   4   11   0.0107538719
6   10   5   12   0.1077075986

1   6   6   1   -0.3550774309
1   6   6   4   -0.1143308453
1   6   6   5   0.0942366723
1   6   7   1   -0.0013296484
1   6   7   4   -0.0015287985
1   6   7   5   0.0006973390
1   6   8   2   -0.0039030741
1   6   8   3   -0.0009173439
1   6   9   1   -0.0049132878
1   6   9   4   -0.0037582888
1   6   9   5   0.0060894478
1   6   10   6   0.0072047963
1   7   6   1   -0.0013296484
1   7   6   4   -0.0015025217
1   7   6   5   0.0006847952
1   7   7   1   -0.3262582679
1   7   7   4   -0.0798256498
1   7   7   5   0.0684520451
1   7   8   2   0.0413713111
1   7   8   3   0.0063940770
1   7   9   1   0.0233098773
1   7   9   4   0.0085594806
1   7   9   5   -0.0331296485
1   7   10   6   -0.0387983479
1   8   6   2   -0.0039002627
1   8   6   3   -0.0009772116
1   8   7   2   0.0412967556
1   8   7   3   0.0064888842
1   8   8   1   -0.3201133744
1   8   8   4   -0.0790644435
1   8   8   5   0.0580370240
1   8   9   2   -0.0125557116
1   8   9   3   -0.0103732482
1   9   6   1   -0.0049132878
1   9   6   4   -0.0037711899
1   9   6   5   0.0061033911
1   9   7   1   0.0233098773
1   9   7   4   0.0085984492
1   9   7   5   -0.0329641484
1   9   8   2   -0.0126793992
1   9   8   3   -0.0104851449
1   9   9   1   -0.3061450558
1   9   9   4   -0.0660419285
1   9   9   5   0.0449417125
1   9   10   6   -0.0049762168
1   10   6   6   0.0072996377
1   10   7   6   -0.0384954721
1   10   9   6   -0.0051744819
1   10   10   1   -0.3107387662
1   10   10   4   -0.0675755327
1   10   10   5   0.0532147770
2   6   6   2   -0.3295319076
2   6   6   3   -0.1023389056
2   6   6   4   -0.0000000000
2   6   7   2   -0.0013857999
2   6   7   3   -0.0013975782
2   6   8   1   -0.0039002627
2   6   8   4   -0.0017167357
2   6   8   5   0.0002596101
2   6   9   2   -0.0014262114
2   6   9   3   0.0001693317
2   7   6   2   -0.0013857999
2   7   6   3   -0.0013880516
2   7   7   2   -0.2960725959
2   7   7   3   -0.0696958357
2   7   8   1   0.0412967556
2   7   8   4   0.0164832327
2   7   8   5   -0.0067901471
2   7   9   2   0.0100799227
2   7   9   3   -0.0000242933
2   8   6   1   -0.0039030741
2   8   6   4   -0.0017896693
2   8   6   5   0.0001927917
2   8   7   1   0.0413713111
2   8   7   4   0.0166415212
2   8   7   5   -0.0067821407
2   8   8   2   -0.3001322314
2   8   8   3   -0.0691628850
2   8   9   1   -0.0126793992
2   8   9   4   -0.0078393142
2   8   9   5   0.0090859890
2   8   10   6   0.0089859110
2   9   6   2   -0.0014262114
2   9   6   3   0.0001217361
2   9   7   2   0.0100799227
2   9   7   3   0.0001461997
2   9   8   1   -0.0125557116
2   9   8   4   -0.0079431325
2   9   8   5   0.0087312160
2   9   9   2   -0.2812689398
2   9   9   3   -0.0669221830
2   10   8   6   0.0085534438
2   10   10   2   -0.2830173485
2   10   10   3   -0.0622324752
3   6   6   2   -0.1023389056
3   6   6   3   -0.4572808806
3   6   7   2   -0.0013880516
3   6   7   3   -0.0011684568
3   6   8   1   -0.0009772116
3   6   8   4   -0.0026783880
3   6   8   5   0.0006921018
3   6   9   2   0.0001217361
3   6   9   3   -0.0001117945
3   7   6   2   -0.0013975782
3   7   6   3   -0.0011684568
3   7   7   2   -0.0696958357
3   7   7   3   -0.4295299215
3   7   8   1   0.0064888842
3   7   8   4   0.0454536317
3   7   8   5   -0.0259246788
3   7   9   2   0.0001461997
3   7   9   3   0.0082193377
3   8   6   1   -0.0009173439
3   8   6   4   -0.0026663717
3   8   6   5   0.0005353316
3   8   7   1   0.0063940770
3   8   7   4   0.0453034402
3   8   7   5   -0.0257505542
3   8   8   2   -0.0691628850
3   8   8   3   -0.4339775302
3   8   8   5   -0.0000000000
3   8   9   1   -0.0104851449
3   8   9   4   -0.0252951900
3   8   9   5   0.0098323668
3   8   10   6   0.0025175957
3   9   6   2   0.0001693317
3   9   6   3   -0.0001117945
3   9   7   2   -0.0000242933
3   9   7   3   0.0082193377
3   9   8   1   -0.0103732482
3   9   8   4   -0.0258034889
3   9   8   5   0.0094053069
3   9   9   2   -0.0669221830
3   9   9   3   -0.4187866462
3   10   8   6   0.0021658187
3   10   10   2   -0.0622324752
3   10   10   3   -0.4020742006
4   6   6   1   -0.1143308453
4   6   6   2   -0.0000000000
4   6   6   4   -0.4614259332
4   6   6   5   0.0608496234
4   6   7   1   -0.0015025217
4   6   7   4   -0.0010007954
4   6   7   5   0.0011199443
4   6   8   2   -0.0017896693
4   6   8   3   -0.0026663717
4   6   9   1   -0.0037711899
4   6   9   4   -0.0068936528
4   6   9   5   0.0045104164
4   6   10   6   0.0051252821
4   7   6   1   -0.0015287985
4   7   6   4   -0.0010007954
4   7   6   5   0.0011230904
4   7   7   1   -0.0798256498
4   7   7   4   -0.4406264944
4   7   7   5   0.0263244973
4   7   8   2   0.0166415212
4   7   8   3   0.0453034402
4   7   8   4   0.0000000000
4   7   9   1   0.0085984492
4   7   9   4   0.0450860932
4   7   9   5   -0.0143018692
4   7   10   6   -0.0081593524
4   8   6   2   -0.0017167357
4   8   6   3   -0.0026783880
4   8   7   2   0.0164832327
4   8   7   3   0.0454536317
4   8   7   4   0.0000000000
4   8   8   1   -0.0790644435
4   8   8   4   -0.4468123737
4   8   8   5   0.0225077992
4   8   9   2   -0.0079431325
4   8   9   3   -0.0258034889
4   9   6   1   -0.0037582888
4   9   6   4   -0.0068936528
4   9   6   5   0.0045127129
4   9   7   1   0.0085594806
4   9   7   4   0.0450860932
4   9   7   5   -0.0141665248
4   9   8   2   -0.0078393142
4   9   8   3   -0.0252951900
4   9   9   1   -0.0660419285
4   9   9   4   -0.3955584856
4   9   9   5   0.0164473627
4   9   10   6   -0.0003771911
4   10   6   6   0.0052302201
4   10   7   6   -0.0081126085
4   10   9   6   -0.0007750293
4   10   10   1   -0.0675755327
4   10   10   4   -0.4057130790
4   10   10   5   0.0133047314
5   6   6   1   0.0942366723
5   6   6   4   0.0608496234
5   6   6   5   -0.5483987224
5   6   7   1   0.0006847952
5   6   7   4   0.0011230904
5   6   7   5   -0.0048501952
5   6   8   2   0.0001927917
5   6   8   3   0.0005353316
5   6   9   1   0.0061033911
5   6   9   4   0.0045127129
5   6   9   5   -0.0006592469
5   6   10   6   -0.0000394837
5   7   6   1   0.0006973390
5   7   6   4   0.0011199443
5   7   6   5   -0.0048501952
5   7   7   1   0.0684520451
5   7   7   4   0.0263244973
5   7   7   5   -0.4299701588
5   7   8   2   -0.0067821407
5   7   8   3   -0.0257505542
5   7   9   1   -0.0329641484
5   7   9   4   -0.0141665248
5   7   9   5   -0.0173390057
5   7   10   6   0.0113759765
5   8   6   2   0.0002596101
5   8   6   3   0.0006921018
5   8   7   2   -0.0067901471
5   8   7   3   -0.0259246788
5   8   8   1   0.0580370240
5   8   8   3   -0.0000000000
5   8   8   4   0.0225077992
5   8   8   5   -0.4004968494
5   8   9   2   0.0087312160
5   8   9   3   0.0094053069
5   9   6   1   0.0060894478
5   9   6   4   0.0045104164
5   9   6   5   -0.0006592469
5   9   7   1   -0.0331296485
5   9   7   4   -0.0143018692
5   9   7   5   -0.0173390057
5   9   8   2   0.0090859890
5   9   8   3   0.0098323668
5   9   9   1   0.0449417125
5   9   9   4   0.0164473627
5   9   9   5   -0.4410662853
5   9   10   6   -0.0147111964
5   10   6   6   -0.0000796667
5   10   7   6   0.0112000145
5   10   9   6   -0.0144207960
5   10   10   1   0.0532147770
5   10   10   4   0.0133047314
5   10   10   5   -0.4216876022
6   6   6   6   -0.6792282742
6   6   7   6   -0.0067723879
6   6   9   6   -0.0021348414
6   6   10   1   0.0072996377
6   6   10   4   0.0052302201
6   6   10   5   -0.0000796667
6   7   6   6   -0.0067723879
6   7   7   6   -0.5047056967
6   7   9   6   -0.0201403505
6   7   10   1   -0.0384954721
6   7   10   4   -0.0081126085
6   7   10   5   0.0112000145
6   8   8   6   -0.4613359186
6   8   10   2   0.0085534438
6   8   10   3   0.0021658187
6   9   6   6   -0.0021348414
6   9   7   6   -0.0201403505
6   9   9   6   -0.4796183927
6   9   10   1   -0.0051744819
6   9   10   4   -0.0007750293
6   9   10   5   -0.0144207960
6   10   6   1   0.0072047963
6   10   6   4   0.0051252821
6   10   6   5   -0.0000394837
6   10   7   1   -0.0387983479
6   10   7   4   -0.0081593524
6   10   7   5   0.0113759765
6   10   8   2   0.0089859110
6   10   8   3   0.0025175957
6   10   9   1   -0.0049762168
6   10   9   4   -0.0003771911
6   10   9   5   -0.0147111964
6   10   10   6   -0.5309779981

End AIJB Block
Begin IJKA Block
1   6   1   7   -0.1263255763
1   6   1   9   0.0000000000
1   6   1   10   -0.1200014808
1   6   1   11   -0.0055792491
1   6   2   7   -0.0204487674
1   6   2   10   -0.0194680994
1   6   2   11   0.0020214686
1   6   3   8   0.0094154272
1   6   3   9   0.0078516168
1   6   4   7   0.0000156646
1   6   4   10   0.0010070782
1   6   4   11   -0.0178190483
1   6   5   12   -0.0234075272
1   7   1   7   -0.1641626046
1   7   1   9   0.0000000000
1   7   1   10   -0.1339644031
1   7   1   11   0.0407145538
1   7   2   7   -0.0032377460
1   7   2   10   -0.0032051797
1   7   2   11   -0.0014275641
1   7   3   8   -0.0081337935
1   7   3   9   -0.0055442974
1   7   4   7   -0.0079602263
1   7   4   10   -0.0074175528
1   7   4   11   0.0128414546
1   7   5   12   0.0169082169
1   8   1   8   0.1831195169
1   8   1   9   0.1101595384
1   8   1   10   0.0000000000
1   8   2   8   0.0022771059
1   8   2   9   0.0026643886
1   8   3   7   0.0040065773
1   8   3   10   -0.0007170948
1   8   3   11   -0.0011147372
1   8   4   8   0.0006612286
1   8   4   9   -0.0044295540
1   9   1   7   0.0762893527
1   9   1   10   0.0621227332
1   9   1   11   -0.2776398464
1   9   2   7   -0.0003317735
1   9   2   10   -0.0000249736
1   9   2   11   -0.0053795207
1   9   3   8   -0.0029723624
1   9   3   9   -0.0070064497
1   9   4   7   0.0032489988
1   9   4   10   0.0036804661
1   9   4   11   0.0021232770
1   9   5   12   0.0060222276
1   10   1   12   -0.3590880827
1   10   2   12   -0.0064484321
1   10   4   12   -0.0020920667
1   10   5   7   0.0066408257
1   10   5   10   0.0101814799
1   10   5   11   0.0022028617
2   6   1   7   -0.0211353016
2   6   1   10   -0.0200420782
2   6   1   11   0.0019296847
2   6   2   7   -0.0017610432
2   6   2   10   -0.0013883926
2   6   2   11   -0.0070904461
2   6   3   8   -0.0107717417
2   6   3   9   -0.0088134645
2   6   4   7   -0.0075718025
2   6   4   10   -0.0079118005
2   6   4   11   0.0170464785
2   6   5   12   0.0228384372
2   7   1   7   -0.0026189145
2   7   1   10   -0.0026341622
2   7   1   11   -0.0014342076
2   7   2   7   -0.0897132717
2   7   2   10   -0.0572941127
2   7   2   11   0.0342613476
2   7   3   8   0.0324785333
2   7   3   9   0.0039252242
2   7   4   7   0.0131206830
2   7   4   10   0.0074623544
2   7   4   11   -0.0345227702
2   7   5   12   -0.0431206496
2   8   1   8   0.0017816688
2   8   1   9   0.0021046671
2   8   2   8   0.1014475073
2   8   2   9   0.0251049095
2   8   3   7   -0.0027109518
2   8   3   10   0.0483363113
2   8   3   11   0.0076636962
2   8   4   8   0.0154906165
2   8   4   9   0.0530236580
2   9   1   7   -0.0003738669
2   9   1   10   -0.0001412417
2   9   1   11   -0.0046893045
2   9   2   7   0.0456825544
2   9   2   10   0.0274831984
2   9   2   11   -0.1310190232
2   9   3   8   0.0161954146
2   9   3   9   0.0584792973
2   9   4   7   0.0020192160
2   9   4   10   -0.0015994417
2   9   4   11   -0.0231308769
2   9   5   12   -0.0155378612
2   10   1   12   -0.0056189227
2   10   2   12   -0.1662912984
2   10   4   12   -0.0207867020
2   10   5   7   -0.0161440039
2   10   5   10   -0.0412272833
2   10   5   11   -0.0115943561
3   6   1   8   0.0100087482
3   6   1   9   0.0084861601
3   6   2   8   -0.0107858135
3   6   2   9   -0.0088969333
3   6   3   7   -0.0005684791
3   6   3   10   -0.0009883357
3   6   3   11   -0.0037116568
3   6   4   8   -0.0016751348
3   6   4   9   -0.0020468339
3   7   1   8   -0.0079351080
3   7   1   9   -0.0056263996
3   7   2   8   0.0313595385
3   7   2   9   0.0036580415
3   7   3   7   -0.0683284697
3   7   3   10   -0.0221490183
3   7   3   11   0.0237308916
3   7   4   8   0.0057067916
3   7   4   9   0.0252379217
3   8   1   7   0.0038443643
3   8   1   10   -0.0004341765
3   8   1   11   -0.0010066370
3   8   2   7   -0.0018748387
3   8   2   10   0.0482506285
3   8   2   11   0.0074863087
3   8   3   8   0.0900786820
3   8   3   9   0.0135092509
3   8   4   7   -0.0031840654
3   8   4   10   -0.0171632744
3   8   4   11   -0.0048702033
3   8   5   12   -0.0074936880
3   9   1   8   -0.0027732450
3   9   1   9   -0.0064060749
3   9   2   8   0.0158510331
3   9   2   9   0.0570165291
3   9   3   7   0.0312703574
3   9   3   10   0.0078629110
3   9   3   11   -0.1025014836
3   9   4   8   0.0053474803
3   9   4   9   -0.0031605912
3   10   3   12   -0.1307857319
3   10   5   8   0.0074117230
3   10   5   9   0.0079835162
4   6   1   7   0.0000243001
4   6   1   10   0.0012235572
4   6   1   11   -0.0187131382
4   6   2   7   -0.0075424949
4   6   2   10   -0.0079288311
4   6   2   11   0.0168902836
4   6   3   8   -0.0016750461
4   6   3   9   -0.0019994730
4   6   4   7   -0.0059703700
4   6   4   10   -0.0060066792
4   6   4   11   0.0086703984
4   6   5   12   0.0071789689
4   7   1   7   -0.0074818434
4   7   1   10   -0.0071000507
4   7   1   11   0.0121307026
4   7   2   7   0.0125436545
4   7   2   10   0.0071723652
4   7   2   11   -0.0333663631
4   7   3   8   0.0056874594
4   7   3   9   0.0251199461
4   7   4   7   -0.0629939896
4   7   4   10   -0.0415506999
4   7   4   11   0.0001547300
4   7   5   12   -0.0128314458
4   8   1   8   0.0007032892
4   8   1   9   -0.0039072408
4   8   2   8   0.0151008023
4   8   2   9   0.0511650279
4   8   3   7   -0.0028804100
4   8   3   10   -0.0165394877
4   8   3   11   -0.0053689677
4   8   4   8   0.0889052527
4   8   4   9   0.0415401606
4   9   1   7   0.0029602957
4   9   1   10   0.0033387874
4   9   1   11   0.0019244233
4   9   2   7   0.0013777926
4   9   2   10   -0.0018198200
4   9   2   11   -0.0226480466
4   9   3   8   0.0056916138
4   9   3   9   -0.0028098374
4   9   4   7   0.0436228346
4   9   4   10   0.0265662260
4   9   4   11   -0.1374677510
4   9   5   12   -0.0140211073
4   10   1   12   -0.0021269183
4   10   2   12   -0.0202787045
4   10   4   12   -0.1474229073
4   10   5   7   0.0003482810
4   10   5   10   -0.0044623036
4   10   5   11   -0.0116343968
5   6   1   12   -0.0245960870
5   6   2   12   0.0224275589
5   6   4   12   0.0070868974
5   6   5   7   -0.0022774775
5   6   5   10   -0.0017059240
5   6   5   11   -0.0007227432
5   7   1   12   0.0157862859
5   7   2   12   -0.0421758646
5   7   4   12   -0.0132265297
5   7   5   7   -0.0786103804
5   7   5   10   -0.0655689554
5   7   5   11   0.0142066887
5   8   3   12   -0.0082932301
5   8   5   8   0.0929824394
5   8   5   9   0.0438850133
5   9   1   12   0.0054845548
5   9   2   12   -0.0152694348
5   9   4   12   -0.0140988869
5   9   5   7   0.0405074534
5   9   5   10   0.0246276277
5   9   5   11   -0.1237204426
5   10   1   7   0.0059664712
5   10   1   10   0.0092673382
5   10   1   11   0.0020722166
5   10   2   7   -0.0167740132
5   10   2   10   -0.0399038863
5   10   2   11   -0.0107781424
5   10   3   8   0.0080591633
5   10   3   9   0.0084278516
5   10   4   7   0.0000540397
5   10   4   10   -0.0040991034
5   10   4   11   -0.0122132371
5   10   5   12   -0.1760563386

End IJKA Block
Begin IABC Block
1   7   1   7   0.0005494551
1   7   1   10   0.0002765604
1   7   1   11   -0.0010305802
1   7   2   8   0.0016397784
1   7   2   9   0.0003969709
1   7   3   8   0.0013084484
1   7   3   9   0.0002837634
1   7   4   7   0.0006529463
1   7   4   10   0.0003569596
1   7   4   11   -0.0011639965
1   7   5   7   -0.0029255807
1   7   5   10   -0.0021884092
1   7   5   11   0.0038152401
1   7   6   12   0.0053131950
1   8   1   8   -0.0001358864
1   8   1   9   -0.0004491942
1   8   2   7   0.0016436569
1   8   2   10   0.0007404687
1   8   2   11   -0.0000622918
1   8   3   7   0.0013092258
1   8   3   10   0.0005644321
1   8   3   11   0.0000786829
1   8   4   8   -0.0001907803
1   8   4   9   -0.0005080971
1   8   5   8   -0.0006748208
1   8   5   9   0.0003334194
1   9   1   8   -0.0004416392
1   9   1   9   -0.0003146024
1   9   2   7   0.0004070296
1   9   2   10   0.0011116900
1   9   2   11   -0.0002281533
1   9   3   7   0.0002789776
1   9   3   10   0.0008299631
1   9   3   11   -0.0000974141
1   9   4   8   -0.0005032864
1   9   4   9   -0.0004097138
1   9   5   8   0.0003188139
1   9   5   9   0.0001051445
1   10   1   7   0.0002718455
1   10   1   10   0.0010562100
1   10   1   11   -0.0005792840
1   10   2   8   0.0007456835
1   10   2   9   0.0011079167
1   10   3   8   0.0005673653
1   10   3   9   0.0008337046
1   10   4   7   0.0003474509
1   10   4   10   0.0011618680
1   10   4   11   -0.0006693166
1   10   5   7   -0.0021857013
1   10   5   10   -0.0042391719
1   10   5   11   0.0027564307
1   10   6   12   0.0038545160
1   11   1   7   -0.0010403523
1   11   1   10   -0.0005887037
1   11   1   11   -0.0013222758
1   11   2   8   -0.0000544835
1   11   2   9   -0.0002085592
1   11   3   8   0.0000884085
1   11   3   9   -0.0000812017
1   11   4   7   -0.0011718854
1   11   4   10   -0.0006809287
1   11   4   11   -0.0012433625
1   11   5   7   0.0038232025
1   11   5   10   0.0027723390
1   11   5   11   0.0003910971
1   11   6   12   0.0000149914
1   12   1   12   -0.0015149806
1   12   4   12   -0.0012008493
1   12   5   12   -0.0001024523
1   12   6   7   0.0053441135
1   12   6   10   0.0039101206
1   12   6   11   0.0000046685
2   7   1   7   -0.0115268769
2   7   1   10   -0.0109480030
2   7   1   11   0.0116319312
2   7   2   8   0.0009216079
2   7   2   9   0.0009566904
2   7   3   8   0.0066006225
2   7   3   9   0.0104116967
2   7   4   7   -0.0054039155
2   7   4   10   0.0014980841
2   7   4   11   0.0102462205
2   7   5   7   0.0046616236
2   7   5   10   0.0088779550
2   7   5   11   -0.0036689092
2   7   6   12   -0.0033464816
2   8   1   8   -0.0077733562
2   8   1   9   -0.0067658855
2   8   2   7   0.0008106353
2   8   2   10   -0.0000047159
2   8   2   11   -0.0004132818
2   8   3   7   0.0065772573
2   8   3   10   0.0053257289
2   8   3   11   -0.0058485194
2   8   4   8   0.0011746872
2   8   4   9   -0.0010274789
2   8   5   8   -0.0000459625
2   8   5   9   -0.0016548955
2   9   1   8   -0.0067914278
2   9   1   9   -0.0154170007
2   9   2   7   0.0009199177
2   9   2   10   0.0016235941
2   9   2   11   -0.0020127279
2   9   3   7   0.0109337076
2   9   3   10   0.0207403012
2   9   3   11   -0.0053089688
2   9   4   8   -0.0008634368
2   9   4   9   0.0079290458
2   9   5   8   -0.0019275110
2   9   5   9   0.0023225972
2   10   1   7   -0.0106957834
2   10   1   10   -0.0190302792
2   10   1   11   0.0083235476
2   10   2   8   0.0000681761
2   10   2   9   0.0017185183
2   10   3   8   0.0056273595
2   10   3   9   0.0206872264
2   10   4   7   0.0021276863
2   10   4   10   0.0093917483
2   10   4   11   0.0022082438
2   10   5   7   0.0088222488
2   10   5   10   0.0077918130
2   10   5   11   -0.0076043312
2   10   6   12   -0.0131555122
2   11   1   7   0.0115444503
2   11   1   10   0.0084152729
2   11   1   11   -0.0271982632
2   11   2   8   -0.0005168209
2   11   2   9   -0.0020122107
2   11   3   8   -0.0059767337
2   11   3   9   -0.0050279934
2   11   4   7   0.0102737283
2   11   4   10   0.0025458060
2   11   4   11   -0.0203474616
2   11   5   7   -0.0038859385
2   11   5   10   -0.0077699813
2   11   5   11   0.0082409195
2   11   6   12   -0.0039115945
2   12   1   12   -0.0404280561
2   12   4   12   -0.0364263479
2   12   5   12   0.0046681713
2   12   6   7   -0.0035791080
2   12   6   10   -0.0127347576
2   12   6   11   -0.0035836747
3   7   1   8   -0.0185952440
3   7   1   9   -0.0004787118
3   7   2   7   0.0087085754
3   7   2   10   0.0088032593
3   7   2   11   -0.0047162650
3   7   3   7   -0.0129014949
3   7   3   10   -0.0044254654
3   7   3   11   0.0180979155
3   7   4   8   -0.0321913813
3   7   4   9   -0.0076948684
3   7   5   8   0.0019704368
3   7   5   9   0.0056676790
3   8   1   7   -0.0184329784
3   8   1   10   -0.0052155425
3   8   1   11   0.0007339407
3   8   2   8   0.0065491874
3   8   2   9   0.0106995975
3   8   3   8   -0.0084261463
3   8   3   9   -0.0037719948
3   8   4   7   -0.0319227531
3   8   4   10   -0.0158445144
3   8   4   11   0.0047731819
3   8   5   7   0.0021149093
3   8   5   10   0.0012680288
3   8   5   11   -0.0006373632
3   8   6   12   0.0003300006
3   9   1   7   -0.0007876457
3   9   1   10   -0.0156503435
3   9   1   11   0.0144407458
3   9   2   8   0.0104905689
3   9   2   9   0.0260566695
3   9   3   8   -0.0048725749
3   9   3   9   -0.0150409280
3   9   4   7   -0.0084649164
3   9   4   10   -0.0446455186
3   9   4   11   0.0253173254
3   9   5   7   0.0061926231
3   9   5   10   0.0059991098
3   9   5   11   0.0010412717
3   9   6   12   0.0042733693
3   10   1   8   -0.0057877715
3   10   1   9   -0.0154702245
3   10   2   7   0.0084828988
3   10   2   10   0.0172004981
3   10   2   11   -0.0022739682
3   10   3   7   -0.0048085158
3   10   3   10   -0.0384116573
3   10   3   11   0.0075985767
3   10   4   8   -0.0173218975
3   10   4   9   -0.0444893331
3   10   4   10   -0.0000000000
3   10   5   8   0.0012505194
3   10   5   9   0.0055813609
3   11   1   8   0.0005108804
3   11   1   9   0.0136325009
3   11   2   7   -0.0047223367
3   11   2   10   -0.0025166797
3   11   2   11   0.0388367482
3   11   3   7   0.0177561150
3   11   3   10   0.0071103369
3   11   3   11   0.0179097676
3   11   4   8   0.0043623841
3   11   4   9   0.0239102542
3   11   5   8   -0.0006867246
3   11   5   9   0.0011771135
3   12   2   12   0.0526425300
3   12   3   12   0.0258121729
3   12   6   8   0.0003717436
3   12   6   9   0.0043507027
4   7   1   7   -0.0007275692
4   7   1   10   0.0071956857
4   7   1   11   0.0034094270
4   7   2   8   -0.0120910157
4   7   2   9   -0.0017737750
4   7   3   8   -0.0261752412
4   7   3   9   -0.0033365731
4   7   4   7   0.0012651725
4   7   4   10   -0.0038069609
4   7   4   11   -0.0031430321
4   7   5   7   -0.0153260607
4   7   5   10   -0.0161424337
4   7   5   11   0.0147484866
4   7   6   12   -0.0019899241
4   8   1   8   -0.0036533009
4   8   1   9   -0.0001058769
4   8   2   7   -0.0121525965
4   8   2   10   -0.0029076569
4   8   2   11   0.0001977513
4   8   3   7   -0.0262009988
4   8   3   10   -0.0094717166
4   8   3   11   0.0031185609
4   8   4   8   -0.0040538935
4   8   4   9   -0.0013871508
4   8   5   8   -0.0161792716
4   8   5   9   -0.0122804456
4   9   1   8   -0.0003295210
4   9   1   9   0.0070093759
4   9   2   7   -0.0020712618
4   9   2   10   -0.0090551080
4   9   2   11   0.0066622823
4   9   3   7   -0.0039149081
4   9   3   10   -0.0300087842
4   9   3   11   0.0239463373
4   9   4   8   -0.0016127710
4   9   4   9   -0.0090246443
4   9   5   8   -0.0123014509
4   9   5   9   -0.0267712317
4   10   1   7   0.0070836423
4   10   1   10   0.0003087134
4   10   1   11   -0.0027435138
4   10   2   8   -0.0030976544
4   10   2   9   -0.0090848475
4   10   3   8   -0.0099765006
4   10   3   9   -0.0300221379
4   10   4   7   -0.0041043230
4   10   4   10   -0.0137605348
4   10   4   11   0.0013626331
4   10   5   7   -0.0159150576
4   10   5   10   -0.0293060232
4   10   5   11   0.0118263420
4   10   6   12   -0.0010424507
4   11   1   7   0.0032155902
4   11   1   10   -0.0029750440
4   11   1   11   0.0234964749
4   11   2   8   0.0000481098
4   11   2   9   0.0062502474
4   11   3   8   0.0027321473
4   11   3   9   0.0225348323
4   11   4   7   -0.0032464365
4   11   4   10   0.0008705950
4   11   4   11   0.0151112686
4   11   5   7   0.0145195371
4   11   5   10   0.0117730838
4   11   5   11   -0.0432332804
4   11   6   12   -0.0008472320
4   12   1   12   0.0228284292
4   12   4   12   0.0128900598
4   12   5   12   -0.0658534926
4   12   6   7   -0.0021457009
4   12   6   10   -0.0005538009
4   12   6   11   -0.0006622587
5   7   1   12   0.0022261450
5   7   4   12   -0.0145838181
5   7   5   12   -0.0052226912
5   7   6   7   -0.0214150543
5   7   6   10   -0.0235466265
5   7   6   11   0.0146705269
5   8   2   12   -0.0008926251
5   8   3   12   -0.0024443093
5   8   6   8   -0.0214309351
5   8   6   9   -0.0185194609
5   9   2   12   -0.0016405072
5   9   3   12   0.0033807163
5   9   6   8   -0.0186213116
5   9   6   9   -0.0382945234
5   10   1   12   -0.0075387322
5   10   4   12   0.0016701781
5   10   5   12   0.0062139034
5   10   6   7   -0.0235734334
5   10   6   10   -0.0387416709
5   10   6   11   0.0156135054
5   11   1   12   -0.0004460543
5   11   4   12   0.0090773317
5   11   5   12   0.0035153463
5   11   6   7   0.0143891712
5   11   6   10   0.0155146868
5   11   6   11   -0.0533104803
5   12   1   7   0.0019476612
5   12   1   10   -0.0077691895
5   12   1   11   -0.0003244161
5   12   2   8   -0.0010566643
5   12   2   9   -0.0018248706
5   12   3   8   -0.0026618051
5   12   3   9   0.0027434726
5   12   4   7   -0.0148670043
5   12   4   10   0.0008580224
5   12   4   11   0.0091313310
5   12   5   7   -0.0052217553
5   12   5   10   0.0061806392
5   12   5   11   0.0034585668
5   12   6   12   -0.0818413923

End IABC Block
