Begin IJ Block
1   1   -2.1888414052
1   3   0.1391612187
2   2   -1.9557860431
3   3   -1.8151952934

End IJ Block
Begin IA Block
1   2   -0.0728136476
1   3   0.0000000000
1   4   -0.1226694830
2   1   0.2078279162
2   2   -0.0000000000
2   3   0.0480658932
2   4   0.0000000000
3   1   0.0000000000
3   2   -0.1830300173
3   3   -0.0000000000
3   4   0.0572631766

End IA Block
Begin AB Block
1   1   -1.4953247678
1   2   0.0000000000
1   3   0.2969314645
1   4   -0.0000000000
2   2   -1.0027249627
2   3   -0.0000000000
2   4   -0.0048448776
3   3   -0.9287175002
3   4   -0.0000000000
4   4   -1.0992750591

End AB Block
Begin IJAB Block
1   4   1   5   0.0597311917
1   4   1   6   -0.0000000000
1   4   1   7   -0.0232693501
1   4   1   8   0.0000000001
1   4   2   5   -0.0000000000
1   4   2   6   0.0222333849
1   4   2   7   0.0000000000
1   4   2   8   -0.0035434403
1   4   3   5   -0.0232693501
1   4   3   6   0.0000000000
1   4   3   7   0.0169986537
1   4   3   8   -0.0000000001
1   4   4   5   0.0000000001
1   4   4   6   -0.0035434403
1   4   4   7   -0.0000000001
1   4   4   8   0.0172020700
1   5   1   5   0.0000000000
1   5   1   6   -0.0240805585
1   5   1   7   -0.0000000000
1   5   1   8   -0.0041300526
1   5   2   5   -0.0110311600
1   5   2   6   0.0000000000
1   5   2   7   -0.0090393320
1   5   2   8   -0.0000000001
1   5   3   5   -0.0000000000
1   5   3   6   -0.0019557094
1   5   3   7   0.0000000001
1   5   3   8   -0.0011635555
1   5   4   5   -0.0105322665
1   5   4   6   -0.0000000001
1   5   4   7   0.0004246342
1   5   4   8   0.0000000001
1   6   1   5   -0.0056604431
1   6   1   6   -0.0000000000
1   6   1   7   0.0093756802
1   6   1   8   0.0000000000
1   6   2   5   -0.0000000000
1   6   2   6   0.0056680073
1   6   2   7   -0.0000000001
1   6   2   8   0.0061130794
1   6   3   5   -0.0027545418
1   6   3   6   -0.0000000001
1   6   3   7   0.0059331996
1   6   3   8   0.0000000001
1   6   4   5   0.0000000000
1   6   4   6   0.0106113781
1   6   4   7   0.0000000001
1   6   4   8   -0.0091716767
2   4   1   5   0.0000000000
2   4   1   6   -0.0110311600
2   4   1   7   -0.0000000000
2   4   1   8   -0.0105322665
2   4   2   5   -0.0240805585
2   4   2   6   0.0000000000
2   4   2   7   -0.0019557094
2   4   2   8   -0.0000000001
2   4   3   5   -0.0000000000
2   4   3   6   -0.0090393320
2   4   3   7   0.0000000001
2   4   3   8   0.0004246342
2   4   4   5   -0.0041300526
2   4   4   6   -0.0000000001
2   4   4   7   -0.0011635555
2   4   4   8   0.0000000001
2   5   1   5   0.0644581064
2   5   1   6   -0.0000000000
2   5   1   7   -0.0245665767
2   5   1   8   0.0000000001
2   5   2   5   -0.0000000000
2   5   2   6   0.0313287546
2   5   2   7   -0.0000000000
2   5   2   8   0.0022336725
2   5   3   5   -0.0245665767
2   5   3   6   -0.0000000000
2   5   3   7   0.0265322804
2   5   3   8   -0.0000000000
2   5   4   5   0.0000000001
2   5   4   6   0.0022336725
2   5   4   7   -0.0000000000
2   5   4   8   0.0062283075
2   6   1   5   0.0000000000
2   6   1   6   -0.0318587575
2   6   1   7   0.0000000000
2   6   1   8   0.0178389868
2   6   2   5   -0.0039595760
2   6   2   6   0.0000000000
2   6   2   7   -0.0124561573
2   6   2   8   -0.0000000001
2   6   3   5   0.0000000000
2   6   3   6   0.0018370453
2   6   3   7   0.0000000000
2   6   3   8   -0.0106154684
2   6   4   5   0.0124355023
2   6   4   6   -0.0000000000
2   6   4   7   -0.0092911211
2   6   4   8   0.0000000001
3   4   1   5   -0.0056604431
3   4   1   6   -0.0000000000
3   4   1   7   -0.0027545418
3   4   1   8   0.0000000000
3   4   2   5   -0.0000000000
3   4   2   6   0.0056680073
3   4   2   7   -0.0000000001
3   4   2   8   0.0106113781
3   4   3   5   0.0093756802
3   4   3   6   -0.0000000001
3   4   3   7   0.0059331996
3   4   3   8   0.0000000001
3   4   4   5   0.0000000000
3   4   4   6   0.0061130794
3   4   4   7   0.0000000001
3   4   4   8   -0.0091716767
3   5   1   5   0.0000000000
3   5   1   6   -0.0039595760
3   5   1   7   0.0000000000
3   5   1   8   0.0124355023
3   5   2   5   -0.0318587575
3   5   2   6   0.0000000000
3   5   2   7   0.0018370453
3   5   2   8   -0.0000000000
3   5   3   5   0.0000000000
3   5   3   6   -0.0124561573
3   5   3   7   0.0000000000
3   5   3   8   -0.0092911211
3   5   4   5   0.0178389868
3   5   4   6   -0.0000000001
3   5   4   7   -0.0106154684
3   5   4   8   0.0000000001
3   6   1   5   0.0780398297
3   6   1   6   -0.0000000000
3   6   1   7   -0.0412330247
3   6   1   8   0.0000000001
3   6   2   5   -0.0000000000
3   6   2   6   0.0270538345
3   6   2   7   -0.0000000000
3   6   2   8   -0.0107057423
3   6   3   5   -0.0412330247
3   6   3   6   -0.0000000000
3   6   3   7   0.0339230179
3   6   3   8   -0.0000000000
3   6   4   5   0.0000000001
3   6   4   6   -0.0107057423
3   6   4   7   -0.0000000000
3   6   4   8   0.0131692909

End IJAB Block
Begin IJKL Block
1   4   1   4   0.3979311149
1   4   1   5   -0.0000000000
1   4   1   6   -0.0704558811
1   4   2   4   -0.0000000000
1   4   2   5   0.1179665204
1   4   3   4   -0.0704558811
1   4   3   6   0.0837093827
1   5   1   4   -0.0000000000
1   5   1   5   0.3192056773
1   5   1   6   -0.0000000000
1   5   2   4   0.1185529160
1   5   2   6   0.0872070492
1   5   3   5   0.0200971415
1   5   3   6   0.0000000000
1   6   1   4   -0.0704558811
1   6   1   5   -0.0000000000
1   6   1   6   0.3289957424
1   6   2   5   0.0895543598
1   6   2   6   -0.0000000000
1   6   3   4   0.0862876037
1   6   3   6   -0.0191138225
2   4   1   4   -0.0000000000
2   4   1   5   0.1185529160
2   4   2   4   0.3192056773
2   4   2   6   0.0200971415
2   4   3   4   -0.0000000000
2   4   3   5   0.0872070492
2   4   3   6   0.0000000000
2   5   1   4   0.1179665204
2   5   1   6   0.0895543598
2   5   2   5   0.3397605908
2   5   2   6   -0.0000000000
2   5   3   4   0.0895543598
2   5   3   5   -0.0000000000
2   5   3   6   0.1031872427
2   6   1   5   0.0872070492
2   6   1   6   -0.0000000000
2   6   2   4   0.0200971415
2   6   2   5   -0.0000000000
2   6   2   6   0.3080762516
2   6   3   5   0.1057051512
2   6   3   6   -0.0000000000
3   4   1   4   -0.0704558811
3   4   1   6   0.0862876037
3   4   2   4   -0.0000000000
3   4   2   5   0.0895543598
3   4   3   4   0.3289957424
3   4   3   5   -0.0000000000
3   4   3   6   -0.0191138225
3   5   1   5   0.0200971415
3   5   2   4   0.0872070492
3   5   2   5   -0.0000000000
3   5   2   6   0.1057051512
3   5   3   4   -0.0000000000
3   5   3   5   0.3080762516
3   5   3   6   -0.0000000000
3   6   1   4   0.0837093827
3   6   1   5   0.0000000000
3   6   1   6   -0.0191138225
3   6   2   4   0.0000000000
3   6   2   5   0.1031872427
3   6   2   6   -0.0000000000
3   6   3   4   -0.0191138225
3   6   3   5   -0.0000000000
3   6   3   6   0.3170954879

End IJKL Block
Begin ABCD Block
1   5   1   5   0.2610291172
1   5   1   6   0.0000000000
1   5   1   7   -0.0413644815
1   5   1   8   -0.0000000001
1   5   2   5   0.0000000000
1   5   2   6   0.0543821098
1   5   2   7   0.0000000000
1   5   2   8   -0.0109840634
1   5   3   5   -0.0413644815
1   5   3   6   0.0000000000
1   5   3   7   0.0298206618
1   5   3   8   -0.0000000004
1   5   4   5   -0.0000000001
1   5   4   6   -0.0109840634
1   5   4   7   -0.0000000004
1   5   4   8   0.0077723450
1   6   1   5   0.0000000000
1   6   1   6   0.2036410692
1   6   1   7   -0.0000000000
1   6   1   8   -0.0042097647
1   6   2   5   0.0543821098
1   6   2   6   0.0000000000
1   6   2   7   0.0473322579
1   6   2   8   -0.0000000000
1   6   3   5   0.0000000000
1   6   3   6   -0.0046018577
1   6   3   7   -0.0000000004
1   6   3   8   -0.0023830052
1   6   4   5   -0.0109840634
1   6   4   6   -0.0000000002
1   6   4   7   -0.0090247147
1   6   4   8   0.0000000003
1   7   1   5   -0.0413644815
1   7   1   6   -0.0000000000
1   7   1   7   0.1989341220
1   7   1   8   -0.0000000001
1   7   2   5   0.0000000000
1   7   2   6   0.0473322579
1   7   2   7   0.0000000001
1   7   2   8   0.0086602048
1   7   3   5   0.0298206618
1   7   3   6   -0.0000000004
1   7   3   7   -0.0123185880
1   7   3   8   -0.0000000006
1   7   4   5   -0.0000000004
1   7   4   6   -0.0090247147
1   7   4   7   -0.0000000021
1   7   4   8   -0.0048991471
1   8   1   5   -0.0000000001
1   8   1   6   -0.0042097647
1   8   1   7   -0.0000000001
1   8   1   8   0.2036644989
1   8   2   5   -0.0109840634
1   8   2   6   -0.0000000000
1   8   2   7   0.0086602048
1   8   2   8   0.0000000000
1   8   3   5   -0.0000000004
1   8   3   6   -0.0023830052
1   8   3   7   -0.0000000006
1   8   3   8   -0.0361797850
1   8   4   5   0.0077723450
1   8   4   6   0.0000000003
1   8   4   7   -0.0048991471
1   8   4   8   -0.0000000005
2   5   1   5   0.0000000000
2   5   1   6   0.0543821098
2   5   1   7   0.0000000000
2   5   1   8   -0.0109840634
2   5   2   5   0.2036410692
2   5   2   6   0.0000000000
2   5   2   7   -0.0046018577
2   5   2   8   -0.0000000002
2   5   3   5   -0.0000000000
2   5   3   6   0.0473322579
2   5   3   7   -0.0000000004
2   5   3   8   -0.0090247147
2   5   4   5   -0.0042097647
2   5   4   6   -0.0000000000
2   5   4   7   -0.0023830052
2   5   4   8   0.0000000003
2   6   1   5   0.0543821098
2   6   1   6   0.0000000000
2   6   1   7   0.0473322579
2   6   1   8   -0.0000000000
2   6   2   5   0.0000000000
2   6   2   6   0.1950401707
2   6   2   7   -0.0000000003
2   6   2   8   -0.0061301669
2   6   3   5   0.0473322579
2   6   3   6   -0.0000000003
2   6   3   7   0.0520802427
2   6   3   8   0.0000000004
2   6   4   5   -0.0000000000
2   6   4   6   -0.0061301669
2   6   4   7   0.0000000004
2   6   4   8   0.0035773656
2   7   1   5   0.0000000000
2   7   1   6   0.0473322579
2   7   1   7   0.0000000001
2   7   1   8   0.0086602048
2   7   2   5   -0.0046018577
2   7   2   6   -0.0000000003
2   7   2   7   0.1824093400
2   7   2   8   -0.0000000003
2   7   3   5   -0.0000000004
2   7   3   6   0.0520802427
2   7   3   7   -0.0000000019
2   7   3   8   0.0054678752
2   7   4   5   -0.0023830052
2   7   4   6   0.0000000004
2   7   4   7   -0.0043004611
2   7   4   8   0.0000000004
2   8   1   5   -0.0109840634
2   8   1   6   -0.0000000000
2   8   1   7   0.0086602048
2   8   1   8   0.0000000000
2   8   2   5   -0.0000000002
2   8   2   6   -0.0061301669
2   8   2   7   -0.0000000003
2   8   2   8   0.1603949182
2   8   3   5   -0.0090247147
2   8   3   6   0.0000000004
2   8   3   7   0.0054678752
2   8   3   8   -0.0000000004
2   8   4   5   0.0000000003
2   8   4   6   0.0035773656
2   8   4   7   0.0000000004
2   8   4   8   0.0049215100
3   5   1   5   -0.0413644815
3   5   1   6   0.0000000000
3   5   1   7   0.0298206618
3   5   1   8   -0.0000000004
3   5   2   5   -0.0000000000
3   5   2   6   0.0473322579
3   5   2   7   -0.0000000004
3   5   2   8   -0.0090247147
3   5   3   5   0.1989341220
3   5   3   6   0.0000000001
3   5   3   7   -0.0123185880
3   5   3   8   -0.0000000021
3   5   4   5   -0.0000000001
3   5   4   6   0.0086602048
3   5   4   7   -0.0000000006
3   5   4   8   -0.0048991471
3   6   1   5   0.0000000000
3   6   1   6   -0.0046018577
3   6   1   7   -0.0000000004
3   6   1   8   -0.0023830052
3   6   2   5   0.0473322579
3   6   2   6   -0.0000000003
3   6   2   7   0.0520802427
3   6   2   8   0.0000000004
3   6   3   5   0.0000000001
3   6   3   6   0.1824093400
3   6   3   7   -0.0000000019
3   6   3   8   -0.0043004611
3   6   4   5   0.0086602048
3   6   4   6   -0.0000000003
3   6   4   7   0.0054678752
3   6   4   8   0.0000000004
3   7   1   5   0.0298206618
3   7   1   6   -0.0000000004
3   7   1   7   -0.0123185880
3   7   1   8   -0.0000000006
3   7   2   5   -0.0000000004
3   7   2   6   0.0520802427
3   7   2   7   -0.0000000019
3   7   2   8   0.0054678752
3   7   3   5   -0.0123185880
3   7   3   6   -0.0000000019
3   7   3   7   0.1793464741
3   7   3   8   -0.0000000029
3   7   4   5   -0.0000000006
3   7   4   6   0.0054678752
3   7   4   7   -0.0000000029
3   7   4   8   0.0094235579
3   8   1   5   -0.0000000004
3   8   1   6   -0.0023830052
3   8   1   7   -0.0000000006
3   8   1   8   -0.0361797850
3   8   2   5   -0.0090247147
3   8   2   6   0.0000000004
3   8   2   7   0.0054678752
3   8   2   8   -0.0000000004
3   8   3   5   -0.0000000021
3   8   3   6   -0.0043004611
3   8   3   7   -0.0000000029
3   8   3   8   0.1654209049
3   8   4   5   -0.0048991471
3   8   4   6   0.0000000004
3   8   4   7   0.0094235579
3   8   4   8   -0.0000000007
4   5   1   5   -0.0000000001
4   5   1   6   -0.0109840634
4   5   1   7   -0.0000000004
4   5   1   8   0.0077723450
4   5   2   5   -0.0042097647
4   5   2   6   -0.0000000000
4   5   2   7   -0.0023830052
4   5   2   8   0.0000000003
4   5   3   5   -0.0000000001
4   5   3   6   0.0086602048
4   5   3   7   -0.0000000006
4   5   3   8   -0.0048991471
4   5   4   5   0.2036644989
4   5   4   6   0.0000000000
4   5   4   7   -0.0361797850
4   5   4   8   -0.0000000005
4   6   1   5   -0.0109840634
4   6   1   6   -0.0000000002
4   6   1   7   -0.0090247147
4   6   1   8   0.0000000003
4   6   2   5   -0.0000000000
4   6   2   6   -0.0061301669
4   6   2   7   0.0000000004
4   6   2   8   0.0035773656
4   6   3   5   0.0086602048
4   6   3   6   -0.0000000003
4   6   3   7   0.0054678752
4   6   3   8   0.0000000004
4   6   4   5   0.0000000000
4   6   4   6   0.1603949182
4   6   4   7   -0.0000000004
4   6   4   8   0.0049215100
4   7   1   5   -0.0000000004
4   7   1   6   -0.0090247147
4   7   1   7   -0.0000000021
4   7   1   8   -0.0048991471
4   7   2   5   -0.0023830052
4   7   2   6   0.0000000004
4   7   2   7   -0.0043004611
4   7   2   8   0.0000000004
4   7   3   5   -0.0000000006
4   7   3   6   0.0054678752
4   7   3   7   -0.0000000029
4   7   3   8   0.0094235579
4   7   4   5   -0.0361797850
4   7   4   6   -0.0000000004
4   7   4   7   0.1654209049
4   7   4   8   -0.0000000007
4   8   1   5   0.0077723450
4   8   1   6   0.0000000003
4   8   1   7   -0.0048991471
4   8   1   8   -0.0000000005
4   8   2   5   0.0000000003
4   8   2   6   0.0035773656
4   8   2   7   0.0000000004
4   8   2   8   0.0049215100
4   8   3   5   -0.0048991471
4   8   3   6   0.0000000004
4   8   3   7   0.0094235579
4   8   3   8   -0.0000000007
4   8   4   5   -0.0000000005
4   8   4   6   0.0049215100
4   8   4   7   -0.0000000007
4   8   4   8   0.2230243884

End ABCD Block
Begin AIJB Block
1   4   1   5   0.0539962886
1   4   1   7   -0.0205532153
1   4   1   8   -0.0000000000
1   4   2   5   -0.0000000000
1   4   2   6   -0.0092325494
1   4   2   7   -0.0000000000
1   4   2   8   -0.0095296348
1   4   3   5   -0.0072824575
1   4   3   7   -0.0014878770
1   5   1   5   -0.0000000000
1   5   1   6   -0.0214388968
1   5   1   7   0.0000000000
1   5   1   8   -0.0036533006
1   5   2   5   0.0572417302
1   5   2   7   -0.0206844678
1   5   2   8   -0.0000000000
1   5   3   5   0.0000000000
1   5   3   6   -0.0007036613
1   5   3   7   -0.0000000000
1   5   3   8   0.0115057554
1   6   1   5   -0.0072824575
1   6   1   6   0.0000000000
1   6   1   7   0.0102915419
1   6   2   5   0.0000000000
1   6   2   6   -0.0266925060
1   6   2   7   0.0000000000
1   6   2   8   0.0171835165
1   6   3   5   0.0624538453
1   6   3   7   -0.0335963582
1   6   3   8   0.0000000000
2   4   1   6   0.0175561163
2   4   1   7   0.0000000000
2   4   1   8   -0.0024161855
2   4   2   5   -0.0214388968
2   4   2   7   -0.0011948446
2   4   3   5   0.0000000000
2   4   3   6   0.0054874345
2   4   3   7   0.0000000000
2   4   3   8   0.0092399207
2   5   1   5   -0.0092325494
2   5   1   7   -0.0075155911
2   5   1   8   0.0000000000
2   5   2   6   0.0252816803
2   5   2   8   0.0029574410
2   5   3   5   -0.0266925060
2   5   3   7   0.0008119001
2   5   3   8   0.0000000000
2   6   1   6   0.0054874345
2   6   1   7   -0.0000000000
2   6   1   8   0.0052474010
2   6   2   5   -0.0007036613
2   6   2   7   -0.0121880846
2   6   3   6   0.0238134185
2   6   3   7   -0.0000000000
2   6   3   8   -0.0096117852
3   4   1   5   -0.0205532153
3   4   1   6   0.0000000000
3   4   1   7   0.0140921276
3   4   1   8   -0.0000000000
3   4   2   5   0.0000000000
3   4   2   6   -0.0075155911
3   4   2   7   0.0000000000
3   4   2   8   -0.0002823765
3   4   3   5   0.0102915419
3   4   3   6   -0.0000000000
3   4   3   7   0.0046428907
3   4   3   8   0.0000000001
3   5   1   5   -0.0000000000
3   5   1   6   -0.0011948446
3   5   1   7   0.0000000000
3   5   1   8   -0.0016392754
3   5   2   5   -0.0206844678
3   5   2   7   0.0217973757
3   5   2   8   0.0000000000
3   5   3   5   0.0000000000
3   5   3   6   -0.0121880846
3   5   3   7   -0.0000000000
3   5   3   8   -0.0089224383
3   6   1   5   -0.0014878770
3   6   1   6   0.0000000000
3   6   1   7   0.0046428907
3   6   2   5   -0.0000000000
3   6   2   6   0.0008119001
3   6   2   7   -0.0000000000
3   6   2   8   -0.0102259934
3   6   3   5   -0.0335963582
3   6   3   6   -0.0000000000
3   6   3   7   0.0287984735
3   6   3   8   -0.0000000000
4   4   1   5   -0.0000000000
4   4   1   6   -0.0024161855
4   4   1   7   -0.0000000000
4   4   1   8   0.0157348358
4   4   2   5   -0.0036533006
4   4   2   6   0.0000000000
4   4   2   7   -0.0016392754
4   4   2   8   -0.0000000000
4   4   3   6   0.0052474010
4   4   3   8   -0.0087954912
4   5   1   5   -0.0095296348
4   5   1   7   -0.0002823765
4   5   1   8   -0.0000000000
4   5   2   5   -0.0000000000
4   5   2   6   0.0029574410
4   5   2   7   0.0000000000
4   5   2   8   0.0056203841
4   5   3   5   0.0171835165
4   5   3   7   -0.0102259934
4   6   1   6   0.0092399207
4   6   1   7   0.0000000001
4   6   1   8   -0.0087954912
4   6   2   5   0.0115057554
4   6   2   6   0.0000000000
4   6   2   7   -0.0089224383
4   6   3   5   0.0000000000
4   6   3   6   -0.0096117852
4   6   3   7   -0.0000000000
4   6   3   8   0.0127768688

1   4   4   1   -0.2950775143
1   4   4   2   0.0000000000
1   4   4   3   0.0726751568
1   4   4   4   0.0000000000
1   4   5   1   -0.0000000000
1   4   5   2   0.0540646045
1   4   5   3   -0.0000000000
1   4   5   4   -0.0040809552
1   4   6   1   0.0133031202
1   4   6   2   -0.0000000000
1   4   6   3   -0.0163131423
1   4   6   4   -0.0000000000
1   5   4   1   -0.0000000000
1   5   4   2   0.0536635941
1   5   4   3   -0.0000000000
1   5   4   4   -0.0038319990
1   5   5   1   -0.2801334135
1   5   5   3   0.0550113791
1   5   5   4   -0.0000000000
1   5   6   1   -0.0000000000
1   5   6   2   0.0558774090
1   5   6   3   -0.0000000000
1   5   6   4   -0.0175678718
1   6   4   1   0.0133031202
1   6   4   2   -0.0000000000
1   6   4   3   -0.0160390729
1   6   4   4   -0.0000000000
1   6   5   1   -0.0000000000
1   6   5   2   0.0555406727
1   6   5   3   -0.0000000000
1   6   5   4   -0.0174643234
1   6   6   1   -0.2785281718
1   6   6   2   0.0000000000
1   6   6   3   0.0590278945
1   6   6   4   -0.0000000000
2   4   4   1   0.0000000000
2   4   4   2   -0.2031455524
2   4   4   3   0.0000000000
2   4   4   4   0.0003440975
2   4   5   1   0.0536635941
2   4   5   2   -0.0000000000
2   4   5   3   0.0365066898
2   4   6   1   -0.0000000000
2   4   6   2   -0.0097788181
2   4   6   3   -0.0000000000
2   4   6   4   -0.0027142187
2   5   4   1   0.0540646045
2   5   4   2   -0.0000000000
2   5   4   3   0.0362917945
2   5   4   4   -0.0000000000
2   5   5   2   -0.2135117136
2   5   5   3   -0.0000000000
2   5   5   4   -0.0020728138
2   5   6   1   0.0555406727
2   5   6   2   -0.0000000000
2   5   6   3   0.0409030273
2   5   6   4   0.0000000000
2   6   4   1   -0.0000000000
2   6   4   2   -0.0097788181
2   6   4   3   -0.0000000000
2   6   4   4   -0.0027883163
2   6   5   1   0.0558774090
2   6   5   2   -0.0000000000
2   6   5   3   0.0405357150
2   6   5   4   0.0000000000
2   6   6   1   0.0000000000
2   6   6   2   -0.2073630438
2   6   6   3   -0.0000000000
2   6   6   4   0.0042416412
3   4   4   1   0.0726751568
3   4   4   2   0.0000000000
3   4   4   3   -0.2018425632
3   4   4   4   0.0000000000
3   4   5   1   -0.0000000000
3   4   5   2   0.0362917945
3   4   5   3   -0.0000000000
3   4   5   4   0.0173466279
3   4   6   1   -0.0160390729
3   4   6   2   -0.0000000000
3   4   6   3   -0.0066699342
3   4   6   4   0.0000000000
3   5   4   1   -0.0000000000
3   5   4   2   0.0365066898
3   5   4   3   -0.0000000000
3   5   4   4   0.0172490594
3   5   5   1   0.0550113791
3   5   5   2   -0.0000000000
3   5   5   3   -0.2094933874
3   5   5   4   0.0000000000
3   5   6   1   -0.0000000000
3   5   6   2   0.0405357150
3   5   6   3   -0.0000000001
3   5   6   4   0.0206844136
3   6   4   1   -0.0163131423
3   6   4   2   -0.0000000000
3   6   4   3   -0.0066699342
3   6   4   4   0.0000000000
3   6   5   1   -0.0000000000
3   6   5   2   0.0409030273
3   6   5   3   -0.0000000001
3   6   5   4   0.0206006790
3   6   6   1   0.0590278945
3   6   6   2   -0.0000000000
3   6   6   3   -0.2092902783
3   6   6   4   -0.0000000000
4   4   4   1   0.0000000000
4   4   4   2   0.0003440975
4   4   4   3   0.0000000000
4   4   4   4   -0.2538663566
4   4   5   1   -0.0038319990
4   4   5   2   -0.0000000000
4   4   5   3   0.0172490594
4   4   5   4   0.0000000000
4   4   6   1   -0.0000000000
4   4   6   2   -0.0027883163
4   4   6   3   0.0000000000
4   4   6   4   0.0340247494
4   5   4   1   -0.0040809552
4   5   4   3   0.0173466279
4   5   4   4   0.0000000000
4   5   5   1   -0.0000000000
4   5   5   2   -0.0020728138
4   5   5   3   0.0000000000
4   5   5   4   -0.2165780756
4   5   6   1   -0.0174643234
4   5   6   2   0.0000000000
4   5   6   3   0.0206006790
4   5   6   4   -0.0000000000
4   6   4   1   -0.0000000000
4   6   4   2   -0.0027142187
4   6   4   3   0.0000000000
4   6   4   4   0.0340247494
4   6   5   1   -0.0175678718
4   6   5   2   0.0000000000
4   6   5   3   0.0206844136
4   6   5   4   -0.0000000000
4   6   6   1   -0.0000000000
4   6   6   2   0.0042416412
4   6   6   3   -0.0000000000
4   6   6   4   -0.2241810337

End AIJB Block
Begin IJKA Block
1   4   1   5   0.0000000000
1   4   1   6   0.0102957164
1   4   1   7   0.0000000000
1   4   1   8   0.0427521054
1   4   2   5   -0.0411609027
1   4   2   6   0.0000000000
1   4   2   7   -0.0004009852
1   4   3   5   0.0000000000
1   4   3   6   0.0209569984
1   4   3   7   -0.0000000000
1   4   3   8   -0.0178073776
1   5   1   5   -0.0674305060
1   5   1   7   -0.0013936582
1   5   1   8   0.0000000000
1   5   2   5   -0.0000000000
1   5   2   6   0.0353885767
1   5   2   7   -0.0000000000
1   5   2   8   0.0133351388
1   5   3   5   0.0390130176
1   5   3   6   0.0000000000
1   5   3   7   -0.0282195177
1   5   3   8   0.0000000000
1   6   1   5   -0.0000000000
1   6   1   6   0.0572462156
1   6   1   7   -0.0000000000
1   6   1   8   -0.0271673337
1   6   2   5   0.0568771646
1   6   2   6   0.0000000000
1   6   2   7   -0.0448312800
1   6   2   8   -0.0000000000
1   6   3   6   -0.0200394352
1   6   3   7   0.0000000000
1   6   3   8   0.0260554074
2   4   1   5   -0.0410252667
2   4   1   7   -0.0001583324
2   4   2   5   -0.0000000000
2   4   2   6   0.0308178065
2   4   2   7   -0.0000000000
2   4   2   8   0.0233383655
2   4   3   5   0.0023746085
2   4   3   6   0.0000000000
2   4   3   7   -0.0186798461
2   5   1   5   -0.0000000000
2   5   1   6   0.0351805647
2   5   1   7   0.0000000000
2   5   1   8   0.0136090378
2   5   2   5   -0.0219363058
2   5   2   6   0.0000000000
2   5   2   7   -0.0332212382
2   5   2   8   -0.0000000000
2   5   3   5   0.0000000000
2   5   3   6   0.0207576984
2   5   3   7   -0.0000000000
2   5   3   8   0.0116209401
2   6   1   5   0.0592317544
2   6   1   6   0.0000000000
2   6   1   7   -0.0456009390
2   6   1   8   -0.0000000000
2   6   2   5   -0.0000000000
2   6   2   6   0.0333214656
2   6   2   7   -0.0000000000
2   6   2   8   0.0005528855
2   6   3   5   0.0556861557
2   6   3   6   -0.0000000000
2   6   3   7   -0.0394066556
2   6   3   8   0.0000000000
3   4   1   6   0.0201718417
3   4   1   7   -0.0000000000
3   4   1   8   -0.0177301922
3   4   2   5   0.0012446014
3   4   2   6   0.0000000000
3   4   2   7   -0.0183482558
3   4   2   8   -0.0000000000
3   4   3   5   -0.0000000000
3   4   3   6   0.0066786459
3   4   3   7   -0.0000000000
3   4   3   8   0.0324441153
3   5   1   5   0.0393367180
3   5   1   6   0.0000000000
3   5   1   7   -0.0284045140
3   5   1   8   -0.0000000000
3   5   2   5   -0.0000000000
3   5   2   6   0.0197590618
3   5   2   7   -0.0000000000
3   5   2   8   0.0111553767
3   5   3   5   -0.0172982593
3   5   3   6   -0.0000000000
3   5   3   7   -0.0225179760
3   5   3   8   0.0000000000
3   6   1   6   -0.0209336355
3   6   1   7   0.0000000000
3   6   1   8   0.0265214575
3   6   2   5   0.0581884509
3   6   2   6   0.0000000000
3   6   2   7   -0.0417976451
3   6   3   6   0.0336233915
3   6   3   7   -0.0000000000
3   6   3   8   -0.0091006847

End IJKA Block
Begin IABC Block
1   5   1   5   0.0000000000
1   5   1   6   0.0032245221
1   5   1   7   0.0000000000
1   5   1   8   0.0127720677
1   5   2   5   0.0084384451
1   5   2   7   -0.0021325080
1   5   2   8   -0.0000000000
1   5   3   5   0.0000000000
1   5   3   6   0.0040155131
1   5   3   7   0.0000000001
1   5   3   8   -0.0065527961
1   5   4   5   0.0274822057
1   5   4   6   -0.0000000000
1   5   4   7   -0.0113627758
1   5   4   8   0.0000000001
1   6   1   5   0.0035019394
1   6   1   6   0.0000000000
1   6   1   7   0.0005922399
1   6   1   8   -0.0000000000
1   6   2   5   0.0000000000
1   6   2   6   0.0072641438
1   6   2   7   -0.0000000000
1   6   2   8   0.0036237515
1   6   3   5   0.0036024532
1   6   3   6   0.0000000000
1   6   3   7   0.0010616126
1   6   3   8   -0.0000000001
1   6   4   5   -0.0000000000
1   6   4   6   0.0114125869
1   6   4   7   0.0000000000
1   6   4   8   -0.0034239780
1   7   1   5   0.0000000000
1   7   1   6   0.0011109547
1   7   1   7   0.0000000001
1   7   1   8   -0.0013647916
1   7   2   5   -0.0019680397
1   7   2   6   -0.0000000000
1   7   2   7   0.0032881323
1   7   2   8   -0.0000000000
1   7   3   5   0.0000000001
1   7   3   6   0.0006909080
1   7   3   7   0.0000000004
1   7   3   8   0.0032069275
1   7   4   5   -0.0114266058
1   7   4   6   0.0000000000
1   7   4   7   0.0105076271
1   7   4   8   0.0000000001
1   8   1   5   0.0138644243
1   8   1   6   -0.0000000000
1   8   1   7   -0.0019321035
1   8   1   8   0.0000000000
1   8   2   5   -0.0000000000
1   8   2   6   0.0040364402
1   8   2   7   -0.0000000000
1   8   2   8   0.0008722993
1   8   3   5   -0.0071909224
1   8   3   6   -0.0000000001
1   8   3   7   0.0035129140
1   8   3   8   0.0000000001
1   8   4   5   0.0000000001
1   8   4   6   -0.0035767736
1   8   4   7   0.0000000001
1   8   4   8   0.0075694936
2   5   1   5   -0.0151112682
2   5   1   6   -0.0000000000
2   5   1   7   0.0120266439
2   5   1   8   0.0000000000
2   5   2   6   -0.0048692916
2   5   2   7   -0.0000000000
2   5   2   8   -0.0026601533
2   5   3   5   -0.0157954496
2   5   3   6   0.0000000000
2   5   3   7   0.0069389136
2   5   3   8   -0.0000000000
2   5   4   5   0.0000000000
2   5   4   6   -0.0061630880
2   5   4   7   0.0000000001
2   5   4   8   -0.0006719528
2   6   1   5   -0.0000000000
2   6   1   6   -0.0006366171
2   6   1   7   0.0000000000
2   6   1   8   -0.0042242172
2   6   2   5   -0.0055954565
2   6   2   6   -0.0000000000
2   6   2   7   0.0019645614
2   6   2   8   0.0000000000
2   6   3   5   0.0000000000
2   6   3   6   -0.0095891202
2   6   3   7   -0.0000000000
2   6   3   8   -0.0002383225
2   6   4   5   -0.0065239837
2   6   4   6   0.0000000000
2   6   4   7   -0.0038737820
2   6   4   8   -0.0000000001
2   7   1   5   0.0107568695
2   7   1   6   0.0000000000
2   7   1   7   0.0060991595
2   7   1   8   0.0000000000
2   7   2   5   -0.0000000000
2   7   2   6   0.0011743362
2   7   2   7   -0.0000000001
2   7   2   8   -0.0042157386
2   7   3   5   0.0074465540
2   7   3   6   -0.0000000000
2   7   3   7   -0.0129684940
2   7   3   8   -0.0000000000
2   7   4   5   0.0000000001
2   7   4   6   -0.0038943002
2   7   4   7   0.0000000004
2   7   4   8   0.0011476422
2   8   1   5   0.0000000000
2   8   1   6   -0.0045690860
2   8   1   7   0.0000000000
2   8   1   8   -0.0290719353
2   8   2   5   -0.0033468826
2   8   2   6   0.0000000000
2   8   2   7   -0.0041300878
2   8   2   8   -0.0000000000
2   8   3   5   -0.0000000000
2   8   3   6   -0.0002225041
2   8   3   7   -0.0000000000
2   8   3   8   0.0025347335
2   8   4   5   -0.0000950740
2   8   4   6   -0.0000000001
2   8   4   7   0.0010081100
2   8   4   8   0.0000000001
3   5   1   5   -0.0000000000
3   5   1   6   -0.0414008275
3   5   1   7   0.0000000000
3   5   1   8   0.0090107632
3   5   2   5   0.0204067344
3   5   2   6   0.0000000000
3   5   2   7   -0.0177373576
3   5   2   8   -0.0000000000
3   5   3   5   -0.0000000001
3   5   3   6   0.0155961343
3   5   3   7   -0.0000000004
3   5   3   8   -0.0038573448
3   5   4   5   -0.0056669448
3   5   4   6   0.0000000000
3   5   4   7   0.0047361579
3   5   4   8   0.0000000000
3   6   1   5   -0.0377333430
3   6   1   6   0.0000000000
3   6   1   7   -0.0350499461
3   6   1   8   -0.0000000000
3   6   2   6   0.0025372901
3   6   2   7   -0.0000000000
3   6   2   8   0.0026736130
3   6   3   5   0.0146197068
3   6   3   6   -0.0000000002
3   6   3   7   0.0089756069
3   6   3   8   0.0000000003
3   6   4   5   0.0000000000
3   6   4   6   0.0014893001
3   6   4   7   0.0000000001
3   6   4   8   0.0014323692
3   7   1   5   -0.0000000000
3   7   1   6   -0.0327611650
3   7   1   7   0.0000000000
3   7   1   8   -0.0107780935
3   7   2   5   -0.0162342915
3   7   2   6   -0.0000000000
3   7   2   7   0.0033639798
3   7   2   8   -0.0000000001
3   7   3   5   -0.0000000004
3   7   3   6   0.0084095394
3   7   3   7   -0.0000000018
3   7   3   8   0.0082383524
3   7   4   5   0.0048257878
3   7   4   6   0.0000000000
3   7   4   7   0.0021435383
3   7   4   8   -0.0000000000
3   8   1   5   0.0082905785
3   8   1   7   -0.0100949852
3   8   1   8   0.0000000000
3   8   2   5   -0.0000000000
3   8   2   6   0.0030639909
3   8   2   7   -0.0000000000
3   8   2   8   0.0266723289
3   8   3   5   -0.0030090376
3   8   3   6   0.0000000003
3   8   3   7   0.0078281778
3   8   3   8   -0.0000000005
3   8   4   5   -0.0000000000
3   8   4   6   0.0014193519
3   8   4   7   -0.0000000000
3   8   4   8   -0.0093650499

End IABC Block
