Begin IJ Block
1   1   -2.1911740604
1   3   0.1383853494
2   2   -1.9560674056
2   3   -0.0000000000
3   3   -1.8168916632

End IJ Block
Begin IA Block
1   2   -0.0720086794
1   3   -0.0000000000
1   4   0.1229164201
1   5   0.0000000000
2   1   0.2031225112
2   2   0.0000000000
2   3   -0.0483067005
2   4   0.0000000000
2   5   0.1021951344
3   2   -0.1826360275
3   3   0.0000000000
3   4   -0.0572137672
3   5   -0.0000000000

End IA Block
Begin AB Block
1   1   -1.4997479318
1   2   0.0000000000
1   3   -0.2978989691
1   4   0.0000000000
1   5   -0.1895571802
2   2   -1.0040751365
2   3   0.0000000000
2   4   0.0045042052
2   5   -0.0000000000
3   3   -0.9292746640
3   4   0.0000000000
3   5   0.0341079358
4   4   -1.0995445283
4   5   0.0000000000
5   5   -0.8697692402
6   6   -1.3032216863

End AB Block
Begin IJAB Block
1   4   1   7   0.0570946492
1   4   1   8   -0.0000000000
1   4   1   9   0.0229165471
1   4   1   10   -0.0000000000
1   4   1   11   0.0231226683
1   4   2   7   -0.0000000000
1   4   2   8   0.0218084415
1   4   2   9   0.0000000000
1   4   2   10   0.0034632371
1   4   2   11   0.0000000002
1   4   3   7   0.0229165471
1   4   3   8   0.0000000000
1   4   3   9   0.0168875308
1   4   3   10   -0.0000000000
1   4   3   11   0.0080011785
1   4   4   7   -0.0000000000
1   4   4   8   0.0034632371
1   4   4   9   -0.0000000000
1   4   4   10   0.0165650613
1   4   4   11   0.0000000002
1   4   5   7   0.0231226683
1   4   5   8   0.0000000002
1   4   5   9   0.0080011785
1   4   5   10   0.0000000002
1   4   5   11   0.0130781389
1   4   6   12   0.0386083207
1   5   1   7   0.0000000000
1   5   1   8   -0.0235396165
1   5   1   9   0.0000000000
1   5   1   10   0.0031189877
1   5   1   11   -0.0000000000
1   5   2   7   -0.0106207979
1   5   2   8   0.0000000000
1   5   2   9   0.0088204913
1   5   2   10   0.0000000000
1   5   2   11   -0.0040539939
1   5   3   7   0.0000000000
1   5   3   8   0.0017234380
1   5   3   9   0.0000000000
1   5   3   10   -0.0014130268
1   5   3   11   0.0000000000
1   5   4   7   0.0093921344
1   5   4   8   0.0000000000
1   5   4   9   0.0001249826
1   5   4   10   0.0000000001
1   5   4   11   0.0082906395
1   5   5   7   -0.0000000000
1   5   5   8   -0.0090765437
1   5   5   9   0.0000000000
1   5   5   10   0.0051202969
1   5   5   11   0.0000000006
1   6   1   7   -0.0040082217
1   6   1   8   -0.0000000000
1   6   1   9   -0.0090833720
1   6   1   10   -0.0000000000
1   6   1   11   -0.0096011834
1   6   2   7   -0.0000000000
1   6   2   8   0.0056911350
1   6   2   9   0.0000000000
1   6   2   10   -0.0057301645
1   6   3   7   0.0029145134
1   6   3   8   0.0000000000
1   6   3   9   0.0056778939
1   6   3   10   0.0000000000
1   6   3   11   -0.0049360251
1   6   4   7   0.0000000000
1   6   4   8   -0.0100328603
1   6   4   9   0.0000000000
1   6   4   10   -0.0091759262
1   6   4   11   -0.0000000001
1   6   5   7   -0.0105397825
1   6   5   8   0.0000000001
1   6   5   9   -0.0089921435
1   6   5   10   0.0000000000
1   6   5   11   -0.0039535982
1   6   6   12   -0.0074131100
2   4   1   7   0.0000000000
2   4   1   8   -0.0106207979
2   4   1   9   0.0000000000
2   4   1   10   0.0093921344
2   4   1   11   -0.0000000000
2   4   2   7   -0.0235396165
2   4   2   8   0.0000000000
2   4   2   9   0.0017234380
2   4   2   10   0.0000000000
2   4   2   11   -0.0090765437
2   4   3   7   0.0000000000
2   4   3   8   0.0088204913
2   4   3   9   0.0000000000
2   4   3   10   0.0001249826
2   4   3   11   0.0000000000
2   4   4   7   0.0031189877
2   4   4   8   0.0000000000
2   4   4   9   -0.0014130268
2   4   4   10   0.0000000001
2   4   4   11   0.0051202969
2   4   5   7   -0.0000000000
2   4   5   8   -0.0040539939
2   4   5   9   0.0000000000
2   4   5   10   0.0082906395
2   4   5   11   0.0000000006
2   5   1   7   0.0626328243
2   5   1   8   -0.0000000000
2   5   1   9   0.0245881206
2   5   1   10   -0.0000000000
2   5   1   11   0.0138629860
2   5   2   7   -0.0000000000
2   5   2   8   0.0307507080
2   5   2   9   0.0000000000
2   5   2   10   -0.0019028473
2   5   2   11   0.0000000003
2   5   3   7   0.0245881206
2   5   3   8   0.0000000000
2   5   3   9   0.0260991112
2   5   3   10   -0.0000000000
2   5   3   11   0.0015866444
2   5   4   7   -0.0000000000
2   5   4   8   -0.0019028473
2   5   4   9   -0.0000000000
2   5   4   10   0.0058715553
2   5   4   11   0.0000000002
2   5   5   7   0.0138629860
2   5   5   8   0.0000000003
2   5   5   9   0.0015866444
2   5   5   10   0.0000000002
2   5   5   11   0.0088401348
2   5   6   12   0.0225574353
2   6   1   7   0.0000000000
2   6   1   8   -0.0312769160
2   6   1   9   -0.0000000000
2   6   1   10   -0.0175068797
2   6   1   11   -0.0000000001
2   6   2   7   -0.0039584493
2   6   2   8   0.0000000000
2   6   2   9   0.0121290121
2   6   2   10   0.0000000000
2   6   2   11   0.0011228577
2   6   3   7   -0.0000000000
2   6   3   8   -0.0020714393
2   6   3   9   0.0000000001
2   6   3   10   -0.0103748253
2   6   3   11   0.0000000001
2   6   4   7   -0.0120403353
2   6   4   8   0.0000000000
2   6   4   9   -0.0090543486
2   6   4   10   0.0000000001
2   6   4   11   -0.0002096863
2   6   5   7   -0.0000000001
2   6   5   8   -0.0073912502
2   6   5   9   0.0000000002
2   6   5   10   -0.0031586144
2   6   5   11   0.0000000004
2   6   6   12   0.0000000000
3   4   1   7   -0.0040082217
3   4   1   8   -0.0000000000
3   4   1   9   0.0029145134
3   4   1   10   0.0000000000
3   4   1   11   -0.0105397825
3   4   2   7   -0.0000000000
3   4   2   8   0.0056911350
3   4   2   9   0.0000000000
3   4   2   10   -0.0100328603
3   4   2   11   0.0000000001
3   4   3   7   -0.0090833720
3   4   3   8   0.0000000000
3   4   3   9   0.0056778939
3   4   3   10   0.0000000000
3   4   3   11   -0.0089921435
3   4   4   7   -0.0000000000
3   4   4   8   -0.0057301645
3   4   4   9   0.0000000000
3   4   4   10   -0.0091759262
3   4   4   11   0.0000000000
3   4   5   7   -0.0096011834
3   4   5   9   -0.0049360251
3   4   5   10   -0.0000000001
3   4   5   11   -0.0039535982
3   4   6   12   -0.0074131100
3   5   1   7   0.0000000000
3   5   1   8   -0.0039584493
3   5   1   9   -0.0000000000
3   5   1   10   -0.0120403353
3   5   1   11   -0.0000000001
3   5   2   7   -0.0312769160
3   5   2   8   0.0000000000
3   5   2   9   -0.0020714393
3   5   2   10   0.0000000000
3   5   2   11   -0.0073912502
3   5   3   7   -0.0000000000
3   5   3   8   0.0121290121
3   5   3   9   0.0000000001
3   5   3   10   -0.0090543486
3   5   3   11   0.0000000002
3   5   4   7   -0.0175068797
3   5   4   8   0.0000000000
3   5   4   9   -0.0103748253
3   5   4   10   0.0000000001
3   5   4   11   -0.0031586144
3   5   5   7   -0.0000000001
3   5   5   8   0.0011228577
3   5   5   9   0.0000000001
3   5   5   10   -0.0002096863
3   5   5   11   0.0000000004
3   5   6   12   0.0000000000
3   6   1   7   0.0762918837
3   6   1   8   -0.0000000000
3   6   1   9   0.0408234232
3   6   1   10   -0.0000000001
3   6   1   11   0.0105041180
3   6   2   7   -0.0000000000
3   6   2   8   0.0266345104
3   6   2   9   0.0000000001
3   6   2   10   0.0104466268
3   6   2   11   0.0000000003
3   6   3   7   0.0408234232
3   6   3   8   0.0000000001
3   6   3   9   0.0335935180
3   6   3   11   0.0063475906
3   6   4   7   -0.0000000001
3   6   4   8   0.0104466268
3   6   4   10   0.0132681292
3   6   4   11   0.0000000003
3   6   5   7   0.0105041180
3   6   5   8   0.0000000003
3   6   5   9   0.0063475906
3   6   5   10   0.0000000003
3   6   5   11   0.0065883334
3   6   6   12   0.0184713331

End IJAB Block
Begin IJKL Block
1   4   1   4   0.3975651889
1   4   1   5   0.0000000000
1   4   1   6   -0.0693818499
1   4   2   4   0.0000000000
1   4   2   5   0.1157072586
1   4   2   6   0.0000000000
1   4   3   4   -0.0693818499
1   4   3   5   0.0000000000
1   4   3   6   0.0816725393
1   5   1   4   0.0000000000
1   5   1   5   0.3165423565
1   5   1   6   -0.0000000000
1   5   2   4   0.1158218003
1   5   2   5   0.0000000000
1   5   2   6   0.0844310073
1   5   3   4   -0.0000000000
1   5   3   5   0.0180499231
1   5   3   6   0.0000000000
1   6   1   4   -0.0693818499
1   6   1   5   -0.0000000000
1   6   1   6   0.3258763563
1   6   2   4   -0.0000000000
1   6   2   5   0.0874083703
1   6   2   6   -0.0000000000
1   6   3   4   0.0829985397
1   6   3   5   -0.0000000000
1   6   3   6   -0.0194764610
2   4   1   4   0.0000000000
2   4   1   5   0.1158218003
2   4   1   6   -0.0000000000
2   4   2   4   0.3165423565
2   4   2   5   0.0000000000
2   4   2   6   0.0180499231
2   4   3   4   -0.0000000000
2   4   3   5   0.0844310073
2   4   3   6   0.0000000000
2   5   1   4   0.1157072586
2   5   1   5   0.0000000000
2   5   1   6   0.0874083703
2   5   2   4   0.0000000000
2   5   2   5   0.3362838140
2   5   2   6   0.0000000000
2   5   3   4   0.0874083703
2   5   3   5   0.0000000000
2   5   3   6   0.0999756013
2   6   1   4   0.0000000000
2   6   1   5   0.0844310073
2   6   1   6   -0.0000000000
2   6   2   4   0.0180499231
2   6   2   5   0.0000000000
2   6   2   6   0.3032977817
2   6   3   4   -0.0000000000
2   6   3   5   0.1009931495
2   6   3   6   0.0000000000
3   4   1   4   -0.0693818499
3   4   1   5   -0.0000000000
3   4   1   6   0.0829985397
3   4   2   4   -0.0000000000
3   4   2   5   0.0874083703
3   4   2   6   -0.0000000000
3   4   3   4   0.3258763563
3   4   3   5   -0.0000000000
3   4   3   6   -0.0194764610
3   5   1   4   0.0000000000
3   5   1   5   0.0180499231
3   5   1   6   -0.0000000000
3   5   2   4   0.0844310073
3   5   2   5   0.0000000000
3   5   2   6   0.1009931495
3   5   3   4   -0.0000000000
3   5   3   5   0.3032977817
3   5   3   6   0.0000000000
3   6   1   4   0.0816725393
3   6   1   5   0.0000000000
3   6   1   6   -0.0194764610
3   6   2   4   0.0000000000
3   6   2   5   0.0999756013
3   6   2   6   0.0000000000
3   6   3   4   -0.0194764610
3   6   3   5   0.0000000000
3   6   3   6   0.3139881924

End IJKL Block
Begin ABCD Block
1   7   1   7   0.2620015748
1   7   1   8   0.0000000000
1   7   1   9   0.0418009937
1   7   1   10   0.0000000001
1   7   1   11   0.0240688467
1   7   2   7   0.0000000000
1   7   2   8   0.0545508556
1   7   2   9   -0.0000000000
1   7   2   10   0.0109895995
1   7   2   11   0.0000000000
1   7   3   7   0.0418009937
1   7   3   8   -0.0000000000
1   7   3   9   0.0300199772
1   7   3   10   -0.0000000004
1   7   3   11   0.0165960474
1   7   4   7   0.0000000001
1   7   4   8   0.0109895995
1   7   4   9   -0.0000000004
1   7   4   10   0.0078034722
1   7   4   11   0.0000000002
1   7   5   7   0.0240688467
1   7   5   8   0.0000000000
1   7   5   9   0.0165960474
1   7   5   10   0.0000000002
1   7   5   11   0.0154695468
1   7   6   12   0.0117751472
1   8   1   7   0.0000000000
1   8   1   8   0.2037996836
1   8   1   9   0.0000000000
1   8   1   10   0.0041763711
1   8   1   11   0.0000000001
1   8   2   7   0.0547070272
1   8   2   8   0.0000000000
1   8   2   9   -0.0472442312
1   8   2   10   0.0000000000
1   8   2   11   -0.0160865688
1   8   3   7   -0.0000000000
1   8   3   8   0.0046213973
1   8   3   9   -0.0000000004
1   8   3   10   -0.0023626534
1   8   3   11   -0.0000000006
1   8   4   7   0.0110253538
1   8   4   8   0.0000000003
1   8   4   9   -0.0090113551
1   8   4   10   0.0000000003
1   8   4   11   -0.0047602848
1   8   5   7   0.0000000000
1   8   5   8   0.0021783212
1   8   5   9   0.0000000001
1   8   5   10   -0.0025725768
1   8   5   11   -0.0000000002
1   8   6   12   -0.0000000000
1   9   1   7   0.0418009937
1   9   1   8   0.0000000000
1   9   1   9   0.1992044835
1   9   1   10   -0.0000000001
1   9   1   11   0.0041550113
1   9   2   7   -0.0000000000
1   9   2   8   -0.0472371172
1   9   2   9   0.0000000001
1   9   2   10   0.0087143144
1   9   2   11   -0.0000000000
1   9   3   7   0.0301197633
1   9   3   8   -0.0000000004
1   9   3   9   0.0124813434
1   9   3   10   0.0000000006
1   9   3   11   -0.0075955938
1   9   4   7   -0.0000000004
1   9   4   8   -0.0090256548
1   9   4   9   0.0000000021
1   9   4   10   0.0049340712
1   9   4   11   0.0000000017
1   9   5   7   0.0166614434
1   9   5   8   0.0000000001
1   9   5   9   0.0038216846
1   9   5   10   -0.0000000001
1   9   5   11   -0.0041513261
1   9   6   12   0.0058702726
1   10   1   7   0.0000000001
1   10   1   8   0.0041763711
1   10   1   9   -0.0000000001
1   10   1   10   0.2038501765
1   10   1   11   0.0000000001
1   10   2   7   0.0110253538
1   10   2   8   0.0000000000
1   10   2   9   0.0087056571
1   10   2   10   0.0000000000
1   10   2   11   -0.0270759871
1   10   3   7   -0.0000000004
1   10   3   8   -0.0023866152
1   10   3   9   0.0000000006
1   10   3   10   0.0361923925
1   10   3   11   -0.0000000010
1   10   4   7   0.0078066343
1   10   4   8   0.0000000003
1   10   4   9   0.0049251761
1   10   4   10   0.0000000006
1   10   4   11   -0.0048276174
1   10   5   7   0.0000000002
1   10   5   8   -0.0025699749
1   10   5   9   -0.0000000001
1   10   5   10   0.0205840147
1   10   5   11   0.0000000003
1   10   6   12   -0.0000000000
1   11   1   7   0.0240688467
1   11   1   8   0.0000000001
1   11   1   9   0.0041550113
1   11   1   10   0.0000000001
1   11   1   11   0.1889435309
1   11   2   7   0.0000000000
1   11   2   8   -0.0161041355
1   11   2   9   -0.0000000000
1   11   2   10   -0.0270737783
1   11   2   11   0.0000000000
1   11   3   7   0.0166614434
1   11   3   8   -0.0000000006
1   11   3   9   -0.0075792332
1   11   3   10   -0.0000000010
1   11   3   11   0.0179228610
1   11   4   7   0.0000000002
1   11   4   8   -0.0047516227
1   11   4   9   0.0000000017
1   11   4   10   -0.0048094621
1   11   4   11   0.0000000023
1   11   5   7   0.0155004968
1   11   5   8   -0.0000000002
1   11   5   9   -0.0041631366
1   11   5   10   0.0000000003
1   11   5   11   0.0118759846
1   11   6   12   0.0011860237
1   12   1   12   0.2513176486
1   12   2   12   0.0000000000
1   12   3   12   0.0538112371
1   12   4   12   -0.0000000000
1   12   5   12   0.0342613312
1   12   6   7   0.0114334239
1   12   6   8   -0.0000000000
1   12   6   9   0.0056797809
1   12   6   10   -0.0000000000
1   12   6   11   0.0010748880
2   7   1   7   0.0000000000
2   7   1   8   0.0547070272
2   7   1   9   -0.0000000000
2   7   1   10   0.0110253538
2   7   1   11   0.0000000000
2   7   2   7   0.2037996836
2   7   2   8   0.0000000000
2   7   2   9   0.0046213973
2   7   2   10   0.0000000003
2   7   2   11   0.0021783212
2   7   3   7   0.0000000000
2   7   3   8   -0.0472442312
2   7   3   9   -0.0000000004
2   7   3   10   -0.0090113551
2   7   3   11   0.0000000001
2   7   4   7   0.0041763711
2   7   4   8   0.0000000000
2   7   4   9   -0.0023626534
2   7   4   10   0.0000000003
2   7   4   11   -0.0025725768
2   7   5   7   0.0000000001
2   7   5   8   -0.0160865688
2   7   5   9   -0.0000000006
2   7   5   10   -0.0047602848
2   7   5   11   -0.0000000002
2   7   6   12   -0.0000000000
2   8   1   7   0.0545508556
2   8   1   8   0.0000000000
2   8   1   9   -0.0472371172
2   8   1   10   0.0000000000
2   8   1   11   -0.0161041355
2   8   2   7   0.0000000000
2   8   2   8   0.1952385562
2   8   2   9   0.0000000003
2   8   2   10   0.0061361044
2   8   2   11   0.0000000004
2   8   3   7   -0.0472371172
2   8   3   8   0.0000000003
2   8   3   9   0.0521635906
2   8   3   10   0.0000000004
2   8   3   11   0.0208643902
2   8   4   7   0.0000000000
2   8   4   8   0.0061361044
2   8   4   9   0.0000000004
2   8   4   10   0.0035954038
2   8   4   11   0.0000000004
2   8   5   7   -0.0161041355
2   8   5   8   0.0000000004
2   8   5   9   0.0208643902
2   8   5   10   0.0000000004
2   8   5   11   0.0139612530
2   8   6   12   0.0041873989
2   9   1   7   -0.0000000000
2   9   1   8   -0.0472442312
2   9   1   9   0.0000000001
2   9   1   10   0.0087056571
2   9   1   11   -0.0000000000
2   9   2   7   0.0046213973
2   9   2   8   0.0000000003
2   9   2   9   0.1824501476
2   9   2   10   -0.0000000003
2   9   2   11   0.0115252936
2   9   3   7   -0.0000000004
2   9   3   8   0.0521300164
2   9   3   9   0.0000000019
2   9   3   10   -0.0054705882
2   9   3   11   0.0000000023
2   9   4   7   -0.0023866152
2   9   4   8   0.0000000004
2   9   4   9   0.0042955371
2   9   4   10   -0.0000000004
2   9   4   11   0.0051184420
2   9   5   7   -0.0000000006
2   9   5   8   0.0208782847
2   9   5   9   0.0000000027
2   9   5   10   0.0018543728
2   9   5   11   0.0000000039
2   9   6   12   0.0000000002
2   10   1   7   0.0109895995
2   10   1   8   0.0000000000
2   10   1   9   0.0087143144
2   10   1   10   0.0000000000
2   10   1   11   -0.0270737783
2   10   2   7   0.0000000003
2   10   2   8   0.0061361044
2   10   2   9   -0.0000000003
2   10   2   10   0.1604859040
2   10   2   11   0.0000000005
2   10   3   7   -0.0090256548
2   10   3   8   0.0000000004
2   10   3   9   -0.0054671883
2   10   3   10   0.0000000004
2   10   3   11   0.0243482494
2   10   4   7   0.0000000003
2   10   4   8   0.0035932457
2   10   4   9   -0.0000000004
2   10   4   10   -0.0048876339
2   10   4   11   0.0000000007
2   10   5   7   -0.0047516227
2   10   5   8   0.0000000004
2   10   5   9   0.0018586328
2   10   5   10   0.0000000004
2   10   5   11   0.0039867826
2   10   6   12   -0.0009360674
2   11   1   7   0.0000000000
2   11   1   8   -0.0160865688
2   11   1   9   -0.0000000000
2   11   1   10   -0.0270759871
2   11   1   11   0.0000000000
2   11   2   7   0.0021783212
2   11   2   8   0.0000000004
2   11   2   9   0.0115252936
2   11   2   10   0.0000000005
2   11   2   11   0.1652382320
2   11   3   7   0.0000000001
2   11   3   8   0.0208782847
2   11   3   9   0.0000000023
2   11   3   10   0.0243506487
2   11   3   11   0.0000000024
2   11   4   7   -0.0025699749
2   11   4   8   0.0000000004
2   11   4   9   0.0051230233
2   11   4   10   0.0000000007
2   11   4   11   -0.0007414524
2   11   5   7   -0.0000000002
2   11   5   8   0.0139634513
2   11   5   9   0.0000000039
2   11   5   10   0.0039820467
2   11   5   11   0.0000000039
2   11   6   12   0.0000000003
2   12   1   12   0.0000000000
2   12   2   12   0.1849931705
2   12   3   12   -0.0000000000
2   12   4   12   -0.0032377046
2   12   5   12   -0.0000000000
2   12   6   7   -0.0000000000
2   12   6   8   0.0040860994
2   12   6   9   0.0000000002
2   12   6   10   -0.0009539046
2   12   6   11   0.0000000003
3   7   1   7   0.0418009937
3   7   1   8   -0.0000000000
3   7   1   9   0.0301197633
3   7   1   10   -0.0000000004
3   7   1   11   0.0166614434
3   7   2   7   0.0000000000
3   7   2   8   -0.0472371172
3   7   2   9   -0.0000000004
3   7   2   10   -0.0090256548
3   7   2   11   0.0000000001
3   7   3   7   0.1992044835
3   7   3   8   0.0000000001
3   7   3   9   0.0124813434
3   7   3   10   0.0000000021
3   7   3   11   0.0038216846
3   7   4   7   -0.0000000001
3   7   4   8   0.0087143144
3   7   4   9   0.0000000006
3   7   4   10   0.0049340712
3   7   4   11   -0.0000000001
3   7   5   7   0.0041550113
3   7   5   8   -0.0000000000
3   7   5   9   -0.0075955938
3   7   5   10   0.0000000017
3   7   5   11   -0.0041513261
3   7   6   12   0.0058702726
3   8   1   7   -0.0000000000
3   8   1   8   0.0046213973
3   8   1   9   -0.0000000004
3   8   1   10   -0.0023866152
3   8   1   11   -0.0000000006
3   8   2   7   -0.0472442312
3   8   2   8   0.0000000003
3   8   2   9   0.0521300164
3   8   2   10   0.0000000004
3   8   2   11   0.0208782847
3   8   3   7   0.0000000001
3   8   3   8   0.1824501476
3   8   3   9   0.0000000019
3   8   3   10   0.0042955371
3   8   3   11   0.0000000027
3   8   4   7   0.0087056571
3   8   4   8   -0.0000000003
3   8   4   9   -0.0054705882
3   8   4   10   -0.0000000004
3   8   4   11   0.0018543728
3   8   5   7   -0.0000000000
3   8   5   8   0.0115252936
3   8   5   9   0.0000000023
3   8   5   10   0.0051184420
3   8   5   11   0.0000000039
3   8   6   12   0.0000000002
3   9   1   7   0.0300199772
3   9   1   8   -0.0000000004
3   9   1   9   0.0124813434
3   9   1   10   0.0000000006
3   9   1   11   -0.0075792332
3   9   2   7   -0.0000000004
3   9   2   8   0.0521635906
3   9   2   9   0.0000000019
3   9   2   10   -0.0054671883
3   9   2   11   0.0000000023
3   9   3   7   0.0124813434
3   9   3   8   0.0000000019
3   9   3   9   0.1794829309
3   9   3   10   -0.0000000029
3   9   3   11   0.0070105938
3   9   4   7   0.0000000006
3   9   4   8   -0.0054671883
3   9   4   9   -0.0000000029
3   9   4   10   0.0094486211
3   9   4   11   -0.0000000026
3   9   5   7   -0.0075792332
3   9   5   8   0.0000000023
3   9   5   9   0.0070105938
3   9   5   10   -0.0000000026
3   9   5   11   0.0144416950
3   9   6   12   0.0045673309
3   10   1   7   -0.0000000004
3   10   1   8   -0.0023626534
3   10   1   9   0.0000000006
3   10   1   10   0.0361923925
3   10   1   11   -0.0000000010
3   10   2   7   -0.0090113551
3   10   2   8   0.0000000004
3   10   2   9   -0.0054705882
3   10   2   10   0.0000000004
3   10   2   11   0.0243506487
3   10   3   7   0.0000000021
3   10   3   8   0.0042955371
3   10   3   9   -0.0000000029
3   10   3   10   0.1654500093
3   10   3   11   0.0000000046
3   10   4   7   0.0049251761
3   10   4   8   -0.0000000004
3   10   4   9   0.0094467089
3   10   4   10   -0.0000000007
3   10   4   11   -0.0129019558
3   10   5   7   0.0000000017
3   10   5   8   0.0051230233
3   10   5   9   -0.0000000026
3   10   5   10   -0.0150461089
3   10   5   11   0.0000000041
3   10   6   12   0.0000000002
3   11   1   7   0.0165960474
3   11   1   8   -0.0000000006
3   11   1   9   -0.0075955938
3   11   1   10   -0.0000000010
3   11   1   11   0.0179228610
3   11   2   7   0.0000000001
3   11   2   8   0.0208643902
3   11   2   9   0.0000000023
3   11   2   10   0.0243482494
3   11   2   11   0.0000000024
3   11   3   7   0.0038216846
3   11   3   8   0.0000000027
3   11   3   9   0.0070105938
3   11   3   10   0.0000000046
3   11   3   11   0.1647687390
3   11   4   7   -0.0000000001
3   11   4   8   0.0018586328
3   11   4   9   -0.0000000026
3   11   4   10   -0.0128942335
3   11   4   11   -0.0000000037
3   11   5   7   -0.0041631366
3   11   5   8   0.0000000039
3   11   5   9   0.0144317491
3   11   5   10   0.0000000041
3   11   5   11   -0.0067839223
3   11   6   12   -0.0005178928
3   12   1   12   0.0538112371
3   12   2   12   -0.0000000000
3   12   3   12   0.1866234791
3   12   4   12   0.0000000000
3   12   5   12   -0.0102516729
3   12   6   7   0.0056797809
3   12   6   8   0.0000000002
3   12   6   9   0.0044512394
3   12   6   10   0.0000000002
3   12   6   11   -0.0005526768
4   7   1   7   0.0000000001
4   7   1   8   0.0110253538
4   7   1   9   -0.0000000004
4   7   1   10   0.0078066343
4   7   1   11   0.0000000002
4   7   2   7   0.0041763711
4   7   2   8   0.0000000000
4   7   2   9   -0.0023866152
4   7   2   10   0.0000000003
4   7   2   11   -0.0025699749
4   7   3   7   -0.0000000001
4   7   3   8   0.0087056571
4   7   3   9   0.0000000006
4   7   3   10   0.0049251761
4   7   3   11   -0.0000000001
4   7   4   7   0.2038501765
4   7   4   8   0.0000000000
4   7   4   9   0.0361923925
4   7   4   10   0.0000000006
4   7   4   11   0.0205840147
4   7   5   7   0.0000000001
4   7   5   8   -0.0270759871
4   7   5   9   -0.0000000010
4   7   5   10   -0.0048276174
4   7   5   11   0.0000000003
4   7   6   12   -0.0000000000
4   8   1   7   0.0109895995
4   8   1   8   0.0000000003
4   8   1   9   -0.0090256548
4   8   1   10   0.0000000003
4   8   1   11   -0.0047516227
4   8   2   7   0.0000000000
4   8   2   8   0.0061361044
4   8   2   9   0.0000000004
4   8   2   10   0.0035932457
4   8   2   11   0.0000000004
4   8   3   7   0.0087143144
4   8   3   8   -0.0000000003
4   8   3   9   -0.0054671883
4   8   3   10   -0.0000000004
4   8   3   11   0.0018586328
4   8   4   7   0.0000000000
4   8   4   8   0.1604859040
4   8   4   9   0.0000000004
4   8   4   10   -0.0048876339
4   8   4   11   0.0000000004
4   8   5   7   -0.0270737783
4   8   5   8   0.0000000005
4   8   5   9   0.0243482494
4   8   5   10   0.0000000007
4   8   5   11   0.0039867826
4   8   6   12   -0.0009360674
4   9   1   7   -0.0000000004
4   9   1   8   -0.0090113551
4   9   1   9   0.0000000021
4   9   1   10   0.0049251761
4   9   1   11   0.0000000017
4   9   2   7   -0.0023626534
4   9   2   8   0.0000000004
4   9   2   9   0.0042955371
4   9   2   10   -0.0000000004
4   9   2   11   0.0051230233
4   9   3   7   0.0000000006
4   9   3   8   -0.0054705882
4   9   3   9   -0.0000000029
4   9   3   10   0.0094467089
4   9   3   11   -0.0000000026
4   9   4   7   0.0361923925
4   9   4   8   0.0000000004
4   9   4   9   0.1654500093
4   9   4   10   -0.0000000007
4   9   4   11   -0.0150461089
4   9   5   7   -0.0000000010
4   9   5   8   0.0243506487
4   9   5   9   0.0000000046
4   9   5   10   -0.0129019558
4   9   5   11   0.0000000041
4   9   6   12   0.0000000002
4   10   1   7   0.0078034722
4   10   1   8   0.0000000003
4   10   1   9   0.0049340712
4   10   1   10   0.0000000006
4   10   1   11   -0.0048094621
4   10   2   7   0.0000000003
4   10   2   8   0.0035954038
4   10   2   9   -0.0000000004
4   10   2   10   -0.0048876339
4   10   2   11   0.0000000007
4   10   3   7   0.0049340712
4   10   3   8   -0.0000000004
4   10   3   9   0.0094486211
4   10   3   10   -0.0000000007
4   10   3   11   -0.0128942335
4   10   4   7   0.0000000006
4   10   4   8   -0.0048876339
4   10   4   9   -0.0000000007
4   10   4   10   0.2230893848
4   10   4   11   0.0000000011
4   10   5   7   -0.0048094621
4   10   5   8   0.0000000007
4   10   5   9   -0.0128942335
4   10   5   10   0.0000000011
4   10   5   11   0.0310091826
4   10   6   12   0.0123830649
4   11   1   7   0.0000000002
4   11   1   8   -0.0047602848
4   11   1   9   0.0000000017
4   11   1   10   -0.0048276174
4   11   1   11   0.0000000023
4   11   2   7   -0.0025725768
4   11   2   8   0.0000000004
4   11   2   9   0.0051184420
4   11   2   10   0.0000000007
4   11   2   11   -0.0007414524
4   11   3   7   -0.0000000001
4   11   3   8   0.0018543728
4   11   3   9   -0.0000000026
4   11   3   10   -0.0129019558
4   11   3   11   -0.0000000037
4   11   4   7   0.0205840147
4   11   4   8   0.0000000004
4   11   4   9   -0.0150461089
4   11   4   10   0.0000000011
4   11   4   11   0.1834425896
4   11   5   7   0.0000000003
4   11   5   8   0.0039820467
4   11   5   9   0.0000000041
4   11   5   10   0.0310040481
4   11   5   11   0.0000000056
4   11   6   12   0.0000000002
4   12   1   12   -0.0000000000
4   12   2   12   -0.0032377046
4   12   3   12   0.0000000000
4   12   4   12   0.2417471426
4   12   5   12   -0.0000000000
4   12   6   7   -0.0000000000
4   12   6   8   -0.0009539046
4   12   6   9   0.0000000002
4   12   6   10   0.0123297973
4   12   6   11   0.0000000002
5   7   1   7   0.0240688467
5   7   1   8   0.0000000000
5   7   1   9   0.0166614434
5   7   1   10   0.0000000002
5   7   1   11   0.0155004968
5   7   2   7   0.0000000001
5   7   2   8   -0.0161041355
5   7   2   9   -0.0000000006
5   7   2   10   -0.0047516227
5   7   2   11   -0.0000000002
5   7   3   7   0.0041550113
5   7   3   8   -0.0000000000
5   7   3   9   -0.0075792332
5   7   3   10   0.0000000017
5   7   3   11   -0.0041631366
5   7   4   7   0.0000000001
5   7   4   8   -0.0270737783
5   7   4   9   -0.0000000010
5   7   4   10   -0.0048094621
5   7   4   11   0.0000000003
5   7   5   7   0.1889435309
5   7   5   8   0.0000000000
5   7   5   9   0.0179228610
5   7   5   10   0.0000000023
5   7   5   11   0.0118759846
5   7   6   12   0.0011860237
5   8   1   7   0.0000000000
5   8   1   8   0.0021783212
5   8   1   9   0.0000000001
5   8   1   10   -0.0025699749
5   8   1   11   -0.0000000002
5   8   2   7   -0.0160865688
5   8   2   8   0.0000000004
5   8   2   9   0.0208782847
5   8   2   10   0.0000000004
5   8   2   11   0.0139634513
5   8   3   7   -0.0000000000
5   8   3   8   0.0115252936
5   8   3   9   0.0000000023
5   8   3   10   0.0051230233
5   8   3   11   0.0000000039
5   8   4   7   -0.0270759871
5   8   4   8   0.0000000005
5   8   4   9   0.0243506487
5   8   4   10   0.0000000007
5   8   4   11   0.0039820467
5   8   5   7   0.0000000000
5   8   5   8   0.1652382320
5   8   5   9   0.0000000024
5   8   5   10   -0.0007414524
5   8   5   11   0.0000000039
5   8   6   12   0.0000000003
5   9   1   7   0.0165960474
5   9   1   8   0.0000000001
5   9   1   9   0.0038216846
5   9   1   10   -0.0000000001
5   9   1   11   -0.0041631366
5   9   2   7   -0.0000000006
5   9   2   8   0.0208643902
5   9   2   9   0.0000000027
5   9   2   10   0.0018586328
5   9   2   11   0.0000000039
5   9   3   7   -0.0075955938
5   9   3   8   0.0000000023
5   9   3   9   0.0070105938
5   9   3   10   -0.0000000026
5   9   3   11   0.0144317491
5   9   4   7   -0.0000000010
5   9   4   8   0.0243482494
5   9   4   9   0.0000000046
5   9   4   10   -0.0128942335
5   9   4   11   0.0000000041
5   9   5   7   0.0179228610
5   9   5   8   0.0000000024
5   9   5   9   0.1647687390
5   9   5   10   -0.0000000037
5   9   5   11   -0.0067839223
5   9   6   12   -0.0005178928
5   10   1   7   0.0000000002
5   10   1   8   -0.0025725768
5   10   1   9   -0.0000000001
5   10   1   10   0.0205840147
5   10   1   11   0.0000000003
5   10   2   7   -0.0047602848
5   10   2   8   0.0000000004
5   10   2   9   0.0018543728
5   10   2   10   0.0000000004
5   10   2   11   0.0039820467
5   10   3   7   0.0000000017
5   10   3   8   0.0051184420
5   10   3   9   -0.0000000026
5   10   3   10   -0.0150461089
5   10   3   11   0.0000000041
5   10   4   7   -0.0048276174
5   10   4   8   0.0000000007
5   10   4   9   -0.0129019558
5   10   4   10   0.0000000011
5   10   4   11   0.0310040481
5   10   5   7   0.0000000023
5   10   5   8   -0.0007414524
5   10   5   9   -0.0000000037
5   10   5   10   0.1834425896
5   10   5   11   0.0000000056
5   10   6   12   0.0000000002
5   11   1   7   0.0154695468
5   11   1   8   -0.0000000002
5   11   1   9   -0.0041513261
5   11   1   10   0.0000000003
5   11   1   11   0.0118759846
5   11   2   7   -0.0000000002
5   11   2   8   0.0139612530
5   11   2   9   0.0000000039
5   11   2   10   0.0039867826
5   11   2   11   0.0000000039
5   11   3   7   -0.0041513261
5   11   3   8   0.0000000039
5   11   3   9   0.0144416950
5   11   3   10   0.0000000041
5   11   3   11   -0.0067839223
5   11   4   7   0.0000000003
5   11   4   8   0.0039867826
5   11   4   9   0.0000000041
5   11   4   10   0.0310091826
5   11   4   11   0.0000000056
5   11   5   7   0.0118759846
5   11   5   8   0.0000000039
5   11   5   9   -0.0067839223
5   11   5   10   0.0000000056
5   11   5   11   0.1750246805
5   11   6   12   0.0036302374
5   12   1   12   0.0342613312
5   12   2   12   -0.0000000000
5   12   3   12   -0.0102516729
5   12   4   12   -0.0000000000
5   12   5   12   0.1989828855
5   12   6   7   0.0010748880
5   12   6   8   0.0000000003
5   12   6   9   -0.0005526768
5   12   6   10   0.0000000002
5   12   6   11   0.0035795778
6   7   1   12   0.0114334239
6   7   2   12   -0.0000000000
6   7   3   12   0.0056797809
6   7   4   12   -0.0000000000
6   7   5   12   0.0010748880
6   7   6   7   0.2513176486
6   7   6   8   0.0000000000
6   7   6   9   0.0538112371
6   7   6   10   -0.0000000000
6   7   6   11   0.0342613312
6   8   1   12   -0.0000000000
6   8   2   12   0.0040860994
6   8   3   12   0.0000000002
6   8   4   12   -0.0009539046
6   8   5   12   0.0000000003
6   8   6   7   0.0000000000
6   8   6   8   0.1849931705
6   8   6   9   -0.0000000000
6   8   6   10   -0.0032377046
6   8   6   11   -0.0000000000
6   9   1   12   0.0056797809
6   9   2   12   0.0000000002
6   9   3   12   0.0044512394
6   9   4   12   0.0000000002
6   9   5   12   -0.0005526768
6   9   6   7   0.0538112371
6   9   6   8   -0.0000000000
6   9   6   9   0.1866234791
6   9   6   10   0.0000000000
6   9   6   11   -0.0102516729
6   10   1   12   -0.0000000000
6   10   2   12   -0.0009539046
6   10   3   12   0.0000000002
6   10   4   12   0.0123297973
6   10   5   12   0.0000000002
6   10   6   7   -0.0000000000
6   10   6   8   -0.0032377046
6   10   6   9   0.0000000000
6   10   6   10   0.2417471426
6   10   6   11   -0.0000000000
6   11   1   12   0.0010748880
6   11   2   12   0.0000000003
6   11   3   12   -0.0005526768
6   11   4   12   0.0000000002
6   11   5   12   0.0035795778
6   11   6   7   0.0342613312
6   11   6   8   -0.0000000000
6   11   6   9   -0.0102516729
6   11   6   10   -0.0000000000
6   11   6   11   0.1989828855
6   12   1   7   0.0117751472
6   12   1   8   -0.0000000000
6   12   1   9   0.0058702726
6   12   1   10   -0.0000000000
6   12   1   11   0.0011860237
6   12   2   7   -0.0000000000
6   12   2   8   0.0041873989
6   12   2   9   0.0000000002
6   12   2   10   -0.0009360674
6   12   2   11   0.0000000003
6   12   3   7   0.0058702726
6   12   3   8   0.0000000002
6   12   3   9   0.0045673309
6   12   3   10   0.0000000002
6   12   3   11   -0.0005178928
6   12   4   7   -0.0000000000
6   12   4   8   -0.0009360674
6   12   4   9   0.0000000002
6   12   4   10   0.0123830649
6   12   4   11   0.0000000002
6   12   5   7   0.0011860237
6   12   5   8   0.0000000003
6   12   5   9   -0.0005178928
6   12   5   10   0.0000000002
6   12   5   11   0.0036302374
6   12   6   12   0.3170353710

End ABCD Block
Begin AIJB Block
1   4   1   7   0.0521898712
1   4   1   8   0.0000000000
1   4   1   9   0.0198373206
1   4   1   10   0.0000000000
1   4   1   11   0.0209133911
1   4   2   8   -0.0091788269
1   4   2   9   0.0000000000
1   4   2   10   0.0091749017
1   4   2   11   -0.0000000000
1   4   3   7   -0.0070574271
1   4   3   9   0.0012561611
1   4   3   10   -0.0000000000
1   4   3   11   -0.0100815172
1   5   1   8   -0.0207023584
1   5   1   10   0.0034450277
1   5   2   7   0.0550999301
1   5   2   9   0.0199285698
1   5   2   10   0.0000000000
1   5   2   11   0.0121228046
1   5   3   7   0.0000000000
1   5   3   8   -0.0013467476
1   5   3   9   0.0000000000
1   5   3   10   -0.0112026827
1   5   3   11   0.0000000000
1   6   1   7   -0.0070574271
1   6   1   9   -0.0100126738
1   6   1   11   -0.0096940129
1   6   2   7   0.0000000000
1   6   2   8   -0.0261417916
1   6   2   9   -0.0000000000
1   6   2   10   -0.0166857105
1   6   2   11   0.0000000000
1   6   3   7   0.0636434038
1   6   3   9   0.0339722911
1   6   3   11   0.0070721194
2   4   1   7   0.0000000000
2   4   1   8   0.0173683839
2   4   1   9   -0.0000000000
2   4   1   10   0.0024157405
2   4   1   11   0.0000000000
2   4   2   7   -0.0207023584
2   4   2   8   -0.0000000000
2   4   2   9   0.0014537098
2   4   2   10   -0.0000000000
2   4   2   11   -0.0084695997
2   4   3   8   0.0055137819
2   4   3   9   -0.0000000000
2   4   3   10   -0.0091945170
2   4   3   11   0.0000000000
2   5   1   7   -0.0091788269
2   5   1   8   -0.0000000000
2   5   1   9   0.0073410486
2   5   1   10   -0.0000000000
2   5   1   11   -0.0041811417
2   5   2   8   0.0250771579
2   5   2   9   0.0000000000
2   5   2   10   -0.0028153443
2   5   2   11   0.0000000000
2   5   3   7   -0.0261417916
2   5   3   9   -0.0006592043
2   5   3   10   -0.0000000000
2   5   3   11   -0.0068041075
2   6   1   8   0.0055137819
2   6   1   9   0.0000000000
2   6   1   10   -0.0051811206
2   6   1   11   -0.0000000000
2   6   2   7   -0.0013467476
2   6   2   9   0.0118025504
2   6   2   10   0.0000000000
2   6   2   11   0.0009117056
2   6   3   8   0.0238459363
2   6   3   9   0.0000000000
2   6   3   10   0.0094947934
2   6   3   11   -0.0000000000
3   4   1   7   0.0198373206
3   4   1   8   -0.0000000000
3   4   1   9   0.0138283529
3   4   1   10   -0.0000000000
3   4   1   11   0.0063736720
3   4   2   8   0.0073410486
3   4   2   9   0.0000000000
3   4   2   10   -0.0004552454
3   4   2   11   -0.0000000000
3   4   3   7   -0.0100126738
3   4   3   8   0.0000000000
3   4   3   9   0.0045885667
3   4   3   10   0.0000000000
3   4   3   11   -0.0087744921
3   5   1   7   0.0000000000
3   5   1   8   0.0014537098
3   5   1   9   0.0000000000
3   5   1   10   -0.0016883287
3   5   1   11   -0.0000000000
3   5   2   7   0.0199285698
3   5   2   8   0.0000000000
3   5   2   9   0.0213484627
3   5   2   10   0.0000000000
3   5   2   11   0.0001242057
3   5   3   7   -0.0000000000
3   5   3   8   0.0118025504
3   5   3   9   -0.0000000000
3   5   3   10   -0.0087728610
3   5   3   11   0.0000000001
3   6   1   7   0.0012561611
3   6   1   8   -0.0000000000
3   6   1   9   0.0045885667
3   6   1   10   0.0000000000
3   6   1   11   -0.0051910374
3   6   2   7   0.0000000000
3   6   2   8   -0.0006592043
3   6   2   9   -0.0000000000
3   6   2   10   -0.0100007268
3   6   2   11   0.0000000000
3   6   3   7   0.0339722911
3   6   3   8   0.0000000000
3   6   3   9   0.0289388180
3   6   3   10   -0.0000000000
3   6   3   11   0.0041891666
4   4   1   7   0.0000000000
4   4   1   8   0.0024157405
4   4   1   9   -0.0000000000
4   4   1   10   0.0156985979
4   4   1   11   0.0000000000
4   4   2   7   0.0034450277
4   4   2   8   -0.0000000000
4   4   2   9   -0.0016883287
4   4   2   10   -0.0000000000
4   4   2   11   0.0052803348
4   4   3   8   -0.0051811206
4   4   3   9   0.0000000000
4   4   3   10   -0.0087437430
4   4   3   11   0.0000000000
4   5   1   7   0.0091749017
4   5   1   8   -0.0000000000
4   5   1   9   -0.0004552454
4   5   1   10   -0.0000000000
4   5   1   11   0.0080492469
4   5   2   7   0.0000000000
4   5   2   8   -0.0028153443
4   5   2   9   0.0000000000
4   5   2   10   0.0056647215
4   5   2   11   -0.0000000000
4   5   3   7   -0.0166857105
4   5   3   8   0.0000000000
4   5   3   9   -0.0100007268
4   5   3   10   0.0000000000
4   5   3   11   -0.0025696780
4   6   1   7   -0.0000000000
4   6   1   8   -0.0091945170
4   6   1   9   0.0000000000
4   6   1   10   -0.0087437430
4   6   1   11   -0.0000000001
4   6   2   7   -0.0112026827
4   6   2   8   -0.0000000000
4   6   2   9   -0.0087728610
4   6   2   10   0.0000000000
4   6   2   11   0.0000843177
4   6   3   8   0.0094947934
4   6   3   9   -0.0000000000
4   6   3   10   0.0127132692
4   6   3   11   0.0000000000
5   4   1   7   0.0209133911
5   4   1   8   0.0000000000
5   4   1   9   0.0063736720
5   4   1   10   0.0000000000
5   4   1   11   0.0114517880
5   4   2   8   -0.0041811417
5   4   2   9   -0.0000000000
5   4   2   10   0.0080492469
5   4   2   11   0.0000000000
5   4   3   7   -0.0096940129
5   4   3   8   -0.0000000000
5   4   3   9   -0.0051910374
5   4   3   10   -0.0000000001
5   4   3   11   -0.0032972318
5   5   1   7   -0.0000000000
5   5   1   8   -0.0084695997
5   5   1   9   -0.0000000000
5   5   1   10   0.0052803348
5   5   1   11   0.0000000000
5   5   2   7   0.0121228046
5   5   2   8   0.0000000000
5   5   2   9   0.0001242057
5   5   2   10   -0.0000000000
5   5   2   11   0.0082296321
5   5   3   7   0.0000000000
5   5   3   8   0.0009117056
5   5   3   9   0.0000000000
5   5   3   10   0.0000843177
5   5   3   11   -0.0000000001
5   6   1   7   -0.0100815172
5   6   1   8   0.0000000000
5   6   1   9   -0.0087744921
5   6   1   10   0.0000000000
5   6   1   11   -0.0032972318
5   6   2   7   0.0000000000
5   6   2   8   -0.0068041075
5   6   2   9   0.0000000001
5   6   2   10   -0.0025696780
5   6   2   11   -0.0000000001
5   6   3   7   0.0070721194
5   6   3   8   -0.0000000000
5   6   3   9   0.0041891666
5   6   3   10   0.0000000000
5   6   3   11   0.0051405888
6   4   1   12   0.0345805659
6   4   2   12   -0.0000000000
6   4   3   12   -0.0089974655
6   5   1   12   -0.0000000000
6   5   2   12   0.0185725815
6   5   3   12   0.0000000000
6   6   1   12   -0.0089974655
6   6   2   12   0.0000000000
6   6   3   12   0.0163920023

1   4   4   1   -0.2953243505
1   4   4   2   0.0000000000
1   4   4   3   -0.0725476074
1   4   4   4   -0.0000000000
1   4   4   5   -0.0532554087
1   4   5   1   0.0000000000
1   4   5   2   0.0542923218
1   4   5   3   0.0000000000
1   4   5   4   0.0042793297
1   4   5   5   0.0000000000
1   4   6   1   0.0129698564
1   4   6   2   -0.0000000000
1   4   6   3   0.0164988664
1   4   6   4   0.0000000000
1   4   6   5   0.0189969436
1   5   4   1   0.0000000000
1   5   4   2   0.0536857989
1   5   4   3   0.0000000000
1   5   4   4   0.0040171111
1   5   4   5   0.0000000000
1   5   5   1   -0.2806105780
1   5   5   3   -0.0549148940
1   5   5   4   -0.0000000000
1   5   5   5   -0.0315955269
1   5   6   1   -0.0000000000
1   5   6   2   0.0568617531
1   5   6   3   0.0000000000
1   5   6   4   0.0177965704
1   5   6   5   -0.0000000000
1   6   4   1   0.0129698564
1   6   4   2   -0.0000000000
1   6   4   3   0.0158579184
1   6   4   4   0.0000000000
1   6   4   5   0.0192151773
1   6   5   1   -0.0000000000
1   6   5   2   0.0558531588
1   6   5   3   0.0000000000
1   6   5   4   0.0176765429
1   6   5   5   -0.0000000000
1   6   6   1   -0.2814800110
1   6   6   2   0.0000000000
1   6   6   3   -0.0600198238
1   6   6   4   -0.0000000000
1   6   6   5   -0.0311534750
2   4   4   1   0.0000000000
2   4   4   2   -0.2034574943
2   4   4   3   -0.0000000000
2   4   4   4   -0.0004599597
2   4   4   5   -0.0000000000
2   4   5   1   0.0536857989
2   4   5   3   -0.0365402406
2   4   5   4   0.0000000000
2   4   5   5   0.0012433295
2   4   6   1   -0.0000000000
2   4   6   2   -0.0100038463
2   4   6   3   0.0000000000
2   4   6   4   0.0027755369
2   4   6   5   0.0000000001
2   5   4   1   0.0542923218
2   5   4   3   -0.0361859758
2   5   4   5   0.0014315839
2   5   5   2   -0.2139439379
2   5   5   3   0.0000000000
2   5   5   4   0.0019682492
2   5   5   5   0.0000000000
2   5   6   1   0.0558531588
2   5   6   2   -0.0000000000
2   5   6   3   -0.0406776580
2   5   6   4   -0.0000000000
2   5   6   5   -0.0055833061
2   6   4   1   -0.0000000000
2   6   4   2   -0.0100038463
2   6   4   3   0.0000000000
2   6   4   4   0.0028530520
2   6   4   5   0.0000000001
2   6   5   1   0.0568617531
2   6   5   2   -0.0000000000
2   6   5   3   -0.0399990222
2   6   5   4   -0.0000000000
2   6   5   5   -0.0052285019
2   6   6   1   0.0000000000
2   6   6   2   -0.2077379291
2   6   6   3   0.0000000000
2   6   6   4   -0.0043571712
2   6   6   5   0.0000000000
3   4   4   1   -0.0725476074
3   4   4   2   -0.0000000000
3   4   4   3   -0.2018832389
3   4   4   4   0.0000000000
3   4   4   5   0.0026208542
3   4   5   1   0.0000000000
3   4   5   2   -0.0361859758
3   4   5   3   -0.0000000000
3   4   5   4   0.0173640641
3   4   5   5   -0.0000000000
3   4   6   1   0.0158579184
3   4   6   2   0.0000000000
3   4   6   3   -0.0066079549
3   4   6   4   -0.0000000000
3   4   6   5   0.0040440660
3   5   4   1   0.0000000000
3   5   4   2   -0.0365402406
3   5   4   3   -0.0000000000
3   5   4   4   0.0172528268
3   5   4   5   -0.0000000000
3   5   5   1   -0.0549148940
3   5   5   2   0.0000000000
3   5   5   3   -0.2093681212
3   5   5   4   0.0000000000
3   5   5   5   0.0067825800
3   5   6   1   0.0000000000
3   5   6   2   -0.0399990222
3   5   6   3   -0.0000000000
3   5   6   4   0.0207365991
3   5   6   5   -0.0000000000
3   6   4   1   0.0164988664
3   6   4   2   0.0000000000
3   6   4   3   -0.0066079549
3   6   4   4   -0.0000000000
3   6   4   5   0.0042792543
3   6   5   1   0.0000000000
3   6   5   2   -0.0406776580
3   6   5   3   -0.0000000000
3   6   5   4   0.0206502034
3   6   5   5   -0.0000000000
3   6   6   1   -0.0600198238
3   6   6   2   0.0000000000
3   6   6   3   -0.2097042725
3   6   6   4   0.0000000000
3   6   6   5   0.0015596146
4   4   4   1   -0.0000000000
4   4   4   2   -0.0004599597
4   4   4   3   0.0000000000
4   4   4   4   -0.2538483770
4   4   4   5   -0.0000000000
4   4   5   1   0.0040171111
4   4   5   3   0.0172528268
4   4   5   4   0.0000000000
4   4   5   5   -0.0418409240
4   4   6   1   0.0000000000
4   4   6   2   0.0028530520
4   4   6   3   -0.0000000000
4   4   6   4   0.0339050742
4   4   6   5   0.0000000000
4   5   4   1   0.0042793297
4   5   4   2   0.0000000000
4   5   4   3   0.0173640641
4   5   4   4   0.0000000000
4   5   4   5   -0.0417426277
4   5   5   1   -0.0000000000
4   5   5   2   0.0019682492
4   5   5   3   0.0000000000
4   5   5   4   -0.2164743498
4   5   5   5   -0.0000000000
4   5   6   1   0.0176765429
4   5   6   2   -0.0000000000
4   5   6   3   0.0206502034
4   5   6   4   -0.0000000000
4   5   6   5   -0.0317153523
4   6   4   1   0.0000000000
4   6   4   2   0.0027755369
4   6   4   3   -0.0000000000
4   6   4   4   0.0339050742
4   6   4   5   0.0000000000
4   6   5   1   0.0177965704
4   6   5   2   -0.0000000000
4   6   5   3   0.0207365991
4   6   5   4   -0.0000000000
4   6   5   5   -0.0315406625
4   6   6   1   -0.0000000000
4   6   6   2   -0.0043571712
4   6   6   3   0.0000000000
4   6   6   4   -0.2243297065
4   6   6   5   0.0000000000
5   4   4   1   -0.0532554087
5   4   4   2   -0.0000000000
5   4   4   3   0.0026208542
5   4   4   4   -0.0000000000
5   4   4   5   -0.2099506390
5   4   5   1   0.0000000000
5   4   5   2   0.0014315839
5   4   5   3   -0.0000000000
5   4   5   4   -0.0417426277
5   4   5   5   -0.0000000001
5   4   6   1   0.0192151773
5   4   6   2   0.0000000001
5   4   6   3   0.0042792543
5   4   6   4   0.0000000000
5   4   6   5   0.0085625845
5   5   4   1   0.0000000000
5   5   4   2   0.0012433295
5   5   4   3   -0.0000000000
5   5   4   4   -0.0418409240
5   5   4   5   -0.0000000001
5   5   5   1   -0.0315955269
5   5   5   2   0.0000000000
5   5   5   3   0.0067825800
5   5   5   4   -0.0000000000
5   5   5   5   -0.1999314251
5   5   6   1   -0.0000000000
5   5   6   2   -0.0052285019
5   5   6   3   -0.0000000000
5   5   6   4   -0.0315406625
5   5   6   5   -0.0000000001
5   6   4   1   0.0189969436
5   6   4   2   0.0000000001
5   6   4   3   0.0040440660
5   6   4   4   0.0000000000
5   6   4   5   0.0085625845
5   6   5   1   -0.0000000000
5   6   5   2   -0.0055833061
5   6   5   3   -0.0000000000
5   6   5   4   -0.0317153523
5   6   5   5   -0.0000000001
5   6   6   1   -0.0311534750
5   6   6   2   0.0000000000
5   6   6   3   0.0015596146
5   6   6   4   0.0000000000
5   6   6   5   -0.1969429660
6   4   4   6   -0.3297737338
6   4   6   6   0.0479180778
6   5   5   6   -0.2763067291
6   5   6   6   -0.0000000000
6   6   4   6   0.0479180778
6   6   5   6   -0.0000000000
6   6   6   6   -0.2816037891

End AIJB Block
Begin IJKA Block
1   4   1   7   0.0000000000
1   4   1   8   0.0100530926
1   4   1   9   0.0000000000
1   4   1   10   -0.0429280613
1   4   1   11   0.0000000000
1   4   2   7   -0.0407647678
1   4   2   8   0.0000000000
1   4   2   9   0.0006188259
1   4   2   10   0.0000000000
1   4   2   11   -0.0219671111
1   4   3   7   0.0000000000
1   4   3   8   0.0212519146
1   4   3   9   -0.0000000000
1   4   3   10   0.0182087952
1   4   3   11   0.0000000000
1   5   1   7   -0.0658594401
1   5   1   8   0.0000000000
1   5   1   9   0.0016749017
1   5   1   10   -0.0000000000
1   5   1   11   -0.0297935720
1   5   2   7   -0.0000000000
1   5   2   8   0.0351883133
1   5   2   10   -0.0127784727
1   5   2   11   0.0000000000
1   5   3   7   0.0382632792
1   5   3   8   0.0000000000
1   5   3   9   0.0279324998
1   5   3   10   -0.0000000000
1   5   3   11   0.0072280695
1   6   1   7   -0.0000000000
1   6   1   8   0.0569499154
1   6   1   9   0.0000000000
1   6   1   10   0.0273027242
1   6   1   11   -0.0000000000
1   6   2   7   0.0564014573
1   6   2   8   0.0000000000
1   6   2   9   0.0444512519
1   6   2   10   0.0000000000
1   6   2   11   0.0080595942
1   6   3   7   -0.0000000000
1   6   3   8   -0.0198505584
1   6   3   9   0.0000000000
1   6   3   10   -0.0262464480
1   6   3   11   0.0000000000
2   4   1   7   -0.0403873338
2   4   1   8   0.0000000000
2   4   1   9   0.0003309301
2   4   1   10   0.0000000000
2   4   1   11   -0.0219926211
2   4   2   7   -0.0000000000
2   4   2   8   0.0305619227
2   4   2   9   0.0000000000
2   4   2   10   -0.0231317871
2   4   2   11   0.0000000000
2   4   3   7   0.0019780488
2   4   3   8   0.0000000000
2   4   3   9   0.0185004147
2   4   3   10   -0.0000000000
2   4   3   11   -0.0052111844
2   5   1   7   -0.0000000000
2   5   1   8   0.0350326454
2   5   1   9   0.0000000000
2   5   1   10   -0.0128896285
2   5   1   11   0.0000000000
2   5   2   7   -0.0210459963
2   5   2   8   0.0000000000
2   5   2   9   0.0331788679
2   5   2   10   0.0000000000
2   5   2   11   -0.0211987385
2   5   3   7   0.0000000000
2   5   3   8   0.0210880010
2   5   3   9   0.0000000000
2   5   3   10   -0.0110971364
2   5   3   11   0.0000000000
2   6   1   7   0.0584347168
2   6   1   8   0.0000000000
2   6   1   9   0.0452173518
2   6   1   10   0.0000000000
2   6   1   11   0.0090447571
2   6   2   7   -0.0000000000
2   6   2   8   0.0331182751
2   6   2   9   0.0000000000
2   6   2   10   -0.0006270213
2   6   2   11   0.0000000000
2   6   3   7   0.0550687386
2   6   3   8   -0.0000000000
2   6   3   9   0.0392308118
2   6   3   10   -0.0000000000
2   6   3   11   -0.0002162523
3   4   1   7   -0.0000000000
3   4   1   8   0.0200332744
3   4   1   9   0.0000000000
3   4   1   10   0.0178230581
3   4   1   11   -0.0000000000
3   4   2   7   0.0010903555
3   4   2   8   0.0000000000
3   4   2   9   0.0181190752
3   4   2   10   0.0000000000
3   4   2   11   -0.0054989373
3   4   3   7   -0.0000000000
3   4   3   8   0.0065225426
3   4   3   9   0.0000000000
3   4   3   10   -0.0328517117
3   4   3   11   -0.0000000000
3   5   1   7   0.0385426219
3   5   1   8   0.0000000000
3   5   1   9   0.0280790823
3   5   1   10   0.0000000000
3   5   1   11   0.0078545090
3   5   2   7   -0.0000000000
3   5   2   8   0.0198467437
3   5   2   9   0.0000000000
3   5   2   10   -0.0108100220
3   5   2   11   0.0000000000
3   5   3   7   -0.0167626716
3   5   3   8   -0.0000000000
3   5   3   9   0.0225811868
3   5   3   10   -0.0000000000
3   5   3   11   -0.0186737379
3   6   1   7   -0.0000000000
3   6   1   8   -0.0206227858
3   6   1   9   -0.0000000000
3   6   1   10   -0.0263697864
3   6   1   11   0.0000000000
3   6   2   7   0.0577685745
3   6   2   8   0.0000000000
3   6   2   9   0.0417161727
3   6   2   10   0.0000000000
3   6   2   11   0.0006063335
3   6   3   7   0.0000000000
3   6   3   8   0.0339411663
3   6   3   9   0.0000000000
3   6   3   10   0.0095451575
3   6   3   11   0.0000000000

End IJKA Block
Begin IABC Block
1   7   1   7   0.0000000000
1   7   1   8   0.0033222493
1   7   1   9   -0.0000000000
1   7   1   10   -0.0119877850
1   7   1   11   0.0000000000
1   7   2   7   0.0084476345
1   7   2   8   -0.0000000000
1   7   2   9   0.0022294473
1   7   2   10   0.0000000000
1   7   2   11   0.0038692789
1   7   3   7   -0.0000000000
1   7   3   8   -0.0038620166
1   7   3   9   0.0000000001
1   7   3   10   -0.0062478620
1   7   3   11   -0.0000000000
1   7   4   7   -0.0266700972
1   7   4   8   0.0000000000
1   7   4   9   -0.0110195964
1   7   4   10   0.0000000001
1   7   4   11   -0.0093971471
1   7   5   7   0.0000000000
1   7   5   8   0.0058681718
1   7   5   9   -0.0000000002
1   7   5   10   -0.0046936810
1   7   5   11   0.0000000001
1   7   6   12   0.0000000000
1   8   1   7   0.0038673826
1   8   1   8   0.0000000000
1   8   1   9   -0.0005067365
1   8   1   10   0.0000000000
1   8   1   11   0.0062223138
1   8   2   7   0.0000000000
1   8   2   8   0.0071319531
1   8   2   9   0.0000000000
1   8   2   10   -0.0035298940
1   8   2   11   0.0000000000
1   8   3   7   -0.0034573966
1   8   3   8   -0.0000000000
1   8   3   9   0.0010324147
1   8   3   10   -0.0000000001
1   8   3   11   -0.0003945671
1   8   4   7   0.0000000000
1   8   4   8   -0.0112896430
1   8   4   9   0.0000000000
1   8   4   10   -0.0034597529
1   8   4   11   0.0000000000
1   8   5   7   0.0056564570
1   8   5   8   0.0000000001
1   8   5   9   -0.0032630937
1   8   5   10   0.0000000001
1   8   5   11   0.0007905636
1   8   6   12   -0.0019427101
1   9   1   7   -0.0000000000
1   9   1   8   -0.0011610722
1   9   1   9   0.0000000002
1   9   1   10   -0.0010612530
1   9   1   11   0.0000000002
1   9   2   7   0.0019584519
1   9   2   8   0.0000000000
1   9   2   9   0.0032612865
1   9   2   10   -0.0000000000
1   9   2   11   -0.0032776140
1   9   3   7   0.0000000001
1   9   3   8   0.0006689799
1   9   3   9   -0.0000000003
1   9   3   10   -0.0030544996
1   9   3   11   -0.0000000003
1   9   4   7   -0.0111223120
1   9   4   8   0.0000000000
1   9   4   9   -0.0103295545
1   9   4   10   -0.0000000001
1   9   4   11   -0.0054714907
1   9   5   7   -0.0000000001
1   9   5   8   -0.0031851914
1   9   5   9   0.0000000009
1   9   5   10   -0.0019312401
1   9   5   11   0.0000000007
1   9   6   12   0.0000000000
1   10   1   7   -0.0132325314
1   10   1   8   0.0000000000
1   10   1   9   -0.0016571013
1   10   1   10   0.0000000000
1   10   1   11   -0.0144063548
1   10   2   7   0.0000000000
1   10   2   8   -0.0039985725
1   10   2   9   -0.0000000000
1   10   2   10   0.0008764166
1   10   2   11   0.0000000000
1   10   3   7   -0.0069166974
1   10   3   8   -0.0000000001
1   10   3   9   -0.0033945599
1   10   3   10   -0.0000000001
1   10   3   11   -0.0045467280
1   10   4   7   0.0000000001
1   10   4   8   -0.0035288223
1   10   4   9   -0.0000000001
1   10   4   10   -0.0075864480
1   10   4   11   0.0000000001
1   10   5   7   -0.0053406411
1   10   5   8   0.0000000002
1   10   5   9   -0.0022865522
1   10   5   10   0.0000000002
1   10   5   11   -0.0043576450
1   10   6   12   0.0116586941
1   11   1   7   0.0000000000
1   11   1   8   0.0067411063
1   11   1   9   0.0000000000
1   11   1   10   -0.0137413714
1   11   1   11   0.0000000000
1   11   2   7   0.0040967932
1   11   2   8   0.0000000000
1   11   2   9   -0.0032796620
1   11   2   10   0.0000000000
1   11   2   11   0.0047055175
1   11   3   7   -0.0000000001
1   11   3   8   -0.0002616427
1   11   3   9   -0.0000000003
1   11   3   10   -0.0042427630
1   11   3   11   -0.0000000005
1   11   4   7   -0.0094740924
1   11   4   8   -0.0000000000
1   11   4   9   -0.0055757880
1   11   4   10   0.0000000001
1   11   4   11   -0.0060327168
1   11   5   7   0.0000000000
1   11   5   8   0.0010131288
1   11   5   9   0.0000000005
1   11   5   10   -0.0040652968
1   11   5   11   0.0000000008
1   11   6   12   -0.0000000000
1   12   1   12   -0.0000000000
1   12   2   12   0.0065844869
1   12   4   12   -0.0183599108
1   12   5   12   -0.0000000000
1   12   6   7   0.0000000000
1   12   6   8   -0.0021056824
1   12   6   9   0.0000000000
1   12   6   10   0.0128461192
1   12   6   11   -0.0000000000
2   7   1   7   -0.0146889417
2   7   1   8   0.0000000000
2   7   1   9   -0.0118264570
2   7   1   10   -0.0000000000
2   7   1   11   -0.0207076781
2   7   2   7   0.0000000000
2   7   2   8   -0.0049652187
2   7   2   9   0.0000000000
2   7   2   10   0.0024974421
2   7   2   11   -0.0000000000
2   7   3   7   0.0156137307
2   7   3   8   -0.0000000000
2   7   3   9   0.0067774550
2   7   3   10   -0.0000000000
2   7   3   11   -0.0026601168
2   7   4   7   -0.0000000000
2   7   4   8   0.0059471322
2   7   4   9   0.0000000001
2   7   4   10   -0.0004715867
2   7   4   11   -0.0000000000
2   7   5   7   -0.0197325713
2   7   5   9   -0.0066868594
2   7   5   10   0.0000000001
2   7   5   11   -0.0065241868
2   7   6   12   -0.0071003274
2   8   1   8   -0.0005035774
2   8   1   9   -0.0000000000
2   8   1   10   0.0041100317
2   8   1   11   -0.0000000000
2   8   2   7   -0.0056930424
2   8   2   8   -0.0000000000
2   8   2   9   -0.0016948287
2   8   2   10   -0.0000000000
2   8   2   11   -0.0091461382
2   8   3   7   -0.0000000000
2   8   3   8   0.0096069125
2   8   3   9   -0.0000000000
2   8   3   10   -0.0001697788
2   8   3   11   0.0000000000
2   8   4   7   0.0061356742
2   8   4   8   -0.0000000000
2   8   4   9   -0.0035636063
2   8   4   10   -0.0000000001
2   8   4   11   -0.0010584199
2   8   5   8   -0.0105473975
2   8   5   9   0.0000000001
2   8   5   10   -0.0007823778
2   8   5   11   0.0000000001
2   8   6   12   -0.0000000000
2   9   1   7   -0.0105313216
2   9   1   9   0.0059805928
2   9   1   10   0.0000000000
2   9   1   11   0.0029119196
2   9   2   7   0.0000000000
2   9   2   8   -0.0009137993
2   9   2   9   -0.0000000001
2   9   2   10   -0.0042085768
2   9   2   11   -0.0000000000
2   9   3   7   0.0072755169
2   9   3   8   0.0000000000
2   9   3   9   0.0128907296
2   9   3   10   0.0000000000
2   9   3   11   -0.0016490283
2   9   4   7   0.0000000001
2   9   4   8   -0.0035392894
2   9   4   9   -0.0000000004
2   9   4   10   -0.0011786244
2   9   4   11   -0.0000000003
2   9   5   7   -0.0063583254
2   9   5   8   0.0000000001
2   9   5   9   -0.0071172690
2   9   5   10   -0.0000000001
2   9   5   11   -0.0040828413
2   9   6   12   -0.0036728415
2   10   1   7   -0.0000000000
2   10   1   8   0.0045223144
2   10   1   9   0.0000000000
2   10   1   10   -0.0284487069
2   10   1   11   -0.0000000000
2   10   2   7   0.0032347086
2   10   2   8   -0.0000000000
2   10   2   9   -0.0041122239
2   10   2   10   -0.0000000000
2   10   2   11   0.0065579949
2   10   3   7   -0.0000000000
2   10   3   8   -0.0001725850
2   10   3   9   0.0000000000
2   10   3   10   -0.0025997895
2   10   3   11   -0.0000000000
2   10   4   7   -0.0001006269
2   10   4   8   -0.0000000001
2   10   4   9   -0.0011037808
2   10   4   10   -0.0000000001
2   10   4   11   0.0002417991
2   10   5   7   0.0000000001
2   10   5   8   -0.0007117720
2   10   5   9   -0.0000000001
2   10   5   10   -0.0060861064
2   10   5   11   0.0000000002
2   10   6   12   -0.0000000000
2   11   1   7   -0.0213952753
2   11   1   8   -0.0000000001
2   11   1   9   0.0023478385
2   11   1   10   -0.0000000001
2   11   1   11   -0.0135307133
2   11   2   7   -0.0000000000
2   11   2   8   -0.0095795797
2   11   2   10   0.0062335841
2   11   3   7   -0.0028520143
2   11   3   8   0.0000000000
2   11   3   9   -0.0018784997
2   11   3   10   -0.0000000000
2   11   3   11   0.0011242102
2   11   4   7   -0.0000000000
2   11   4   8   -0.0012626243
2   11   4   9   -0.0000000003
2   11   4   10   0.0001229382
2   11   4   11   -0.0000000005
2   11   5   7   -0.0067917541
2   11   5   8   0.0000000001
2   11   5   9   -0.0043097908
2   11   5   10   0.0000000001
2   11   5   11   -0.0038102160
2   11   6   12   0.0025842396
2   12   1   12   -0.0466267677
2   12   3   12   -0.0007766272
2   12   5   12   -0.0151311836
2   12   6   7   -0.0069334934
2   12   6   8   -0.0000000000
2   12   6   9   -0.0043657424
2   12   6   10   -0.0000000000
2   12   6   11   0.0031926895
3   7   1   7   -0.0000000000
3   7   1   8   -0.0406768518
3   7   1   9   0.0000000000
3   7   1   10   -0.0093080226
3   7   1   11   0.0000000000
3   7   2   7   0.0202407187
3   7   2   8   -0.0000000000
3   7   2   9   0.0175903646
3   7   2   10   0.0000000000
3   7   2   11   0.0146391057
3   7   3   7   0.0000000001
3   7   3   8   -0.0153822368
3   7   3   9   -0.0000000004
3   7   3   10   -0.0040085145
3   7   3   11   0.0000000002
3   7   4   7   0.0050985933
3   7   4   8   -0.0000000000
3   7   4   9   0.0045229784
3   7   4   10   -0.0000000000
3   7   4   11   0.0084610311
3   7   5   7   -0.0000000001
3   7   5   8   0.0002397157
3   7   5   9   0.0000000005
3   7   5   10   0.0028304516
3   7   5   11   -0.0000000003
3   7   6   12   0.0000000000
3   8   1   7   -0.0375610196
3   8   1   8   -0.0000000000
3   8   1   9   0.0343482023
3   8   1   10   -0.0000000000
3   8   1   11   0.0121867962
3   8   2   7   -0.0000000000
3   8   2   8   0.0026519620
3   8   2   9   0.0000000000
3   8   2   10   -0.0025968621
3   8   2   11   0.0000000000
3   8   3   7   -0.0145689141
3   8   3   8   0.0000000002
3   8   3   9   0.0087755547
3   8   3   10   0.0000000003
3   8   3   11   -0.0011905933
3   8   4   7   -0.0000000000
3   8   4   8   -0.0014699304
3   8   4   9   0.0000000001
3   8   4   10   0.0014570014
3   8   4   11   0.0000000001
3   8   5   7   0.0015918122
3   8   5   8   -0.0000000003
3   8   5   9   0.0005599125
3   8   5   10   -0.0000000004
3   8   5   11   -0.0013530149
3   8   6   12   0.0048584709
3   9   1   7   0.0000000000
3   9   1   8   0.0322628032
3   9   1   9   -0.0000000001
3   9   1   10   -0.0107925944
3   9   1   11   -0.0000000001
3   9   2   7   0.0160992267
3   9   2   8   0.0000000000
3   9   2   9   0.0034294279
3   9   2   10   -0.0000000001
3   9   2   11   -0.0050862822
3   9   3   7   -0.0000000005
3   9   3   8   0.0083035977
3   9   3   9   0.0000000018
3   9   3   10   -0.0082191036
3   9   3   11   0.0000000014
3   9   4   7   0.0046069151
3   9   4   8   0.0000000000
3   9   4   9   -0.0021580675
3   9   4   10   0.0000000000
3   9   4   11   0.0007355375
3   9   5   7   0.0000000004
3   9   5   8   -0.0000577290
3   9   5   9   -0.0000000027
3   9   5   10   -0.0012114802
3   9   5   11   -0.0000000020
3   9   6   12   -0.0000000000
3   10   1   7   -0.0085437238
3   10   1   8   -0.0000000000
3   10   1   9   -0.0100932691
3   10   1   10   -0.0000000000
3   10   1   11   0.0273701399
3   10   2   7   0.0000000000
3   10   2   8   -0.0030090660
3   10   2   9   -0.0000000000
3   10   2   10   0.0264096980
3   10   2   11   0.0000000001
3   10   3   7   -0.0031149592
3   10   3   8   0.0000000003
3   10   3   9   -0.0077999322
3   10   3   10   0.0000000005
3   10   3   11   0.0133455215
3   10   4   7   -0.0000000000
3   10   4   8   0.0014092976
3   10   4   9   0.0000000000
3   10   4   10   0.0093152246
3   10   4   11   -0.0000000000
3   10   5   7   0.0034827608
3   10   5   8   -0.0000000004
3   10   5   9   -0.0009310210
3   10   5   10   -0.0000000007
3   10   5   11   0.0064229284
3   10   6   12   -0.0013727409
3   11   1   7   -0.0000000000
3   11   1   8   0.0116643220
3   11   1   9   0.0000000001
3   11   1   10   0.0270032046
3   11   1   11   0.0000000002
3   11   2   7   0.0155149772
3   11   2   8   0.0000000001
3   11   2   9   -0.0045822569
3   11   2   10   0.0000000001
3   11   2   11   0.0114647165
3   11   3   7   0.0000000003
3   11   3   8   -0.0014117019
3   11   3   9   0.0000000016
3   11   3   10   0.0131076095
3   11   3   11   0.0000000021
3   11   4   7   0.0086978592
3   11   4   8   0.0000000001
3   11   4   9   0.0008100561
3   11   4   10   0.0000000000
3   11   4   11   0.0052980044
3   11   5   7   -0.0000000001
3   11   5   8   -0.0016652374
3   11   5   9   -0.0000000018
3   11   5   10   0.0062034782
3   11   5   11   -0.0000000027
3   11   6   12   -0.0000000000
3   12   1   12   0.0000000000
3   12   2   12   0.0413077347
3   12   3   12   -0.0000000000
3   12   4   12   0.0150538983
3   12   5   12   0.0000000000
3   12   6   7   0.0000000000
3   12   6   8   0.0040873582
3   12   6   9   -0.0000000000
3   12   6   10   -0.0017767848
3   12   6   11   -0.0000000000

End IABC Block
