Begin IJ Block
1   1   -33.0203712571
1   2   0.5829308170
1   3   0.0000000000
1   4   0.1840830741
2   2   -7.8741247444
2   3   0.0000000001
2   4   -0.2131176144
3   3   -6.7724443862
3   4   -0.0000000000
4   4   -6.8975029434
5   5   -7.0311725332

End IJ Block
Begin IA Block
1   1   0.0948390208
1   2   0.0000000000
1   3   0.0948387999
2   1   -0.4874020791
2   2   0.0000000001
2   3   -0.2647154410
3   1   0.0000000000
3   2   0.5205040203
3   3   -0.0000000000
4   1   0.2639062730
4   2   0.0000000002
4   3   -0.5678096890
4   4   -0.0000000000
5   3   0.0000000000
5   4   -0.9392024018

End IA Block
Begin AB Block
1   1   -2.2899521592
1   2   0.0000000018
1   3   -0.1671348021
2   2   -1.9027868696
2   3   0.0000000081
3   3   -2.3272192753
4   4   -2.5926750740

End AB Block
Begin IJAB Block
1   6   1   5   0.0031624903
1   6   1   6   -0.0000000000
1   6   1   7   0.0014140838
1   6   2   5   -0.0000000000
1   6   2   6   0.0013276613
1   6   2   7   0.0000000000
1   6   3   5   0.0014140838
1   6   3   6   0.0000000000
1   6   3   7   0.0031958342
1   6   4   8   0.0043996857
1   7   1   5   0.0004959597
1   7   1   6   0.0000000000
1   7   1   7   -0.0008886309
1   7   2   5   0.0000000000
1   7   2   6   0.0011364588
1   7   2   7   -0.0000000000
1   7   3   5   -0.0011824142
1   7   3   6   -0.0000000000
1   7   3   7   0.0003508056
1   7   4   8   0.0033356291
1   8   1   5   -0.0000000000
1   8   1   6   -0.0000220353
1   8   1   7   -0.0000000000
1   8   2   5   -0.0007716524
1   8   2   6   0.0000000000
1   8   2   7   -0.0004891619
1   8   3   5   -0.0000000000
1   8   3   6   0.0001048716
1   8   4   8   -0.0000000000
1   9   1   5   -0.0005518309
1   9   1   6   -0.0000000000
1   9   1   7   -0.0009317908
1   9   2   5   -0.0000000000
1   9   2   6   0.0003246576
1   9   2   7   -0.0000000000
1   9   3   5   0.0003706035
1   9   3   6   -0.0000000000
1   9   3   7   0.0006641138
1   9   4   8   0.0010730721
1   10   1   8   -0.0000600411
1   10   2   8   0.0000000000
1   10   3   8   -0.0001247201
1   10   4   5   0.0015819608
1   10   4   6   0.0000000000
1   10   4   7   0.0018534054
2   6   1   5   0.0004959597
2   6   1   6   0.0000000000
2   6   1   7   -0.0011824142
2   6   2   5   0.0000000000
2   6   2   6   0.0011364588
2   6   2   7   -0.0000000000
2   6   3   5   -0.0008886309
2   6   3   6   -0.0000000000
2   6   3   7   0.0003508056
2   6   4   8   0.0033356291
2   7   1   5   0.0130857145
2   7   1   6   0.0000000001
2   7   1   7   0.0032868766
2   7   2   5   0.0000000001
2   7   2   6   0.0048640626
2   7   2   7   0.0000000000
2   7   3   5   0.0032868766
2   7   3   6   0.0000000000
2   7   3   7   0.0064402728
2   7   4   8   0.0106202271
2   8   1   5   -0.0000000000
2   8   1   6   -0.0093392435
2   8   1   7   -0.0000000001
2   8   2   5   -0.0044279827
2   8   2   6   0.0000000000
2   8   2   7   -0.0019398930
2   8   3   5   -0.0000000001
2   8   3   6   -0.0049964940
2   8   3   7   -0.0000000001
2   8   4   8   0.0000000000
2   9   1   5   -0.0078523753
2   9   1   6   0.0000000001
2   9   1   7   0.0056779659
2   9   2   5   0.0000000001
2   9   2   6   0.0006470546
2   9   2   7   -0.0000000001
2   9   3   5   -0.0008891975
2   9   3   6   -0.0000000000
2   9   3   7   0.0074565204
2   9   4   8   0.0025909508
2   10   1   8   0.0154619345
2   10   2   8   0.0000000000
2   10   3   8   0.0095997019
2   10   4   5   0.0067748283
2   10   4   6   0.0000000000
2   10   4   7   0.0056461006
3   6   1   5   -0.0000000000
3   6   1   6   -0.0007716524
3   6   1   7   -0.0000000000
3   6   2   5   -0.0000220353
3   6   2   6   0.0000000000
3   6   2   7   0.0001048716
3   6   3   5   -0.0000000000
3   6   3   6   -0.0004891619
3   6   4   8   -0.0000000000
3   7   1   5   -0.0000000000
3   7   1   6   -0.0044279827
3   7   1   7   -0.0000000001
3   7   2   5   -0.0093392435
3   7   2   6   0.0000000000
3   7   2   7   -0.0049964940
3   7   3   5   -0.0000000001
3   7   3   6   -0.0019398930
3   7   3   7   -0.0000000001
3   7   4   8   0.0000000000
3   8   1   5   0.0078602043
3   8   1   6   0.0000000001
3   8   1   7   0.0040632789
3   8   2   5   0.0000000001
3   8   2   6   0.0120778573
3   8   2   7   0.0000000000
3   8   3   5   0.0040632789
3   8   3   6   0.0000000000
3   8   3   7   0.0059245769
3   8   4   8   0.0035476245
3   9   1   5   -0.0000000000
3   9   1   6   0.0024143445
3   9   1   7   0.0000000001
3   9   2   5   0.0058504375
3   9   2   6   -0.0000000000
3   9   2   7   -0.0075650135
3   9   3   5   -0.0000000001
3   9   3   6   -0.0005669180
3   9   3   7   0.0000000003
3   9   4   8   0.0000000000
3   10   1   8   -0.0000000000
3   10   2   8   -0.0137268598
3   10   3   8   -0.0000000000
3   10   4   5   -0.0000000000
3   10   4   6   -0.0028372816
3   10   4   7   -0.0000000000
4   6   1   5   -0.0005518309
4   6   1   6   -0.0000000000
4   6   1   7   0.0003706035
4   6   2   5   -0.0000000000
4   6   2   6   0.0003246576
4   6   2   7   -0.0000000000
4   6   3   5   -0.0009317908
4   6   3   6   -0.0000000000
4   6   3   7   0.0006641138
4   6   4   8   0.0010730721
4   7   1   5   -0.0078523753
4   7   1   6   0.0000000001
4   7   1   7   -0.0008891975
4   7   2   5   0.0000000001
4   7   2   6   0.0006470546
4   7   2   7   -0.0000000000
4   7   3   5   0.0056779659
4   7   3   6   -0.0000000001
4   7   3   7   0.0074565204
4   7   4   8   0.0025909508
4   8   1   5   -0.0000000000
4   8   1   6   0.0058504375
4   8   1   7   -0.0000000001
4   8   2   5   0.0024143445
4   8   2   6   -0.0000000000
4   8   2   7   -0.0005669180
4   8   3   5   0.0000000001
4   8   3   6   -0.0075650135
4   8   3   7   0.0000000003
4   8   4   8   0.0000000000
4   9   1   5   0.0086208733
4   9   1   6   0.0000000002
4   9   1   7   -0.0028142939
4   9   2   5   0.0000000002
4   9   2   6   0.0031539836
4   9   2   7   -0.0000000002
4   9   3   5   -0.0028142939
4   9   3   6   -0.0000000002
4   9   3   7   0.0155238714
4   9   4   8   0.0050892761
4   10   1   8   -0.0070177894
4   10   2   8   0.0000000000
4   10   3   8   0.0147272634
4   10   4   5   -0.0007583299
4   10   4   6   0.0000000000
4   10   4   7   0.0041070436
5   6   1   8   0.0015819608
5   6   2   8   0.0000000000
5   6   3   8   0.0018534054
5   6   4   5   -0.0000600411
5   6   4   6   0.0000000000
5   6   4   7   -0.0001247201
5   7   1   8   0.0067748283
5   7   2   8   0.0000000000
5   7   3   8   0.0056461006
5   7   4   5   0.0154619345
5   7   4   6   0.0000000000
5   7   4   7   0.0095997019
5   8   1   8   -0.0000000000
5   8   2   8   -0.0028372816
5   8   3   8   -0.0000000000
5   8   4   5   -0.0000000000
5   8   4   6   -0.0137268598
5   8   4   7   -0.0000000000
5   9   1   8   -0.0007583299
5   9   2   8   0.0000000000
5   9   3   8   0.0041070436
5   9   4   5   -0.0070177894
5   9   4   6   0.0000000000
5   9   4   7   0.0147272634
5   10   1   5   0.0065880968
5   10   1   6   0.0000000000
5   10   1   7   0.0018247837
5   10   2   5   0.0000000000
5   10   2   6   0.0022446329
5   10   2   7   0.0000000001
5   10   3   5   0.0018247837
5   10   3   6   0.0000000001
5   10   3   7   0.0047612579
5   10   4   8   0.0334745288

End IJAB Block
Begin IJKL Block
1   6   1   6   4.7102049429
1   6   1   7   -0.4271600493
1   6   1   8   0.0000000000
1   6   1   9   -0.1353137486
1   6   2   6   -0.4271600493
1   6   2   7   0.0594642542
1   6   2   8   -0.0000000000
1   6   2   9   0.0160362601
1   6   3   6   0.0000000000
1   6   3   7   -0.0000000000
1   6   3   8   0.0165484012
1   6   3   9   0.0000000000
1   6   4   6   -0.1353137486
1   6   4   7   0.0160362601
1   6   4   8   0.0000000000
1   6   4   9   0.0257240547
1   6   5   10   0.0252672055
1   7   1   6   -0.4271600493
1   7   1   7   1.0484490145
1   7   1   8   -0.0000000000
1   7   1   9   0.0823680701
1   7   2   6   0.0633653403
1   7   2   7   -0.0147315074
1   7   2   8   0.0000000000
1   7   2   9   -0.0074025299
1   7   3   6   -0.0000000000
1   7   3   8   0.0229174856
1   7   3   9   -0.0000000000
1   7   4   6   0.0159321263
1   7   4   7   -0.0145103786
1   7   4   8   0.0000000000
1   7   4   9   0.0218643956
1   7   5   10   0.0283282612
1   8   1   6   0.0000000000
1   8   1   7   -0.0000000000
1   8   1   8   0.8936795120
1   8   1   9   -0.0000000000
1   8   2   6   -0.0000000000
1   8   2   7   0.0000000000
1   8   2   8   -0.0076016738
1   8   2   9   -0.0000000000
1   8   3   6   0.0212423432
1   8   3   7   0.0237716860
1   8   3   8   0.0000000000
1   8   3   9   0.0030577883
1   8   4   7   0.0000000000
1   8   4   8   -0.0075655760
1   8   4   9   -0.0000000000
1   8   5   10   -0.0000000000
1   9   1   6   -0.1353137486
1   9   1   7   0.0823680701
1   9   1   8   -0.0000000000
1   9   1   9   0.9789583310
1   9   2   6   0.0159321263
1   9   2   7   -0.0076738308
1   9   2   8   -0.0000000000
1   9   2   9   -0.0134461261
1   9   3   7   -0.0000000000
1   9   3   8   0.0026419289
1   9   3   9   -0.0000000000
1   9   4   6   0.0307612093
1   9   4   7   0.0225464489
1   9   4   8   -0.0000000000
1   9   4   9   0.0079742565
1   9   5   10   0.0085235845
1   10   1   10   1.0245765612
1   10   2   10   -0.0121899717
1   10   3   10   -0.0000000000
1   10   4   10   -0.0048160713
1   10   5   6   0.0306204439
1   10   5   7   0.0285893690
1   10   5   9   0.0088236241
2   6   1   6   -0.4271600493
2   6   1   7   0.0633653403
2   6   1   8   -0.0000000000
2   6   1   9   0.0159321263
2   6   2   6   1.0484490145
2   6   2   7   -0.0147315074
2   6   2   9   -0.0145103786
2   6   3   6   -0.0000000000
2   6   3   7   0.0000000000
2   6   3   8   0.0229174856
2   6   3   9   0.0000000000
2   6   4   6   0.0823680701
2   6   4   7   -0.0074025299
2   6   4   8   -0.0000000000
2   6   4   9   0.0218643956
2   6   5   10   0.0283282612
2   7   1   6   0.0594642542
2   7   1   7   -0.0147315074
2   7   1   8   0.0000000000
2   7   1   9   -0.0076738308
2   7   2   6   -0.0147315074
2   7   2   7   0.7436739187
2   7   2   8   -0.0000000000
2   7   2   9   -0.0170505814
2   7   3   6   0.0000000000
2   7   3   7   -0.0000000000
2   7   3   8   0.1402300417
2   7   3   9   -0.0000000000
2   7   4   6   -0.0076738308
2   7   4   7   -0.0170505814
2   7   4   8   -0.0000000000
2   7   4   9   0.1118382098
2   7   5   10   0.1152107593
2   8   1   6   -0.0000000000
2   8   1   7   0.0000000000
2   8   1   8   -0.0076016738
2   8   1   9   -0.0000000000
2   8   2   7   -0.0000000000
2   8   2   8   0.6748566649
2   8   2   9   -0.0000000000
2   8   3   6   0.0237716860
2   8   3   7   0.1455561317
2   8   3   8   0.0000000000
2   8   3   9   -0.0133002464
2   8   4   6   -0.0000000000
2   8   4   7   -0.0000000000
2   8   4   8   -0.0116780628
2   8   4   9   0.0000000000
2   8   5   10   -0.0000000000
2   9   1   6   0.0160362601
2   9   1   7   -0.0074025299
2   9   1   8   -0.0000000000
2   9   1   9   -0.0134461261
2   9   2   6   -0.0145103786
2   9   2   7   -0.0170505814
2   9   2   8   -0.0000000000
2   9   2   9   0.6671399432
2   9   3   6   0.0000000000
2   9   3   7   -0.0000000000
2   9   3   8   -0.0137848555
2   9   3   9   -0.0000000000
2   9   4   6   0.0225464489
2   9   4   7   0.1169244722
2   9   4   8   0.0000000000
2   9   4   9   0.0617152833
2   9   5   10   0.0272109819
2   10   1   10   -0.0121899717
2   10   2   10   0.6962995437
2   10   3   10   -0.0000000000
2   10   4   10   0.0306054176
2   10   5   6   0.0285893690
2   10   5   7   0.1193978370
2   10   5   8   0.0000000000
2   10   5   9   0.0269019361
3   6   1   6   0.0000000000
3   6   1   7   -0.0000000000
3   6   1   8   0.0212423432
3   6   2   6   -0.0000000000
3   6   2   7   0.0000000000
3   6   2   8   0.0237716860
3   6   2   9   0.0000000000
3   6   3   6   0.8936795120
3   6   3   7   -0.0076016738
3   6   3   8   0.0000000000
3   6   3   9   -0.0075655760
3   6   4   6   -0.0000000000
3   6   4   7   -0.0000000000
3   6   4   8   0.0030577883
3   6   4   9   -0.0000000000
3   6   5   10   -0.0000000000
3   7   1   6   -0.0000000000
3   7   1   8   0.0237716860
3   7   1   9   -0.0000000000
3   7   2   6   0.0000000000
3   7   2   7   -0.0000000000
3   7   2   8   0.1455561317
3   7   2   9   -0.0000000000
3   7   3   6   -0.0076016738
3   7   3   7   0.6748566649
3   7   3   8   0.0000000000
3   7   3   9   -0.0116780628
3   7   4   6   -0.0000000000
3   7   4   7   -0.0000000000
3   7   4   8   -0.0133002464
3   7   4   9   0.0000000000
3   7   5   10   -0.0000000000
3   8   1   6   0.0165484012
3   8   1   7   0.0229174856
3   8   1   8   0.0000000000
3   8   1   9   0.0026419289
3   8   2   6   0.0229174856
3   8   2   7   0.1402300417
3   8   2   8   0.0000000000
3   8   2   9   -0.0137848555
3   8   3   6   0.0000000000
3   8   3   7   0.0000000000
3   8   3   8   0.6498037763
3   8   3   9   -0.0000000000
3   8   4   6   0.0026419289
3   8   4   7   -0.0137848555
3   8   4   8   -0.0000000000
3   8   4   9   0.0286574172
3   8   5   10   0.0208661639
3   9   1   6   0.0000000000
3   9   1   7   -0.0000000000
3   9   1   8   0.0030577883
3   9   1   9   -0.0000000000
3   9   2   6   0.0000000000
3   9   2   7   -0.0000000000
3   9   2   8   -0.0133002465
3   9   2   9   -0.0000000000
3   9   3   6   -0.0075655760
3   9   3   7   -0.0116780628
3   9   3   8   -0.0000000000
3   9   3   9   0.5981252751
3   9   4   6   -0.0000000000
3   9   4   7   0.0000000000
3   9   4   8   0.0354647437
3   9   4   9   0.0000000000
3   9   5   10   0.0000000000
3   10   1   10   -0.0000000000
3   10   2   10   -0.0000000000
3   10   3   10   0.6129718220
3   10   4   10   0.0000000000
3   10   5   7   0.0000000000
3   10   5   8   0.0272570156
4   6   1   6   -0.1353137486
4   6   1   7   0.0159321263
4   6   1   9   0.0307612093
4   6   2   6   0.0823680701
4   6   2   7   -0.0076738308
4   6   2   8   -0.0000000000
4   6   2   9   0.0225464489
4   6   3   6   -0.0000000000
4   6   3   7   -0.0000000000
4   6   3   8   0.0026419289
4   6   3   9   -0.0000000000
4   6   4   6   0.9789583310
4   6   4   7   -0.0134461261
4   6   4   8   -0.0000000000
4   6   4   9   0.0079742565
4   6   5   10   0.0085235845
4   7   1   6   0.0160362601
4   7   1   7   -0.0145103786
4   7   1   8   0.0000000000
4   7   1   9   0.0225464489
4   7   2   6   -0.0074025299
4   7   2   7   -0.0170505814
4   7   2   8   -0.0000000000
4   7   2   9   0.1169244722
4   7   3   6   -0.0000000000
4   7   3   7   -0.0000000000
4   7   3   8   -0.0137848555
4   7   3   9   0.0000000000
4   7   4   6   -0.0134461261
4   7   4   7   0.6671399432
4   7   4   8   -0.0000000000
4   7   4   9   0.0617152833
4   7   5   10   0.0272109819
4   8   1   6   0.0000000000
4   8   1   7   0.0000000000
4   8   1   8   -0.0075655760
4   8   1   9   -0.0000000000
4   8   2   6   -0.0000000000
4   8   2   7   -0.0000000000
4   8   2   8   -0.0116780628
4   8   2   9   0.0000000000
4   8   3   6   0.0030577883
4   8   3   7   -0.0133002465
4   8   3   8   -0.0000000000
4   8   3   9   0.0354647437
4   8   4   6   -0.0000000000
4   8   4   7   -0.0000000000
4   8   4   8   0.5981252751
4   8   4   9   0.0000000000
4   8   5   10   0.0000000000
4   9   1   6   0.0257240547
4   9   1   7   0.0218643956
4   9   1   8   -0.0000000000
4   9   1   9   0.0079742565
4   9   2   6   0.0218643956
4   9   2   7   0.1118382098
4   9   2   8   0.0000000000
4   9   2   9   0.0617152833
4   9   3   6   -0.0000000000
4   9   3   7   0.0000000000
4   9   3   8   0.0286574172
4   9   3   9   0.0000000000
4   9   4   6   0.0079742565
4   9   4   7   0.0617152833
4   9   4   8   0.0000000000
4   9   4   9   0.6906326180
4   9   5   10   0.0309636691
4   10   1   10   -0.0048160713
4   10   2   10   0.0306054176
4   10   3   10   0.0000000000
4   10   4   10   0.6400913078
4   10   5   6   0.0088236241
4   10   5   7   0.0269019361
4   10   5   9   0.0368173656
5   6   1   10   0.0306204439
5   6   2   10   0.0285893690
5   6   4   10   0.0088236241
5   6   5   6   1.0245765612
5   6   5   7   -0.0121899717
5   6   5   8   -0.0000000000
5   6   5   9   -0.0048160713
5   7   1   10   0.0285893690
5   7   2   10   0.1193978370
5   7   3   10   0.0000000000
5   7   4   10   0.0269019361
5   7   5   6   -0.0121899717
5   7   5   7   0.6962995437
5   7   5   8   -0.0000000000
5   7   5   9   0.0306054176
5   8   2   10   0.0000000000
5   8   3   10   0.0272570156
5   8   5   6   -0.0000000000
5   8   5   7   -0.0000000000
5   8   5   8   0.6129718220
5   8   5   9   0.0000000000
5   9   1   10   0.0088236241
5   9   2   10   0.0269019361
5   9   4   10   0.0368173656
5   9   5   6   -0.0048160713
5   9   5   7   0.0306054176
5   9   5   8   0.0000000000
5   9   5   9   0.6400913078
5   10   1   6   0.0252672055
5   10   1   7   0.0283282612
5   10   1   8   -0.0000000000
5   10   1   9   0.0085235845
5   10   2   6   0.0283282612
5   10   2   7   0.1152107593
5   10   2   8   -0.0000000000
5   10   2   9   0.0272109819
5   10   3   6   -0.0000000000
5   10   3   7   -0.0000000000
5   10   3   8   0.0208661639
5   10   3   9   0.0000000000
5   10   4   6   0.0085235845
5   10   4   7   0.0272109819
5   10   4   8   0.0000000000
5   10   4   9   0.0309636691
5   10   5   10   0.7154615089

End IJKL Block
Begin ABCD Block
1   5   1   5   0.2013007900
1   5   1   6   0.0000000015
1   5   1   7   -0.0108461221
1   5   2   5   0.0000000015
1   5   2   6   0.0452481520
1   5   2   7   0.0000000066
1   5   3   5   -0.0108461221
1   5   3   6   0.0000000066
1   5   3   7   0.0242931760
1   5   4   8   0.0360464848
1   6   1   5   0.0000000015
1   6   1   6   0.1829911733
1   6   1   7   0.0000000067
1   6   2   5   0.0452455703
1   6   2   6   -0.0000000003
1   6   2   7   0.0048504121
1   6   3   5   0.0000000066
1   6   3   6   -0.0015343220
1   6   3   7   0.0000000299
1   6   4   8   -0.0000000000
1   7   1   5   -0.0108461221
1   7   1   6   0.0000000067
1   7   1   7   0.1784778405
1   7   2   5   0.0000000067
1   7   2   6   0.0048498972
1   7   2   7   -0.0000000059
1   7   3   5   0.0242926136
1   7   3   6   0.0000000300
1   7   3   7   0.0262761632
1   7   4   8   -0.0013704462
1   8   1   8   0.1969723085
1   8   2   8   0.0000000005
1   8   3   8   0.0054863186
1   8   4   5   0.0360444528
1   8   4   6   -0.0000000000
1   8   4   7   -0.0013706955
2   5   1   5   0.0000000015
2   5   1   6   0.0452455703
2   5   1   7   0.0000000066
2   5   2   5   0.1829911733
2   5   2   6   -0.0000000003
2   5   2   7   -0.0015343220
2   5   3   5   0.0000000067
2   5   3   6   0.0048504121
2   5   3   7   0.0000000299
2   5   4   8   -0.0000000000
2   6   1   5   0.0452481519
2   6   1   6   -0.0000000003
2   6   1   7   0.0048498970
2   6   2   5   -0.0000000003
2   6   2   6   0.1885021166
2   6   2   7   -0.0000000014
2   6   3   5   0.0048498970
2   6   3   6   -0.0000000014
2   6   3   7   0.0077279406
2   6   4   8   0.0070183739
2   7   1   5   0.0000000066
2   7   1   6   0.0048504120
2   7   1   7   -0.0000000058
2   7   2   5   -0.0015343220
2   7   2   6   -0.0000000014
2   7   2   7   0.1623978979
2   7   3   5   0.0000000302
2   7   3   6   0.0077283931
2   7   3   7   -0.0000000267
2   7   4   8   0.0000000000
2   8   1   8   0.0000000005
2   8   2   8   0.1706441509
2   8   3   8   0.0000000021
2   8   4   5   -0.0000000000
2   8   4   6   0.0070166216
2   8   4   7   -0.0000000000
3   5   1   5   -0.0108461221
3   5   1   6   0.0000000067
3   5   1   7   0.0242926136
3   5   2   5   0.0000000067
3   5   2   6   0.0048498972
3   5   2   7   0.0000000300
3   5   3   5   0.1784778405
3   5   3   6   -0.0000000059
3   5   3   7   0.0262761632
3   5   4   8   -0.0013704462
3   6   1   5   0.0000000066
3   6   1   6   -0.0015343220
3   6   1   7   0.0000000302
3   6   2   5   0.0048504120
3   6   2   6   -0.0000000014
3   6   2   7   0.0077283931
3   6   3   5   -0.0000000058
3   6   3   6   0.1623978979
3   6   3   7   -0.0000000267
3   6   4   8   0.0000000000
3   7   1   5   0.0242931762
3   7   1   6   0.0000000302
3   7   1   7   0.0262761631
3   7   2   5   0.0000000302
3   7   2   6   0.0077279411
3   7   2   7   -0.0000000267
3   7   3   5   0.0262761631
3   7   3   6   -0.0000000267
3   7   3   7   0.2411385988
3   7   4   8   0.0129419302
3   8   1   8   0.0054863186
3   8   2   8   0.0000000021
3   8   3   8   0.2056666593
3   8   4   5   -0.0013706955
3   8   4   6   -0.0000000000
3   8   4   7   0.0129388360
4   5   1   8   0.0360444528
4   5   2   8   -0.0000000000
4   5   3   8   -0.0013706955
4   5   4   5   0.1969723085
4   5   4   6   0.0000000005
4   5   4   7   0.0054863186
4   6   1   8   -0.0000000000
4   6   2   8   0.0070166216
4   6   3   8   -0.0000000000
4   6   4   5   0.0000000005
4   6   4   6   0.1706441509
4   6   4   7   0.0000000021
4   7   1   8   -0.0013706955
4   7   2   8   -0.0000000000
4   7   3   8   0.0129388360
4   7   4   5   0.0054863186
4   7   4   6   0.0000000021
4   7   4   7   0.2056666593
4   8   1   5   0.0360464848
4   8   1   6   -0.0000000000
4   8   1   7   -0.0013704462
4   8   2   5   -0.0000000000
4   8   2   6   0.0070183739
4   8   2   7   0.0000000000
4   8   3   5   -0.0013704462
4   8   3   6   0.0000000000
4   8   3   7   0.0129419302
4   8   4   8   0.2452969696

End ABCD Block
Begin AIJB Block
1   6   1   5   0.0028628490
1   6   1   7   0.0012786249
1   6   2   5   0.0003111125
1   6   2   7   -0.0011618598
1   6   3   5   -0.0000000000
1   6   3   6   -0.0006330150
1   6   4   5   -0.0003482059
1   6   4   7   0.0003671960
1   6   5   8   0.0013395411
1   7   1   5   0.0003111125
1   7   1   6   -0.0000000000
1   7   1   7   -0.0008906584
1   7   2   5   0.0100925434
1   7   2   6   0.0000000000
1   7   2   7   0.0024710604
1   7   3   5   -0.0000000000
1   7   3   6   -0.0027222715
1   7   3   7   0.0000000000
1   7   4   5   -0.0056066314
1   7   4   6   0.0000000000
1   7   4   7   -0.0010157224
1   7   5   8   0.0045279879
1   8   1   5   -0.0000000000
1   8   1   6   0.0001116929
1   8   2   6   -0.0075078564
1   8   2   7   -0.0000000000
1   8   3   5   0.0056516773
1   8   3   6   -0.0000000000
1   8   3   7   0.0031679199
1   8   4   6   0.0047469701
1   8   4   7   -0.0000000000
1   8   5   8   0.0000000000
1   9   1   5   -0.0003482059
1   9   1   6   -0.0000000000
1   9   1   7   -0.0009413330
1   9   2   5   -0.0056066314
1   9   2   6   0.0000000000
1   9   2   7   0.0054450434
1   9   3   5   -0.0000000000
1   9   3   6   0.0016588523
1   9   3   7   0.0000000000
1   9   4   5   0.0066230974
1   9   4   6   0.0000000000
1   9   4   7   -0.0024385003
1   9   5   8   -0.0003216923
1   10   1   8   -0.0003284459
1   10   2   8   0.0131278748
1   10   4   8   -0.0063765939
1   10   5   5   0.0043711939
1   10   5   6   -0.0000000000
1   10   5   7   0.0012945318
2   6   1   6   0.0012086094
2   6   2   5   -0.0000000000
2   6   2   6   0.0010307754
2   6   2   7   0.0000000000
2   6   3   5   0.0001116929
2   6   3   7   0.0002078659
2   6   4   5   -0.0000000000
2   6   4   6   0.0003164402
2   6   4   7   0.0000000000
2   7   1   6   0.0010307754
2   7   2   5   0.0000000000
2   7   2   6   0.0037163381
2   7   2   7   -0.0000000000
2   7   3   5   -0.0075078564
2   7   3   6   0.0000000000
2   7   3   7   -0.0039242651
2   7   4   5   0.0000000000
2   7   4   6   0.0004573110
2   7   4   7   -0.0000000000
2   7   5   8   -0.0000000000
2   8   1   5   -0.0006330150
2   8   1   7   -0.0003873010
2   8   2   5   -0.0027222715
2   8   2   6   0.0000000000
2   8   2   7   -0.0009231134
2   8   3   5   -0.0000000000
2   8   3   6   0.0095488805
2   8   3   7   -0.0000000000
2   8   4   5   0.0016588523
2   8   4   6   -0.0000000000
2   8   4   7   -0.0002591247
2   8   5   8   -0.0019010597
2   9   1   6   0.0003164402
2   9   1   7   0.0000000000
2   9   2   5   0.0000000000
2   9   2   6   0.0004573110
2   9   2   7   -0.0000000000
2   9   3   5   0.0047469701
2   9   3   6   -0.0000000000
2   9   3   7   -0.0068540212
2   9   4   5   0.0000000000
2   9   4   6   0.0019753342
2   9   4   7   -0.0000000000
2   9   5   8   -0.0000000000
2   10   2   8   -0.0000000000
2   10   3   8   -0.0124765966
2   10   4   8   -0.0000000000
2   10   5   5   -0.0000000000
2   10   5   6   0.0012785107
2   10   5   7   0.0000000000
3   6   1   5   0.0012786249
3   6   1   7   0.0029318839
3   6   2   5   -0.0008906584
3   6   2   7   0.0002576107
3   6   3   6   -0.0003873010
3   6   3   7   -0.0000000000
3   6   4   5   -0.0009413330
3   6   4   6   0.0000000000
3   6   4   7   0.0004670909
3   6   5   8   0.0016333979
3   7   1   5   -0.0011618598
3   7   1   6   0.0000000000
3   7   1   7   0.0002576107
3   7   2   5   0.0024710604
3   7   2   6   -0.0000000000
3   7   2   7   0.0052408813
3   7   3   5   -0.0000000000
3   7   3   6   -0.0009231134
3   7   3   7   -0.0000000000
3   7   4   5   0.0054450434
3   7   4   6   -0.0000000000
3   7   4   7   0.0060289756
3   7   5   8   0.0042549746
3   8   1   6   0.0002078659
3   8   1   7   -0.0000000000
3   8   2   5   0.0000000000
3   8   2   6   -0.0039242651
3   8   2   7   -0.0000000000
3   8   3   5   0.0031679199
3   8   3   6   -0.0000000000
3   8   3   7   0.0050305888
3   8   4   5   0.0000000000
3   8   4   6   -0.0068540212
3   8   4   7   0.0000000000
3   8   5   8   0.0000000000
3   9   1   5   0.0003671960
3   9   1   6   0.0000000000
3   9   1   7   0.0004670909
3   9   2   5   -0.0010157224
3   9   2   6   -0.0000000000
3   9   2   7   0.0060289756
3   9   3   5   -0.0000000000
3   9   3   6   -0.0002591247
3   9   3   7   0.0000000000
3   9   4   5   -0.0024385003
3   9   4   6   -0.0000000000
3   9   4   7   0.0135637209
3   9   5   8   0.0031118008
3   10   1   8   -0.0003540619
3   10   2   8   0.0081645488
3   10   3   8   0.0000000000
3   10   4   8   0.0140145628
3   10   5   5   0.0012945318
3   10   5   6   0.0000000000
3   10   5   7   0.0037472774
4   6   1   8   0.0040782602
4   6   2   8   0.0029997304
4   6   4   8   0.0010032323
4   6   5   5   -0.0003284459
4   6   5   7   -0.0003540619
4   7   1   8   0.0029997304
4   7   2   8   0.0088503773
4   7   3   8   0.0000000000
4   7   4   8   0.0021468341
4   7   5   5   0.0131278748
4   7   5   6   -0.0000000000
4   7   5   7   0.0081645488
4   8   2   8   0.0000000000
4   8   3   8   0.0029711476
4   8   4   8   0.0000000000
4   8   5   5   -0.0000000000
4   8   5   6   -0.0124765966
4   8   5   7   0.0000000000
4   9   1   8   0.0010032323
4   9   2   8   0.0021468341
4   9   3   8   0.0000000000
4   9   4   8   0.0040955297
4   9   5   5   -0.0063765939
4   9   5   6   -0.0000000000
4   9   5   7   0.0140145628
4   10   1   5   0.0013395411
4   10   1   7   0.0016333979
4   10   2   5   0.0045279879
4   10   2   6   -0.0000000000
4   10   2   7   0.0042549746
4   10   3   5   0.0000000000
4   10   3   6   -0.0019010597
4   10   3   7   0.0000000000
4   10   4   5   -0.0003216923
4   10   4   6   -0.0000000000
4   10   4   7   0.0031118008
4   10   5   8   0.0305417107

1   6   6   1   -0.2510768847
1   6   6   2   -0.0000000000
1   6   6   3   -0.0207797092
1   6   7   1   0.0004115226
1   6   7   2   -0.0000000000
1   6   7   3   0.0003970214
1   6   8   1   -0.0000000000
1   6   8   2   0.0018760821
1   6   8   3   -0.0000000000
1   6   9   1   0.0023734088
1   6   9   2   -0.0000000000
1   6   9   3   -0.0009210500
1   6   10   4   -0.0031154901
1   7   6   1   0.0004115226
1   7   6   2   -0.0000000000
1   7   6   3   0.0004018737
1   7   7   1   -0.2416982462
1   7   7   2   0.0000000002
1   7   7   3   -0.0141081524
1   7   8   1   -0.0000000001
1   7   8   2   0.0232396575
1   7   8   3   -0.0000000004
1   7   9   1   0.0148487375
1   7   9   2   0.0000000001
1   7   9   3   -0.0125855023
1   7   10   4   -0.0231818672
1   8   6   1   -0.0000000000
1   8   6   2   0.0018838276
1   8   6   3   -0.0000000000
1   8   7   1   -0.0000000001
1   8   7   2   0.0232272137
1   8   7   3   -0.0000000004
1   8   8   1   -0.2391316919
1   8   8   2   -0.0000000000
1   8   8   3   -0.0156258790
1   8   9   1   0.0000000000
1   8   9   2   -0.0067792581
1   8   9   3   0.0000000001
1   8   10   4   -0.0000000000
1   9   6   1   0.0023734088
1   9   6   2   -0.0000000000
1   9   6   3   -0.0009247481
1   9   7   1   0.0148487375
1   9   7   2   0.0000000001
1   9   7   3   -0.0125406750
1   9   8   1   0.0000000000
1   9   8   2   -0.0068233521
1   9   8   3   0.0000000001
1   9   9   1   -0.2307646740
1   9   9   2   0.0000000002
1   9   9   3   -0.0190486545
1   9   10   4   -0.0030791933
1   10   6   4   -0.0031624841
1   10   7   4   -0.0231655737
1   10   8   4   -0.0000000000
1   10   9   4   -0.0031699139
1   10   10   1   -0.2336708402
1   10   10   2   0.0000000006
1   10   10   3   -0.0165917477
2   6   6   1   -0.0000000000
2   6   6   2   -0.2115048131
2   6   6   3   -0.0000000002
2   6   7   1   -0.0000000000
2   6   7   2   0.0003271958
2   6   7   3   -0.0000000001
2   6   8   1   0.0018838276
2   6   8   2   0.0000000000
2   6   8   3   0.0010309993
2   6   9   1   -0.0000000000
2   6   9   2   0.0006871739
2   6   9   3   -0.0000000001
2   7   6   1   -0.0000000000
2   7   6   2   0.0003271958
2   7   6   3   -0.0000000000
2   7   7   1   0.0000000002
2   7   7   2   -0.2035651003
2   7   7   3   0.0000000010
2   7   8   1   0.0232272137
2   7   8   2   0.0000000000
2   7   8   3   0.0081358445
2   7   9   1   0.0000000001
2   7   9   2   0.0064946938
2   7   9   3   0.0000000004
2   7   10   4   0.0000000000
2   8   6   1   0.0018760821
2   8   6   2   0.0000000000
2   8   6   3   0.0010580520
2   8   7   1   0.0232396575
2   8   7   2   0.0000000000
2   8   7   3   0.0082299199
2   8   8   1   -0.0000000000
2   8   8   2   -0.2067901493
2   8   8   3   -0.0000000002
2   8   9   1   -0.0068233521
2   8   9   2   -0.0000000000
2   8   9   3   0.0013395584
2   8   10   4   0.0040523525
2   9   6   1   -0.0000000000
2   9   6   2   0.0006871739
2   9   6   3   -0.0000000001
2   9   7   1   0.0000000001
2   9   7   2   0.0064946938
2   9   7   3   0.0000000003
2   9   8   1   -0.0067792581
2   9   8   2   -0.0000000000
2   9   8   3   0.0012082538
2   9   9   1   0.0000000002
2   9   9   2   -0.1967084209
2   9   9   3   0.0000000007
2   9   10   4   0.0000000000
2   10   7   4   0.0000000000
2   10   8   4   0.0039142169
2   10   10   1   0.0000000006
2   10   10   2   -0.1974750879
2   10   10   3   0.0000000027
3   6   6   1   -0.0207797092
3   6   6   2   -0.0000000002
3   6   6   3   -0.2789353520
3   6   7   1   0.0004018737
3   6   7   2   -0.0000000001
3   6   7   3   0.0012424215
3   6   8   1   -0.0000000000
3   6   8   2   0.0010580520
3   6   8   3   0.0000000000
3   6   9   1   -0.0009247481
3   6   9   2   -0.0000000001
3   6   9   3   -0.0021441453
3   6   10   4   -0.0018309910
3   7   6   1   0.0003970214
3   7   6   2   -0.0000000000
3   7   6   3   0.0012424215
3   7   7   1   -0.0141081524
3   7   7   2   0.0000000010
3   7   7   3   -0.2530782531
3   7   8   1   -0.0000000004
3   7   8   2   0.0082299199
3   7   8   3   0.0000000004
3   7   9   1   -0.0125406750
3   7   9   2   0.0000000004
3   7   9   3   -0.0199346599
3   7   10   4   -0.0064856272
3   8   6   1   -0.0000000000
3   8   6   2   0.0010309993
3   8   6   3   0.0000000000
3   8   7   1   -0.0000000004
3   8   7   2   0.0081358445
3   8   7   3   0.0000000004
3   8   8   1   -0.0156258790
3   8   8   2   -0.0000000002
3   8   8   3   -0.2490256368
3   8   9   1   0.0000000001
3   8   9   2   0.0012082538
3   8   9   3   -0.0000000000
3   8   10   4   -0.0000000000
3   9   6   1   -0.0009210500
3   9   6   2   -0.0000000001
3   9   6   3   -0.0021441453
3   9   7   1   -0.0125855023
3   9   7   2   0.0000000004
3   9   7   3   -0.0199346599
3   9   8   1   0.0000000001
3   9   8   2   0.0013395584
3   9   8   3   -0.0000000000
3   9   9   1   -0.0190486545
3   9   9   2   0.0000000007
3   9   9   3   -0.2658944771
3   9   10   4   -0.0063637999
3   10   6   4   -0.0018569463
3   10   7   4   -0.0064945483
3   10   8   4   -0.0000000000
3   10   9   4   -0.0062658526
3   10   10   1   -0.0165917477
3   10   10   2   0.0000000027
3   10   10   3   -0.2544930606
4   6   6   4   -0.3257138398
4   6   7   4   0.0014730105
4   6   8   4   -0.0000000000
4   6   9   4   0.0004643696
4   6   10   1   -0.0031624841
4   6   10   3   -0.0018569463
4   7   6   4   0.0014730105
4   7   7   4   -0.2858806195
4   7   8   4   -0.0000000000
4   7   9   4   -0.0053015839
4   7   10   1   -0.0231655737
4   7   10   2   0.0000000000
4   7   10   3   -0.0064945483
4   8   6   4   -0.0000000000
4   8   7   4   -0.0000000000
4   8   8   4   -0.2738940481
4   8   9   4   0.0000000000
4   8   10   1   -0.0000000000
4   8   10   2   0.0039142169
4   8   10   3   -0.0000000000
4   9   6   4   0.0004643696
4   9   7   4   -0.0053015839
4   9   8   4   0.0000000000
4   9   9   4   -0.2784841461
4   9   10   1   -0.0031699139
4   9   10   3   -0.0062658526
4   10   6   1   -0.0031154901
4   10   6   3   -0.0018309910
4   10   7   1   -0.0231818672
4   10   7   2   0.0000000000
4   10   7   3   -0.0064856272
4   10   8   1   -0.0000000000
4   10   8   2   0.0040523525
4   10   8   3   -0.0000000000
4   10   9   1   -0.0030791933
4   10   9   2   0.0000000000
4   10   9   3   -0.0063637999
4   10   10   4   -0.2951919725

End AIJB Block
Begin IJKA Block
1   6   1   5   -0.0771340337
1   6   1   6   -0.0000000000
1   6   1   7   -0.0750455939
1   6   2   5   0.0125439990
1   6   2   6   -0.0000000000
1   6   2   7   0.0108096329
1   6   3   5   0.0000000000
1   6   3   6   -0.0050248868
1   6   3   7   0.0000000000
1   6   4   5   -0.0004163139
1   6   4   6   0.0000000000
1   6   4   7   0.0083280233
1   6   5   8   0.0111012876
1   7   1   5   0.0968156041
1   7   1   6   -0.0000000000
1   7   1   7   0.0618810095
1   7   2   5   -0.0014937933
1   7   2   6   0.0000000000
1   7   2   7   -0.0024910951
1   7   3   5   -0.0000000000
1   7   3   6   -0.0044567229
1   7   3   7   -0.0000000000
1   7   4   5   -0.0049185389
1   7   4   6   0.0000000000
1   7   4   7   0.0026549496
1   7   5   8   0.0086538434
1   8   1   5   -0.0000000000
1   8   1   6   -0.0925375223
1   8   1   7   -0.0000000000
1   8   2   6   0.0006773227
1   8   2   7   -0.0000000000
1   8   3   5   0.0026735796
1   8   3   6   -0.0000000000
1   8   3   7   0.0015248995
1   8   4   5   0.0000000000
1   8   4   6   0.0003920412
1   8   4   7   0.0000000000
1   8   5   8   0.0000000000
1   9   1   5   -0.0457461662
1   9   1   6   -0.0000000000
1   9   1   7   0.1054767558
1   9   2   5   -0.0004857388
1   9   2   6   0.0000000000
1   9   2   7   -0.0021037903
1   9   3   5   0.0000000000
1   9   3   6   -0.0013074694
1   9   3   7   -0.0000000000
1   9   4   5   0.0019056800
1   9   4   6   0.0000000000
1   9   4   7   0.0035027846
1   9   5   8   0.0028129388
1   10   1   8   0.1758193683
1   10   2   8   -0.0018788481
1   10   4   8   -0.0006237230
1   10   5   5   0.0038416385
1   10   5   6   -0.0000000000
1   10   5   7   0.0046969702
2   6   1   5   0.0132378415
2   6   1   6   0.0000000000
2   6   1   7   0.0113497878
2   6   2   5   -0.0007117212
2   6   2   6   0.0000000000
2   6   2   7   -0.0043153467
2   6   3   5   -0.0000000000
2   6   3   6   -0.0057443520
2   6   3   7   0.0000000000
2   6   4   5   -0.0047897808
2   6   4   6   -0.0000000000
2   6   4   7   0.0039823732
2   6   5   8   0.0106643520
2   7   1   5   -0.0007836482
2   7   1   6   0.0000000000
2   7   1   7   -0.0019937116
2   7   2   5   0.0572916198
2   7   2   6   -0.0000000000
2   7   2   7   0.0228222679
2   7   3   5   0.0000000000
2   7   3   6   -0.0196086639
2   7   3   7   -0.0000000000
2   7   4   5   -0.0105773631
2   7   4   6   0.0000000000
2   7   4   7   0.0160464442
2   7   5   8   0.0291383645
2   8   1   5   0.0000000000
2   8   1   6   0.0001955914
2   8   1   7   0.0000000000
2   8   2   5   -0.0000000000
2   8   2   6   -0.0570360268
2   8   2   7   -0.0000000000
2   8   3   5   0.0041244745
2   8   3   6   -0.0000000000
2   8   3   7   -0.0063097461
2   8   4   5   -0.0000000000
2   8   4   6   -0.0050393936
2   8   4   7   0.0000000000
2   8   5   8   0.0000000000
2   9   1   5   -0.0006462346
2   9   1   6   0.0000000000
2   9   1   7   -0.0015420341
2   9   2   5   -0.0303009759
2   9   2   6   -0.0000000000
2   9   2   7   0.0579678143
2   9   3   5   0.0000000000
2   9   3   6   -0.0060465193
2   9   3   7   -0.0000000000
2   9   4   5   0.0000946307
2   9   4   6   -0.0000000000
2   9   4   7   0.0132316168
2   9   5   8   0.0082041998
2   10   1   8   -0.0009995260
2   10   2   8   0.1002076236
2   10   3   8   -0.0000000000
2   10   4   8   0.0087464195
2   10   5   5   0.0094446166
2   10   5   7   0.0150363316
3   6   1   6   -0.0054939138
3   6   1   7   0.0000000000
3   6   2   5   -0.0000000000
3   6   2   6   -0.0058983020
3   6   2   7   0.0000000000
3   6   3   5   -0.0003194708
3   6   3   6   -0.0000000000
3   6   3   7   -0.0020974130
3   6   4   5   -0.0000000000
3   6   4   6   -0.0008952475
3   7   1   5   0.0000000000
3   7   1   6   -0.0045250564
3   7   1   7   0.0000000000
3   7   2   6   -0.0191923670
3   7   2   7   -0.0000000000
3   7   3   5   0.0432196046
3   7   3   6   0.0000000000
3   7   3   7   0.0163606343
3   7   4   5   -0.0000000000
3   7   4   6   -0.0018417337
3   7   4   7   0.0000000000
3   7   5   8   0.0000000000
3   8   1   5   0.0025308046
3   8   1   6   0.0000000000
3   8   1   7   0.0015474678
3   8   2   5   0.0043023499
3   8   2   6   -0.0000000000
3   8   2   7   -0.0056276247
3   8   3   5   -0.0000000000
3   8   3   6   -0.0529308670
3   8   3   7   -0.0000000000
3   8   4   5   0.0002748888
3   8   4   6   0.0000000000
3   8   4   7   0.0073631262
3   8   5   8   0.0061990430
3   9   1   5   0.0000000000
3   9   1   6   -0.0012716832
3   9   1   7   -0.0000000000
3   9   2   5   0.0000000000
3   9   2   6   -0.0054186763
3   9   2   7   -0.0000000000
3   9   3   5   -0.0213406724
3   9   3   6   0.0000000000
3   9   3   7   0.0513631775
3   9   4   5   -0.0000000000
3   9   4   6   -0.0043787953
3   9   4   7   0.0000000000
3   9   5   8   -0.0000000000
3   10   1   8   0.0000000000
3   10   2   8   -0.0000000000
3   10   3   8   0.0811168896
3   10   4   8   -0.0000000000
3   10   5   5   -0.0000000000
3   10   5   6   -0.0046244082
3   10   5   7   0.0000000000
4   6   1   5   -0.0006729650
4   6   1   6   -0.0000000000
4   6   1   7   0.0088369631
4   6   2   5   -0.0049539738
4   6   2   6   -0.0000000000
4   6   2   7   0.0040310115
4   6   3   5   -0.0000000000
4   6   3   6   -0.0008417500
4   6   3   7   -0.0000000000
4   6   4   5   -0.0037628334
4   6   4   6   -0.0000000000
4   6   4   7   0.0008047616
4   6   5   8   0.0032372790
4   7   1   5   -0.0047795577
4   7   1   6   0.0000000000
4   7   1   7   0.0027160616
4   7   2   5   -0.0108183491
4   7   2   6   -0.0000000000
4   7   2   7   0.0152327125
4   7   3   5   -0.0000000000
4   7   3   6   -0.0021120513
4   7   3   7   0.0000000000
4   7   4   5   0.0392865545
4   7   4   6   -0.0000000000
4   7   4   7   0.0306668433
4   7   5   8   0.0073267367
4   8   1   6   0.0003520640
4   8   1   7   -0.0000000000
4   8   2   5   -0.0000000000
4   8   2   6   -0.0044183754
4   8   2   7   0.0000000000
4   8   3   5   0.0005330166
4   8   3   6   0.0000000000
4   8   3   7   0.0075699913
4   8   4   5   -0.0000000000
4   8   4   6   -0.0492886312
4   8   4   7   0.0000000000
4   8   5   8   -0.0000000000
4   9   1   5   0.0016050762
4   9   1   6   0.0000000000
4   9   1   7   0.0033653495
4   9   2   5   0.0006110094
4   9   2   6   -0.0000000000
4   9   2   7   0.0121777583
4   9   3   5   -0.0000000000
4   9   3   6   -0.0046755723
4   9   3   7   0.0000000000
4   9   4   5   -0.0296254586
4   9   4   6   -0.0000000000
4   9   4   7   0.0662024823
4   9   5   8   0.0095781649
4   10   1   8   -0.0005605729
4   10   2   8   0.0077036440
4   10   3   8   0.0000000000
4   10   4   8   0.0884571062
4   10   5   5   -0.0010106413
4   10   5   6   -0.0000000000
4   10   5   7   0.0078005336
5   6   1   8   0.0120921249
5   6   2   8   0.0107177080
5   6   4   8   0.0033412791
5   6   5   5   -0.0014098708
5   6   5   6   0.0000000000
5   6   5   7   -0.0016764616
5   7   1   8   0.0084530154
5   7   2   8   0.0287084381
5   7   3   8   0.0000000000
5   7   4   8   0.0071449797
5   7   5   5   0.0484438063
5   7   5   6   -0.0000000000
5   7   5   7   0.0301147687
5   8   1   8   0.0000000000
5   8   2   8   0.0000000000
5   8   3   8   0.0065987348
5   8   4   8   -0.0000000000
5   8   5   5   -0.0000000000
5   8   5   6   -0.0507296116
5   8   5   7   0.0000000000
5   9   1   8   0.0026820174
5   9   2   8   0.0076779508
5   9   4   8   0.0098137493
5   9   5   5   -0.0258685376
5   9   5   6   -0.0000000001
5   9   5   7   0.0558459224
5   10   1   5   0.0033661930
5   10   1   6   0.0000000000
5   10   1   7   0.0042500032
5   10   2   5   0.0097861930
5   10   2   6   0.0000000000
5   10   2   7   0.0145309550
5   10   3   5   -0.0000000000
5   10   3   6   -0.0050470409
5   10   3   7   0.0000000000
5   10   4   5   -0.0016435601
5   10   4   6   -0.0000000000
5   10   4   7   0.0074741425
5   10   5   8   0.1076166000

End IJKA Block
Begin IABC Block
1   5   1   5   0.0002245037
1   5   1   6   -0.0000000000
1   5   1   7   -0.0002047442
1   5   2   5   -0.0000000000
1   5   2   6   0.0004151625
1   5   2   7   -0.0000000000
1   5   3   5   -0.0005043570
1   5   3   6   0.0000000000
1   5   3   7   0.0001294878
1   5   4   8   0.0010661072
1   6   1   5   -0.0000000000
1   6   1   6   0.0000275229
1   6   1   7   -0.0000000000
1   6   2   5   0.0004176468
1   6   2   6   0.0000000000
1   6   2   7   0.0002377012
1   6   3   5   0.0000000000
1   6   3   6   -0.0001656059
1   6   3   7   0.0000000000
1   7   1   5   -0.0002078667
1   7   1   6   -0.0000000000
1   7   1   7   -0.0005241234
1   7   2   5   -0.0000000000
1   7   2   6   0.0002388909
1   7   2   7   0.0000000000
1   7   3   5   0.0001314216
1   7   3   6   0.0000000000
1   7   3   7   0.0003012200
1   7   4   8   0.0006408872
1   8   1   8   -0.0002015650
1   8   2   8   -0.0000000000
1   8   3   8   -0.0002033703
1   8   4   5   0.0010787210
1   8   4   7   0.0006490294
2   5   1   5   0.0031935470
2   5   1   6   0.0000000000
2   5   1   7   0.0004768359
2   5   2   5   0.0000000001
2   5   2   6   -0.0005607006
2   5   2   7   0.0000000004
2   5   3   5   0.0011647339
2   5   3   6   -0.0000000001
2   5   3   7   -0.0011970771
2   5   4   8   0.0000966910
2   6   1   5   0.0000000000
2   6   1   6   0.0013900318
2   6   1   7   0.0000000001
2   6   2   5   -0.0005267512
2   6   2   6   -0.0000000000
2   6   2   7   0.0004283011
2   6   3   5   -0.0000000001
2   6   3   6   0.0004490650
2   6   3   7   -0.0000000003
2   6   4   8   -0.0000000000
2   7   1   5   0.0003926026
2   7   1   6   0.0000000001
2   7   1   7   0.0028216759
2   7   2   5   0.0000000004
2   7   2   6   0.0004338894
2   7   2   7   -0.0000000004
2   7   3   5   -0.0012106895
2   7   3   6   -0.0000000003
2   7   3   7   0.0010903724
2   7   4   8   0.0017554512
2   8   1   8   0.0064180458
2   8   2   8   0.0000000000
2   8   3   8   0.0045231763
2   8   4   5   0.0002374457
2   8   4   6   0.0000000000
2   8   4   7   0.0017800411
3   5   1   5   0.0000000000
3   5   1   6   0.0082245427
3   5   1   7   0.0000000001
3   5   2   5   -0.0022297021
3   5   2   6   -0.0000000000
3   5   2   7   -0.0016122819
3   5   3   5   -0.0000000000
3   5   3   6   0.0059427351
3   5   3   7   -0.0000000001
3   6   1   5   0.0081107927
3   6   1   6   -0.0000000000
3   6   1   7   0.0016308546
3   6   2   5   -0.0000000000
3   6   2   6   0.0000718429
3   6   2   7   -0.0000000001
3   6   3   5   0.0058434394
3   6   3   6   0.0000000000
3   6   3   7   0.0025415506
3   6   4   8   0.0009947873
3   7   1   5   0.0000000001
3   7   1   6   0.0018234596
3   7   1   7   -0.0000000001
3   7   2   5   -0.0015139489
3   7   2   6   -0.0000000001
3   7   2   7   -0.0069831157
3   7   3   5   -0.0000000001
3   7   3   6   0.0026945327
3   7   3   7   0.0000000001
3   8   1   8   0.0000000000
3   8   2   8   -0.0089893255
3   8   3   8   -0.0000000000
3   8   4   5   -0.0000000000
3   8   4   6   0.0009509111
3   8   4   7   -0.0000000000
4   5   1   5   0.0027099899
4   5   1   6   0.0000000002
4   5   1   7   -0.0056557852
4   5   2   5   0.0000000002
4   5   2   6   0.0039931347
4   5   2   7   0.0000000007
4   5   3   5   0.0059476566
4   5   3   6   -0.0000000003
4   5   3   7   -0.0012409062
4   5   4   8   0.0007602058
4   6   1   5   0.0000000002
4   6   1   6   0.0025910307
4   6   1   7   0.0000000008
4   6   2   5   0.0039471746
4   6   2   6   -0.0000000000
4   6   2   7   0.0003745158
4   6   3   5   -0.0000000003
4   6   3   6   0.0053273573
4   6   3   7   -0.0000000012
4   6   4   8   0.0000000000
4   7   1   5   -0.0054477876
4   7   1   6   0.0000000008
4   7   1   7   -0.0080147310
4   7   2   5   0.0000000007
4   7   2   6   0.0004886867
4   7   2   7   -0.0000000006
4   7   3   5   -0.0011355138
4   7   3   6   -0.0000000012
4   7   3   7   0.0007594722
4   7   4   8   -0.0010285821
4   8   1   8   -0.0053109070
4   8   2   8   0.0000000001
4   8   3   8   0.0087609128
4   8   4   5   0.0008004494
4   8   4   6   0.0000000000
4   8   4   7   -0.0010319488
5   5   1   8   -0.0061999009
5   5   2   8   -0.0000000000
5   5   3   8   0.0014638459
5   5   4   5   0.0066028259
5   5   4   6   -0.0000000001
5   5   4   7   0.0025482206
5   6   1   8   -0.0000000000
5   6   2   8   -0.0006598659
5   6   3   8   0.0000000000
5   6   4   5   -0.0000000001
5   6   4   6   0.0052927236
5   6   4   7   -0.0000000005
5   7   1   8   0.0006069357
5   7   2   8   0.0000000000
5   7   3   8   -0.0012114375
5   7   4   5   0.0025469852
5   7   4   6   -0.0000000005
5   7   4   7   0.0099195271
5   8   1   5   -0.0060297722
5   8   1   6   0.0000000000
5   8   1   7   0.0006621734
5   8   2   5   0.0000000000
5   8   2   6   -0.0006298629
5   8   2   7   0.0000000000
5   8   3   5   0.0015451462
5   8   3   6   0.0000000000
5   8   3   7   -0.0011647386
5   8   4   8   0.0103510635

End IABC Block
