Begin IJ Block
1   1   -1.6202565490
1   2   0.0000000000
1   3   -0.0975632264
2   2   -1.4775041204
2   3   -0.0000000000
3   3   -1.4412617711

End IJ Block
Begin IA Block
1   2   -0.0563154573
1   3   0.0000000000
1   4   -0.0995497947
1   5   -0.0000000000
2   1   -0.1361860071
2   2   0.0000000000
2   3   -0.0517079736
2   4   0.0000000000
2   5   0.0798418082
3   1   -0.0000000000
3   2   0.1215533252
3   3   0.0000000000
3   4   0.0092183846
3   5   0.0000000000

End IA Block
Begin AB Block
1   1   -1.3375812996
1   2   0.0000000000
1   3   0.1536794942
1   4   -0.0000000000
1   5   -0.0205313099
2   2   -1.1789836590
2   4   0.0613028218
2   5   0.0000000000
3   3   -1.1273074410
3   4   0.0000000000
3   5   -0.1648906010
4   4   -0.8328351422
4   5   -0.0000000000
5   5   -0.7605434830

End AB Block
Begin IJAB Block
1   4   1   6   0.0613799626
1   4   1   8   -0.0241069548
1   4   1   10   -0.0086589423
1   4   2   7   0.0357655038
1   4   2   9   -0.0031088298
1   4   3   6   -0.0241069548
1   4   3   8   0.0419565527
1   4   3   10   0.0132194349
1   4   4   7   -0.0031088298
1   4   4   9   0.0134216561
1   4   5   6   -0.0086589423
1   4   5   8   0.0132194349
1   4   5   10   0.0117765394
1   5   1   7   0.0377882524
1   5   1   8   -0.0000000000
1   5   1   9   0.0013966108
1   5   2   6   0.0230438846
1   5   2   8   0.0275385556
1   5   2   10   0.0083041136
1   5   3   7   0.0164498684
1   5   3   8   0.0000000000
1   5   3   9   0.0006170413
1   5   4   6   0.0034661505
1   5   4   8   -0.0000582796
1   5   4   9   -0.0000000000
1   5   4   10   -0.0097154811
1   5   5   7   0.0058414561
1   5   5   8   -0.0000000000
1   5   5   9   -0.0089284248
1   5   5   10   -0.0000000000
1   6   1   6   0.0101399586
1   6   1   8   -0.0469227977
1   6   1   9   0.0000000000
1   6   1   10   -0.0228216293
1   6   2   7   -0.0155892267
1   6   2   9   -0.0045647204
1   6   3   6   -0.0257830252
1   6   3   7   -0.0000000000
1   6   3   8   0.0158638347
1   6   3   10   0.0113280507
1   6   4   7   -0.0060975415
1   6   4   8   -0.0000000000
1   6   4   9   0.0020135251
1   6   4   10   -0.0000000000
1   6   5   6   -0.0208042547
1   6   5   7   0.0000000000
1   6   5   8   0.0109171525
1   6   5   9   -0.0000000000
1   6   5   10   -0.0040139149
2   4   1   7   0.0230438846
2   4   1   9   0.0034661505
2   4   2   6   0.0377882524
2   4   2   8   0.0164498684
2   4   2   10   0.0058414561
2   4   3   6   -0.0000000000
2   4   3   7   0.0275385556
2   4   3   8   0.0000000000
2   4   3   9   -0.0000582796
2   4   3   10   -0.0000000000
2   4   4   6   0.0013966108
2   4   4   8   0.0006170413
2   4   4   9   -0.0000000000
2   4   4   10   -0.0089284248
2   4   5   7   0.0083041136
2   4   5   9   -0.0097154811
2   4   5   10   -0.0000000000
2   5   1   6   0.0567941632
2   5   1   8   0.0109127751
2   5   1   10   0.0153473317
2   5   2   7   0.0547024311
2   5   2   8   0.0000000000
2   5   2   9   -0.0002384072
2   5   3   6   0.0109127751
2   5   3   7   0.0000000000
2   5   3   8   0.0298310107
2   5   3   9   0.0000000000
2   5   3   10   0.0030871781
2   5   4   7   -0.0002384072
2   5   4   8   0.0000000000
2   5   4   9   0.0110559939
2   5   4   10   0.0000000000
2   5   5   6   0.0153473317
2   5   5   8   0.0030871781
2   5   5   9   0.0000000000
2   5   5   10   0.0172440578
2   6   1   7   -0.0477331265
2   6   1   9   0.0154407524
2   6   2   6   -0.0211988785
2   6   2   8   -0.0314002253
2   6   2   10   -0.0147490249
2   6   3   7   -0.0137164554
2   6   3   8   -0.0000000000
2   6   3   9   -0.0074028935
2   6   3   10   0.0000000000
2   6   4   6   0.0149424500
2   6   4   7   -0.0000000000
2   6   4   8   -0.0066330458
2   6   4   9   0.0000000000
2   6   4   10   0.0094309284
2   6   5   7   -0.0120503403
2   6   5   8   0.0000000000
2   6   5   9   0.0085535043
2   6   5   10   0.0000000000
3   4   1   6   0.0101399586
3   4   1   8   -0.0257830252
3   4   1   10   -0.0208042547
3   4   2   7   -0.0155892267
3   4   2   8   -0.0000000000
3   4   2   9   -0.0060975415
3   4   2   10   0.0000000000
3   4   3   6   -0.0469227977
3   4   3   8   0.0158638347
3   4   3   9   -0.0000000000
3   4   3   10   0.0109171525
3   4   4   6   0.0000000000
3   4   4   7   -0.0045647204
3   4   4   9   0.0020135251
3   4   4   10   -0.0000000000
3   4   5   6   -0.0228216293
3   4   5   8   0.0113280507
3   4   5   9   -0.0000000000
3   4   5   10   -0.0040139149
3   5   1   7   -0.0211988785
3   5   1   9   0.0149424500
3   5   2   6   -0.0477331265
3   5   2   8   -0.0137164554
3   5   2   9   -0.0000000000
3   5   2   10   -0.0120503403
3   5   3   7   -0.0314002253
3   5   3   8   -0.0000000000
3   5   3   9   -0.0066330458
3   5   3   10   0.0000000000
3   5   4   6   0.0154407524
3   5   4   8   -0.0074028935
3   5   4   9   0.0000000000
3   5   4   10   0.0085535043
3   5   5   7   -0.0147490249
3   5   5   8   0.0000000000
3   5   5   9   0.0094309284
3   5   5   10   0.0000000000
3   6   1   6   0.0609894253
3   6   1   8   -0.0159932623
3   6   1   10   0.0109973715
3   6   2   7   0.0489888913
3   6   2   8   0.0000000000
3   6   2   9   -0.0141254004
3   6   2   10   -0.0000000000
3   6   3   6   -0.0159932623
3   6   3   7   0.0000000000
3   6   3   8   0.0455173607
3   6   3   9   0.0000000000
3   6   3   10   0.0139646567
3   6   4   7   -0.0141254004
3   6   4   8   0.0000000000
3   6   4   9   0.0141049546
3   6   4   10   0.0000000000
3   6   5   6   0.0109973715
3   6   5   7   -0.0000000000
3   6   5   8   0.0139646567
3   6   5   9   0.0000000000
3   6   5   10   0.0205988386

End IJAB Block
Begin IJKL Block
1   4   1   4   0.3010552935
1   4   1   6   0.0580222284
1   4   2   5   0.1009218843
1   4   3   4   0.0580222284
1   4   3   6   0.0863331450
1   5   1   5   0.2376733713
1   5   2   4   0.1009218843
1   5   2   6   -0.0817307957
1   5   3   5   -0.0325136240
1   6   1   4   0.0580222284
1   6   1   6   0.2609227198
1   6   2   5   -0.0817307957
1   6   3   4   0.0863331450
1   6   3   6   0.0228374503
2   4   1   5   0.1009218843
2   4   2   4   0.2376733713
2   4   2   6   -0.0325136240
2   4   3   5   -0.0817307957
2   5   1   4   0.1009218843
2   5   1   6   -0.0817307957
2   5   2   5   0.2698035278
2   5   3   4   -0.0817307957
2   5   3   6   0.0957249054
2   6   1   5   -0.0817307957
2   6   2   4   -0.0325136240
2   6   2   6   0.2378977472
2   6   3   5   0.0957249054
3   4   1   4   0.0580222284
3   4   1   6   0.0863331450
3   4   2   5   -0.0817307957
3   4   3   4   0.2609227198
3   4   3   6   0.0228374503
3   5   1   5   -0.0325136240
3   5   2   4   -0.0817307957
3   5   2   6   0.0957249054
3   5   3   5   0.2378977472
3   6   1   4   0.0863331450
3   6   1   6   0.0228374503
3   6   2   5   0.0957249054
3   6   3   4   0.0228374503
3   6   3   6   0.2565221985

End IJKL Block
Begin ABCD Block
1   6   1   6   0.2404030904
1   6   1   7   -0.0000000000
1   6   1   8   -0.0304997767
1   6   1   9   0.0000000000
1   6   1   10   0.0055383277
1   6   2   6   -0.0000000000
1   6   2   7   0.0760083134
1   6   2   8   -0.0000000000
1   6   2   9   -0.0101424596
1   6   2   10   -0.0000000000
1   6   3   6   -0.0304997767
1   6   3   7   -0.0000000000
1   6   3   8   0.0562218201
1   6   3   9   0.0000000000
1   6   3   10   0.0215801092
1   6   4   6   0.0000000000
1   6   4   7   -0.0101424596
1   6   4   8   0.0000000000
1   6   4   9   0.0099237386
1   6   4   10   0.0000000000
1   6   5   6   0.0055383277
1   6   5   7   -0.0000000000
1   6   5   8   0.0215801092
1   6   5   9   0.0000000000
1   6   5   10   0.0207124349
1   7   1   6   -0.0000000000
1   7   1   7   0.2179986243
1   7   1   8   -0.0000000000
1   7   1   9   -0.0140556285
1   7   1   10   -0.0000000000
1   7   2   6   0.0760083134
1   7   2   7   -0.0000000000
1   7   2   8   0.0614800900
1   7   2   9   0.0000000000
1   7   2   10   0.0193403962
1   7   3   6   -0.0000000000
1   7   3   7   0.0027816187
1   7   3   8   0.0000000000
1   7   3   9   0.0067306300
1   7   3   10   -0.0000000000
1   7   4   6   -0.0101424596
1   7   4   7   0.0000000000
1   7   4   8   -0.0010822161
1   7   4   9   -0.0000000000
1   7   4   10   -0.0071010103
1   7   5   6   -0.0000000000
1   7   5   7   0.0146141388
1   7   5   8   -0.0000000000
1   7   5   9   -0.0048514418
1   7   5   10   -0.0000000000
1   8   1   6   -0.0304997767
1   8   1   7   -0.0000000000
1   8   1   8   0.2266956112
1   8   1   9   -0.0000000000
1   8   1   10   0.0317510404
1   8   2   6   -0.0000000000
1   8   2   7   0.0614800900
1   8   2   8   0.0000000000
1   8   2   9   0.0115598405
1   8   2   10   -0.0000000000
1   8   3   6   0.0562218201
1   8   3   7   0.0000000000
1   8   3   8   -0.0412994545
1   8   3   10   -0.0233473791
1   8   4   6   0.0000000000
1   8   4   7   -0.0010822161
1   8   4   8   -0.0000000000
1   8   4   9   -0.0029100666
1   8   4   10   0.0000000000
1   8   5   6   0.0215801092
1   8   5   7   -0.0000000000
1   8   5   8   -0.0090600045
1   8   5   9   -0.0000000000
1   8   5   10   -0.0034678574
1   9   1   6   0.0000000000
1   9   1   7   -0.0140556285
1   9   1   8   -0.0000000000
1   9   1   9   0.1846616347
1   9   1   10   0.0000000000
1   9   2   6   -0.0101424596
1   9   2   7   0.0000000000
1   9   2   8   0.0115598405
1   9   2   9   -0.0000000000
1   9   2   10   -0.0536014681
1   9   3   6   0.0000000000
1   9   3   7   0.0067306300
1   9   3   9   -0.0232843517
1   9   3   10   0.0000000000
1   9   4   6   0.0099237386
1   9   4   7   -0.0000000000
1   9   4   8   -0.0029100666
1   9   4   9   0.0000000000
1   9   4   10   0.0054527673
1   9   5   6   0.0000000000
1   9   5   7   -0.0048514418
1   9   5   8   -0.0000000000
1   9   5   9   0.0022653984
1   9   5   10   0.0000000001
1   10   1   6   0.0055383277
1   10   1   7   -0.0000000000
1   10   1   8   0.0317510404
1   10   1   9   0.0000000000
1   10   1   10   0.1822570051
1   10   2   6   -0.0000000000
1   10   2   7   0.0193403962
1   10   2   8   -0.0000000000
1   10   2   9   -0.0536014681
1   10   2   10   -0.0000000000
1   10   3   6   0.0215801092
1   10   3   7   -0.0000000000
1   10   3   8   -0.0233473791
1   10   3   9   0.0000000000
1   10   3   10   0.0008235889
1   10   4   6   0.0000000000
1   10   4   7   -0.0071010103
1   10   4   8   0.0000000000
1   10   4   9   0.0054527673
1   10   4   10   0.0000000001
1   10   5   6   0.0207124349
1   10   5   7   -0.0000000000
1   10   5   8   -0.0034678574
1   10   5   9   0.0000000001
1   10   5   10   0.0131196675
2   6   1   6   -0.0000000000
2   6   1   7   0.0760083134
2   6   1   8   -0.0000000000
2   6   1   9   -0.0101424596
2   6   1   10   -0.0000000000
2   6   2   6   0.2179986243
2   6   2   7   -0.0000000000
2   6   2   8   0.0027816187
2   6   2   9   0.0000000000
2   6   2   10   0.0146141388
2   6   3   6   -0.0000000000
2   6   3   7   0.0614800900
2   6   3   8   0.0000000000
2   6   3   9   -0.0010822161
2   6   3   10   -0.0000000000
2   6   4   6   -0.0140556285
2   6   4   7   0.0000000000
2   6   4   8   0.0067306300
2   6   4   9   -0.0000000000
2   6   4   10   -0.0048514418
2   6   5   6   -0.0000000000
2   6   5   7   0.0193403962
2   6   5   8   -0.0000000000
2   6   5   9   -0.0071010103
2   6   5   10   -0.0000000000
2   7   1   6   0.0760083134
2   7   1   7   -0.0000000000
2   7   1   8   0.0614800900
2   7   1   9   0.0000000000
2   7   1   10   0.0193403962
2   7   2   6   -0.0000000000
2   7   2   7   0.2237968838
2   7   2   8   0.0000000000
2   7   2   9   -0.0069534234
2   7   2   10   -0.0000000000
2   7   3   6   0.0614800900
2   7   3   7   0.0000000000
2   7   3   8   0.0633373367
2   7   3   9   0.0000000000
2   7   3   10   0.0142467301
2   7   4   6   0.0000000000
2   7   4   7   -0.0069534234
2   7   4   8   0.0000000000
2   7   4   9   0.0074015316
2   7   4   10   0.0000000000
2   7   5   6   0.0193403962
2   7   5   7   -0.0000000000
2   7   5   8   0.0142467301
2   7   5   9   0.0000000000
2   7   5   10   0.0147141460
2   8   1   6   -0.0000000000
2   8   1   7   0.0614800900
2   8   1   8   0.0000000000
2   8   1   9   0.0115598405
2   8   1   10   -0.0000000000
2   8   2   6   0.0027816187
2   8   2   7   0.0000000000
2   8   2   8   0.2071298330
2   8   2   9   0.0000000000
2   8   2   10   0.0177102717
2   8   3   6   0.0000000000
2   8   3   7   0.0633373367
2   8   3   8   0.0000000000
2   8   3   9   0.0080476553
2   8   3   10   -0.0000000000
2   8   4   6   0.0067306300
2   8   4   7   0.0000000000
2   8   4   8   -0.0085225075
2   8   4   9   0.0000000000
2   8   4   10   -0.0071744754
2   8   5   6   -0.0000000000
2   8   5   7   0.0142467301
2   8   5   8   0.0000000000
2   8   5   9   -0.0031586547
2   8   5   10   -0.0000000000
2   9   1   6   -0.0101424596
2   9   1   7   0.0000000000
2   9   1   8   0.0115598405
2   9   1   9   -0.0000000000
2   9   1   10   -0.0536014681
2   9   2   6   0.0000000000
2   9   2   7   -0.0069534234
2   9   2   8   0.0000000000
2   9   2   9   0.1724512502
2   9   2   10   0.0000000000
2   9   3   6   -0.0010822161
2   9   3   7   0.0000000000
2   9   3   8   0.0080476553
2   9   3   9   -0.0000000000
2   9   3   10   -0.0495305499
2   9   4   6   -0.0000000000
2   9   4   7   0.0074015316
2   9   4   8   0.0000000000
2   9   4   9   -0.0087773106
2   9   4   10   -0.0000000001
2   9   5   6   -0.0071010103
2   9   5   7   0.0000000000
2   9   5   8   -0.0031586547
2   9   5   9   -0.0000000001
2   9   5   10   -0.0149960241
2   10   1   6   -0.0000000000
2   10   1   7   0.0193403962
2   10   1   8   -0.0000000000
2   10   1   9   -0.0536014681
2   10   1   10   -0.0000000000
2   10   2   6   0.0146141388
2   10   2   7   -0.0000000000
2   10   2   8   0.0177102717
2   10   2   9   0.0000000000
2   10   2   10   0.1785810902
2   10   3   6   -0.0000000000
2   10   3   7   0.0142467301
2   10   3   8   -0.0000000000
2   10   3   9   -0.0495305499
2   10   3   10   0.0000000000
2   10   4   6   -0.0048514418
2   10   4   7   0.0000000000
2   10   4   8   -0.0071744754
2   10   4   9   -0.0000000001
2   10   4   10   -0.0092669820
2   10   5   6   -0.0000000000
2   10   5   7   0.0147141460
2   10   5   8   -0.0000000000
2   10   5   9   -0.0149960241
2   10   5   10   -0.0000000001
3   6   1   6   -0.0304997767
3   6   1   7   -0.0000000000
3   6   1   8   0.0562218201
3   6   1   9   0.0000000000
3   6   1   10   0.0215801092
3   6   2   6   -0.0000000000
3   6   2   7   0.0614800900
3   6   2   8   0.0000000000
3   6   2   9   -0.0010822161
3   6   2   10   -0.0000000000
3   6   3   6   0.2266956112
3   6   3   7   0.0000000000
3   6   3   8   -0.0412994545
3   6   3   9   -0.0000000000
3   6   3   10   -0.0090600045
3   6   4   6   -0.0000000000
3   6   4   7   0.0115598405
3   6   4   9   -0.0029100666
3   6   4   10   -0.0000000000
3   6   5   6   0.0317510404
3   6   5   7   -0.0000000000
3   6   5   8   -0.0233473791
3   6   5   9   0.0000000000
3   6   5   10   -0.0034678574
3   7   1   6   -0.0000000000
3   7   1   7   0.0027816187
3   7   1   8   0.0000000000
3   7   1   9   0.0067306300
3   7   1   10   -0.0000000000
3   7   2   6   0.0614800900
3   7   2   7   0.0000000000
3   7   2   8   0.0633373367
3   7   2   9   0.0000000000
3   7   2   10   0.0142467301
3   7   3   6   0.0000000000
3   7   3   7   0.2071298330
3   7   3   8   0.0000000000
3   7   3   9   -0.0085225075
3   7   3   10   0.0000000000
3   7   4   6   0.0115598405
3   7   4   7   0.0000000000
3   7   4   8   0.0080476553
3   7   4   9   0.0000000000
3   7   4   10   -0.0031586547
3   7   5   6   -0.0000000000
3   7   5   7   0.0177102717
3   7   5   8   -0.0000000000
3   7   5   9   -0.0071744754
3   7   5   10   -0.0000000000
3   8   1   6   0.0562218201
3   8   1   7   0.0000000000
3   8   1   8   -0.0412994545
3   8   1   10   -0.0233473791
3   8   2   6   0.0000000000
3   8   2   7   0.0633373367
3   8   2   8   0.0000000000
3   8   2   9   0.0080476553
3   8   2   10   -0.0000000000
3   8   3   6   -0.0412994545
3   8   3   7   0.0000000000
3   8   3   8   0.2324412216
3   8   3   9   0.0000000000
3   8   3   10   0.0316343042
3   8   4   7   0.0080476553
3   8   4   8   0.0000000000
3   8   4   9   0.0091797663
3   8   4   10   0.0000000000
3   8   5   6   -0.0233473791
3   8   5   7   -0.0000000000
3   8   5   8   0.0316343042
3   8   5   9   0.0000000000
3   8   5   10   0.0163452158
3   9   1   6   0.0000000000
3   9   1   7   0.0067306300
3   9   1   9   -0.0232843517
3   9   1   10   0.0000000000
3   9   2   6   -0.0010822161
3   9   2   7   0.0000000000
3   9   2   8   0.0080476553
3   9   2   9   -0.0000000000
3   9   2   10   -0.0495305499
3   9   3   6   -0.0000000000
3   9   3   7   -0.0085225075
3   9   3   8   0.0000000000
3   9   3   9   0.1814884345
3   9   3   10   -0.0000000001
3   9   4   6   -0.0029100666
3   9   4   7   0.0000000000
3   9   4   8   0.0091797663
3   9   4   9   0.0000000001
3   9   4   10   -0.0062445216
3   9   5   6   0.0000000000
3   9   5   7   -0.0071744754
3   9   5   8   0.0000000000
3   9   5   9   0.0190098047
3   9   5   10   0.0000000001
3   10   1   6   0.0215801092
3   10   1   7   -0.0000000000
3   10   1   8   -0.0233473791
3   10   1   9   0.0000000000
3   10   1   10   0.0008235889
3   10   2   6   -0.0000000000
3   10   2   7   0.0142467301
3   10   2   8   -0.0000000000
3   10   2   9   -0.0495305499
3   10   2   10   0.0000000000
3   10   3   6   -0.0090600045
3   10   3   7   0.0000000000
3   10   3   8   0.0316343042
3   10   3   9   -0.0000000001
3   10   3   10   0.1696092661
3   10   4   6   -0.0000000000
3   10   4   7   -0.0031586547
3   10   4   8   0.0000000000
3   10   4   9   -0.0062445216
3   10   4   10   0.0000000001
3   10   5   6   -0.0034678574
3   10   5   7   -0.0000000000
3   10   5   8   0.0163452158
3   10   5   9   0.0000000001
3   10   5   10   0.0110536210
4   6   1   6   0.0000000000
4   6   1   7   -0.0101424596
4   6   1   8   0.0000000000
4   6   1   9   0.0099237386
4   6   1   10   0.0000000000
4   6   2   6   -0.0140556285
4   6   2   7   0.0000000000
4   6   2   8   0.0067306300
4   6   2   9   -0.0000000000
4   6   2   10   -0.0048514418
4   6   3   6   -0.0000000000
4   6   3   7   0.0115598405
4   6   3   9   -0.0029100666
4   6   3   10   -0.0000000000
4   6   4   6   0.1846616347
4   6   4   7   -0.0000000000
4   6   4   8   -0.0232843517
4   6   4   9   0.0000000000
4   6   4   10   0.0022653984
4   6   5   6   0.0000000000
4   6   5   7   -0.0536014681
4   6   5   8   0.0000000000
4   6   5   9   0.0054527673
4   6   5   10   0.0000000001
4   7   1   6   -0.0101424596
4   7   1   7   0.0000000000
4   7   1   8   -0.0010822161
4   7   1   9   -0.0000000000
4   7   1   10   -0.0071010103
4   7   2   6   0.0000000000
4   7   2   7   -0.0069534234
4   7   2   8   0.0000000000
4   7   2   9   0.0074015316
4   7   2   10   0.0000000000
4   7   3   6   0.0115598405
4   7   3   7   0.0000000000
4   7   3   8   0.0080476553
4   7   3   9   0.0000000000
4   7   3   10   -0.0031586547
4   7   4   6   -0.0000000000
4   7   4   7   0.1724512502
4   7   4   8   -0.0000000000
4   7   4   9   -0.0087773106
4   7   4   10   -0.0000000001
4   7   5   6   -0.0536014681
4   7   5   7   0.0000000000
4   7   5   8   -0.0495305499
4   7   5   9   -0.0000000001
4   7   5   10   -0.0149960241
4   8   1   6   0.0000000000
4   8   1   7   -0.0010822161
4   8   1   8   -0.0000000000
4   8   1   9   -0.0029100666
4   8   1   10   0.0000000000
4   8   2   6   0.0067306300
4   8   2   7   0.0000000000
4   8   2   8   -0.0085225075
4   8   2   9   0.0000000000
4   8   2   10   -0.0071744754
4   8   3   7   0.0080476553
4   8   3   8   0.0000000000
4   8   3   9   0.0091797663
4   8   3   10   0.0000000000
4   8   4   6   -0.0232843517
4   8   4   7   -0.0000000000
4   8   4   8   0.1814884345
4   8   4   9   0.0000000001
4   8   4   10   0.0190098047
4   8   5   6   0.0000000000
4   8   5   7   -0.0495305499
4   8   5   8   -0.0000000001
4   8   5   9   -0.0062445216
4   8   5   10   0.0000000001
4   9   1   6   0.0099237386
4   9   1   7   -0.0000000000
4   9   1   8   -0.0029100666
4   9   1   9   0.0000000000
4   9   1   10   0.0054527673
4   9   2   6   -0.0000000000
4   9   2   7   0.0074015316
4   9   2   8   0.0000000000
4   9   2   9   -0.0087773106
4   9   2   10   -0.0000000001
4   9   3   6   -0.0029100666
4   9   3   7   0.0000000000
4   9   3   8   0.0091797663
4   9   3   9   0.0000000001
4   9   3   10   -0.0062445216
4   9   4   6   0.0000000000
4   9   4   7   -0.0087773106
4   9   4   8   0.0000000001
4   9   4   9   0.1702787120
4   9   4   10   0.0000000002
4   9   5   6   0.0054527673
4   9   5   7   -0.0000000001
4   9   5   8   -0.0062445216
4   9   5   9   0.0000000002
4   9   5   10   0.0541634052
4   10   1   6   0.0000000000
4   10   1   7   -0.0071010103
4   10   1   8   0.0000000000
4   10   1   9   0.0054527673
4   10   1   10   0.0000000001
4   10   2   6   -0.0048514418
4   10   2   7   0.0000000000
4   10   2   8   -0.0071744754
4   10   2   9   -0.0000000001
4   10   2   10   -0.0092669820
4   10   3   6   -0.0000000000
4   10   3   7   -0.0031586547
4   10   3   8   0.0000000000
4   10   3   9   -0.0062445216
4   10   3   10   0.0000000001
4   10   4   6   0.0022653984
4   10   4   7   -0.0000000001
4   10   4   8   0.0190098047
4   10   4   9   0.0000000002
4   10   4   10   0.1571303850
4   10   5   6   0.0000000001
4   10   5   7   -0.0149960241
4   10   5   8   0.0000000001
4   10   5   9   0.0541634052
4   10   5   10   0.0000000002
5   6   1   6   0.0055383277
5   6   1   7   -0.0000000000
5   6   1   8   0.0215801092
5   6   1   9   0.0000000000
5   6   1   10   0.0207124349
5   6   2   6   -0.0000000000
5   6   2   7   0.0193403962
5   6   2   8   -0.0000000000
5   6   2   9   -0.0071010103
5   6   2   10   -0.0000000000
5   6   3   6   0.0317510404
5   6   3   7   -0.0000000000
5   6   3   8   -0.0233473791
5   6   3   9   0.0000000000
5   6   3   10   -0.0034678574
5   6   4   6   0.0000000000
5   6   4   7   -0.0536014681
5   6   4   8   0.0000000000
5   6   4   9   0.0054527673
5   6   4   10   0.0000000001
5   6   5   6   0.1822570051
5   6   5   7   -0.0000000000
5   6   5   8   0.0008235889
5   6   5   9   0.0000000001
5   6   5   10   0.0131196675
5   7   1   6   -0.0000000000
5   7   1   7   0.0146141388
5   7   1   8   -0.0000000000
5   7   1   9   -0.0048514418
5   7   1   10   -0.0000000000
5   7   2   6   0.0193403962
5   7   2   7   -0.0000000000
5   7   2   8   0.0142467301
5   7   2   9   0.0000000000
5   7   2   10   0.0147141460
5   7   3   6   -0.0000000000
5   7   3   7   0.0177102717
5   7   3   8   -0.0000000000
5   7   3   9   -0.0071744754
5   7   3   10   -0.0000000000
5   7   4   6   -0.0536014681
5   7   4   7   0.0000000000
5   7   4   8   -0.0495305499
5   7   4   9   -0.0000000001
5   7   4   10   -0.0149960241
5   7   5   6   -0.0000000000
5   7   5   7   0.1785810902
5   7   5   8   0.0000000000
5   7   5   9   -0.0092669820
5   7   5   10   -0.0000000001
5   8   1   6   0.0215801092
5   8   1   7   -0.0000000000
5   8   1   8   -0.0090600045
5   8   1   9   -0.0000000000
5   8   1   10   -0.0034678574
5   8   2   6   -0.0000000000
5   8   2   7   0.0142467301
5   8   2   8   0.0000000000
5   8   2   9   -0.0031586547
5   8   2   10   -0.0000000000
5   8   3   6   -0.0233473791
5   8   3   7   -0.0000000000
5   8   3   8   0.0316343042
5   8   3   9   0.0000000000
5   8   3   10   0.0163452158
5   8   4   6   0.0000000000
5   8   4   7   -0.0495305499
5   8   4   8   -0.0000000001
5   8   4   9   -0.0062445216
5   8   4   10   0.0000000001
5   8   5   6   0.0008235889
5   8   5   7   0.0000000000
5   8   5   8   0.1696092661
5   8   5   9   0.0000000001
5   8   5   10   0.0110536210
5   9   1   6   0.0000000000
5   9   1   7   -0.0048514418
5   9   1   8   -0.0000000000
5   9   1   9   0.0022653984
5   9   1   10   0.0000000001
5   9   2   6   -0.0071010103
5   9   2   7   0.0000000000
5   9   2   8   -0.0031586547
5   9   2   9   -0.0000000001
5   9   2   10   -0.0149960241
5   9   3   6   0.0000000000
5   9   3   7   -0.0071744754
5   9   3   8   0.0000000000
5   9   3   9   0.0190098047
5   9   3   10   0.0000000001
5   9   4   6   0.0054527673
5   9   4   7   -0.0000000001
5   9   4   8   -0.0062445216
5   9   4   9   0.0000000002
5   9   4   10   0.0541634052
5   9   5   6   0.0000000001
5   9   5   7   -0.0092669820
5   9   5   8   0.0000000001
5   9   5   9   0.1571303850
5   9   5   10   0.0000000002
5   10   1   6   0.0207124349
5   10   1   7   -0.0000000000
5   10   1   8   -0.0034678574
5   10   1   9   0.0000000001
5   10   1   10   0.0131196675
5   10   2   6   -0.0000000000
5   10   2   7   0.0147141460
5   10   2   8   -0.0000000000
5   10   2   9   -0.0149960241
5   10   2   10   -0.0000000001
5   10   3   6   -0.0034678574
5   10   3   7   -0.0000000000
5   10   3   8   0.0163452158
5   10   3   9   0.0000000001
5   10   3   10   0.0110536210
5   10   4   6   0.0000000001
5   10   4   7   -0.0149960241
5   10   4   8   0.0000000001
5   10   4   9   0.0541634052
5   10   4   10   0.0000000002
5   10   5   6   0.0131196675
5   10   5   7   -0.0000000001
5   10   5   8   0.0110536210
5   10   5   9   0.0000000002
5   10   5   10   0.1676405675

End ABCD Block
Begin AIJB Block
1   4   1   6   0.0613799626
1   4   1   8   -0.0241069548
1   4   1   10   -0.0086589423
1   4   2   7   0.0230438846
1   4   2   9   0.0034661505
1   4   3   6   0.0101399586
1   4   3   8   -0.0257830252
1   4   3   10   -0.0208042547
1   5   1   7   0.0377882524
1   5   1   8   -0.0000000000
1   5   1   9   0.0013966108
1   5   2   6   0.0567941632
1   5   2   8   0.0109127751
1   5   2   10   0.0153473317
1   5   3   7   -0.0211988785
1   5   3   9   0.0149424500
1   6   1   6   0.0101399586
1   6   1   8   -0.0469227977
1   6   1   9   0.0000000000
1   6   1   10   -0.0228216293
1   6   2   7   -0.0477331265
1   6   2   9   0.0154407524
1   6   3   6   0.0609894253
1   6   3   8   -0.0159932623
1   6   3   10   0.0109973715
2   4   1   7   0.0357655038
2   4   1   9   -0.0031088298
2   4   2   6   0.0377882524
2   4   2   8   0.0164498684
2   4   2   10   0.0058414561
2   4   3   7   -0.0155892267
2   4   3   8   -0.0000000000
2   4   3   9   -0.0060975415
2   4   3   10   0.0000000000
2   5   1   6   0.0230438846
2   5   1   8   0.0275385556
2   5   1   10   0.0083041136
2   5   2   7   0.0547024311
2   5   2   8   0.0000000000
2   5   2   9   -0.0002384072
2   5   3   6   -0.0477331265
2   5   3   8   -0.0137164554
2   5   3   9   -0.0000000000
2   5   3   10   -0.0120503403
2   6   1   7   -0.0155892267
2   6   1   9   -0.0045647204
2   6   2   6   -0.0211988785
2   6   2   8   -0.0314002253
2   6   2   10   -0.0147490249
2   6   3   7   0.0489888913
2   6   3   8   0.0000000000
2   6   3   9   -0.0141254004
2   6   3   10   -0.0000000000
3   4   1   6   -0.0241069548
3   4   1   8   0.0419565527
3   4   1   10   0.0132194349
3   4   2   6   -0.0000000000
3   4   2   7   0.0275385556
3   4   2   8   0.0000000000
3   4   2   9   -0.0000582796
3   4   2   10   -0.0000000000
3   4   3   6   -0.0469227977
3   4   3   8   0.0158638347
3   4   3   9   -0.0000000000
3   4   3   10   0.0109171525
3   5   1   7   0.0164498684
3   5   1   8   0.0000000000
3   5   1   9   0.0006170413
3   5   2   6   0.0109127751
3   5   2   7   0.0000000000
3   5   2   8   0.0298310107
3   5   2   9   0.0000000000
3   5   2   10   0.0030871781
3   5   3   7   -0.0314002253
3   5   3   8   -0.0000000000
3   5   3   9   -0.0066330458
3   5   3   10   0.0000000000
3   6   1   6   -0.0257830252
3   6   1   7   -0.0000000000
3   6   1   8   0.0158638347
3   6   1   10   0.0113280507
3   6   2   7   -0.0137164554
3   6   2   8   -0.0000000000
3   6   2   9   -0.0074028935
3   6   2   10   0.0000000000
3   6   3   6   -0.0159932623
3   6   3   7   0.0000000000
3   6   3   8   0.0455173607
3   6   3   9   0.0000000000
3   6   3   10   0.0139646567
4   4   1   7   -0.0031088298
4   4   1   9   0.0134216561
4   4   2   6   0.0013966108
4   4   2   8   0.0006170413
4   4   2   9   -0.0000000000
4   4   2   10   -0.0089284248
4   4   3   6   0.0000000000
4   4   3   7   -0.0045647204
4   4   3   9   0.0020135251
4   4   3   10   -0.0000000000
4   5   1   6   0.0034661505
4   5   1   8   -0.0000582796
4   5   1   9   -0.0000000000
4   5   1   10   -0.0097154811
4   5   2   7   -0.0002384072
4   5   2   8   0.0000000000
4   5   2   9   0.0110559939
4   5   2   10   0.0000000000
4   5   3   6   0.0154407524
4   5   3   8   -0.0074028935
4   5   3   9   0.0000000000
4   5   3   10   0.0085535043
4   6   1   7   -0.0060975415
4   6   1   8   -0.0000000000
4   6   1   9   0.0020135251
4   6   1   10   -0.0000000000
4   6   2   6   0.0149424500
4   6   2   7   -0.0000000000
4   6   2   8   -0.0066330458
4   6   2   9   0.0000000000
4   6   2   10   0.0094309284
4   6   3   7   -0.0141254004
4   6   3   8   0.0000000000
4   6   3   9   0.0141049546
4   6   3   10   0.0000000000
5   4   1   6   -0.0086589423
5   4   1   8   0.0132194349
5   4   1   10   0.0117765394
5   4   2   7   0.0083041136
5   4   2   9   -0.0097154811
5   4   2   10   -0.0000000000
5   4   3   6   -0.0228216293
5   4   3   8   0.0113280507
5   4   3   9   -0.0000000000
5   4   3   10   -0.0040139149
5   5   1   7   0.0058414561
5   5   1   8   -0.0000000000
5   5   1   9   -0.0089284248
5   5   1   10   -0.0000000000
5   5   2   6   0.0153473317
5   5   2   8   0.0030871781
5   5   2   9   0.0000000000
5   5   2   10   0.0172440578
5   5   3   7   -0.0147490249
5   5   3   8   0.0000000000
5   5   3   9   0.0094309284
5   5   3   10   0.0000000000
5   6   1   6   -0.0208042547
5   6   1   7   0.0000000000
5   6   1   8   0.0109171525
5   6   1   9   -0.0000000000
5   6   1   10   -0.0040139149
5   6   2   7   -0.0120503403
5   6   2   8   0.0000000000
5   6   2   9   0.0085535043
5   6   2   10   0.0000000000
5   6   3   6   0.0109973715
5   6   3   7   -0.0000000000
5   6   3   8   0.0139646567
5   6   3   9   0.0000000000
5   6   3   10   0.0205988386

1   4   4   1   -0.2525798869
1   4   4   2   0.0000000000
1   4   4   3   0.0627619654
1   4   4   4   -0.0000000000
1   4   4   5   0.0112843532
1   4   5   2   -0.0737790906
1   4   5   3   0.0000000000
1   4   5   4   0.0036359342
1   4   5   5   0.0000000000
1   4   6   1   -0.0205613121
1   4   6   3   0.0623081233
1   4   6   5   0.0308511004
1   5   4   2   -0.0737790906
1   5   4   3   0.0000000000
1   5   4   4   0.0036359342
1   5   4   5   0.0000000000
1   5   5   1   -0.2299373104
1   5   5   2   0.0000000000
1   5   5   3   -0.0034077394
1   5   5   4   -0.0000000000
1   5   5   5   -0.0221581122
1   5   6   2   0.0777097270
1   5   6   4   -0.0147755110
1   5   6   5   -0.0000000000
1   6   4   1   -0.0205613121
1   6   4   3   0.0623081233
1   6   4   5   0.0308511004
1   6   5   2   0.0777097270
1   6   5   4   -0.0147755110
1   6   5   5   -0.0000000000
1   6   6   1   -0.2387494038
1   6   6   2   0.0000000000
1   6   6   3   0.0320792420
1   6   6   4   -0.0000000000
1   6   6   5   -0.0082347764
2   4   4   1   0.0000000000
2   4   4   2   -0.2230344585
2   4   4   4   0.0138958918
2   4   4   5   -0.0000000000
2   4   5   1   -0.0737790906
2   4   5   2   0.0000000000
2   4   5   3   -0.0724384668
2   4   5   5   -0.0228810668
2   4   6   2   0.0145661598
2   4   6   3   -0.0000000000
2   4   6   4   0.0060250032
2   4   6   5   -0.0000000000
2   5   4   1   -0.0737790906
2   5   4   2   0.0000000000
2   5   4   3   -0.0724384668
2   5   4   5   -0.0228810668
2   5   5   1   0.0000000000
2   5   5   2   -0.2369939959
2   5   5   4   0.0084507926
2   5   5   5   0.0000000000
2   5   6   1   0.0777097270
2   5   6   3   0.0641067487
2   5   6   4   0.0000000000
2   5   6   5   0.0233045460
2   6   4   2   0.0145661598
2   6   4   3   -0.0000000000
2   6   4   4   0.0060250032
2   6   4   5   -0.0000000000
2   6   5   1   0.0777097270
2   6   5   3   0.0641067487
2   6   5   4   0.0000000000
2   6   5   5   0.0233045460
2   6   6   1   0.0000000000
2   6   6   2   -0.2207780171
2   6   6   3   -0.0000000000
2   6   6   4   0.0170410452
2   6   6   5   0.0000000000
3   4   4   1   0.0627619654
3   4   4   3   -0.2567683000
3   4   4   4   0.0000000000
3   4   4   5   -0.0446372291
3   4   5   1   0.0000000000
3   4   5   2   -0.0724384668
3   4   5   3   -0.0000000000
3   4   5   4   -0.0063267598
3   4   5   5   -0.0000000000
3   4   6   1   0.0623081233
3   4   6   2   -0.0000000000
3   4   6   3   -0.0376964764
3   4   6   4   0.0000000000
3   4   6   5   -0.0233221578
3   5   4   1   0.0000000000
3   5   4   2   -0.0724384668
3   5   4   3   -0.0000000000
3   5   4   4   -0.0063267598
3   5   4   5   -0.0000000000
3   5   5   1   -0.0034077394
3   5   5   3   -0.2156716304
3   5   5   4   0.0000000000
3   5   5   5   -0.0198530477
3   5   6   2   0.0641067487
3   5   6   3   0.0000000000
3   5   6   4   0.0135317690
3   5   6   5   -0.0000000000
3   6   4   1   0.0623081233
3   6   4   2   -0.0000000000
3   6   4   3   -0.0376964764
3   6   4   4   0.0000000000
3   6   4   5   -0.0233221578
3   6   5   2   0.0641067487
3   6   5   3   0.0000000000
3   6   5   4   0.0135317690
3   6   5   5   -0.0000000000
3   6   6   1   0.0320792420
3   6   6   2   -0.0000000000
3   6   6   3   -0.2311988990
3   6   6   4   0.0000000000
3   6   6   5   -0.0330906585
4   4   4   1   -0.0000000000
4   4   4   2   0.0138958918
4   4   4   3   0.0000000000
4   4   4   4   -0.2011511580
4   4   4   5   -0.0000000000
4   4   5   1   0.0036359342
4   4   5   3   -0.0063267598
4   4   5   4   0.0000000000
4   4   5   5   0.0598075348
4   4   6   2   0.0060250032
4   4   6   3   0.0000000000
4   4   6   4   -0.0182539047
4   4   6   5   0.0000000000
4   5   4   1   0.0036359342
4   5   4   3   -0.0063267598
4   5   4   4   0.0000000000
4   5   4   5   0.0598075348
4   5   5   1   -0.0000000000
4   5   5   2   0.0084507926
4   5   5   3   0.0000000000
4   5   5   4   -0.1814353969
4   5   5   5   -0.0000000000
4   5   6   1   -0.0147755110
4   5   6   2   0.0000000000
4   5   6   3   0.0135317690
4   5   6   4   -0.0000000000
4   5   6   5   -0.0570507052
4   6   4   2   0.0060250032
4   6   4   3   0.0000000000
4   6   4   4   -0.0182539047
4   6   4   5   0.0000000000
4   6   5   1   -0.0147755110
4   6   5   2   0.0000000000
4   6   5   3   0.0135317690
4   6   5   4   -0.0000000000
4   6   5   5   -0.0570507052
4   6   6   1   -0.0000000000
4   6   6   2   0.0170410452
4   6   6   3   0.0000000000
4   6   6   4   -0.1896379435
5   4   4   1   0.0112843532
5   4   4   2   -0.0000000000
5   4   4   3   -0.0446372291
5   4   4   4   -0.0000000000
5   4   4   5   -0.1769988236
5   4   5   1   0.0000000000
5   4   5   2   -0.0228810668
5   4   5   3   -0.0000000000
5   4   5   4   0.0598075348
5   4   5   5   0.0000000000
5   4   6   1   0.0308511004
5   4   6   2   -0.0000000000
5   4   6   3   -0.0233221578
5   4   6   4   0.0000000000
5   4   6   5   0.0111386403
5   5   4   1   0.0000000000
5   5   4   2   -0.0228810668
5   5   4   3   -0.0000000000
5   5   4   4   0.0598075348
5   5   4   5   0.0000000000
5   5   5   1   -0.0221581122
5   5   5   2   0.0000000000
5   5   5   3   -0.0198530477
5   5   5   4   -0.0000000000
5   5   5   5   -0.1894686944
5   5   6   1   -0.0000000000
5   5   6   2   0.0233045460
5   5   6   3   -0.0000000000
5   5   6   4   -0.0570507052
5   5   6   5   -0.0000000000
5   6   4   1   0.0308511004
5   6   4   2   -0.0000000000
5   6   4   3   -0.0233221578
5   6   4   4   0.0000000000
5   6   4   5   0.0111386403
5   6   5   1   -0.0000000000
5   6   5   2   0.0233045460
5   6   5   3   -0.0000000000
5   6   5   4   -0.0570507052
5   6   5   5   -0.0000000000
5   6   6   1   -0.0082347764
5   6   6   2   0.0000000000
5   6   6   3   -0.0330906585
5   6   6   5   -0.1867273943

End AIJB Block
Begin IJKA Block
1   4   1   7   0.0076206302
1   4   1   8   -0.0000000000
1   4   1   9   0.0343675184
1   4   2   6   0.0354261352
1   4   2   8   0.0004715408
1   4   2   10   -0.0167216910
1   4   3   7   -0.0216100841
1   4   3   8   -0.0000000000
1   4   3   9   0.0093211670
1   4   3   10   -0.0000000000
1   5   1   6   0.0517487234
1   5   1   8   0.0092346795
1   5   1   9   -0.0000000000
1   5   1   10   -0.0179860910
1   5   2   7   0.0274120541
1   5   2   9   0.0207933298
1   5   2   10   0.0000000000
1   5   3   6   0.0415081573
1   5   3   8   -0.0253577620
1   5   3   9   0.0000000000
1   5   3   10   0.0080332586
1   6   1   7   -0.0540641948
1   6   1   8   -0.0000000000
1   6   1   9   0.0097503041
1   6   1   10   -0.0000000000
1   6   2   6   0.0537164149
1   6   2   8   -0.0409730244
1   6   2   9   0.0000000000
1   6   2   10   0.0083326967
1   6   3   7   -0.0406912709
1   6   3   9   0.0269876161
2   4   1   6   0.0354261352
2   4   1   8   0.0004715408
2   4   1   10   -0.0167216910
2   4   2   7   0.0263278256
2   4   2   9   0.0247758805
2   4   2   10   0.0000000000
2   4   3   6   0.0092744255
2   4   3   8   -0.0195461888
2   4   3   9   0.0000000000
2   4   3   10   0.0113478209
2   5   1   7   0.0274120541
2   5   1   9   0.0207933298
2   5   1   10   0.0000000000
2   5   2   6   0.0038473648
2   5   2   8   0.0336666473
2   5   2   9   -0.0000000000
2   5   2   10   -0.0276868495
2   5   3   7   -0.0008683644
2   5   3   9   -0.0214497275
2   6   1   6   0.0537164149
2   6   1   8   -0.0409730244
2   6   1   9   0.0000000000
2   6   1   10   0.0083326967
2   6   2   7   -0.0086666200
2   6   2   8   -0.0000000000
2   6   2   9   -0.0188520681
2   6   2   10   -0.0000000000
2   6   3   6   -0.0499148262
2   6   3   8   0.0086539603
2   6   3   10   -0.0264928764
3   4   1   7   -0.0216100841
3   4   1   8   -0.0000000000
3   4   1   9   0.0093211670
3   4   1   10   -0.0000000000
3   4   2   6   0.0092744255
3   4   2   8   -0.0195461888
3   4   2   9   0.0000000000
3   4   2   10   0.0113478209
3   4   3   7   -0.0086200204
3   4   3   9   0.0317057306
3   5   1   6   0.0415081573
3   5   1   8   -0.0253577620
3   5   1   9   0.0000000000
3   5   1   10   0.0080332586
3   5   2   7   -0.0008683644
3   5   2   9   -0.0214497275
3   5   3   6   0.0071762523
3   5   3   8   0.0043487342
3   5   3   10   -0.0296986721
3   6   1   7   -0.0406912709
3   6   1   9   0.0269876161
3   6   2   6   -0.0499148262
3   6   2   8   0.0086539603
3   6   2   10   -0.0264928764
3   6   3   7   -0.0185701440
3   6   3   8   -0.0000000000
3   6   3   9   -0.0031434171
3   6   3   10   -0.0000000000

End IJKA Block
Begin IABC Block
1   6   1   7   0.0017765589
1   6   1   9   0.0140928337
1   6   2   6   0.0003759368
1   6   2   8   0.0091612635
1   6   2   10   -0.0004742453
1   6   3   6   -0.0000000000
1   6   3   7   0.0081216288
1   6   3   9   -0.0076463907
1   6   3   10   -0.0000000000
1   6   4   6   0.0274778893
1   6   4   7   -0.0000000000
1   6   4   8   -0.0105205020
1   6   4   9   0.0000000000
1   6   4   10   -0.0012339021
1   6   5   6   0.0000000000
1   6   5   7   -0.0100289392
1   6   5   8   0.0000000000
1   6   5   9   -0.0002579910
1   6   5   10   0.0000000000
1   7   1   6   0.0017765589
1   7   1   8   0.0184888331
1   7   1   9   -0.0000000000
1   7   1   10   0.0018479615
1   7   2   7   0.0146569283
1   7   2   8   0.0000000000
1   7   2   9   0.0081805196
1   7   2   10   -0.0000000000
1   7   3   6   0.0081216288
1   7   3   7   0.0000000000
1   7   3   8   -0.0009849964
1   7   3   9   0.0000000000
1   7   3   10   -0.0038490668
1   7   4   6   -0.0000000000
1   7   4   7   0.0215618697
1   7   4   9   -0.0037527841
1   7   4   10   -0.0000000000
1   7   5   6   -0.0100289392
1   7   5   7   0.0000000000
1   7   5   8   -0.0113290771
1   7   5   9   -0.0000000000
1   7   5   10   -0.0083632673
1   8   1   7   0.0184888331
1   8   1   9   -0.0086805085
1   8   1   10   0.0000000000
1   8   2   6   0.0091612635
1   8   2   7   0.0000000000
1   8   2   8   0.0042630626
1   8   2   9   0.0000000000
1   8   2   10   -0.0031745205
1   8   3   7   -0.0009849964
1   8   3   8   0.0000000000
1   8   3   9   0.0128021279
1   8   3   10   -0.0000000000
1   8   4   6   -0.0105205020
1   8   4   8   0.0275617328
1   8   4   9   0.0000000000
1   8   4   10   0.0092512231
1   8   5   6   0.0000000000
1   8   5   7   -0.0113290771
1   8   5   8   -0.0000000000
1   8   5   9   0.0048426588
1   8   5   10   0.0000000000
1   9   1   6   0.0140928337
1   9   1   7   -0.0000000000
1   9   1   8   -0.0086805085
1   9   1   9   0.0000000000
1   9   1   10   -0.0096492654
1   9   2   7   0.0081805196
1   9   2   8   0.0000000000
1   9   2   9   0.0015235499
1   9   2   10   -0.0000000000
1   9   3   6   -0.0076463907
1   9   3   7   0.0000000000
1   9   3   8   0.0128021279
1   9   3   9   0.0000000000
1   9   3   10   0.0066948497
1   9   4   6   0.0000000000
1   9   4   7   -0.0037527841
1   9   4   8   0.0000000000
1   9   4   9   0.0092341074
1   9   4   10   0.0000000000
1   9   5   6   -0.0002579910
1   9   5   7   -0.0000000000
1   9   5   8   0.0048426588
1   9   5   9   0.0000000000
1   9   5   10   0.0087299507
1   10   1   7   0.0018479615
1   10   1   8   0.0000000000
1   10   1   9   -0.0096492654
1   10   1   10   -0.0000000000
1   10   2   6   -0.0004742453
1   10   2   7   -0.0000000000
1   10   2   8   -0.0031745205
1   10   2   9   -0.0000000000
1   10   2   10   -0.0032108404
1   10   3   6   -0.0000000000
1   10   3   7   -0.0038490668
1   10   3   8   -0.0000000000
1   10   3   9   0.0066948497
1   10   3   10   0.0000000000
1   10   4   6   -0.0012339021
1   10   4   7   -0.0000000000
1   10   4   8   0.0092512231
1   10   4   9   0.0000000000
1   10   4   10   0.0116980919
1   10   5   6   0.0000000000
1   10   5   7   -0.0083632673
1   10   5   8   0.0000000000
1   10   5   9   0.0087299507
1   10   5   10   0.0000000000
2   6   1   6   0.0156950542
2   6   1   8   -0.0371043262
2   6   1   10   -0.0240231885
2   6   2   7   0.0004192823
2   6   2   9   0.0082276833
2   6   3   6   -0.0003887822
2   6   3   8   0.0124328071
2   6   3   10   0.0047532907
2   6   4   6   -0.0000000000
2   6   4   7   0.0162129416
2   6   4   8   -0.0000000000
2   6   4   9   -0.0027417200
2   6   4   10   -0.0000000000
2   6   5   6   -0.0258888795
2   6   5   7   0.0000000000
2   6   5   8   -0.0020338037
2   6   5   9   -0.0000000000
2   6   5   10   -0.0115336437
2   7   1   7   0.0046311570
2   7   1   9   0.0045627064
2   7   1   10   0.0000000000
2   7   2   6   0.0004192823
2   7   2   7   0.0000000000
2   7   2   8   0.0111588258
2   7   2   9   0.0000000000
2   7   2   10   -0.0046544941
2   7   3   7   0.0181504102
2   7   3   8   0.0000000000
2   7   3   9   0.0053792873
2   7   3   10   -0.0000000000
2   7   4   6   0.0162129416
2   7   4   7   -0.0000000000
2   7   4   8   0.0137782267
2   7   4   9   0.0000000000
2   7   4   10   0.0083893258
2   7   5   6   0.0000000000
2   7   5   7   -0.0219106098
2   7   5   8   -0.0000000000
2   7   5   9   0.0061731505
2   7   5   10   0.0000000000
2   8   1   6   -0.0371043262
2   8   1   8   0.0329111436
2   8   1   9   -0.0000000000
2   8   1   10   0.0140410489
2   8   2   7   0.0111588258
2   8   2   8   0.0000000000
2   8   2   9   0.0027743681
2   8   2   10   -0.0000000000
2   8   3   6   0.0124328071
2   8   3   7   0.0000000000
2   8   3   8   0.0051533126
2   8   3   9   0.0000000000
2   8   3   10   -0.0033026363
2   8   4   6   -0.0000000000
2   8   4   7   0.0137782267
2   8   4   8   0.0000000000
2   8   4   9   -0.0003577070
2   8   4   10   -0.0000000000
2   8   5   6   -0.0020338037
2   8   5   7   -0.0000000000
2   8   5   8   -0.0152671526
2   8   5   9   -0.0000000000
2   8   5   10   -0.0050950931
2   9   1   7   0.0045627064
2   9   1   8   -0.0000000000
2   9   1   9   0.0152482388
2   9   1   10   -0.0000000000
2   9   2   6   0.0082276833
2   9   2   7   0.0000000000
2   9   2   8   0.0027743681
2   9   2   9   0.0000000000
2   9   2   10   0.0029396402
2   9   3   7   0.0053792873
2   9   3   8   0.0000000000
2   9   3   9   0.0039048265
2   9   3   10   -0.0000000000
2   9   4   6   -0.0027417200
2   9   4   7   0.0000000000
2   9   4   8   -0.0003577070
2   9   4   9   -0.0000000000
2   9   4   10   -0.0079266117
2   9   5   6   -0.0000000000
2   9   5   7   0.0061731505
2   9   5   8   -0.0000000000
2   9   5   9   -0.0080739048
2   9   5   10   -0.0000000000
2   10   1   6   -0.0240231885
2   10   1   7   0.0000000000
2   10   1   8   0.0140410489
2   10   1   9   -0.0000000000
2   10   1   10   -0.0121644678
2   10   2   7   -0.0046544941
2   10   2   8   -0.0000000000
2   10   2   9   0.0029396402
2   10   2   10   0.0000000000
2   10   3   6   0.0047532907
2   10   3   7   -0.0000000000
2   10   3   8   -0.0033026363
2   10   3   9   -0.0000000000
2   10   3   10   0.0021255414
2   10   4   6   -0.0000000000
2   10   4   7   0.0083893258
2   10   4   8   -0.0000000000
2   10   4   9   -0.0079266117
2   10   4   10   -0.0000000000
2   10   5   6   -0.0115336437
2   10   5   7   0.0000000000
2   10   5   8   -0.0050950931
2   10   5   9   -0.0000000000
2   10   5   10   -0.0164877657
3   6   1   7   0.0477527204
3   6   1   9   -0.0049193263
3   6   2   6   -0.0130791384
3   6   2   8   0.0357782811
3   6   2   10   0.0209278087
3   6   3   7   -0.0058846154
3   6   3   8   -0.0000000000
3   6   3   9   -0.0089414380
3   6   3   10   -0.0000000000
3   6   4   6   -0.0024255472
3   6   4   7   0.0000000000
3   6   4   8   -0.0174237802
3   6   4   9   -0.0000000000
3   6   4   10   -0.0150106353
3   6   5   6   -0.0000000000
3   6   5   7   0.0190071592
3   6   5   8   -0.0000000000
3   6   5   9   -0.0119405993
3   6   5   10   -0.0000000000
3   7   1   6   0.0477527204
3   7   1   8   0.0443089999
3   7   1   10   0.0208404311
3   7   2   7   -0.0062011561
3   7   2   8   -0.0000000000
3   7   2   9   -0.0024154700
3   7   3   6   -0.0058846154
3   7   3   7   -0.0000000000
3   7   3   8   -0.0226601879
3   7   3   9   -0.0000000000
3   7   3   10   -0.0065502226
3   7   4   6   0.0000000000
3   7   4   7   -0.0108826919
3   7   4   8   -0.0000000000
3   7   4   9   0.0003672036
3   7   4   10   0.0000000000
3   7   5   6   0.0190071592
3   7   5   7   -0.0000000000
3   7   5   8   0.0055879897
3   7   5   9   0.0000000000
3   7   5   10   0.0099527341
3   8   1   7   0.0443089999
3   8   1   9   -0.0024138894
3   8   2   6   0.0357782811
3   8   2   7   -0.0000000000
3   8   2   8   -0.0341420046
3   8   2   9   -0.0000000000
3   8   2   10   -0.0140641396
3   8   3   6   -0.0000000000
3   8   3   7   -0.0226601879
3   8   3   8   0.0000000000
3   8   3   9   0.0068677112
3   8   3   10   0.0000000000
3   8   4   6   -0.0174237802
3   8   4   7   -0.0000000000
3   8   4   8   0.0071515579
3   8   4   9   -0.0000000000
3   8   4   10   0.0049151643
3   8   5   6   -0.0000000000
3   8   5   7   0.0055879897
3   8   5   8   0.0000000000
3   8   5   9   0.0040086204
3   8   5   10   -0.0000000000
3   9   1   6   -0.0049193263
3   9   1   8   -0.0024138894
3   9   1   9   -0.0000000000
3   9   1   10   -0.0462078110
3   9   2   7   -0.0024154700
3   9   2   8   -0.0000000000
3   9   2   9   -0.0175449185
3   9   2   10   0.0000000000
3   9   3   6   -0.0089414380
3   9   3   7   -0.0000000000
3   9   3   8   0.0068677112
3   9   3   9   -0.0000000000
3   9   3   10   0.0144057583
3   9   4   6   -0.0000000000
3   9   4   7   0.0003672036
3   9   4   8   -0.0000000000
3   9   4   9   -0.0007559185
3   9   4   10   -0.0000000000
3   9   5   6   -0.0119405993
3   9   5   7   0.0000000000
3   9   5   8   0.0040086204
3   9   5   9   -0.0000000000
3   9   5   10   -0.0062537968
3   10   1   7   0.0208404311
3   10   1   9   -0.0462078110
3   10   1   10   -0.0000000000
3   10   2   6   0.0209278087
3   10   2   8   -0.0140641396
3   10   2   9   0.0000000000
3   10   2   10   0.0087210707
3   10   3   6   -0.0000000000
3   10   3   7   -0.0065502226
3   10   3   8   0.0000000000
3   10   3   9   0.0144057583
3   10   3   10   -0.0000000000
3   10   4   6   -0.0150106353
3   10   4   7   0.0000000000
3   10   4   8   0.0049151643
3   10   4   9   -0.0000000000
3   10   4   10   -0.0069743150
3   10   5   6   -0.0000000000
3   10   5   7   0.0099527341
3   10   5   8   -0.0000000000
3   10   5   9   -0.0062537968
3   10   5   10   -0.0000000000

End IABC Block
