Begin IJ Block
1   1   -33.0265394190
1   2   -0.5835912152
1   4   0.1843990166
2   2   -7.8725361081
2   4   0.2128003730
3   3   -6.7662594214
4   4   -6.8899476821
5   5   -7.0037195289

End IJ Block
Begin IA Block
1   1   0.1137864656
2   1   0.5520858960
2   2   -0.0000000000
3   1   0.0000000000
3   2   0.6043866570
4   1   0.2865683194
4   2   -0.0000000000

End IA Block
Begin AB Block
1   1   -2.5323495969
1   2   0.0000000000
2   2   -2.1320014555

End AB Block
Begin IJAB Block
1   6   1   3   0.0044742800
1   6   2   4   0.0020913867
1   7   1   3   -0.0007221760
1   7   2   4   -0.0017544448
1   8   1   4   -0.0000934758
1   8   2   3   -0.0011412532
1   9   1   3   -0.0008231940
1   9   2   4   0.0005498891
2   6   1   3   -0.0007221760
2   6   2   4   -0.0017544448
2   7   1   3   0.0175779432
2   7   2   4   0.0072807803
2   8   1   4   0.0127447454
2   8   2   3   0.0064755003
2   9   1   3   0.0100613159
2   9   2   4   -0.0011301342
3   6   1   4   -0.0011412532
3   6   2   3   -0.0000934758
3   7   1   4   0.0064755003
3   7   2   3   0.0127447454
3   8   1   3   0.0108185552
3   8   2   4   0.0169889628
3   9   1   4   0.0035361149
3   9   2   3   0.0074405953
4   6   1   3   -0.0008231940
4   6   2   4   0.0005498891
4   7   1   3   0.0100613159
4   7   2   4   -0.0011301342
4   8   1   4   0.0074405953
4   8   2   3   0.0035361149
4   9   1   3   0.0104723296
4   9   2   4   0.0049380416
5   10   1   3   0.0085487649
5   10   2   4   0.0032446949

End IJAB Block
Begin IJKL Block
1   6   1   6   4.7152653386
1   6   1   7   0.4293700975
1   6   1   9   -0.1359429400
1   6   2   6   0.4293700975
1   6   2   7   0.0601091061
1   6   2   9   -0.0160641972
1   6   3   8   0.0170772018
1   6   4   6   -0.1359429400
1   6   4   7   -0.0160641972
1   6   4   9   0.0263420847
1   6   5   10   0.0256765231
1   7   1   6   0.4293700975
1   7   1   7   1.0486873755
1   7   1   9   -0.0824123481
1   7   2   6   0.0634601111
1   7   2   7   0.0145409361
1   7   2   9   -0.0075477185
1   7   3   8   -0.0231927502
1   7   4   6   -0.0160166176
1   7   4   7   -0.0145457478
1   7   4   9   -0.0221086154
1   7   5   10   -0.0283776392
1   8   1   8   0.8942581660
1   8   2   8   0.0071583510
1   8   3   6   0.0211116922
1   8   3   7   -0.0238884133
1   8   3   9   0.0030095209
1   8   4   8   -0.0075902367
1   9   1   6   -0.1359429400
1   9   1   7   -0.0824123481
1   9   1   9   0.9796901761
1   9   2   6   -0.0160166176
1   9   2   7   -0.0077928247
1   9   2   9   0.0130354381
1   9   3   8   0.0026628028
1   9   4   6   0.0307278613
1   9   4   7   -0.0226523817
1   9   4   9   0.0081078754
1   9   5   10   0.0085250959
1   10   1   10   1.0215144309
1   10   2   10   0.0116542971
1   10   4   10   -0.0047439901
1   10   5   6   0.0304479668
1   10   5   7   -0.0285978350
1   10   5   9   0.0088053977
2   6   1   6   0.4293700975
2   6   1   7   0.0634601111
2   6   1   9   -0.0160166176
2   6   2   6   1.0486873755
2   6   2   7   0.0145409361
2   6   2   9   -0.0145457478
2   6   3   8   -0.0231927502
2   6   4   6   -0.0824123481
2   6   4   7   -0.0075477185
2   6   4   9   -0.0221086154
2   6   5   10   -0.0283776392
2   7   1   6   0.0601091061
2   7   1   7   0.0145409361
2   7   1   9   -0.0077928247
2   7   2   6   0.0145409361
2   7   2   7   0.7443475277
2   7   2   9   0.0178252865
2   7   3   8   0.1423472686
2   7   4   6   -0.0077928247
2   7   4   7   0.0178252865
2   7   4   9   0.1133201609
2   7   5   10   0.1158506206
2   8   1   8   0.0071583510
2   8   2   8   0.6758111356
2   8   3   6   -0.0238884133
2   8   3   7   0.1466592686
2   8   3   9   0.0136176838
2   8   4   8   0.0119900857
2   9   1   6   -0.0160641972
2   9   1   7   -0.0075477185
2   9   1   9   0.0130354381
2   9   2   6   -0.0145457478
2   9   2   7   0.0178252865
2   9   2   9   0.6673266387
2   9   3   8   0.0140134626
2   9   4   6   -0.0226523817
2   9   4   7   0.1174205899
2   9   4   9   -0.0618249746
2   9   5   10   -0.0267983596
2   10   1   10   0.0116542971
2   10   2   10   0.6943448826
2   10   4   10   -0.0307083956
2   10   5   6   -0.0285978350
2   10   5   7   0.1193222876
2   10   5   9   -0.0267294916
3   6   1   8   0.0211116922
3   6   2   8   -0.0238884133
3   6   3   6   0.8942581660
3   6   3   7   0.0071583510
3   6   3   9   -0.0075902367
3   6   4   8   0.0030095209
3   7   1   8   -0.0238884133
3   7   2   8   0.1466592686
3   7   3   6   0.0071583510
3   7   3   7   0.6758111356
3   7   3   9   0.0119900857
3   7   4   8   0.0136176838
3   8   1   6   0.0170772018
3   8   1   7   -0.0231927502
3   8   1   9   0.0026628028
3   8   2   6   -0.0231927502
3   8   2   7   0.1423472686
3   8   2   9   0.0140134626
3   8   3   8   0.6502851377
3   8   4   6   0.0026628028
3   8   4   7   0.0140134626
3   8   4   9   0.0303393336
3   8   5   10   0.0219846386
3   9   1   8   0.0030095209
3   9   2   8   0.0136176838
3   9   3   6   -0.0075902367
3   9   3   7   0.0119900857
3   9   3   9   0.5964003405
3   9   4   8   0.0358686212
3   10   3   10   0.6090125353
3   10   5   8   0.0272260192
4   6   1   6   -0.1359429400
4   6   1   7   -0.0160166176
4   6   1   9   0.0307278613
4   6   2   6   -0.0824123481
4   6   2   7   -0.0077928247
4   6   2   9   -0.0226523817
4   6   3   8   0.0026628028
4   6   4   6   0.9796901761
4   6   4   7   0.0130354381
4   6   4   9   0.0081078754
4   6   5   10   0.0085250959
4   7   1   6   -0.0160641972
4   7   1   7   -0.0145457478
4   7   1   9   -0.0226523817
4   7   2   6   -0.0075477185
4   7   2   7   0.0178252865
4   7   2   9   0.1174205899
4   7   3   8   0.0140134626
4   7   4   6   0.0130354381
4   7   4   7   0.6673266387
4   7   4   9   -0.0618249746
4   7   5   10   -0.0267983596
4   8   1   8   -0.0075902367
4   8   2   8   0.0119900857
4   8   3   6   0.0030095209
4   8   3   7   0.0136176838
4   8   3   9   0.0358686212
4   8   4   8   0.5964003405
4   9   1   6   0.0263420847
4   9   1   7   -0.0221086154
4   9   1   9   0.0081078754
4   9   2   6   -0.0221086154
4   9   2   7   0.1133201609
4   9   2   9   -0.0618249746
4   9   3   8   0.0303393336
4   9   4   6   0.0081078754
4   9   4   7   -0.0618249746
4   9   4   9   0.6898406715
4   9   5   10   0.0317159522
4   10   1   10   -0.0047439901
4   10   2   10   -0.0307083956
4   10   4   10   0.6357482398
4   10   5   6   0.0088053977
4   10   5   7   -0.0267294916
4   10   5   9   0.0366968084
5   6   1   10   0.0304479668
5   6   2   10   -0.0285978350
5   6   4   10   0.0088053977
5   6   5   6   1.0215144309
5   6   5   7   0.0116542971
5   6   5   9   -0.0047439901
5   7   1   10   -0.0285978350
5   7   2   10   0.1193222876
5   7   4   10   -0.0267294916
5   7   5   6   0.0116542971
5   7   5   7   0.6943448826
5   7   5   9   -0.0307083956
5   8   3   10   0.0272260192
5   8   5   8   0.6090125353
5   9   1   10   0.0088053977
5   9   2   10   -0.0267294916
5   9   4   10   0.0366968084
5   9   5   6   -0.0047439901
5   9   5   7   -0.0307083956
5   9   5   9   0.6357482398
5   10   1   6   0.0256765231
5   10   1   7   -0.0283776392
5   10   1   9   0.0085250959
5   10   2   6   -0.0283776392
5   10   2   7   0.1158506206
5   10   2   9   -0.0267983596
5   10   3   8   0.0219846386
5   10   4   6   0.0085250959
5   10   4   7   -0.0267983596
5   10   4   9   0.0317159522
5   10   5   10   0.7089164443

End IJKL Block
Begin ABCD Block
1   3   1   3   0.2227566008
1   3   2   4   0.0526908075
1   4   1   4   0.2057564446
1   4   2   3   0.0526908075
1   4   2   4   -0.0000000000
2   3   1   4   0.0526908075
2   3   2   3   0.2057564446
2   3   2   4   -0.0000000000
2   4   1   3   0.0526908075
2   4   1   4   -0.0000000000
2   4   2   3   -0.0000000000
2   4   2   4   0.2110203128

End ABCD Block
Begin AIJB Block
1   6   1   3   0.0040045933
1   6   2   3   -0.0004220919
1   6   3   4   -0.0009251012
1   6   4   3   -0.0005175053
1   7   1   3   -0.0004220919
1   7   2   3   0.0136936274
1   7   3   4   0.0039764853
1   7   4   3   0.0075317136
1   8   1   4   0.0001493990
1   8   2   4   0.0105142714
1   8   3   3   0.0079072136
1   8   4   4   0.0066447779
1   9   1   3   -0.0005175053
1   9   2   3   0.0075317136
1   9   3   4   0.0024952116
1   9   4   3   0.0087722152
1   10   5   3   0.0061375659
2   6   1   4   0.0018802707
2   6   2   4   -0.0015836803
2   6   3   3   0.0001493990
2   6   4   4   0.0005255135
2   7   1   4   -0.0015836803
2   7   2   4   0.0055585002
2   7   3   3   0.0105142714
2   7   4   4   -0.0008315917
2   8   1   3   -0.0009251012
2   8   2   3   0.0039764853
2   8   3   4   0.0140153361
2   8   4   3   0.0024952116
2   9   1   4   0.0005255135
2   9   2   4   -0.0008315917
2   9   3   3   0.0066447779
2   9   4   4   0.0031922018
2   10   5   4   0.0019982260

1   6   6   1   -0.2834238106
1   6   6   2   0.0000000000
1   6   7   1   -0.0006458855
1   6   8   2   0.0024426062
1   6   9   1   0.0031003788
1   7   6   1   -0.0006458855
1   7   7   1   -0.2692731660
1   7   7   2   0.0000000000
1   7   8   1   -0.0000000000
1   7   8   2   -0.0286409601
1   7   9   1   -0.0176258544
1   8   6   2   0.0024634586
1   8   7   1   -0.0000000000
1   8   7   2   -0.0285862142
1   8   8   1   -0.2658350885
1   8   9   2   -0.0083699569
1   9   6   1   0.0031003788
1   9   7   1   -0.0176258544
1   9   8   2   -0.0084457669
1   9   9   1   -0.2556662299
1   10   10   1   -0.2593613616
1   10   10   2   0.0000000000
2   6   6   1   0.0000000000
2   6   6   2   -0.2427139085
2   6   7   2   -0.0005618293
2   6   8   1   0.0024634586
2   6   9   2   0.0009330513
2   7   6   2   -0.0005618293
2   7   7   1   0.0000000000
2   7   7   2   -0.2297884116
2   7   8   1   -0.0285862142
2   7   9   2   -0.0083768500
2   8   6   1   0.0024426062
2   8   7   1   -0.0286409601
2   8   8   2   -0.2336397139
2   8   9   1   -0.0084457669
2   9   6   2   0.0009330513
2   9   7   2   -0.0083768500
2   9   8   1   -0.0083699569
2   9   9   2   -0.2206575044
2   10   10   1   0.0000000000
2   10   10   2   -0.2218217237

End AIJB Block
Begin IJKA Block
1   6   1   3   -0.0924171092
1   6   2   3   -0.0150836453
1   6   3   4   -0.0063499117
1   6   4   3   -0.0003964956
1   7   1   3   -0.1096638274
1   7   1   4   0.0000000000
1   7   2   3   -0.0015794837
1   7   3   4   0.0055555211
1   7   4   3   0.0057692710
1   8   1   3   -0.0000000000
1   8   1   4   -0.1070462589
1   8   2   4   -0.0005361859
1   8   3   3   0.0031418326
1   8   4   4   0.0003370448
1   9   1   3   -0.0489722026
1   9   1   4   0.0000000000
1   9   2   3   0.0007715444
1   9   3   4   -0.0017621848
1   9   4   3   0.0022752100
1   10   5   3   0.0046157891
2   6   1   3   -0.0158926762
2   6   2   3   -0.0009018027
2   6   3   4   0.0071898904
2   6   4   3   0.0056285347
2   7   1   3   -0.0007720510
2   7   2   3   -0.0653668318
2   7   2   4   0.0000000000
2   7   3   4   -0.0234842818
2   7   4   3   -0.0119402451
2   7   4   4   0.0000000000
2   8   1   4   -0.0000243662
2   8   2   3   -0.0000000000
2   8   2   4   -0.0662724584
2   8   3   3   -0.0040511350
2   8   4   4   0.0073598721
2   9   1   3   0.0008913558
2   9   2   3   -0.0331194026
2   9   2   4   0.0000000000
2   9   3   4   0.0086853465
2   9   4   3   -0.0003819291
2   10   5   3   -0.0120584619
2   10   5   4   -0.0000000000
3   6   1   4   -0.0069505813
3   6   2   4   0.0074060987
3   6   3   3   -0.0004331529
3   6   4   4   -0.0011633570
3   7   1   4   0.0056525676
3   7   2   4   -0.0230408314
3   7   3   3   -0.0484170522
3   7   3   4   0.0000000000
3   7   4   4   0.0032545311
3   8   1   3   0.0029747938
3   8   2   3   -0.0045084179
3   8   3   3   -0.0000000000
3   8   3   4   -0.0609782421
3   8   4   3   0.0010692480
3   9   1   4   -0.0017087930
3   9   2   4   0.0078517565
3   9   3   3   -0.0228806654
3   9   3   4   0.0000000000
3   9   4   4   -0.0052682435
3   10   5   4   -0.0061544715
4   6   1   3   -0.0006735861
4   6   2   3   0.0058568713
4   6   3   4   -0.0010845598
4   6   4   3   -0.0045182533
4   7   1   3   0.0056319233
4   7   2   3   -0.0122795398
4   7   2   4   0.0000000000
4   7   3   4   0.0034339605
4   7   4   3   -0.0445949231
4   8   1   4   0.0003356963
4   8   2   4   0.0065253923
4   8   3   3   0.0010853307
4   8   4   3   -0.0000000000
4   8   4   4   -0.0579342894
4   9   1   3   0.0019476035
4   9   2   3   -0.0008292570
4   9   3   4   -0.0056708994
4   9   4   3   -0.0325424928
4   9   4   4   0.0000000000
4   10   5   3   -0.0011735269
5   6   5   3   -0.0017064916
5   7   5   3   -0.0566285078
5   8   5   3   -0.0000000000
5   8   5   4   -0.0606289065
5   9   5   3   -0.0289423076
5   9   5   4   0.0000000000
5   10   1   3   0.0040853847
5   10   2   3   -0.0118255592
5   10   3   4   -0.0062583638
5   10   4   3   -0.0015251985

End IJKA Block
Begin IABC Block
1   3   1   3   0.0003116596
1   3   2   4   0.0006727983
1   4   1   4   0.0000182925
1   4   2   3   0.0006750525
2   3   1   3   -0.0048927130
2   3   2   4   0.0008122511
2   4   1   4   -0.0023757074
2   4   2   3   0.0007313752
3   3   1   4   0.0111753072
3   3   2   3   -0.0031442763
3   4   1   3   0.0109681167
3   4   2   4   -0.0003583718
4   3   1   3   0.0028613134
4   3   2   4   0.0060525732
4   4   1   4   0.0037186217
4   4   2   3   0.0059800659

End IABC Block
