Begin IJ Block
1   1   -33.0214813331
1   2   -0.5817593359
1   4   -0.1844995893
2   2   -7.8648333404
2   4   -0.2245029699
3   3   -6.7464169259
4   4   -6.9139538392
5   5   -7.0687379905

End IJ Block
Begin IA Block
1   1   0.1549893160
1   3   -0.0000000000
1   4   0.1471236846
1   5   0.0126620954
1   7   0.0828677402
2   1   0.8062167087
2   3   -0.0000000000
2   4   0.5727459023
2   5   -0.2228389675
2   7   0.3358727311
3   2   -0.9795233286
3   3   -0.4483121152
3   4   -0.0000000000
3   5   -0.0000000000
3   7   0.0000000000
4   1   -0.4265159466
4   3   -0.0000000000
4   4   -0.2868965451
4   5   1.3498125870
4   7   -0.1249185447
5   6   1.7023141630

End IA Block
Begin AB Block
1   1   -3.0213239723
1   3   0.0000000000
1   4   -0.7450709906
1   5   0.5867102726
1   7   -0.3793569747
2   2   -2.7117752717
2   3   -0.6818972747
2   4   -0.0000000000
2   5   -0.0000000000
2   7   0.0000000000
3   3   -3.6012097163
3   4   -0.0000000000
3   5   -0.0000000000
3   7   0.0000000000
4   4   -3.5573539290
4   5   0.2451600352
4   7   -0.0352000046
5   5   -3.6794503724
5   7   0.2844820336
6   6   -4.3258091881
7   7   -3.2667343547

End AB Block
Begin IJAB Block
1   6   1   8   0.0078955240
1   6   1   11   0.0077298209
1   6   1   12   -0.0045922046
1   6   1   14   0.0045485391
1   6   2   9   0.0045479948
1   6   2   10   0.0037813348
1   6   3   9   0.0037813348
1   6   3   10   0.0031266889
1   6   4   8   0.0077298209
1   6   4   11   0.0075802160
1   6   4   12   -0.0050841319
1   6   4   14   0.0044835564
1   6   5   8   -0.0045922046
1   6   5   11   -0.0050841319
1   6   5   12   0.0134072715
1   6   5   14   -0.0032226299
1   6   6   13   0.0186173985
1   6   7   8   0.0045485391
1   6   7   11   0.0044835564
1   6   7   12   -0.0032226299
1   6   7   14   0.0026344585
1   7   1   8   -0.0006671891
1   7   1   11   -0.0005621265
1   7   1   12   0.0033918118
1   7   1   14   -0.0001013173
1   7   2   9   -0.0038442578
1   7   2   10   -0.0027003347
1   7   3   9   -0.0031649784
1   7   3   10   -0.0024684996
1   7   4   8   -0.0008660267
1   7   4   11   -0.0009553941
1   7   4   12   0.0035853564
1   7   4   14   -0.0001363562
1   7   5   8   0.0048743468
1   7   5   11   0.0045273181
1   7   5   12   -0.0094015864
1   7   5   14   0.0020861382
1   7   6   13   -0.0136289103
1   7   7   8   -0.0005773691
1   7   7   11   -0.0004362990
1   7   7   12   0.0022216198
1   7   7   14   -0.0004041221
1   8   1   9   -0.0004656261
1   8   1   10   -0.0016610898
1   8   2   8   0.0019919371
1   8   2   11   -0.0000478005
1   8   2   12   -0.0004188774
1   8   2   14   0.0024578144
1   8   3   8   0.0015470055
1   8   3   11   -0.0000131413
1   8   3   12   -0.0000141244
1   8   3   14   0.0020332948
1   8   4   9   -0.0006448567
1   8   4   10   -0.0018045080
1   8   5   9   -0.0001193620
1   8   5   10   0.0032524596
1   8   7   9   -0.0000608180
1   8   7   10   -0.0008382760
1   9   1   8   0.0009951253
1   9   1   11   0.0009910797
1   9   1   12   0.0020352981
1   9   1   14   -0.0010844183
1   9   2   9   -0.0014583586
1   9   2   10   -0.0031938580
1   9   3   9   -0.0014524050
1   9   3   10   -0.0028061805
1   9   4   8   0.0011265885
1   9   4   11   0.0011705375
1   9   4   12   0.0019872840
1   9   4   14   -0.0011111920
1   9   5   8   -0.0024640866
1   9   5   11   -0.0026562471
1   9   5   12   -0.0025772931
1   9   5   14   0.0027194455
1   9   6   13   -0.0049463892
1   9   7   8   0.0004629359
1   9   7   11   0.0004201084
1   9   7   12   0.0016869405
1   9   7   14   -0.0008208316
1   10   1   13   0.0011888765
1   10   4   13   0.0008438464
1   10   5   13   0.0001241159
1   10   6   8   -0.0052689941
1   10   6   11   -0.0077983706
1   10   6   12   -0.0016392436
1   10   6   14   -0.0043169617
1   10   7   13   0.0004727696
2   6   1   8   -0.0006671891
2   6   1   11   -0.0008660267
2   6   1   12   0.0048743468
2   6   1   14   -0.0005773691
2   6   2   9   -0.0038442578
2   6   2   10   -0.0031649784
2   6   3   9   -0.0027003347
2   6   3   10   -0.0024684996
2   6   4   8   -0.0005621265
2   6   4   11   -0.0009553941
2   6   4   12   0.0045273181
2   6   4   14   -0.0004362990
2   6   5   8   0.0033918118
2   6   5   11   0.0035853564
2   6   5   12   -0.0094015864
2   6   5   14   0.0022216198
2   6   6   13   -0.0136289103
2   6   7   8   -0.0001013173
2   6   7   11   -0.0001363562
2   6   7   12   0.0020861382
2   6   7   14   -0.0004041221
2   7   1   8   0.0271470635
2   7   1   11   0.0239301254
2   7   1   12   -0.0166743919
2   7   1   14   0.0106834123
2   7   2   9   0.0146171334
2   7   2   10   0.0105508382
2   7   3   9   0.0105508382
2   7   3   10   0.0258724485
2   7   4   8   0.0239301254
2   7   4   11   0.0368470200
2   7   4   12   -0.0125983110
2   7   4   14   0.0055091410
2   7   5   8   -0.0166743919
2   7   5   11   -0.0125983110
2   7   5   12   0.0270098816
2   7   5   14   -0.0072028132
2   7   6   13   0.0341366417
2   7   7   8   0.0106834123
2   7   7   11   0.0055091410
2   7   7   12   -0.0072028132
2   7   7   14   0.0216042862
2   8   1   9   -0.0238906313
2   8   1   10   -0.0105202545
2   8   2   8   -0.0093965266
2   8   2   11   -0.0016660371
2   8   2   12   0.0034154816
2   8   2   14   -0.0089456350
2   8   3   8   -0.0075703471
2   8   3   11   -0.0171533568
2   8   3   12   0.0016579698
2   8   3   14   -0.0107454511
2   8   4   9   -0.0166622841
2   8   4   10   -0.0181252095
2   8   5   9   0.0068109057
2   8   5   10   -0.0012837408
2   8   7   9   -0.0130915799
2   8   7   10   -0.0165247047
2   9   1   8   -0.0139123851
2   9   1   11   -0.0128542158
2   9   1   12   0.0301151989
2   9   1   14   -0.0012025545
2   9   2   9   0.0028974944
2   9   2   10   0.0087883311
2   9   3   9   0.0031052064
2   9   3   10   -0.0027151355
2   9   4   8   -0.0132147276
2   9   4   11   -0.0211030285
2   9   4   12   0.0237057424
2   9   4   14   -0.0016443765
2   9   5   8   0.0124404222
2   9   5   11   0.0094589734
2   9   5   12   -0.0020966500
2   9   5   14   -0.0001968697
2   9   6   13   0.0093068570
2   9   7   8   -0.0052507101
2   9   7   11   -0.0010418582
2   9   7   12   0.0127655139
2   9   7   14   -0.0106288469
2   10   1   13   0.0400010766
2   10   4   13   0.0324780220
2   10   5   13   -0.0083655458
2   10   6   8   0.0153403272
2   10   6   11   0.0153971674
2   10   6   12   0.0001036406
2   10   6   14   0.0085593947
2   10   7   13   0.0187830322
3   6   1   9   0.0019919371
3   6   1   10   0.0015470055
3   6   2   8   -0.0004656261
3   6   2   11   -0.0006448567
3   6   2   12   -0.0001193620
3   6   2   14   -0.0000608180
3   6   3   8   -0.0016610898
3   6   3   11   -0.0018045080
3   6   3   12   0.0032524596
3   6   3   14   -0.0008382760
3   6   4   9   -0.0000478005
3   6   4   10   -0.0000131413
3   6   5   9   -0.0004188774
3   6   5   10   -0.0000141244
3   6   7   9   0.0024578144
3   6   7   10   0.0020332948
3   7   1   9   -0.0093965266
3   7   1   10   -0.0075703471
3   7   2   8   -0.0238906313
3   7   2   11   -0.0166622841
3   7   2   12   0.0068109057
3   7   2   14   -0.0130915799
3   7   3   8   -0.0105202545
3   7   3   11   -0.0181252095
3   7   3   12   -0.0012837408
3   7   3   14   -0.0165247047
3   7   4   9   -0.0016660371
3   7   4   10   -0.0171533568
3   7   5   9   0.0034154816
3   7   5   10   0.0016579698
3   7   7   9   -0.0089456350
3   7   7   10   -0.0107454511
3   8   1   8   0.0158349765
3   8   1   11   0.0199675888
3   8   1   12   -0.0055526096
3   8   1   14   0.0013619511
3   8   2   9   0.0369011594
3   8   2   10   0.0264174880
3   8   3   9   0.0264174880
3   8   3   10   0.0566375360
3   8   4   8   0.0199675888
3   8   4   11   0.0565595035
3   8   4   12   -0.0040743071
3   8   4   14   -0.0087364177
3   8   5   8   -0.0055526096
3   8   5   11   -0.0040743071
3   8   5   12   0.0102474769
3   8   5   14   -0.0057059781
3   8   6   13   0.0110379205
3   8   7   8   0.0013619511
3   8   7   11   -0.0087364177
3   8   7   12   -0.0057059781
3   8   7   14   0.0189042489
3   9   1   9   0.0051269012
3   9   1   10   0.0102253491
3   9   2   8   0.0136074288
3   9   2   11   0.0110221802
3   9   2   12   -0.0348100420
3   9   2   14   0.0099317562
3   9   3   8   0.0136414078
3   9   3   11   0.0167920227
3   9   3   12   -0.0235905282
3   9   3   14   0.0299047329
3   9   4   9   0.0108723827
3   9   4   10   0.0344668598
3   9   5   9   -0.0059355022
3   9   5   10   -0.0048750335
3   9   7   9   -0.0015167927
3   9   7   10   -0.0032996933
3   10   2   13   -0.0419005143
3   10   3   13   -0.0257467811
3   10   6   9   -0.0065354081
3   10   6   10   -0.0044274834
4   6   1   8   0.0009951253
4   6   1   11   0.0011265885
4   6   1   12   -0.0024640866
4   6   1   14   0.0004629359
4   6   2   9   -0.0014583586
4   6   2   10   -0.0014524050
4   6   3   9   -0.0031938580
4   6   3   10   -0.0028061805
4   6   4   8   0.0009910797
4   6   4   11   0.0011705375
4   6   4   12   -0.0026562471
4   6   4   14   0.0004201084
4   6   5   8   0.0020352981
4   6   5   11   0.0019872840
4   6   5   12   -0.0025772931
4   6   5   14   0.0016869405
4   6   6   13   -0.0049463892
4   6   7   8   -0.0010844183
4   6   7   11   -0.0011111920
4   6   7   12   0.0027194455
4   6   7   14   -0.0008208316
4   7   1   8   -0.0139123851
4   7   1   11   -0.0132147276
4   7   1   12   0.0124404222
4   7   1   14   -0.0052507101
4   7   2   9   0.0028974944
4   7   2   10   0.0031052064
4   7   3   9   0.0087883311
4   7   3   10   -0.0027151355
4   7   4   8   -0.0128542158
4   7   4   11   -0.0211030285
4   7   4   12   0.0094589734
4   7   4   14   -0.0010418582
4   7   5   8   0.0301151989
4   7   5   11   0.0237057424
4   7   5   12   -0.0020966500
4   7   5   14   0.0127655139
4   7   6   13   0.0093068570
4   7   7   8   -0.0012025545
4   7   7   11   -0.0016443765
4   7   7   12   -0.0001968697
4   7   7   14   -0.0106288469
4   8   1   9   0.0136074288
4   8   1   10   0.0136414078
4   8   2   8   0.0051269012
4   8   2   11   0.0108723827
4   8   2   12   -0.0059355022
4   8   2   14   -0.0015167927
4   8   3   8   0.0102253491
4   8   3   11   0.0344668598
4   8   3   12   -0.0048750335
4   8   3   14   -0.0032996933
4   8   4   9   0.0110221802
4   8   4   10   0.0167920227
4   8   5   9   -0.0348100420
4   8   5   10   -0.0235905282
4   8   7   9   0.0099317562
4   8   7   10   0.0299047329
4   9   1   8   0.0148662125
4   9   1   11   0.0105700832
4   9   1   12   -0.0169975380
4   9   1   14   0.0130844907
4   9   2   9   0.0096320597
4   9   2   10   0.0154483203
4   9   3   9   0.0154483203
4   9   3   10   0.0436291368
4   9   4   8   0.0105700832
4   9   4   11   0.0178685860
4   9   4   12   -0.0144806384
4   9   4   14   0.0051780863
4   9   5   8   -0.0169975380
4   9   5   11   -0.0144806384
4   9   5   12   0.0693592320
4   9   5   14   -0.0131317404
4   9   6   13   0.0153425816
4   9   7   8   0.0130844907
4   9   7   11   0.0051780863
4   9   7   12   -0.0131317404
4   9   7   14   0.0417952152
4   10   1   13   -0.0156081697
4   10   4   13   -0.0122710694
4   10   5   13   0.0620993904
4   10   6   8   0.0005633788
4   10   6   11   0.0028239273
4   10   6   12   0.0124126550
4   10   6   14   0.0015043850
4   10   7   13   -0.0085821242
5   6   1   13   -0.0052689941
5   6   4   13   -0.0077983706
5   6   5   13   -0.0016392436
5   6   6   8   0.0011888765
5   6   6   11   0.0008438464
5   6   6   12   0.0001241159
5   6   6   14   0.0004727696
5   6   7   13   -0.0043169617
5   7   1   13   0.0153403272
5   7   4   13   0.0153971674
5   7   5   13   0.0001036406
5   7   6   8   0.0400010766
5   7   6   11   0.0324780220
5   7   6   12   -0.0083655458
5   7   6   14   0.0187830322
5   7   7   13   0.0085593947
5   8   2   13   -0.0065354081
5   8   3   13   -0.0044274834
5   8   6   9   -0.0419005143
5   8   6   10   -0.0257467811
5   9   1   13   0.0005633788
5   9   4   13   0.0028239273
5   9   5   13   0.0124126550
5   9   6   8   -0.0156081697
5   9   6   11   -0.0122710694
5   9   6   12   0.0620993904
5   9   6   14   -0.0085821242
5   9   7   13   0.0015043850
5   10   1   8   0.0106992639
5   10   1   11   0.0070785319
5   10   1   12   -0.0039908397
5   10   1   14   0.0041161434
5   10   2   9   0.0058812452
5   10   2   10   0.0046897175
5   10   3   9   0.0046897175
5   10   3   10   0.0083752192
5   10   4   8   0.0070785319
5   10   4   11   0.0214841698
5   10   4   12   0.0031584651
5   10   4   14   0.0091110506
5   10   5   8   -0.0039908397
5   10   5   11   0.0031584651
5   10   5   12   0.0126251866
5   10   5   14   0.0011520252
5   10   6   13   0.1052615103
5   10   7   8   0.0041161434
5   10   7   11   0.0091110506
5   10   7   12   0.0011520252
5   10   7   14   0.0091570013

End IJAB Block
Begin IJKL Block
1   6   1   6   4.7296272094
1   6   1   7   0.4293434232
1   6   1   9   0.1367706747
1   6   2   6   0.4293434232
1   6   2   7   0.0597402757
1   6   2   9   0.0159291038
1   6   3   8   0.0170962251
1   6   4   6   0.1367706747
1   6   4   7   0.0159291038
1   6   4   9   0.0269963977
1   6   5   10   0.0267246231
1   7   1   6   0.4293434232
1   7   1   7   1.0470243882
1   7   1   9   0.0847969002
1   7   2   6   0.0635834037
1   7   2   7   0.0144947178
1   7   2   9   0.0075826073
1   7   3   8   -0.0229180960
1   7   4   6   0.0162419614
1   7   4   7   0.0145387603
1   7   4   9   -0.0223232257
1   7   5   10   -0.0290308585
1   8   1   8   0.8891653325
1   8   2   8   0.0073868649
1   8   3   6   0.0209643561
1   8   3   7   -0.0235612315
1   8   3   9   -0.0030613727
1   8   4   8   0.0074926069
1   9   1   6   0.1367706747
1   9   1   7   0.0847969002
1   9   1   9   0.9830951620
1   9   2   6   0.0162419614
1   9   2   7   0.0077421390
1   9   2   9   0.0133194513
1   9   3   8   -0.0027377908
1   9   4   6   0.0309647347
1   9   4   7   -0.0226632718
1   9   4   9   -0.0083955731
1   9   5   10   -0.0088221890
1   10   1   10   1.0329297034
1   10   2   10   0.0120260645
1   10   4   10   0.0047651893
1   10   5   6   0.0309715255
1   10   5   7   -0.0290749515
1   10   5   9   -0.0089871102
2   6   1   6   0.4293434232
2   6   1   7   0.0635834037
2   6   1   9   0.0162419614
2   6   2   6   1.0470243882
2   6   2   7   0.0144947178
2   6   2   9   0.0145387603
2   6   3   8   -0.0229180960
2   6   4   6   0.0847969002
2   6   4   7   0.0075826073
2   6   4   9   -0.0223232257
2   6   5   10   -0.0290308585
2   7   1   6   0.0597402757
2   7   1   7   0.0144947178
2   7   1   9   0.0077421390
2   7   2   6   0.0144947178
2   7   2   7   0.7452843893
2   7   2   9   -0.0174306233
2   7   3   8   0.1433319025
2   7   4   6   0.0077421390
2   7   4   7   -0.0174306233
2   7   4   9   0.1163113956
2   7   5   10   0.1190728067
2   8   1   8   0.0073868649
2   8   2   8   0.6742574096
2   8   3   6   -0.0235612315
2   8   3   7   0.1467146678
2   8   3   9   -0.0146423315
2   8   4   8   -0.0123814950
2   9   1   6   0.0159291038
2   9   1   7   0.0075826073
2   9   1   9   0.0133194513
2   9   2   6   0.0145387603
2   9   2   7   -0.0174306233
2   9   2   9   0.6710602845
2   9   3   8   -0.0151563518
2   9   4   6   -0.0226632718
2   9   4   7   0.1195136127
2   9   4   9   0.0632256389
2   9   5   10   0.0275724607
2   10   1   10   0.0120260645
2   10   2   10   0.7027280865
2   10   4   10   0.0319983420
2   10   5   6   -0.0290749515
2   10   5   7   0.1224641837
2   10   5   9   0.0273419523
3   6   1   8   0.0209643561
3   6   2   8   -0.0235612315
3   6   3   6   0.8891653325
3   6   3   7   0.0073868649
3   6   3   9   0.0074926069
3   6   4   8   -0.0030613727
3   7   1   8   -0.0235612315
3   7   2   8   0.1467146678
3   7   3   6   0.0073868649
3   7   3   7   0.6742574096
3   7   3   9   -0.0123814950
3   7   4   8   -0.0146423315
3   8   1   6   0.0170962251
3   8   1   7   -0.0229180960
3   8   1   9   -0.0027377908
3   8   2   6   -0.0229180960
3   8   2   7   0.1433319025
3   8   2   9   -0.0151563518
3   8   3   8   0.6523565040
3   8   4   6   -0.0027377908
3   8   4   7   -0.0151563518
3   8   4   9   0.0325591360
3   8   5   10   0.0229549410
3   9   1   8   -0.0030613727
3   9   2   8   -0.0146423315
3   9   3   6   0.0074926069
3   9   3   7   -0.0123814950
3   9   3   9   0.6005281736
3   9   4   8   0.0373334262
3   10   3   10   0.6157996434
3   10   5   8   0.0284317559
4   6   1   6   0.1367706747
4   6   1   7   0.0162419614
4   6   1   9   0.0309647347
4   6   2   6   0.0847969002
4   6   2   7   0.0077421390
4   6   2   9   -0.0226632718
4   6   3   8   -0.0027377908
4   6   4   6   0.9830951620
4   6   4   7   0.0133194513
4   6   4   9   -0.0083955731
4   6   5   10   -0.0088221890
4   7   1   6   0.0159291038
4   7   1   7   0.0145387603
4   7   1   9   -0.0226632718
4   7   2   6   0.0075826073
4   7   2   7   -0.0174306233
4   7   2   9   0.1195136127
4   7   3   8   -0.0151563518
4   7   4   6   0.0133194513
4   7   4   7   0.6710602845
4   7   4   9   0.0632256389
4   7   5   10   0.0275724607
4   8   1   8   0.0074926069
4   8   2   8   -0.0123814950
4   8   3   6   -0.0030613727
4   8   3   7   -0.0146423315
4   8   3   9   0.0373334262
4   8   4   8   0.6005281736
4   9   1   6   0.0269963977
4   9   1   7   -0.0223232257
4   9   1   9   -0.0083955731
4   9   2   6   -0.0223232257
4   9   2   7   0.1163113956
4   9   2   9   0.0632256389
4   9   3   8   0.0325591360
4   9   4   6   -0.0083955731
4   9   4   7   0.0632256389
4   9   4   9   0.7031446691
4   9   5   10   0.0337709884
4   10   1   10   0.0047651893
4   10   2   10   0.0319983420
4   10   4   10   0.6488657147
4   10   5   6   -0.0089871102
4   10   5   7   0.0273419523
4   10   5   9   0.0389565009
5   6   1   10   0.0309715255
5   6   2   10   -0.0290749515
5   6   4   10   -0.0089871102
5   6   5   6   1.0329297034
5   6   5   7   0.0120260645
5   6   5   9   0.0047651893
5   7   1   10   -0.0290749515
5   7   2   10   0.1224641837
5   7   4   10   0.0273419523
5   7   5   6   0.0120260645
5   7   5   7   0.7027280865
5   7   5   9   0.0319983420
5   8   3   10   0.0284317559
5   8   5   8   0.6157996434
5   9   1   10   -0.0089871102
5   9   2   10   0.0273419523
5   9   4   10   0.0389565009
5   9   5   6   0.0047651893
5   9   5   7   0.0319983420
5   9   5   9   0.6488657147
5   10   1   6   0.0267246231
5   10   1   7   -0.0290308585
5   10   1   9   -0.0088221890
5   10   2   6   -0.0290308585
5   10   2   7   0.1190728067
5   10   2   9   0.0275724607
5   10   3   8   0.0229549410
5   10   4   6   -0.0088221890
5   10   4   7   0.0275724607
5   10   4   9   0.0337709884
5   10   5   10   0.7318286615

End IJKL Block
Begin ABCD Block
1   8   1   8   0.2664006640
1   8   1   11   0.0211171469
1   8   1   12   -0.0323135530
1   8   1   14   0.0109317307
1   8   2   9   0.0656200826
1   8   2   10   -0.0000197839
1   8   3   9   -0.0000197839
1   8   3   10   0.0174369441
1   8   4   8   0.0211171469
1   8   4   11   0.0296760315
1   8   4   12   -0.0054269231
1   8   4   14   0.0009300518
1   8   5   8   -0.0323135530
1   8   5   11   -0.0054269231
1   8   5   12   0.0335308678
1   8   5   14   -0.0090054530
1   8   6   13   0.0264247523
1   8   7   8   0.0109317307
1   8   7   11   0.0009300518
1   8   7   12   -0.0090054530
1   8   7   14   0.0194939043
1   9   1   9   0.2534145915
1   9   1   10   0.0242593534
1   9   2   8   0.0656234242
1   9   2   11   0.0100721510
1   9   2   12   -0.0023559357
1   9   2   14   -0.0114125042
1   9   3   8   -0.0000203845
1   9   3   11   0.0069587287
1   9   3   12   -0.0083333865
1   9   3   14   0.0080790343
1   9   4   9   0.0233554707
1   9   4   10   0.0125091218
1   9   5   9   -0.0245848133
1   9   5   10   -0.0152338648
1   9   7   9   0.0023390933
1   9   7   10   0.0113063700
1   10   1   9   0.0242593534
1   10   1   10   0.2839403833
1   10   2   8   -0.0000203845
1   10   2   11   0.0362116009
1   10   2   12   -0.0313199717
1   10   2   14   0.0259593627
1   10   3   8   0.0174416310
1   10   3   11   0.0151173859
1   10   3   12   0.0023865853
1   10   3   14   0.0109271226
1   10   4   9   0.0125029307
1   10   4   10   0.0495770215
1   10   5   9   -0.0152294778
1   10   5   10   -0.0282042124
1   10   5   12   -0.0000000000
1   10   7   9   0.0113137612
1   10   7   10   0.0226020760
1   11   1   8   0.0211171469
1   11   1   11   0.3002597939
1   11   1   12   -0.0055195064
1   11   1   14   -0.0049177177
1   11   2   9   0.0100690993
1   11   2   10   0.0362163612
1   11   3   9   0.0069640894
1   11   3   10   0.0151250916
1   11   4   8   0.0296727503
1   11   4   11   0.0568359215
1   11   4   12   -0.0124239282
1   11   4   14   -0.0056501047
1   11   5   8   -0.0054278652
1   11   5   11   -0.0504641393
1   11   5   12   0.0075002060
1   11   5   14   -0.0032376333
1   11   6   13   -0.0062891791
1   11   7   8   0.0009308442
1   11   7   11   0.0127650891
1   11   7   12   -0.0023868972
1   11   7   14   0.0072621437
1   12   1   8   -0.0323135530
1   12   1   11   -0.0055195064
1   12   1   12   0.2657037932
1   12   1   14   -0.0254469921
1   12   2   9   -0.0023623151
1   12   2   10   -0.0313305624
1   12   3   9   -0.0083345300
1   12   3   10   0.0023971013
1   12   3   12   -0.0000000000
1   12   4   8   -0.0054278652
1   12   4   11   -0.0124253553
1   12   4   12   0.0354183277
1   12   4   14   -0.0049058916
1   12   5   8   0.0335430268
1   12   5   10   -0.0000000000
1   12   5   11   0.0075013991
1   12   5   12   -0.0160313058
1   12   5   14   0.0284249955
1   12   6   13   -0.0105498521
1   12   7   8   -0.0090014475
1   12   7   11   -0.0023866639
1   12   7   12   0.0279897790
1   12   7   14   -0.0043077883
1   13   1   13   0.2812857298
1   13   4   13   0.0380639056
1   13   5   13   -0.0344093355
1   13   6   8   0.0264367952
1   13   6   11   -0.0062904713
1   13   6   12   -0.0105315391
1   13   6   14   -0.0021049684
1   13   7   13   0.0190598889
1   14   1   8   0.0109317307
1   14   1   11   -0.0049177177
1   14   1   12   -0.0254469921
1   14   1   14   0.2922185073
1   14   2   9   -0.0114094460
1   14   2   10   0.0259595302
1   14   3   9   0.0080751113
1   14   3   10   0.0109181613
1   14   4   8   0.0009308442
1   14   4   11   -0.0056460518
1   14   4   12   -0.0049059325
1   14   4   14   0.0384917371
1   14   5   8   -0.0090014475
1   14   5   11   -0.0032354650
1   14   5   12   0.0284151900
1   14   5   14   -0.0384064398
1   14   6   13   -0.0021039772
1   14   7   8   0.0194968808
1   14   7   11   0.0072565923
1   14   7   12   -0.0043279238
1   14   7   14   0.0324186285
2   8   1   9   0.0656234242
2   8   1   10   -0.0000203845
2   8   2   8   0.2534145915
2   8   2   11   0.0233554707
2   8   2   12   -0.0245848133
2   8   2   14   0.0023390933
2   8   3   8   0.0242593534
2   8   3   11   0.0125091218
2   8   3   12   -0.0152338648
2   8   3   14   0.0113063700
2   8   4   9   0.0100721510
2   8   4   10   0.0069587287
2   8   5   9   -0.0023559357
2   8   5   10   -0.0083333865
2   8   7   9   -0.0114125042
2   8   7   10   0.0080790343
2   9   1   8   0.0656200826
2   9   1   11   0.0100690993
2   9   1   12   -0.0023623151
2   9   1   14   -0.0114094460
2   9   2   9   0.2586431349
2   9   2   10   0.0194949746
2   9   3   9   0.0194949746
2   9   3   10   0.0183292499
2   9   4   8   0.0100690993
2   9   4   11   0.0120316102
2   9   4   12   -0.0040668783
2   9   4   14   -0.0010465952
2   9   5   8   -0.0023623151
2   9   5   11   -0.0040668783
2   9   5   12   0.0063745088
2   9   5   14   -0.0044328571
2   9   6   13   0.0056346685
2   9   7   8   -0.0114094460
2   9   7   11   -0.0010465952
2   9   7   12   -0.0044328571
2   9   7   14   0.0103172095
2   10   1   8   -0.0000197839
2   10   1   11   0.0362163612
2   10   1   12   -0.0313305624
2   10   1   14   0.0259595302
2   10   2   9   0.0194949746
2   10   2   10   0.2659059345
2   10   3   9   0.0183357239
2   10   3   10   0.0433325716
2   10   4   8   0.0069640894
2   10   4   11   0.0178879770
2   10   4   12   -0.0086755681
2   10   4   14   0.0082556470
2   10   5   8   -0.0083345300
2   10   5   11   -0.0085144806
2   10   5   12   0.0024717087
2   10   5   14   -0.0063174528
2   10   6   13   -0.0001946540
2   10   7   8   0.0080751113
2   10   7   11   -0.0006096114
2   10   7   12   0.0035226536
2   10   7   14   0.0034544525
2   11   1   9   0.0100721510
2   11   1   10   0.0362116009
2   11   2   8   0.0233554707
2   11   2   11   0.2807832280
2   11   2   12   -0.0092857027
2   11   2   14   -0.0062867467
2   11   3   8   0.0125029307
2   11   3   11   0.0468363605
2   11   3   12   -0.0058777534
2   11   3   14   0.0020940987
2   11   4   9   0.0120395510
2   11   4   10   0.0178941618
2   11   5   9   -0.0040504394
2   11   5   10   -0.0084979590
2   11   7   9   -0.0010556960
2   11   7   10   -0.0006184452
2   12   1   9   -0.0023559357
2   12   1   10   -0.0313199717
2   12   2   8   -0.0245848133
2   12   2   11   -0.0092857027
2   12   2   12   0.2405260744
2   12   2   14   -0.0243544806
2   12   3   8   -0.0152294778
2   12   3   11   -0.0058848561
2   12   3   12   0.0337618642
2   12   3   14   -0.0104662363
2   12   4   9   -0.0040504394
2   12   4   10   -0.0086443672
2   12   5   9   0.0063726491
2   12   5   10   0.0024776143
2   12   7   9   -0.0044344986
2   12   7   10   0.0035104832
2   13   2   13   0.2553840165
2   13   3   13   0.0385667999
2   13   6   9   0.0056348842
2   13   6   10   -0.0002083106
2   14   1   9   -0.0114125042
2   14   1   10   0.0259593627
2   14   2   8   0.0023390933
2   14   2   11   -0.0062867467
2   14   2   12   -0.0243544806
2   14   2   14   0.2647663179
2   14   3   8   0.0113137612
2   14   3   11   0.0020993855
2   14   3   12   -0.0104892492
2   14   3   14   0.0423201569
2   14   4   9   -0.0010556960
2   14   4   10   0.0082394115
2   14   5   9   -0.0044344986
2   14   5   10   -0.0063273334
2   14   7   9   0.0103171635
2   14   7   10   0.0034661185
3   8   1   9   -0.0000203845
3   8   1   10   0.0174416310
3   8   2   8   0.0242593534
3   8   2   11   0.0125029307
3   8   2   12   -0.0152294778
3   8   2   14   0.0113137612
3   8   3   8   0.2839403833
3   8   3   11   0.0495770215
3   8   3   12   -0.0282042124
3   8   3   14   0.0226020760
3   8   4   9   0.0362116009
3   8   4   10   0.0151173859
3   8   5   9   -0.0313199717
3   8   5   10   0.0023865853
3   8   5   12   -0.0000000000
3   8   7   9   0.0259593627
3   8   7   10   0.0109271226
3   9   1   8   -0.0000197839
3   9   1   11   0.0069640894
3   9   1   12   -0.0083345300
3   9   1   14   0.0080751113
3   9   2   9   0.0194949746
3   9   2   10   0.0183357239
3   9   3   9   0.2659059345
3   9   3   10   0.0433325716
3   9   4   8   0.0362163612
3   9   4   11   0.0178879770
3   9   4   12   -0.0085144806
3   9   4   14   -0.0006096114
3   9   5   8   -0.0313305624
3   9   5   11   -0.0086755681
3   9   5   12   0.0024717087
3   9   5   14   0.0035226536
3   9   6   13   -0.0001946540
3   9   7   8   0.0259595302
3   9   7   11   0.0082556470
3   9   7   12   -0.0063174528
3   9   7   14   0.0034544525
3   10   1   8   0.0174369441
3   10   1   11   0.0151250916
3   10   1   12   0.0023971013
3   10   1   14   0.0109181613
3   10   2   9   0.0183292499
3   10   2   10   0.0433325716
3   10   3   9   0.0433325716
3   10   3   10   0.3737426090
3   10   3   12   0.0000000000
3   10   4   8   0.0151250916
3   10   4   11   0.0507039871
3   10   4   12   -0.0234194804
3   10   4   14   0.0267998361
3   10   5   8   0.0023971013
3   10   5   10   0.0000000000
3   10   5   11   -0.0234194804
3   10   5   12   0.0320293896
3   10   5   14   -0.0162531230
3   10   6   13   0.0082179368
3   10   7   8   0.0109181613
3   10   7   11   0.0267998361
3   10   7   12   -0.0162531230
3   10   7   14   0.0306364663
3   11   1   9   0.0069587287
3   11   1   10   0.0151173859
3   11   2   8   0.0125091218
3   11   2   11   0.0468363605
3   11   2   12   -0.0058848561
3   11   2   14   0.0020993855
3   11   3   8   0.0495770215
3   11   3   11   0.3643632522
3   11   3   12   -0.0103971808
3   11   3   14   -0.0049287321
3   11   4   9   0.0178941618
3   11   4   10   0.0507116182
3   11   5   9   -0.0086443672
3   11   5   10   -0.0234029837
3   11   5   12   -0.0000000000
3   11   7   9   0.0082394115
3   11   7   10   0.0267738972
3   12   1   9   -0.0083333865
3   12   1   10   0.0023865853
3   12   1   12   -0.0000000000
3   12   2   8   -0.0152338648
3   12   2   11   -0.0058777534
3   12   2   12   0.0337618642
3   12   2   14   -0.0104892492
3   12   3   8   -0.0282042124
3   12   3   10   0.0000000000
3   12   3   11   -0.0103971808
3   12   3   12   0.3295142003
3   12   3   14   -0.0222299679
3   12   4   9   -0.0084979590
3   12   4   10   -0.0234029837
3   12   4   12   -0.0000000000
3   12   5   8   -0.0000000000
3   12   5   9   0.0024776143
3   12   5   10   0.0320691200
3   12   5   11   -0.0000000000
3   12   5   12   -0.0000000000
3   12   5   14   -0.0000000000
3   12   7   9   -0.0063273334
3   12   7   10   -0.0162796648
3   13   2   13   0.0385667999
3   13   3   13   0.3425378821
3   13   6   9   -0.0002083106
3   13   6   10   0.0081892725
3   14   1   9   0.0080790343
3   14   1   10   0.0109271226
3   14   2   8   0.0113063700
3   14   2   11   0.0020940987
3   14   2   12   -0.0104662363
3   14   2   14   0.0423201569
3   14   3   8   0.0226020760
3   14   3   11   -0.0049287321
3   14   3   12   -0.0222299679
3   14   3   14   0.3579631479
3   14   4   9   -0.0006184452
3   14   4   10   0.0267738972
3   14   5   9   0.0035104832
3   14   5   10   -0.0162796648
3   14   5   12   -0.0000000000
3   14   7   9   0.0034661185
3   14   7   10   0.0306795524
4   8   1   8   0.0211171469
4   8   1   11   0.0296727503
4   8   1   12   -0.0054278652
4   8   1   14   0.0009308442
4   8   2   9   0.0100690993
4   8   2   10   0.0069640894
4   8   3   9   0.0362163612
4   8   3   10   0.0151250916
4   8   4   8   0.3002597939
4   8   4   11   0.0568359215
4   8   4   12   -0.0504641393
4   8   4   14   0.0127650891
4   8   5   8   -0.0055195064
4   8   5   11   -0.0124239282
4   8   5   12   0.0075002060
4   8   5   14   -0.0023868972
4   8   6   13   -0.0062891791
4   8   7   8   -0.0049177177
4   8   7   11   -0.0056501047
4   8   7   12   -0.0032376333
4   8   7   14   0.0072621437
4   9   1   9   0.0233554707
4   9   1   10   0.0125029307
4   9   2   8   0.0100721510
4   9   2   11   0.0120395510
4   9   2   12   -0.0040504394
4   9   2   14   -0.0010556960
4   9   3   8   0.0362116009
4   9   3   11   0.0178941618
4   9   3   12   -0.0084979590
4   9   3   14   -0.0006184452
4   9   4   9   0.2807832280
4   9   4   10   0.0468363605
4   9   5   9   -0.0092857027
4   9   5   10   -0.0058777534
4   9   7   9   -0.0062867467
4   9   7   10   0.0020940987
4   10   1   9   0.0125091218
4   10   1   10   0.0495770215
4   10   2   8   0.0069587287
4   10   2   11   0.0178941618
4   10   2   12   -0.0086443672
4   10   2   14   0.0082394115
4   10   3   8   0.0151173859
4   10   3   11   0.0507116182
4   10   3   12   -0.0234029837
4   10   3   14   0.0267738972
4   10   4   9   0.0468363605
4   10   4   10   0.3643632522
4   10   5   9   -0.0058848561
4   10   5   10   -0.0103971808
4   10   5   12   -0.0000000000
4   10   7   9   0.0020993855
4   10   7   10   -0.0049287321
4   11   1   8   0.0296760315
4   11   1   11   0.0568359215
4   11   1   12   -0.0124253553
4   11   1   14   -0.0056460518
4   11   2   9   0.0120316102
4   11   2   10   0.0178879770
4   11   3   9   0.0178879770
4   11   3   10   0.0507039871
4   11   4   8   0.0568359215
4   11   4   11   0.4099662883
4   11   4   12   -0.0150349653
4   11   4   14   -0.0148027585
4   11   5   8   -0.0124253553
4   11   5   11   -0.0150349653
4   11   5   12   0.0143342323
4   11   5   14   -0.0023205520
4   11   6   13   0.0142308209
4   11   7   8   -0.0056460518
4   11   7   11   -0.0148027585
4   11   7   12   -0.0023205520
4   11   7   14   0.0168002460
4   12   1   8   -0.0054269231
4   12   1   11   -0.0124239282
4   12   1   12   0.0354183277
4   12   1   14   -0.0049059325
4   12   2   9   -0.0040668783
4   12   2   10   -0.0086755681
4   12   3   9   -0.0085144806
4   12   3   10   -0.0234194804
4   12   3   12   -0.0000000000
4   12   4   8   -0.0504641393
4   12   4   11   -0.0150349653
4   12   4   12   0.3124204891
4   12   4   14   -0.0393378010
4   12   5   8   0.0075013991
4   12   5   10   -0.0000000000
4   12   5   11   0.0143365510
4   12   5   12   0.0008361125
4   12   5   14   0.0095947241
4   12   6   13   0.0075713276
4   12   7   8   -0.0032354650
4   12   7   11   -0.0023169888
4   12   7   12   0.0021465884
4   12   7   14   0.0046543620
4   13   1   13   0.0380639056
4   13   4   13   0.3441406126
4   13   5   13   0.0014093672
4   13   6   8   -0.0062904713
4   13   6   11   0.0142691849
4   13   6   12   0.0075966326
4   13   6   14   0.0048355169
4   13   7   13   0.0038876196
4   14   1   8   0.0009300518
4   14   1   11   -0.0056501047
4   14   1   12   -0.0049058916
4   14   1   14   0.0384917371
4   14   2   9   -0.0010465952
4   14   2   10   0.0082556470
4   14   3   9   -0.0006096114
4   14   3   10   0.0267998361
4   14   4   8   0.0127650891
4   14   4   11   -0.0148027585
4   14   4   12   -0.0393378010
4   14   4   14   0.3591924879
4   14   5   8   -0.0023866639
4   14   5   11   -0.0023169888
4   14   5   12   0.0095885243
4   14   5   14   -0.0020864997
4   14   6   13   0.0048063267
4   14   7   8   0.0072565923
4   14   7   11   0.0167783017
4   14   7   12   0.0046460095
4   14   7   14   -0.0109703145
5   8   1   8   -0.0323135530
5   8   1   11   -0.0054278652
5   8   1   12   0.0335430268
5   8   1   14   -0.0090014475
5   8   2   9   -0.0023623151
5   8   2   10   -0.0083345300
5   8   3   9   -0.0313305624
5   8   3   10   0.0023971013
5   8   3   12   -0.0000000000
5   8   4   8   -0.0055195064
5   8   4   11   -0.0124253553
5   8   4   12   0.0075013991
5   8   4   14   -0.0023866639
5   8   5   8   0.2657037932
5   8   5   10   -0.0000000000
5   8   5   11   0.0354183277
5   8   5   12   -0.0160313058
5   8   5   14   0.0279897790
5   8   6   13   -0.0105498521
5   8   7   8   -0.0254469921
5   8   7   11   -0.0049058916
5   8   7   12   0.0284249955
5   8   7   14   -0.0043077883
5   9   1   9   -0.0245848133
5   9   1   10   -0.0152294778
5   9   2   8   -0.0023559357
5   9   2   11   -0.0040504394
5   9   2   12   0.0063726491
5   9   2   14   -0.0044344986
5   9   3   8   -0.0313199717
5   9   3   11   -0.0086443672
5   9   3   12   0.0024776143
5   9   3   14   0.0035104832
5   9   4   9   -0.0092857027
5   9   4   10   -0.0058848561
5   9   5   9   0.2405260744
5   9   5   10   0.0337618642
5   9   7   9   -0.0243544806
5   9   7   10   -0.0104662363
5   10   1   9   -0.0152338648
5   10   1   10   -0.0282042124
5   10   1   12   -0.0000000000
5   10   2   8   -0.0083333865
5   10   2   11   -0.0084979590
5   10   2   12   0.0024776143
5   10   2   14   -0.0063273334
5   10   3   8   0.0023865853
5   10   3   10   0.0000000000
5   10   3   11   -0.0234029837
5   10   3   12   0.0320691200
5   10   3   14   -0.0162796648
5   10   4   9   -0.0058777534
5   10   4   10   -0.0103971808
5   10   4   12   -0.0000000000
5   10   5   8   -0.0000000000
5   10   5   9   0.0337618642
5   10   5   10   0.3295142003
5   10   5   11   -0.0000000000
5   10   5   12   -0.0000000000
5   10   7   9   -0.0104892492
5   10   7   10   -0.0222299679
5   10   7   12   -0.0000000000
5   11   1   8   -0.0054269231
5   11   1   11   -0.0504641393
5   11   1   12   0.0075013991
5   11   1   14   -0.0032354650
5   11   2   9   -0.0040668783
5   11   2   10   -0.0085144806
5   11   3   9   -0.0086755681
5   11   3   10   -0.0234194804
5   11   3   12   -0.0000000000
5   11   4   8   -0.0124239282
5   11   4   11   -0.0150349653
5   11   4   12   0.0143365510
5   11   4   14   -0.0023169888
5   11   5   8   0.0354183277
5   11   5   10   -0.0000000000
5   11   5   11   0.3124204891
5   11   5   12   0.0008361125
5   11   5   14   0.0021465884
5   11   6   13   0.0075713276
5   11   7   8   -0.0049059325
5   11   7   11   -0.0393378010
5   11   7   12   0.0095947241
5   11   7   14   0.0046543620
5   12   1   8   0.0335308678
5   12   1   10   -0.0000000000
5   12   1   11   0.0075002060
5   12   1   12   -0.0160313058
5   12   1   14   0.0284151900
5   12   2   9   0.0063745088
5   12   2   10   0.0024717087
5   12   3   8   -0.0000000000
5   12   3   9   0.0024717087
5   12   3   10   0.0320293896
5   12   3   11   -0.0000000000
5   12   3   12   -0.0000000000
5   12   3   14   -0.0000000000
5   12   4   8   0.0075002060
5   12   4   10   -0.0000000000
5   12   4   11   0.0143342323
5   12   4   12   0.0008361125
5   12   4   14   0.0095885243
5   12   5   8   -0.0160313058
5   12   5   10   -0.0000000000
5   12   5   11   0.0008361125
5   12   5   12   0.3575975059
5   12   5   14   0.0105877276
5   12   6   13   0.0221312953
5   12   7   8   0.0284151900
5   12   7   10   -0.0000000000
5   12   7   11   0.0095885243
5   12   7   12   0.0105877276
5   12   7   14   0.0431554235
5   13   1   13   -0.0344093355
5   13   4   13   0.0014093672
5   13   5   13   0.3562251035
5   13   6   8   -0.0105315391
5   13   6   11   0.0075966326
5   13   6   12   0.0221242033
5   13   6   14   0.0052137689
5   13   7   13   -0.0047624704
5   14   1   8   -0.0090054530
5   14   1   11   -0.0032376333
5   14   1   12   0.0284249955
5   14   1   14   -0.0384064398
5   14   2   9   -0.0044328571
5   14   2   10   -0.0063174528
5   14   3   9   0.0035226536
5   14   3   10   -0.0162531230
5   14   3   12   -0.0000000000
5   14   4   8   -0.0023868972
5   14   4   11   -0.0023205520
5   14   4   12   0.0095947241
5   14   4   14   -0.0020864997
5   14   5   8   0.0279897790
5   14   5   11   0.0021465884
5   14   5   12   0.0105877276
5   14   5   14   0.3364606754
5   14   6   13   0.0052010736
5   14   7   8   -0.0043279238
5   14   7   11   0.0046460095
5   14   7   12   0.0431966347
5   14   7   14   -0.0298392833
6   8   1   13   0.0264367952
6   8   4   13   -0.0062904713
6   8   5   13   -0.0105315391
6   8   6   8   0.2812857298
6   8   6   11   0.0380639056
6   8   6   12   -0.0344093355
6   8   6   14   0.0190598889
6   8   7   13   -0.0021049684
6   9   2   13   0.0056348842
6   9   3   13   -0.0002083106
6   9   6   9   0.2553840165
6   9   6   10   0.0385667999
6   10   2   13   -0.0002083106
6   10   3   13   0.0081892725
6   10   6   9   0.0385667999
6   10   6   10   0.3425378821
6   11   1   13   -0.0062904713
6   11   4   13   0.0142691849
6   11   5   13   0.0075966326
6   11   6   8   0.0380639056
6   11   6   11   0.3441406126
6   11   6   12   0.0014093672
6   11   6   14   0.0038876196
6   11   7   13   0.0048355169
6   12   1   13   -0.0105315391
6   12   4   13   0.0075966326
6   12   5   13   0.0221242033
6   12   6   8   -0.0344093355
6   12   6   11   0.0014093672
6   12   6   12   0.3562251035
6   12   6   14   -0.0047624704
6   12   7   13   0.0052137689
6   13   1   8   0.0264247523
6   13   1   11   -0.0062891791
6   13   1   12   -0.0105498521
6   13   1   14   -0.0021039772
6   13   2   9   0.0056346685
6   13   2   10   -0.0001946540
6   13   3   9   -0.0001946540
6   13   3   10   0.0082179368
6   13   4   8   -0.0062891791
6   13   4   11   0.0142308209
6   13   4   12   0.0075713276
6   13   4   14   0.0048063267
6   13   5   8   -0.0105498521
6   13   5   11   0.0075713276
6   13   5   12   0.0221312953
6   13   5   14   0.0052010736
6   13   6   13   0.4359119134
6   13   7   8   -0.0021039772
6   13   7   11   0.0048063267
6   13   7   12   0.0052010736
6   13   7   14   0.0086343884
6   14   1   13   -0.0021049684
6   14   4   13   0.0048355169
6   14   5   13   0.0052137689
6   14   6   8   0.0190598889
6   14   6   11   0.0038876196
6   14   6   12   -0.0047624704
6   14   6   14   0.3405125711
6   14   7   13   0.0086333367
7   8   1   8   0.0109317307
7   8   1   11   0.0009308442
7   8   1   12   -0.0090014475
7   8   1   14   0.0194968808
7   8   2   9   -0.0114094460
7   8   2   10   0.0080751113
7   8   3   9   0.0259595302
7   8   3   10   0.0109181613
7   8   4   8   -0.0049177177
7   8   4   11   -0.0056460518
7   8   4   12   -0.0032354650
7   8   4   14   0.0072565923
7   8   5   8   -0.0254469921
7   8   5   11   -0.0049059325
7   8   5   12   0.0284151900
7   8   5   14   -0.0043279238
7   8   6   13   -0.0021039772
7   8   7   8   0.2922185073
7   8   7   11   0.0384917371
7   8   7   12   -0.0384064398
7   8   7   14   0.0324186285
7   9   1   9   0.0023390933
7   9   1   10   0.0113137612
7   9   2   8   -0.0114125042
7   9   2   11   -0.0010556960
7   9   2   12   -0.0044344986
7   9   2   14   0.0103171635
7   9   3   8   0.0259593627
7   9   3   11   0.0082394115
7   9   3   12   -0.0063273334
7   9   3   14   0.0034661185
7   9   4   9   -0.0062867467
7   9   4   10   0.0020993855
7   9   5   9   -0.0243544806
7   9   5   10   -0.0104892492
7   9   7   9   0.2647663179
7   9   7   10   0.0423201569
7   10   1   9   0.0113063700
7   10   1   10   0.0226020760
7   10   2   8   0.0080790343
7   10   2   11   -0.0006184452
7   10   2   12   0.0035104832
7   10   2   14   0.0034661185
7   10   3   8   0.0109271226
7   10   3   11   0.0267738972
7   10   3   12   -0.0162796648
7   10   3   14   0.0306795524
7   10   4   9   0.0020940987
7   10   4   10   -0.0049287321
7   10   5   9   -0.0104662363
7   10   5   10   -0.0222299679
7   10   5   12   -0.0000000000
7   10   7   9   0.0423201569
7   10   7   10   0.3579631479
7   11   1   8   0.0009300518
7   11   1   11   0.0127650891
7   11   1   12   -0.0023866639
7   11   1   14   0.0072565923
7   11   2   9   -0.0010465952
7   11   2   10   -0.0006096114
7   11   3   9   0.0082556470
7   11   3   10   0.0267998361
7   11   4   8   -0.0056501047
7   11   4   11   -0.0148027585
7   11   4   12   -0.0023169888
7   11   4   14   0.0167783017
7   11   5   8   -0.0049058916
7   11   5   11   -0.0393378010
7   11   5   12   0.0095885243
7   11   5   14   0.0046460095
7   11   6   13   0.0048063267
7   11   7   8   0.0384917371
7   11   7   11   0.3591924879
7   11   7   12   -0.0020864997
7   11   7   14   -0.0109703145
7   12   1   8   -0.0090054530
7   12   1   11   -0.0023868972
7   12   1   12   0.0279897790
7   12   1   14   -0.0043279238
7   12   2   9   -0.0044328571
7   12   2   10   0.0035226536
7   12   3   9   -0.0063174528
7   12   3   10   -0.0162531230
7   12   4   8   -0.0032376333
7   12   4   11   -0.0023205520
7   12   4   12   0.0021465884
7   12   4   14   0.0046460095
7   12   5   8   0.0284249955
7   12   5   10   -0.0000000000
7   12   5   11   0.0095947241
7   12   5   12   0.0105877276
7   12   5   14   0.0431966347
7   12   6   13   0.0052010736
7   12   7   8   -0.0384064398
7   12   7   11   -0.0020864997
7   12   7   12   0.3364606754
7   12   7   14   -0.0298392833
7   13   1   13   0.0190598889
7   13   4   13   0.0038876196
7   13   5   13   -0.0047624704
7   13   6   8   -0.0021049684
7   13   6   11   0.0048355169
7   13   6   12   0.0052137689
7   13   6   14   0.0086333367
7   13   7   13   0.3405125711
7   14   1   8   0.0194939043
7   14   1   11   0.0072621437
7   14   1   12   -0.0043077883
7   14   1   14   0.0324186285
7   14   2   9   0.0103172095
7   14   2   10   0.0034544525
7   14   3   9   0.0034544525
7   14   3   10   0.0306364663
7   14   4   8   0.0072621437
7   14   4   11   0.0168002460
7   14   4   12   0.0046543620
7   14   4   14   -0.0109703145
7   14   5   8   -0.0043077883
7   14   5   11   0.0046543620
7   14   5   12   0.0431554235
7   14   5   14   -0.0298392833
7   14   6   13   0.0086343884
7   14   7   8   0.0324186285
7   14   7   11   -0.0109703145
7   14   7   12   -0.0298392833
7   14   7   14   0.3933070531

End ABCD Block
Begin AIJB Block
1   6   1   8   0.0073006387
1   6   1   11   0.0071479421
1   6   1   12   -0.0043251317
1   6   1   14   0.0041911990
1   6   2   8   -0.0004667641
1   6   2   11   -0.0006458352
1   6   2   12   0.0044990441
1   6   2   14   -0.0004748707
1   6   3   9   0.0017588466
1   6   3   10   0.0013404036
1   6   4   8   0.0007788533
1   6   4   11   0.0008398020
1   6   4   12   -0.0022755677
1   6   4   14   0.0003796452
1   6   5   13   -0.0048438995
1   7   1   8   -0.0004667641
1   7   1   11   -0.0004097173
1   7   1   12   0.0030329592
1   7   1   14   -0.0000133439
1   7   2   8   0.0251133100
1   7   2   11   0.0219315250
1   7   2   12   -0.0159087122
1   7   2   14   0.0100104969
1   7   3   9   -0.0073937941
1   7   3   10   -0.0064814533
1   7   4   8   -0.0135713928
1   7   4   11   -0.0123891708
1   7   4   12   0.0115848768
1   7   4   14   -0.0055066438
1   7   5   13   0.0142255067
1   8   1   9   -0.0006543999
1   8   1   10   -0.0017598131
1   8   2   9   -0.0219327592
1   8   2   10   -0.0097488207
1   8   3   8   0.0140594272
1   8   3   11   0.0192836370
1   8   3   12   -0.0050541469
1   8   3   14   0.0007631010
1   8   4   9   0.0139432669
1   8   4   10   0.0144478222
1   9   1   8   0.0007788533
1   9   1   11   0.0007681991
1   9   1   12   0.0021734296
1   9   1   14   -0.0011290656
1   9   2   8   -0.0135713928
1   9   2   11   -0.0120592308
1   9   2   12   0.0293503731
1   9   2   14   -0.0012329033
1   9   3   9   0.0052487071
1   9   3   10   0.0104994472
1   9   4   8   0.0144127627
1   9   4   11   0.0101973662
1   9   4   12   -0.0178752467
1   9   4   14   0.0129580677
1   9   5   13   0.0004665504
1   10   1   13   0.0016028315
1   10   2   13   0.0390059335
1   10   4   13   -0.0173974582
1   10   5   8   0.0087634938
1   10   5   11   0.0064113701
1   10   5   12   -0.0033987900
1   10   5   14   0.0036076694
2   6   1   9   0.0042382635
2   6   1   10   0.0035358503
2   6   2   9   -0.0034909901
2   6   2   10   -0.0029096860
2   6   3   8   -0.0006543999
2   6   3   11   -0.0008413216
2   6   3   12   -0.0000820124
2   6   3   14   -0.0001685410
2   6   4   9   -0.0013236332
2   6   4   10   -0.0013263258
2   7   1   9   -0.0034909901
2   7   1   10   -0.0024469378
2   7   2   9   0.0119068133
2   7   2   10   0.0089905145
2   7   3   8   -0.0219327592
2   7   3   11   -0.0157820321
2   7   3   12   0.0072003088
2   7   3   14   -0.0124047984
2   7   4   9   0.0023978532
2   7   4   10   0.0025069603
2   8   1   8   0.0017588466
2   8   1   11   -0.0001781113
2   8   1   12   -0.0003887142
2   8   1   14   0.0022536098
2   8   2   8   -0.0073937941
2   8   2   11   -0.0005604717
2   8   2   12   0.0035129496
2   8   2   14   -0.0080294302
2   8   3   9   0.0327437451
2   8   3   10   0.0249568115
2   8   4   8   0.0052487071
2   8   4   11   0.0105500183
2   8   4   12   -0.0049371320
2   8   4   14   -0.0015597258
2   8   5   13   -0.0057311148
2   9   1   9   -0.0013236332
2   9   1   10   -0.0029809141
2   9   2   9   0.0023978532
2   9   2   10   0.0081711887
2   9   3   8   0.0139432669
2   9   3   11   0.0107277705
2   9   3   12   -0.0336518054
2   9   3   14   0.0099739090
2   9   4   9   0.0075724156
2   9   4   10   0.0139229661
2   10   3   13   -0.0415976482
2   10   5   9   0.0039962520
2   10   5   10   0.0034509891
3   6   1   9   0.0035358503
3   6   1   10   0.0029866616
3   6   2   9   -0.0024469378
3   6   2   10   -0.0022094788
3   6   3   8   -0.0017598131
3   6   3   11   -0.0019589928
3   6   3   12   0.0031535132
3   6   3   14   -0.0009329977
3   6   4   9   -0.0029809141
3   6   4   10   -0.0026828689
3   7   1   9   -0.0029096860
3   7   1   10   -0.0022094788
3   7   2   9   0.0089905145
3   7   2   10   0.0236354541
3   7   3   8   -0.0097488207
3   7   3   11   -0.0173821641
3   7   3   12   -0.0005381533
3   7   3   14   -0.0159936655
3   7   4   9   0.0081711887
3   7   4   10   -0.0027689718
3   8   1   8   0.0013404036
3   8   1   11   -0.0002250883
3   8   1   12   -0.0000264106
3   8   1   14   0.0018268024
3   8   2   8   -0.0064814533
3   8   2   11   -0.0159405498
3   8   2   12   0.0023468027
3   8   2   14   -0.0099280925
3   8   3   9   0.0249568115
3   8   3   10   0.0557376096
3   8   4   8   0.0104994472
3   8   4   11   0.0344727711
3   8   4   12   -0.0037671054
3   8   4   14   -0.0032399941
3   8   5   13   -0.0033928365
3   9   1   9   -0.0013263258
3   9   1   10   -0.0026828689
3   9   2   9   0.0025069603
3   9   2   10   -0.0027689718
3   9   3   8   0.0144478222
3   9   3   11   0.0168870413
3   9   3   12   -0.0235159680
3   9   3   14   0.0304419599
3   9   4   9   0.0139229661
3   9   4   10   0.0419601938
3   10   3   13   -0.0257366850
3   10   5   9   0.0034509891
3   10   5   10   0.0073244615
4   6   1   8   0.0071479421
4   6   1   11   0.0070661000
4   6   1   12   -0.0047787997
4   6   1   14   0.0041283786
4   6   2   8   -0.0004097173
4   6   2   11   -0.0007137084
4   6   2   12   0.0041674786
4   6   2   14   -0.0003747290
4   6   3   9   -0.0001781113
4   6   3   10   -0.0002250883
4   6   4   8   0.0007681991
4   6   4   11   0.0008482507
4   6   4   12   -0.0024767998
4   6   4   14   0.0003695715
4   6   5   13   -0.0073777258
4   7   1   8   -0.0006458352
4   7   1   11   -0.0007137084
4   7   1   12   0.0032422627
4   7   1   14   -0.0000542002
4   7   2   8   0.0219315250
4   7   2   11   0.0337925752
4   7   2   12   -0.0116204661
4   7   2   14   0.0050894649
4   7   3   9   -0.0005604717
4   7   3   10   -0.0159405498
4   7   4   8   -0.0120592308
4   7   4   11   -0.0195440795
4   7   4   12   0.0088997593
4   7   4   14   -0.0013906099
4   7   5   13   0.0140900861
4   8   1   9   -0.0008413216
4   8   1   10   -0.0019589928
4   8   2   9   -0.0157820321
4   8   2   10   -0.0173821641
4   8   3   8   0.0192836370
4   8   3   11   0.0562809216
4   8   3   12   -0.0033596284
4   8   3   14   -0.0093852268
4   8   4   9   0.0107277705
4   8   4   10   0.0168870413
4   9   1   8   0.0008398020
4   9   1   11   0.0008482507
4   9   1   12   0.0021684274
4   9   1   14   -0.0011860057
4   9   2   8   -0.0123891708
4   9   2   11   -0.0195440795
4   9   2   12   0.0233209501
4   9   2   14   -0.0015988183
4   9   3   9   0.0105500183
4   9   3   10   0.0344727711
4   9   4   8   0.0101973662
4   9   4   11   0.0173406804
4   9   4   12   -0.0138964442
4   9   4   14   0.0049330264
4   9   5   13   0.0026857504
4   10   1   13   0.0012816038
4   10   2   13   0.0312982164
4   10   4   13   -0.0130173879
4   10   5   8   0.0064113701
4   10   5   11   0.0201773874
4   10   5   12   0.0039634755
4   10   5   14   0.0085141149
5   6   1   8   -0.0043251317
5   6   1   11   -0.0047787997
5   6   1   12   0.0126368453
5   6   1   14   -0.0030295902
5   6   2   8   0.0030329592
5   6   2   11   0.0032422627
5   6   2   12   -0.0085826805
5   6   2   14   0.0020316006
5   6   3   9   -0.0003887142
5   6   3   10   -0.0000264106
5   6   4   8   0.0021734296
5   6   4   11   0.0021684274
5   6   4   12   -0.0022630942
5   6   4   14   0.0016837410
5   6   5   13   -0.0015926212
5   7   1   8   0.0044990441
5   7   1   11   0.0041674786
5   7   1   12   -0.0085826805
5   7   1   14   0.0018719451
5   7   2   8   -0.0159087122
5   7   2   11   -0.0116204661
5   7   2   12   0.0244461538
5   7   2   14   -0.0068324708
5   7   3   9   0.0035129496
5   7   3   10   0.0023468027
5   7   4   8   0.0293503731
5   7   4   11   0.0233209501
5   7   4   12   -0.0040394716
5   7   4   14   0.0133273852
5   7   5   13   -0.0004508933
5   8   1   9   -0.0000820124
5   8   1   10   0.0031535132
5   8   2   9   0.0072003088
5   8   2   10   -0.0005381533
5   8   3   8   -0.0050541469
5   8   3   11   -0.0033596284
5   8   3   12   0.0095157531
5   8   3   14   -0.0057999485
5   8   4   9   -0.0336518054
5   8   4   10   -0.0235159680
5   9   1   8   -0.0022755677
5   9   1   11   -0.0024767998
5   9   1   12   -0.0022630942
5   9   1   14   0.0026628002
5   9   2   8   0.0115848768
5   9   2   11   0.0088997593
5   9   2   12   -0.0040394716
5   9   2   14   -0.0001883744
5   9   3   9   -0.0049371320
5   9   3   10   -0.0037671054
5   9   4   8   -0.0178752467
5   9   4   11   -0.0138964442
5   9   4   12   0.0663846203
5   9   4   14   -0.0126095984
5   9   5   13   0.0108231024
5   10   1   13   0.0001125387
5   10   2   13   -0.0097183213
5   10   4   13   0.0629544609
5   10   5   8   -0.0033987900
5   10   5   11   0.0039634755
5   10   5   12   0.0122289269
5   10   5   14   0.0015423819
6   6   1   13   0.0177300065
6   6   2   13   -0.0123504082
6   6   4   13   -0.0044017107
6   6   5   8   0.0016028315
6   6   5   11   0.0012816038
6   6   5   12   0.0001125387
6   6   5   14   0.0006644421
6   7   1   13   -0.0123504082
6   7   2   13   0.0308801523
6   7   4   13   0.0079993805
6   7   5   8   0.0390059335
6   7   5   11   0.0312982164
6   7   5   12   -0.0097183213
6   7   5   14   0.0184822228
6   8   3   13   0.0110194135
6   8   5   9   -0.0415976482
6   8   5   10   -0.0257366850
6   9   1   13   -0.0044017107
6   9   2   13   0.0079993805
6   9   4   13   0.0148823572
6   9   5   8   -0.0173974582
6   9   5   11   -0.0130173879
6   9   5   12   0.0629544609
6   9   5   14   -0.0091539530
6   10   1   8   -0.0048438995
6   10   1   11   -0.0073777258
6   10   1   12   -0.0015926212
6   10   1   14   -0.0040749824
6   10   2   8   0.0142255067
6   10   2   11   0.0140900861
6   10   2   12   -0.0004508933
6   10   2   14   0.0079687784
6   10   3   9   -0.0057311148
6   10   3   10   -0.0033928365
6   10   4   8   0.0004665504
6   10   4   11   0.0026857504
6   10   4   12   0.0108231024
6   10   4   14   0.0013816621
6   10   5   13   0.1072140660
7   6   1   8   0.0041911990
7   6   1   11   0.0041283786
7   6   1   12   -0.0030295902
7   6   1   14   0.0024804389
7   6   2   8   -0.0000133439
7   6   2   11   -0.0000542002
7   6   2   12   0.0018719451
7   6   2   14   -0.0002877326
7   6   3   9   0.0022536098
7   6   3   10   0.0018268024
7   6   4   8   -0.0011290656
7   6   4   11   -0.0011860057
7   6   4   12   0.0026628002
7   6   4   14   -0.0008618476
7   6   5   13   -0.0040749824
7   7   1   8   -0.0004748707
7   7   1   11   -0.0003747290
7   7   1   12   0.0020316006
7   7   1   14   -0.0002877326
7   7   2   8   0.0100104969
7   7   2   11   0.0050894649
7   7   2   12   -0.0068324708
7   7   2   14   0.0202642918
7   7   3   9   -0.0080294302
7   7   3   10   -0.0099280925
7   7   4   8   -0.0012329033
7   7   4   11   -0.0015988183
7   7   4   12   -0.0001883744
7   7   4   14   -0.0106799050
7   7   5   13   0.0079687784
7   8   1   9   -0.0001685410
7   8   1   10   -0.0009329977
7   8   2   9   -0.0124047984
7   8   2   10   -0.0159936655
7   8   3   8   0.0007631010
7   8   3   11   -0.0093852268
7   8   3   12   -0.0057999485
7   8   3   14   0.0189008559
7   8   4   9   0.0099739090
7   8   4   10   0.0304419599
7   9   1   8   0.0003796452
7   9   1   11   0.0003695715
7   9   1   12   0.0016837410
7   9   1   14   -0.0008618476
7   9   2   8   -0.0055066438
7   9   2   11   -0.0013906099
7   9   2   12   0.0133273852
7   9   2   14   -0.0106799050
7   9   3   9   -0.0015597258
7   9   3   10   -0.0032399941
7   9   4   8   0.0129580677
7   9   4   11   0.0049330264
7   9   4   12   -0.0126095984
7   9   4   14   0.0414774084
7   9   5   13   0.0013816621
7   10   1   13   0.0006644421
7   10   2   13   0.0184822228
7   10   4   13   -0.0091539530
7   10   5   8   0.0036076694
7   10   5   11   0.0085141149
7   10   5   12   0.0015423819
7   10   5   14   0.0088056750

1   6   6   1   -0.3553714081
1   6   6   4   -0.1145074656
1   6   6   5   0.0942696643
1   6   6   7   -0.0613931374
1   6   7   1   -0.0013012799
1   6   7   4   -0.0014973939
1   6   7   5   0.0006703771
1   6   7   7   -0.0009882276
1   6   8   2   -0.0038795757
1   6   8   3   -0.0009203146
1   6   9   1   -0.0048770396
1   6   9   4   -0.0037281683
1   6   9   5   0.0060591754
1   6   9   7   -0.0014988454
1   6   10   6   0.0071687891
1   7   6   1   -0.0013012799
1   7   6   4   -0.0014729066
1   7   6   5   0.0006547746
1   7   6   7   -0.0009836131
1   7   7   1   -0.3263424747
1   7   7   4   -0.0798910950
1   7   7   5   0.0683769912
1   7   7   7   -0.0392299890
1   7   8   2   0.0413837839
1   7   8   3   0.0064108511
1   7   9   1   0.0232808647
1   7   9   4   0.0086138280
1   7   9   5   -0.0330144069
1   7   9   7   0.0040034394
1   7   10   6   -0.0386988369
1   8   6   2   -0.0038693426
1   8   6   3   -0.0009799261
1   8   7   2   0.0412903145
1   8   7   3   0.0065407388
1   8   8   1   -0.3200446277
1   8   8   4   -0.0789890901
1   8   8   5   0.0578954073
1   8   8   7   -0.0299623479
1   8   9   2   -0.0126677285
1   8   9   3   -0.0103666165
1   9   6   1   -0.0048770396
1   9   6   4   -0.0037409941
1   9   6   5   0.0060526037
1   9   6   7   -0.0015312119
1   9   7   1   0.0232808647
1   9   7   4   0.0086587164
1   9   7   5   -0.0329013210
1   9   7   7   0.0040517662
1   9   8   2   -0.0127787335
1   9   8   3   -0.0104425856
1   9   9   1   -0.3059063534
1   9   9   4   -0.0659808149
1   9   9   5   0.0446147546
1   9   9   7   -0.0413453797
1   9   10   6   -0.0049019321
1   10   6   6   0.0072554533
1   10   7   6   -0.0384352622
1   10   9   6   -0.0050986185
1   10   10   1   -0.3107619499
1   10   10   4   -0.0675095134
1   10   10   5   0.0531236991
1   10   10   7   -0.0343750795
2   6   6   2   -0.3298555984
2   6   6   3   -0.1025766110
2   6   6   4   -0.0000000000
2   6   6   7   0.0000000000
2   6   7   2   -0.0013550640
2   6   7   3   -0.0013730600
2   6   8   1   -0.0038693426
2   6   8   4   -0.0017064718
2   6   8   5   0.0002591831
2   6   8   7   -0.0014945136
2   6   9   2   -0.0014130886
2   6   9   3   0.0001698165
2   7   6   2   -0.0013550640
2   7   6   3   -0.0013617068
2   7   7   2   -0.2961553225
2   7   7   3   -0.0696802099
2   7   8   1   0.0412903145
2   7   8   4   0.0164601247
2   7   8   5   -0.0068201902
2   7   8   7   0.0032216509
2   7   9   2   0.0100429642
2   7   9   3   -0.0001349355
2   8   6   1   -0.0038795757
2   8   6   4   -0.0017900044
2   8   6   5   0.0001925404
2   8   6   7   -0.0014346741
2   8   7   1   0.0413837839
2   8   7   4   0.0166890842
2   8   7   5   -0.0067686666
2   8   7   7   0.0031528201
2   8   8   2   -0.3001285547
2   8   8   3   -0.0691223104
2   8   9   1   -0.0127787335
2   8   9   4   -0.0078925926
2   8   9   5   0.0091295879
2   8   9   7   -0.0022413326
2   8   10   6   0.0090593224
2   9   6   2   -0.0014130886
2   9   6   3   0.0001079197
2   9   7   2   0.0100429642
2   9   7   3   -0.0000226928
2   9   8   1   -0.0126677285
2   9   8   4   -0.0079813852
2   9   8   5   0.0088077132
2   9   8   7   -0.0020408707
2   9   9   2   -0.2811144464
2   9   9   3   -0.0666517143
2   10   8   6   0.0085934393
2   10   10   2   -0.2830356268
2   10   10   3   -0.0621938611
3   6   6   2   -0.1025766110
3   6   6   3   -0.4580692221
3   6   7   2   -0.0013617068
3   6   7   3   -0.0011741870
3   6   8   1   -0.0009799261
3   6   8   4   -0.0026664418
3   6   8   5   0.0007016565
3   6   8   7   -0.0025459080
3   6   9   2   0.0001079197
3   6   9   3   -0.0001401495
3   7   6   2   -0.0013730600
3   7   6   3   -0.0011741870
3   7   7   2   -0.0696802099
3   7   7   3   -0.4295831120
3   7   8   1   0.0065407388
3   7   8   4   0.0453958902
3   7   8   5   -0.0258858529
3   7   8   7   0.0319554893
3   7   9   2   -0.0000226928
3   7   9   3   0.0079801865
3   8   6   1   -0.0009203146
3   8   6   4   -0.0026578069
3   8   6   5   0.0005328981
3   8   6   7   -0.0024672681
3   8   7   1   0.0064108511
3   8   7   4   0.0452707103
3   8   7   5   -0.0256173314
3   8   7   7   0.0319430929
3   8   8   2   -0.0691223104
3   8   8   3   -0.4337654063
3   8   8   5   -0.0000000000
3   8   9   1   -0.0104425856
3   8   9   4   -0.0253787769
3   8   9   5   0.0098496871
3   8   9   7   -0.0170932989
3   8   10   6   0.0026346904
3   9   6   2   0.0001698165
3   9   6   3   -0.0001401495
3   9   7   2   -0.0001349355
3   9   7   3   0.0079801865
3   9   8   1   -0.0103666165
3   9   8   4   -0.0258489333
3   9   8   5   0.0095111317
3   9   8   7   -0.0163150450
3   9   9   2   -0.0666517143
3   9   9   3   -0.4181304276
3   10   8   6   0.0022612827
3   10   10   2   -0.0621938611
3   10   10   3   -0.4020329464
4   6   6   1   -0.1145074656
4   6   6   2   -0.0000000000
4   6   6   4   -0.4621114982
4   6   6   5   0.0605972791
4   6   6   7   -0.0238401237
4   6   7   1   -0.0014729066
4   6   7   4   -0.0009933631
4   6   7   5   0.0010837172
4   6   7   7   -0.0010429078
4   6   8   2   -0.0017900044
4   6   8   3   -0.0026578069
4   6   9   1   -0.0037409941
4   6   9   4   -0.0068529159
4   6   9   5   0.0044742817
4   6   9   7   -0.0011001462
4   6   10   6   0.0050705405
4   7   6   1   -0.0014973939
4   7   6   4   -0.0009933631
4   7   6   5   0.0010837502
4   7   6   7   -0.0010512389
4   7   7   1   -0.0798910950
4   7   7   4   -0.4407954326
4   7   7   5   0.0261937446
4   7   7   7   -0.0002566206
4   7   8   2   0.0166890842
4   7   8   3   0.0452707103
4   7   8   4   0.0000000000
4   7   9   1   0.0086587164
4   7   9   4   0.0450420988
4   7   9   5   -0.0143163335
4   7   9   7   -0.0014749715
4   7   10   6   -0.0081738198
4   8   6   2   -0.0017064718
4   8   6   3   -0.0026664418
4   8   7   2   0.0164601247
4   8   7   3   0.0453958902
4   8   7   4   0.0000000000
4   8   8   1   -0.0789890901
4   8   8   4   -0.4464788006
4   8   8   5   0.0223992379
4   8   8   7   0.0094598817
4   8   9   2   -0.0079813852
4   8   9   3   -0.0258489333
4   9   6   1   -0.0037281683
4   9   6   4   -0.0068529159
4   9   6   5   0.0044690043
4   9   6   7   -0.0011133861
4   9   7   1   0.0086138280
4   9   7   4   0.0450420988
4   9   7   5   -0.0142091030
4   9   7   7   -0.0015925188
4   9   8   2   -0.0078925926
4   9   8   3   -0.0253787769
4   9   9   1   -0.0659808149
4   9   9   4   -0.3952725748
4   9   9   5   0.0163032691
4   9   9   7   -0.0034310481
4   9   10   6   -0.0003903313
4   10   6   6   0.0052050909
4   10   7   6   -0.0082313302
4   10   9   6   -0.0007493536
4   10   10   1   -0.0675095134
4   10   10   4   -0.4056112589
4   10   10   5   0.0131566453
4   10   10   7   -0.0067416311
5   6   6   1   0.0942696643
5   6   6   4   0.0605972791
5   6   6   5   -0.5486920093
5   6   6   7   0.0486759402
5   6   7   1   0.0006547746
5   6   7   4   0.0010837502
5   6   7   5   -0.0047556472
5   6   7   7   0.0006376424
5   6   8   2   0.0001925404
5   6   8   3   0.0005328981
5   6   9   1   0.0060526037
5   6   9   4   0.0044690043
5   6   9   5   -0.0006233960
5   6   9   7   0.0030179646
5   6   10   6   -0.0000370835
5   7   6   1   0.0006703771
5   7   6   4   0.0010837172
5   7   6   5   -0.0047556472
5   7   6   7   0.0006354954
5   7   7   1   0.0683769912
5   7   7   4   0.0261937446
5   7   7   5   -0.4297593272
5   7   7   7   0.0357702742
5   7   8   2   -0.0067686666
5   7   8   3   -0.0256173314
5   7   9   1   -0.0329013210
5   7   9   4   -0.0142091030
5   7   9   5   -0.0173733364
5   7   9   7   -0.0291396462
5   7   10   6   0.0112910725
5   8   6   2   0.0002591831
5   8   6   3   0.0007016565
5   8   7   2   -0.0068201902
5   8   7   3   -0.0258858529
5   8   8   1   0.0578954073
5   8   8   3   -0.0000000000
5   8   8   4   0.0223992379
5   8   8   5   -0.3999818428
5   8   8   7   0.0370473733
5   8   9   2   0.0088077132
5   8   9   3   0.0095111317
5   9   6   1   0.0060591754
5   9   6   4   0.0044742817
5   9   6   5   -0.0006233960
5   9   6   7   0.0031155834
5   9   7   1   -0.0330144069
5   9   7   4   -0.0143163335
5   9   7   5   -0.0173733364
5   9   7   7   -0.0292693289
5   9   8   2   0.0091295879
5   9   8   3   0.0098496871
5   9   9   1   0.0446147546
5   9   9   4   0.0163032691
5   9   9   5   -0.4408051155
5   9   9   7   0.0165416380
5   9   10   6   -0.0148334371
5   10   6   6   -0.0000665077
5   10   7   6   0.0111027869
5   10   9   6   -0.0145409134
5   10   10   1   0.0531236991
5   10   10   4   0.0131566453
5   10   10   5   -0.4213378664
5   10   10   7   0.0186589659
6   6   6   6   -0.6796912171
6   6   7   6   -0.0066052707
6   6   9   6   -0.0020768653
6   6   10   1   0.0072554533
6   6   10   4   0.0052050909
6   6   10   5   -0.0000665077
6   6   10   7   0.0032342332
6   7   6   6   -0.0066052707
6   7   7   6   -0.5042915807
6   7   9   6   -0.0200746111
6   7   10   1   -0.0384352622
6   7   10   4   -0.0082313302
6   7   10   5   0.0111027869
6   7   10   7   -0.0069011415
6   8   8   6   -0.4604308675
6   8   10   2   0.0085934393
6   8   10   3   0.0022612827
6   9   6   6   -0.0020768653
6   9   7   6   -0.0200746111
6   9   9   6   -0.4789534880
6   9   10   1   -0.0050986185
6   9   10   4   -0.0007493536
6   9   10   5   -0.0145409134
6   9   10   7   -0.0016364220
6   10   6   1   0.0071687891
6   10   6   4   0.0050705405
6   10   6   5   -0.0000370835
6   10   6   7   0.0031431587
6   10   7   1   -0.0386988369
6   10   7   4   -0.0081738198
6   10   7   5   0.0112910725
6   10   7   7   -0.0068672866
6   10   8   2   0.0090593224
6   10   8   3   0.0026346904
6   10   9   1   -0.0049019321
6   10   9   4   -0.0003903313
6   10   9   5   -0.0148334371
6   10   9   7   -0.0013325229
6   10   10   6   -0.5305503568
7   6   6   1   -0.0613931374
7   6   6   2   0.0000000000
7   6   6   4   -0.0238401237
7   6   6   5   0.0486759402
7   6   6   7   -0.4343559006
7   6   7   1   -0.0009836131
7   6   7   4   -0.0010512389
7   6   7   5   0.0006354954
7   6   7   7   -0.0003702032
7   6   8   2   -0.0014346741
7   6   8   3   -0.0024672681
7   6   9   1   -0.0015312119
7   6   9   4   -0.0011133861
7   6   9   5   0.0031155834
7   6   9   7   -0.0025855967
7   6   10   6   0.0031431587
7   7   6   1   -0.0009882276
7   7   6   4   -0.0010429078
7   7   6   5   0.0006376424
7   7   6   7   -0.0003702032
7   7   7   1   -0.0392299890
7   7   7   4   -0.0002566206
7   7   7   5   0.0357702742
7   7   7   7   -0.4246165659
7   7   8   2   0.0031528201
7   7   8   3   0.0319430929
7   7   9   1   0.0040517662
7   7   9   4   -0.0015925188
7   7   9   5   -0.0292693289
7   7   9   7   0.0257567721
7   7   10   6   -0.0068672866
7   8   6   2   -0.0014945136
7   8   6   3   -0.0025459080
7   8   7   2   0.0032216509
7   8   7   3   0.0319554893
7   8   8   1   -0.0299623479
7   8   8   4   0.0094598817
7   8   8   5   0.0370473733
7   8   8   7   -0.4128485045
7   8   9   2   -0.0020408707
7   8   9   3   -0.0163150450
7   9   6   1   -0.0014988454
7   9   6   4   -0.0011001462
7   9   6   5   0.0030179646
7   9   6   7   -0.0025855967
7   9   7   1   0.0040034394
7   9   7   4   -0.0014749715
7   9   7   5   -0.0291396462
7   9   7   7   0.0257567721
7   9   8   2   -0.0022413326
7   9   8   3   -0.0170932989
7   9   9   1   -0.0413453797
7   9   9   4   -0.0034310481
7   9   9   5   0.0165416380
7   9   9   7   -0.4140999366
7   9   10   6   -0.0013325229
7   10   6   6   0.0032342332
7   10   7   6   -0.0069011415
7   10   9   6   -0.0016364220
7   10   10   1   -0.0343750795
7   10   10   4   -0.0067416311
7   10   10   5   0.0186589659
7   10   10   7   -0.3953148419

End AIJB Block
Begin IJKA Block
1   6   1   8   -0.1260664113
1   6   1   10   0.0000000000
1   6   1   11   -0.1197315474
1   6   1   12   -0.0055616995
1   6   1   14   -0.0684141496
1   6   2   8   -0.0202813308
1   6   2   11   -0.0193078091
1   6   2   12   0.0019963494
1   6   2   14   -0.0111064150
1   6   3   9   0.0093471557
1   6   3   10   0.0077864703
1   6   4   8   -0.0000037618
1   6   4   11   0.0009911671
1   6   4   12   -0.0176511333
1   6   4   14   0.0009778943
1   6   5   13   -0.0231745986
1   7   1   8   -0.1648896204
1   7   1   10   0.0000000000
1   7   1   11   -0.1345797218
1   7   1   12   0.0407006311
1   7   1   14   -0.0791802282
1   7   2   8   -0.0032713425
1   7   2   11   -0.0032362454
1   7   2   12   -0.0013823652
1   7   2   14   -0.0020437139
1   7   3   9   -0.0080628898
1   7   3   10   -0.0054947216
1   7   4   8   -0.0079016861
1   7   4   11   -0.0073601098
1   7   4   12   0.0127393496
1   7   4   14   -0.0034316988
1   7   5   13   0.0166994801
1   8   1   9   0.1840460245
1   8   1   10   0.1120261326
1   8   1   11   0.0000000000
1   8   1   14   -0.0000000000
1   8   2   9   0.0023725586
1   8   2   10   0.0028065244
1   8   3   8   0.0040213893
1   8   3   11   -0.0006419748
1   8   3   12   -0.0011046038
1   8   3   14   0.0052665956
1   8   4   9   0.0006669752
1   8   4   10   -0.0043868066
1   9   1   8   0.0774974964
1   9   1   11   0.0625523540
1   9   1   12   -0.2793473701
1   9   1   14   0.0401362815
1   9   2   8   -0.0002358316
1   9   2   11   0.0000366006
1   9   2   12   -0.0054877948
1   9   2   14   0.0011702217
1   9   3   9   -0.0029522417
1   9   3   10   -0.0069728139
1   9   4   8   0.0032728481
1   9   4   11   0.0036732807
1   9   4   12   0.0020286656
1   9   4   14   -0.0040876333
1   9   5   13   0.0059470169
1   10   1   13   -0.3610615145
1   10   2   13   -0.0065878103
1   10   4   13   -0.0021015893
1   10   5   8   0.0065812401
1   10   5   11   0.0100824815
1   10   5   12   0.0021704299
1   10   5   14   0.0055432016
2   6   1   8   -0.0210004425
2   6   1   11   -0.0199282551
2   6   1   12   0.0018984082
2   6   1   14   -0.0114431515
2   6   2   8   -0.0017375667
2   6   2   11   -0.0013686077
2   6   2   12   -0.0070279857
2   6   2   14   -0.0005735360
2   6   3   9   -0.0107043810
2   6   3   10   -0.0087467646
2   6   4   8   -0.0075150417
2   6   4   11   -0.0078542601
2   6   4   12   0.0169632327
2   6   4   14   -0.0047733672
2   6   5   13   0.0226281627
2   7   1   8   -0.0025932615
2   7   1   11   -0.0026107907
2   7   1   12   -0.0014058906
2   7   1   14   -0.0017029022
2   7   2   8   -0.0895519992
2   7   2   11   -0.0572811266
2   7   2   12   0.0342013929
2   7   2   14   -0.0316497963
2   7   3   9   0.0322626021
2   7   3   10   0.0036119340
2   7   4   8   0.0132437698
2   7   4   11   0.0074482238
2   7   4   12   -0.0346319131
2   7   4   14   -0.0067560801
2   7   5   13   -0.0429049884
2   8   1   9   0.0017917928
2   8   1   10   0.0021862183
2   8   2   9   0.1010568519
2   8   2   10   0.0249876115
2   8   2   14   -0.0000000000
2   8   3   8   -0.0027453780
2   8   3   11   0.0480212387
2   8   3   12   0.0076615868
2   8   3   14   -0.0273602762
2   8   4   9   0.0156320268
2   8   4   10   0.0535417209
2   9   1   8   -0.0003121736
2   9   1   11   -0.0001174824
2   9   1   12   -0.0046563845
2   9   1   14   0.0010279546
2   9   2   8   0.0458429840
2   9   2   11   0.0274985556
2   9   2   12   -0.1311484021
2   9   2   14   -0.0026681407
2   9   3   9   0.0161749455
2   9   3   10   0.0584895387
2   9   4   8   0.0020399656
2   9   4   11   -0.0016635517
2   9   4   12   -0.0230203286
2   9   4   14   0.0453720382
2   9   5   13   -0.0154915012
2   10   1   13   -0.0055450552
2   10   2   13   -0.1660704154
2   10   4   13   -0.0209203326
2   10   5   8   -0.0161645341
2   10   5   11   -0.0410629061
2   10   5   12   -0.0115191042
2   10   5   14   -0.0217541158
3   6   1   9   0.0099257663
3   6   1   10   0.0084044903
3   6   2   9   -0.0107419924
3   6   2   10   -0.0088452608
3   6   3   8   -0.0005564337
3   6   3   11   -0.0009664215
3   6   3   12   -0.0036725972
3   6   3   14   0.0002927076
3   6   4   9   -0.0016706177
3   6   4   10   -0.0020320691
3   7   1   9   -0.0078812018
3   7   1   10   -0.0055977887
3   7   2   9   0.0312040726
3   7   2   10   0.0033435329
3   7   3   8   -0.0683880302
3   7   3   11   -0.0225128724
3   7   3   12   0.0238373671
3   7   3   14   -0.0327227385
3   7   4   9   0.0055586725
3   7   4   10   0.0251931466
3   8   1   8   0.0038392486
3   8   1   11   -0.0003769452
3   8   1   12   -0.0009950321
3   8   1   14   0.0047755992
3   8   2   8   -0.0017912845
3   8   2   11   0.0478557764
3   8   2   12   0.0074053000
3   8   2   14   -0.0266493538
3   8   3   9   0.0898240711
3   8   3   10   0.0137286505
3   8   3   14   -0.0000000000
3   8   4   8   -0.0032337566
3   8   4   11   -0.0171312708
3   8   4   12   -0.0048204027
3   8   4   14   -0.0042493854
3   8   5   13   -0.0075381600
3   9   1   9   -0.0027687850
3   9   1   10   -0.0063565317
3   9   2   9   0.0158381597
3   9   2   10   0.0570851090
3   9   3   8   0.0314137563
3   9   3   11   0.0080293341
3   9   3   12   -0.1024832719
3   9   3   14   -0.0072962634
3   9   4   9   0.0056120778
3   9   4   10   -0.0031906418
3   10   3   13   -0.1307334274
3   10   5   9   0.0073908305
3   10   5   10   0.0079005477
4   6   1   8   0.0000199825
4   6   1   11   0.0012214935
4   6   1   12   -0.0186033032
4   6   1   14   0.0010072854
4   6   2   8   -0.0074783819
4   6   2   11   -0.0078702606
4   6   2   12   0.0168438752
4   6   2   14   -0.0047581123
4   6   3   9   -0.0016761812
4   6   3   10   -0.0020510871
4   6   4   8   -0.0058979211
4   6   4   11   -0.0059590586
4   6   4   12   0.0086066926
4   6   4   14   -0.0044467881
4   6   5   13   0.0071061090
4   7   1   8   -0.0073807080
4   7   1   11   -0.0070186713
4   7   1   12   0.0120512445
4   7   1   14   -0.0032264099
4   7   2   8   0.0126671348
4   7   2   11   0.0070699479
4   7   2   12   -0.0335444491
4   7   2   14   -0.0067010572
4   7   3   9   0.0056057179
4   7   3   10   0.0253440551
4   7   4   8   -0.0634997564
4   7   4   11   -0.0419048928
4   7   4   12   0.0005665902
4   7   4   14   -0.0093125338
4   7   5   13   -0.0128160502
4   8   1   9   0.0006551882
4   8   1   10   -0.0038895136
4   8   2   9   0.0155351591
4   8   2   10   0.0526338585
4   8   3   8   -0.0028304599
4   8   3   11   -0.0165438503
4   8   3   12   -0.0055883677
4   8   3   14   -0.0042498943
4   8   4   9   0.0890779598
4   8   4   10   0.0424139143
4   8   4   14   -0.0000000000
4   9   1   8   0.0030046627
4   9   1   11   0.0033297412
4   9   1   12   0.0018975244
4   9   1   14   -0.0036853338
4   9   2   8   0.0018817151
4   9   2   11   -0.0017762117
4   9   2   12   -0.0226867723
4   9   2   14   0.0445065349
4   9   3   9   0.0056790187
4   9   3   10   -0.0029614000
4   9   4   8   0.0435091232
4   9   4   11   0.0267192235
4   9   4   12   -0.1369973503
4   9   4   14   0.0264698501
4   9   5   13   -0.0141421697
4   10   1   13   -0.0020533684
4   10   2   13   -0.0204627581
4   10   4   13   -0.1477569584
4   10   5   8   0.0003699808
4   10   5   11   -0.0043840791
4   10   5   12   -0.0116907443
4   10   5   14   -0.0013797188
5   6   1   13   -0.0244273688
5   6   2   13   0.0223098201
5   6   4   13   0.0070534639
5   6   5   8   -0.0022805566
5   6   5   11   -0.0017235314
5   6   5   12   -0.0007223688
5   6   5   14   -0.0009576722
5   7   1   13   0.0157154347
5   7   2   13   -0.0419337713
5   7   4   13   -0.0131500486
5   7   5   8   -0.0787743410
5   7   5   11   -0.0655775493
5   7   5   12   0.0144037550
5   7   5   14   -0.0374062881
5   8   3   13   -0.0082620657
5   8   5   9   0.0931049802
5   8   5   10   0.0445086378
5   8   5   14   -0.0000000000
5   9   1   13   0.0054593866
5   9   2   13   -0.0151804283
5   9   4   13   -0.0143067260
5   9   5   8   0.0408565892
5   9   5   11   0.0248120705
5   9   5   12   -0.1240913989
5   9   5   14   0.0135397605
5   10   1   8   0.0059632587
5   10   1   11   0.0091804438
5   10   1   12   0.0020263717
5   10   1   14   0.0050541352
5   10   2   8   -0.0165020409
5   10   2   11   -0.0396160810
5   10   2   12   -0.0107363192
5   10   2   14   -0.0209630957
5   10   3   9   0.0080735006
5   10   3   10   0.0083329017
5   10   4   8   0.0000105387
5   10   4   11   -0.0042678336
5   10   4   12   -0.0119953435
5   10   4   14   -0.0014047488
5   10   5   13   -0.1762711065

End IJKA Block
Begin IABC Block
1   8   1   8   0.0005503170
1   8   1   11   0.0002769968
1   8   1   12   -0.0010322740
1   8   1   14   -0.0000177693
1   8   2   9   0.0016392601
1   8   2   10   0.0003929444
1   8   3   9   0.0013024545
1   8   3   10   0.0002805883
1   8   4   8   0.0006566701
1   8   4   11   0.0003605590
1   8   4   12   -0.0011646807
1   8   4   14   0.0000293198
1   8   5   8   -0.0029272047
1   8   5   11   -0.0021868175
1   8   5   12   0.0038133333
1   8   5   14   -0.0008013717
1   8   6   13   0.0053186509
1   8   7   8   0.0004108976
1   8   7   11   0.0002335673
1   8   7   12   -0.0006462743
1   8   7   14   -0.0000029126
1   9   1   9   -0.0001344662
1   9   1   10   -0.0004518854
1   9   2   8   0.0016445547
1   9   2   11   0.0007381890
1   9   2   12   -0.0000619576
1   9   2   14   0.0006337169
1   9   3   8   0.0013047173
1   9   3   11   0.0005617124
1   9   3   12   0.0000831083
1   9   3   14   0.0004885054
1   9   4   9   -0.0001898112
1   9   4   10   -0.0005105176
1   9   5   9   -0.0006757748
1   9   5   10   0.0003377136
1   9   7   9   0.0000368382
1   9   7   10   -0.0002156410
1   10   1   9   -0.0004411119
1   10   1   10   -0.0003279678
1   10   2   8   0.0004069969
1   10   2   11   0.0011094866
1   10   2   12   -0.0002332023
1   10   2   14   0.0010538830
1   10   3   8   0.0002806729
1   10   3   11   0.0008275199
1   10   3   12   -0.0000969529
1   10   3   14   0.0008039624
1   10   4   9   -0.0005037724
1   10   4   10   -0.0004217606
1   10   5   9   0.0003164161
1   10   5   10   0.0001060543
1   10   7   9   -0.0002096322
1   10   7   10   -0.0001446333
1   11   1   8   0.0002738665
1   11   1   11   0.0010495142
1   11   1   12   -0.0005838777
1   11   1   14   -0.0001121503
1   11   2   9   0.0007445782
1   11   2   10   0.0011061745
1   11   3   9   0.0005647306
1   11   3   10   0.0008288735
1   11   4   8   0.0003533852
1   11   4   11   0.0011617640
1   11   4   12   -0.0006720208
1   11   4   14   -0.0000457919
1   11   5   8   -0.0021851197
1   11   5   11   -0.0042369397
1   11   5   12   0.0027530634
1   11   5   14   -0.0005262223
1   11   6   13   0.0038470980
1   11   7   8   0.0002372111
1   11   7   11   0.0007786229
1   11   7   12   -0.0003475455
1   11   7   14   -0.0000577852
1   12   1   8   -0.0010418987
1   12   1   11   -0.0005927992
1   12   1   12   -0.0013266613
1   12   1   14   -0.0004094510
1   12   2   9   -0.0000503864
1   12   2   10   -0.0002031240
1   12   3   9   0.0000930781
1   12   3   10   -0.0000765744
1   12   4   8   -0.0011738636
1   12   4   11   -0.0006862012
1   12   4   12   -0.0012432229
1   12   4   14   -0.0004548419
1   12   5   8   0.0038205124
1   12   5   11   0.0027677617
1   12   5   12   0.0004008305
1   12   5   14   0.0018181968
1   12   6   13   0.0000278163
1   12   7   8   -0.0006498815
1   12   7   11   -0.0003508469
1   12   7   12   -0.0010201160
1   12   7   14   -0.0002501126
1   13   1   13   -0.0015087502
1   13   4   13   -0.0011859357
1   13   5   13   -0.0001027391
1   13   6   8   0.0053525356
1   13   6   11   0.0039221014
1   13   6   12   0.0000165942
1   13   6   14   0.0024175679
1   13   7   13   -0.0006460337
1   14   1   8   -0.0000095655
1   14   1   11   -0.0001038253
1   14   1   12   -0.0004174517
1   14   1   14   0.0003919458
1   14   2   9   0.0006186935
1   14   2   10   0.0010382013
1   14   3   9   0.0004771687
1   14   3   10   0.0008020347
1   14   4   8   0.0000412175
1   14   4   11   -0.0000316595
1   14   4   12   -0.0004639023
1   14   4   14   0.0004308717
1   14   5   8   -0.0008128972
1   14   5   11   -0.0005375282
1   14   5   12   0.0018444635
1   14   5   14   -0.0015776358
1   14   6   13   0.0023729795
1   14   7   8   -0.0000053867
1   14   7   11   -0.0000610666
1   14   7   12   -0.0002543598
1   14   7   14   0.0002250263
2   8   1   8   -0.0115402044
2   8   1   11   -0.0109717648
2   8   1   12   0.0116341036
2   8   1   14   -0.0057597630
2   8   2   9   0.0008880948
2   8   2   10   0.0009679499
2   8   3   9   0.0065159892
2   8   3   10   0.0102950542
2   8   4   8   -0.0053934055
2   8   4   11   0.0014399789
2   8   4   12   0.0101900563
2   8   4   14   -0.0068218254
2   8   5   8   0.0047105163
2   8   5   11   0.0088413499
2   8   5   12   -0.0037724287
2   8   5   14   0.0011613836
2   8   6   13   -0.0033346452
2   8   7   8   -0.0009254838
2   8   7   11   -0.0071131727
2   8   7   12   -0.0015289576
2   8   7   14   0.0075100510
2   9   1   9   -0.0077979141
2   9   1   10   -0.0067624961
2   9   2   8   0.0007825001
2   9   2   11   0.0000020281
2   9   2   12   -0.0004059914
2   9   2   14   -0.0025456054
2   9   3   8   0.0065318026
2   9   3   11   0.0052938514
2   9   3   12   -0.0057940604
2   9   3   14   0.0018931996
2   9   4   9   0.0011485668
2   9   4   10   -0.0010573561
2   9   5   9   0.0000203417
2   9   5   10   -0.0016177383
2   9   7   9   -0.0043964053
2   9   7   10   0.0003113461
2   10   1   9   -0.0068438299
2   10   1   10   -0.0155971694
2   10   2   8   0.0009255461
2   10   2   11   0.0015976576
2   10   2   12   -0.0018824250
2   10   2   14   0.0002193409
2   10   3   8   0.0107806827
2   10   3   11   0.0205913273
2   10   3   12   -0.0050473024
2   10   3   14   0.0131866150
2   10   4   9   -0.0009055494
2   10   4   10   0.0077320839
2   10   5   9   -0.0017764715
2   10   5   10   0.0025336903
2   10   7   9   0.0004249839
2   10   7   10   0.0012392934
2   11   1   8   -0.0106975350
2   11   1   11   -0.0191310689
2   11   1   12   0.0082802936
2   11   1   14   -0.0034378703
2   11   2   9   0.0000891168
2   11   2   10   0.0016319026
2   11   3   9   0.0054941781
2   11   3   10   0.0203623458
2   11   4   8   0.0020812705
2   11   4   11   0.0092565501
2   11   4   12   0.0021787646
2   11   4   14   -0.0076853513
2   11   5   8   0.0087795556
2   11   5   11   0.0078653472
2   11   5   12   -0.0075957794
2   11   5   14   -0.0005298322
2   11   6   13   -0.0130158544
2   11   7   8   -0.0071386881
2   11   7   11   -0.0074317420
2   11   7   12   0.0015922829
2   11   7   14   0.0030610568
2   12   1   8   0.0115451182
2   12   1   11   0.0083980419
2   12   1   12   -0.0272125192
2   12   1   14   0.0039993389
2   12   2   9   -0.0004923498
2   12   2   10   -0.0019466746
2   12   3   9   -0.0059249267
2   12   3   10   -0.0049291594
2   12   4   8   0.0102115307
2   12   4   11   0.0025427553
2   12   4   12   -0.0203693905
2   12   4   14   0.0002988737
2   12   5   8   -0.0039131511
2   12   5   11   -0.0077355700
2   12   5   12   0.0081080829
2   12   5   14   0.0017064735
2   12   6   13   -0.0038924325
2   12   7   8   -0.0016110999
2   12   7   11   0.0015356942
2   12   7   12   -0.0026956714
2   12   7   14   -0.0033558194
2   13   1   13   -0.0404649149
2   13   4   13   -0.0364305533
2   13   5   13   0.0045667652
2   13   6   8   -0.0035434547
2   13   6   11   -0.0126663319
2   13   6   12   -0.0036011343
2   13   6   14   -0.0070104819
2   13   7   13   -0.0207627030
2   14   1   8   -0.0059064697
2   14   1   11   -0.0036079396
2   14   1   12   0.0040598941
2   14   1   14   -0.0157791484
2   14   2   9   -0.0024342999
2   14   2   10   0.0002350128
2   14   3   9   0.0020174833
2   14   3   10   0.0129592350
2   14   4   8   -0.0070113014
2   14   4   11   -0.0079206070
2   14   4   12   0.0003106923
2   14   4   14   -0.0041883222
2   14   5   8   0.0010583346
2   14   5   11   -0.0005981963
2   14   5   12   0.0020615463
2   14   5   14   0.0033809875
2   14   6   13   -0.0072124260
2   14   7   8   0.0077983889
2   14   7   11   0.0031010974
2   14   7   12   -0.0035130874
2   14   7   14   0.0138479127
3   8   1   9   -0.0184600169
3   8   1   10   -0.0004873344
3   8   2   8   0.0085324848
3   8   2   11   0.0088660307
3   8   2   12   -0.0045139042
3   8   2   14   0.0074135430
3   8   3   8   -0.0132982674
3   8   3   11   -0.0043490741
3   8   3   12   0.0184797889
3   8   3   14   -0.0037418918
3   8   4   9   -0.0319952266
3   8   4   10   -0.0076402808
3   8   5   9   0.0019438672
3   8   5   10   0.0056484047
3   8   7   9   0.0086450561
3   8   7   10   -0.0057858422
3   9   1   8   -0.0182983519
3   9   1   11   -0.0051488719
3   9   1   12   0.0007221967
3   9   1   14   0.0051241605
3   9   2   9   0.0064635116
3   9   2   10   0.0106574196
3   9   3   9   -0.0086687593
3   9   3   10   -0.0038003368
3   9   4   8   -0.0317297906
3   9   4   11   -0.0157333290
3   9   4   12   0.0047135093
3   9   4   14   0.0044575020
3   9   5   8   0.0020661538
3   9   5   11   0.0012494348
3   9   5   12   -0.0006087353
3   9   5   14   0.0012869315
3   9   6   13   0.0003651698
3   9   7   8   0.0085865944
3   9   7   11   0.0025339806
3   9   7   12   0.0023735131
3   9   7   14   -0.0051801637
3   10   1   8   -0.0007621700
3   10   1   11   -0.0154970721
3   10   1   12   0.0142459680
3   10   1   14   -0.0090216818
3   10   2   9   0.0104507159
3   10   2   10   0.0261078924
3   10   3   9   -0.0048837982
3   10   3   10   -0.0147782444
3   10   4   8   -0.0083387534
3   10   4   11   -0.0442602823
3   10   4   12   0.0251101538
3   10   4   14   -0.0222830350
3   10   5   8   0.0061160258
3   10   5   11   0.0059676768
3   10   5   12   0.0011617711
3   10   5   14   0.0044142493
3   10   6   13   0.0042711795
3   10   7   8   -0.0058964785
3   10   7   11   0.0004895218
3   10   7   12   -0.0017563018
3   10   7   14   -0.0029027904
3   11   1   9   -0.0057309064
3   11   1   10   -0.0153190548
3   11   2   8   0.0085144854
3   11   2   11   0.0170295446
3   11   2   12   -0.0022417598
3   11   2   14   0.0021551421
3   11   3   8   -0.0047123074
3   11   3   11   -0.0388667426
3   11   3   12   0.0075746019
3   11   3   14   -0.0013982848
3   11   4   9   -0.0171481615
3   11   4   10   -0.0441998770
3   11   4   11   -0.0000000000
3   11   5   9   0.0012371307
3   11   5   10   0.0054838488
3   11   7   9   0.0027022828
3   11   7   10   0.0004274117
3   12   1   9   0.0004995795
3   12   1   10   0.0135099338
3   12   2   8   -0.0044793054
3   12   2   11   -0.0024574304
3   12   2   12   0.0388533843
3   12   2   14   0.0021944828
3   12   3   8   0.0183241632
3   12   3   11   0.0072328342
3   12   3   12   0.0181725002
3   12   3   14   0.0202530016
3   12   4   9   0.0043288924
3   12   4   10   0.0237509224
3   12   5   9   -0.0006737165
3   12   5   10   0.0012029785
3   12   7   9   0.0024235345
3   12   7   10   -0.0018568098
3   13   2   13   0.0526590582
3   13   3   13   0.0260165604
3   13   6   9   0.0003470198
3   13   6   10   0.0043039099
3   14   1   9   0.0053308142
3   14   1   10   -0.0089447505
3   14   2   8   0.0075228552
3   14   2   11   0.0023747104
3   14   2   12   0.0022668628
3   14   2   14   0.0213496322
3   14   3   8   -0.0040194843
3   14   3   11   -0.0012742866
3   14   3   12   0.0210810439
3   14   3   14   -0.0196105002
3   14   4   9   0.0049042087
3   14   4   10   -0.0220109770
3   14   5   9   0.0014094185
3   14   5   10   0.0046369540
3   14   7   9   -0.0056188899
3   14   7   10   -0.0029120267
4   8   1   8   -0.0007934869
4   8   1   11   0.0072023132
4   8   1   12   0.0034533979
4   8   1   14   0.0015954823
4   8   2   9   -0.0121301872
4   8   2   10   -0.0017542527
4   8   3   9   -0.0260056417
4   8   3   10   -0.0030448970
4   8   4   8   0.0011871029
4   8   4   11   -0.0037998815
4   8   4   12   -0.0030905136
4   8   4   14   0.0040496241
4   8   5   8   -0.0154040096
4   8   5   11   -0.0162362827
4   8   5   12   0.0147672796
4   8   5   14   -0.0029659033
4   8   6   13   -0.0020042980
4   8   7   8   -0.0163128249
4   8   7   11   0.0018397592
4   8   7   12   0.0218748878
4   8   7   14   -0.0054301039
4   9   1   9   -0.0036902969
4   9   1   10   -0.0001018853
4   9   2   8   -0.0121762696
4   9   2   11   -0.0029109649
4   9   2   12   0.0001754160
4   9   2   14   0.0007034953
4   9   3   8   -0.0260279729
4   9   3   11   -0.0093909725
4   9   3   12   0.0029944811
4   9   3   14   -0.0001228036
4   9   4   9   -0.0040812244
4   9   4   10   -0.0013763842
4   9   5   9   -0.0162386180
4   9   5   10   -0.0123736378
4   9   7   9   -0.0117354593
4   9   7   10   -0.0055231165
4   10   1   9   -0.0002446738
4   10   1   10   0.0073312089
4   10   2   8   -0.0019704748
4   10   2   11   -0.0089908982
4   10   2   12   0.0066404497
4   10   2   14   -0.0067448184
4   10   3   8   -0.0035423167
4   10   3   11   -0.0296097483
4   10   3   12   0.0236003713
4   10   3   14   -0.0207405841
4   10   4   9   -0.0015728678
4   10   4   10   -0.0088673934
4   10   5   9   -0.0124354720
4   10   5   10   -0.0273819858
4   10   7   9   -0.0059541162
4   10   7   10   -0.0132217623
4   11   1   8   0.0070483665
4   11   1   11   0.0002522552
4   11   1   12   -0.0027087776
4   11   1   14   0.0014725674
4   11   2   9   -0.0030942140
4   11   2   10   -0.0090612885
4   11   3   9   -0.0097577404
4   11   3   10   -0.0293709314
4   11   4   8   -0.0040987077
4   11   4   11   -0.0137441756
4   11   4   12   0.0013640450
4   11   4   14   0.0015106360
4   11   5   8   -0.0159893859
4   11   5   11   -0.0294428833
4   11   5   12   0.0117980212
4   11   5   14   -0.0023600300
4   11   6   13   -0.0009883838
4   11   7   8   0.0017933481
4   11   7   11   -0.0259155160
4   11   7   12   0.0035518799
4   11   7   14   0.0025782311
4   12   1   8   0.0033563191
4   12   1   11   -0.0029126598
4   12   1   12   0.0236051192
4   12   1   14   0.0098782504
4   12   2   9   0.0000124160
4   12   2   10   0.0062366786
4   12   3   9   0.0026499116
4   12   3   10   0.0223469746
4   12   4   8   -0.0031468765
4   12   4   11   0.0009077242
4   12   4   12   0.0150583880
4   12   4   14   0.0025335972
4   12   5   8   0.0143662429
4   12   5   11   0.0116968787
4   12   5   12   -0.0431662377
4   12   5   14   0.0103300719
4   12   6   13   -0.0008439824
4   12   7   8   0.0217531446
4   12   7   11   0.0035678008
4   12   7   12   0.0159694343
4   12   7   14   0.0299911750
4   13   1   13   0.0229993702
4   13   4   13   0.0128811888
4   13   5   13   -0.0659828009
4   13   6   8   -0.0021857974
4   13   6   11   -0.0005451306
4   13   6   12   -0.0005826773
4   13   6   14   0.0006776657
4   13   7   13   0.0083061520
4   14   1   8   0.0015641700
4   14   1   11   0.0015377160
4   14   1   12   0.0101203144
4   14   1   14   0.0045735642
4   14   2   9   0.0008342247
4   14   2   10   -0.0064215360
4   14   3   9   0.0000038379
4   14   3   10   -0.0205517628
4   14   4   8   0.0040343142
4   14   4   11   0.0014022594
4   14   4   12   0.0026005871
4   14   4   14   0.0032786353
4   14   5   8   -0.0028877631
4   14   5   11   -0.0023949143
4   14   5   12   0.0106130816
4   14   5   14   -0.0182800481
4   14   6   13   0.0005597739
4   14   7   8   -0.0057673554
4   14   7   11   0.0025595211
4   14   7   12   0.0310803358
4   14   7   14   -0.0274768689
5   8   1   13   0.0022199322
5   8   4   13   -0.0145321012
5   8   5   13   -0.0052503690
5   8   6   8   -0.0212914316
5   8   6   11   -0.0235788493
5   8   6   12   0.0144985659
5   8   6   14   -0.0127719650
5   8   7   13   -0.0077522797
5   9   2   13   -0.0008608050
5   9   3   13   -0.0024126414
5   9   6   9   -0.0213701822
5   9   6   10   -0.0185036852
5   10   2   13   -0.0016222943
5   10   3   13   0.0033399315
5   10   6   9   -0.0186016904
5   10   6   10   -0.0384930908
5   11   1   13   -0.0074566075
5   11   4   13   0.0016465527
5   11   5   13   0.0061223009
5   11   6   8   -0.0235980707
5   11   6   11   -0.0387120730
5   11   6   12   0.0155011542
5   11   6   14   -0.0048967630
5   11   7   13   -0.0016187307
5   12   1   13   -0.0004346997
5   12   4   13   0.0090102025
5   12   5   13   0.0035054968
5   12   6   8   0.0141973309
5   12   6   11   0.0153888408
5   12   6   12   -0.0534596916
5   12   6   14   0.0106363444
5   12   7   13   0.0053664297
5   13   1   8   0.0020027832
5   13   1   11   -0.0076001229
5   13   1   12   -0.0003246973
5   13   1   14   -0.0041843370
5   13   2   9   -0.0010347968
5   13   2   10   -0.0017900856
5   13   3   9   -0.0026217114
5   13   3   10   0.0027820652
5   13   4   8   -0.0147295470
5   13   4   11   0.0009438899
5   13   4   12   0.0090206099
5   13   4   14   -0.0021278276
5   13   5   8   -0.0052443259
5   13   5   11   0.0060489355
5   13   5   12   0.0033749246
5   13   5   14   0.0035117692
5   13   6   13   -0.0821337521
5   13   7   8   -0.0078118140
5   13   7   11   -0.0016624285
5   13   7   12   0.0054020207
5   13   7   14   0.0023934611
5   14   1   13   -0.0041890879
5   14   4   13   -0.0020921185
5   14   5   13   0.0034707084
5   14   6   8   -0.0129280774
5   14   6   11   -0.0049646032
5   14   6   12   0.0106406664
5   14   6   14   -0.0330233122
5   14   7   13   0.0028110168

End IABC Block
