Number of strings: 1287 1287, CI size = 1656369
String addressing array alpha: 5 13
0 330 540 666 736 771 786 791 792 792 792 792 792
0 0 120 204 260 295 315 325 329 330 330 330 330
0 0 0 36 64 85 100 110 116 119 120 120 120
0 0 0 0 8 15 21 26 30 33 35 36 36
0 0 0 0 0 1 2 3 4 5 6 7 8

Alpha strings 1287 5
1 2 3 4 5
1 2 3 4 6
1 2 3 4 7
1 2 3 4 8
1 2 3 4 9
1 2 3 4 10
1 2 3 4 11
1 2 3 4 12
1 2 3 4 13
1 2 3 5 6
1 2 3 5 7
1 2 3 5 8
1 2 3 5 9
1 2 3 5 10
1 2 3 5 11
1 2 3 5 12
1 2 3 5 13
1 2 3 6 7
1 2 3 6 8
1 2 3 6 9
1 2 3 6 10
1 2 3 6 11
1 2 3 6 12
1 2 3 6 13
1 2 3 7 8
1 2 3 7 9
1 2 3 7 10
1 2 3 7 11
1 2 3 7 12
1 2 3 7 13
1 2 3 8 9
1 2 3 8 10
1 2 3 8 11
1 2 3 8 12
1 2 3 8 13
1 2 3 9 10
1 2 3 9 11
1 2 3 9 12
1 2 3 9 13
1 2 3 10 11
1 2 3 10 12
1 2 3 10 13
1 2 3 11 12
1 2 3 11 13
1 2 3 12 13
1 2 4 5 6
1 2 4 5 7
1 2 4 5 8
1 2 4 5 9
1 2 4 5 10
1 2 4 5 11
1 2 4 5 12
1 2 4 5 13
1 2 4 6 7
1 2 4 6 8
1 2 4 6 9
1 2 4 6 10
1 2 4 6 11
1 2 4 6 12
1 2 4 6 13
1 2 4 7 8
1 2 4 7 9
1 2 4 7 10
1 2 4 7 11
1 2 4 7 12
1 2 4 7 13
1 2 4 8 9
1 2 4 8 10
1 2 4 8 11
1 2 4 8 12
1 2 4 8 13
1 2 4 9 10
1 2 4 9 11
1 2 4 9 12
1 2 4 9 13
1 2 4 10 11
1 2 4 10 12
1 2 4 10 13
1 2 4 11 12
1 2 4 11 13
1 2 4 12 13
1 2 5 6 7
1 2 5 6 8
1 2 5 6 9
1 2 5 6 10
1 2 5 6 11
1 2 5 6 12
1 2 5 6 13
1 2 5 7 8
1 2 5 7 9
1 2 5 7 10
1 2 5 7 11
1 2 5 7 12
1 2 5 7 13
1 2 5 8 9
1 2 5 8 10
1 2 5 8 11
1 2 5 8 12
1 2 5 8 13
1 2 5 9 10
1 2 5 9 11
1 2 5 9 12
1 2 5 9 13
1 2 5 10 11
1 2 5 10 12
1 2 5 10 13
1 2 5 11 12
1 2 5 11 13
1 2 5 12 13
1 2 6 7 8
1 2 6 7 9
1 2 6 7 10
1 2 6 7 11
1 2 6 7 12
1 2 6 7 13
1 2 6 8 9
1 2 6 8 10
1 2 6 8 11
1 2 6 8 12
1 2 6 8 13
1 2 6 9 10
1 2 6 9 11
1 2 6 9 12
1 2 6 9 13
1 2 6 10 11
1 2 6 10 12
1 2 6 10 13
1 2 6 11 12
1 2 6 11 13
1 2 6 12 13
1 2 7 8 9
1 2 7 8 10
1 2 7 8 11
1 2 7 8 12
1 2 7 8 13
1 2 7 9 10
1 2 7 9 11
1 2 7 9 12
1 2 7 9 13
1 2 7 10 11
1 2 7 10 12
1 2 7 10 13
1 2 7 11 12
1 2 7 11 13
1 2 7 12 13
1 2 8 9 10
1 2 8 9 11
1 2 8 9 12
1 2 8 9 13
1 2 8 10 11
1 2 8 10 12
1 2 8 10 13
1 2 8 11 12
1 2 8 11 13
1 2 8 12 13
1 2 9 10 11
1 2 9 10 12
1 2 9 10 13
1 2 9 11 12
1 2 9 11 13
1 2 9 12 13
1 2 10 11 12
1 2 10 11 13
1 2 10 12 13
1 2 11 12 13
1 3 4 5 6
1 3 4 5 7
1 3 4 5 8
1 3 4 5 9
1 3 4 5 10
1 3 4 5 11
1 3 4 5 12
1 3 4 5 13
1 3 4 6 7
1 3 4 6 8
1 3 4 6 9
1 3 4 6 10
1 3 4 6 11
1 3 4 6 12
1 3 4 6 13
1 3 4 7 8
1 3 4 7 9
1 3 4 7 10
1 3 4 7 11
1 3 4 7 12
1 3 4 7 13
1 3 4 8 9
1 3 4 8 10
1 3 4 8 11
1 3 4 8 12
1 3 4 8 13
1 3 4 9 10
1 3 4 9 11
1 3 4 9 12
1 3 4 9 13
1 3 4 10 11
1 3 4 10 12
1 3 4 10 13
1 3 4 11 12
1 3 4 11 13
1 3 4 12 13
1 3 5 6 7
1 3 5 6 8
1 3 5 6 9
1 3 5 6 10
1 3 5 6 11
1 3 5 6 12
1 3 5 6 13
1 3 5 7 8
1 3 5 7 9
1 3 5 7 10
1 3 5 7 11
1 3 5 7 12
1 3 5 7 13
1 3 5 8 9
1 3 5 8 10
1 3 5 8 11
1 3 5 8 12
1 3 5 8 13
1 3 5 9 10
1 3 5 9 11
1 3 5 9 12
1 3 5 9 13
1 3 5 10 11
1 3 5 10 12
1 3 5 10 13
1 3 5 11 12
1 3 5 11 13
1 3 5 12 13
1 3 6 7 8
1 3 6 7 9
1 3 6 7 10
1 3 6 7 11
1 3 6 7 12
1 3 6 7 13
1 3 6 8 9
1 3 6 8 10
1 3 6 8 11
1 3 6 8 12
1 3 6 8 13
1 3 6 9 10
1 3 6 9 11
1 3 6 9 12
1 3 6 9 13
1 3 6 10 11
1 3 6 10 12
1 3 6 10 13
1 3 6 11 12
1 3 6 11 13
1 3 6 12 13
1 3 7 8 9
1 3 7 8 10
1 3 7 8 11
1 3 7 8 12
1 3 7 8 13
1 3 7 9 10
1 3 7 9 11
1 3 7 9 12
1 3 7 9 13
1 3 7 10 11
1 3 7 10 12
1 3 7 10 13
1 3 7 11 12
1 3 7 11 13
1 3 7 12 13
1 3 8 9 10
1 3 8 9 11
1 3 8 9 12
1 3 8 9 13
1 3 8 10 11
1 3 8 10 12
1 3 8 10 13
1 3 8 11 12
1 3 8 11 13
1 3 8 12 13
1 3 9 10 11
1 3 9 10 12
1 3 9 10 13
1 3 9 11 12
1 3 9 11 13
1 3 9 12 13
1 3 10 11 12
1 3 10 11 13
1 3 10 12 13
1 3 11 12 13
1 4 5 6 7
1 4 5 6 8
1 4 5 6 9
1 4 5 6 10
1 4 5 6 11
1 4 5 6 12
1 4 5 6 13
1 4 5 7 8
1 4 5 7 9
1 4 5 7 10
1 4 5 7 11
1 4 5 7 12
1 4 5 7 13
1 4 5 8 9
1 4 5 8 10
1 4 5 8 11
1 4 5 8 12
1 4 5 8 13
1 4 5 9 10
1 4 5 9 11
1 4 5 9 12
1 4 5 9 13
1 4 5 10 11
1 4 5 10 12
1 4 5 10 13
1 4 5 11 12
1 4 5 11 13
1 4 5 12 13
1 4 6 7 8
1 4 6 7 9
1 4 6 7 10
1 4 6 7 11
1 4 6 7 12
1 4 6 7 13
1 4 6 8 9
1 4 6 8 10
1 4 6 8 11
1 4 6 8 12
1 4 6 8 13
1 4 6 9 10
1 4 6 9 11
1 4 6 9 12
1 4 6 9 13
1 4 6 10 11
1 4 6 10 12
1 4 6 10 13
1 4 6 11 12
1 4 6 11 13
1 4 6 12 13
1 4 7 8 9
1 4 7 8 10
1 4 7 8 11
1 4 7 8 12
1 4 7 8 13
1 4 7 9 10
1 4 7 9 11
1 4 7 9 12
1 4 7 9 13
1 4 7 10 11
1 4 7 10 12
1 4 7 10 13
1 4 7 11 12
1 4 7 11 13
1 4 7 12 13
1 4 8 9 10
1 4 8 9 11
1 4 8 9 12
1 4 8 9 13
1 4 8 10 11
1 4 8 10 12
1 4 8 10 13
1 4 8 11 12
1 4 8 11 13
1 4 8 12 13
1 4 9 10 11
1 4 9 10 12
1 4 9 10 13
1 4 9 11 12
1 4 9 11 13
1 4 9 12 13
1 4 10 11 12
1 4 10 11 13
1 4 10 12 13
1 4 11 12 13
1 5 6 7 8
1 5 6 7 9
1 5 6 7 10
1 5 6 7 11
1 5 6 7 12
1 5 6 7 13
1 5 6 8 9
1 5 6 8 10
1 5 6 8 11
1 5 6 8 12
1 5 6 8 13
1 5 6 9 10
1 5 6 9 11
1 5 6 9 12
1 5 6 9 13
1 5 6 10 11
1 5 6 10 12
1 5 6 10 13
1 5 6 11 12
1 5 6 11 13
1 5 6 12 13
1 5 7 8 9
1 5 7 8 10
1 5 7 8 11
1 5 7 8 12
1 5 7 8 13
1 5 7 9 10
1 5 7 9 11
1 5 7 9 12
1 5 7 9 13
1 5 7 10 11
1 5 7 10 12
1 5 7 10 13
1 5 7 11 12
1 5 7 11 13
1 5 7 12 13
1 5 8 9 10
1 5 8 9 11
1 5 8 9 12
1 5 8 9 13
1 5 8 10 11
1 5 8 10 12
1 5 8 10 13
1 5 8 11 12
1 5 8 11 13
1 5 8 12 13
1 5 9 10 11
1 5 9 10 12
1 5 9 10 13
1 5 9 11 12
1 5 9 11 13
1 5 9 12 13
1 5 10 11 12
1 5 10 11 13
1 5 10 12 13
1 5 11 12 13
1 6 7 8 9
1 6 7 8 10
1 6 7 8 11
1 6 7 8 12
1 6 7 8 13
1 6 7 9 10
1 6 7 9 11
1 6 7 9 12
1 6 7 9 13
1 6 7 10 11
1 6 7 10 12
1 6 7 10 13
1 6 7 11 12
1 6 7 11 13
1 6 7 12 13
1 6 8 9 10
1 6 8 9 11
1 6 8 9 12
1 6 8 9 13
1 6 8 10 11
1 6 8 10 12
1 6 8 10 13
1 6 8 11 12
1 6 8 11 13
1 6 8 12 13
1 6 9 10 11
1 6 9 10 12
1 6 9 10 13
1 6 9 11 12
1 6 9 11 13
1 6 9 12 13
1 6 10 11 12
1 6 10 11 13
1 6 10 12 13
1 6 11 12 13
1 7 8 9 10
1 7 8 9 11
1 7 8 9 12
1 7 8 9 13
1 7 8 10 11
1 7 8 10 12
1 7 8 10 13
1 7 8 11 12
1 7 8 11 13
1 7 8 12 13
1 7 9 10 11
1 7 9 10 12
1 7 9 10 13
1 7 9 11 12
1 7 9 11 13
1 7 9 12 13
1 7 10 11 12
1 7 10 11 13
1 7 10 12 13
1 7 11 12 13
1 8 9 10 11
1 8 9 10 12
1 8 9 10 13
1 8 9 11 12
1 8 9 11 13
1 8 9 12 13
1 8 10 11 12
1 8 10 11 13
1 8 10 12 13
1 8 11 12 13
1 9 10 11 12
1 9 10 11 13
1 9 10 12 13
1 9 11 12 13
1 10 11 12 13
2 3 4 5 6
2 3 4 5 7
2 3 4 5 8
2 3 4 5 9
2 3 4 5 10
2 3 4 5 11
2 3 4 5 12
2 3 4 5 13
2 3 4 6 7
2 3 4 6 8
2 3 4 6 9
2 3 4 6 10
2 3 4 6 11
2 3 4 6 12
2 3 4 6 13
2 3 4 7 8
2 3 4 7 9
2 3 4 7 10
2 3 4 7 11
2 3 4 7 12
2 3 4 7 13
2 3 4 8 9
2 3 4 8 10
2 3 4 8 11
2 3 4 8 12
2 3 4 8 13
2 3 4 9 10
2 3 4 9 11
2 3 4 9 12
2 3 4 9 13
2 3 4 10 11
2 3 4 10 12
2 3 4 10 13
2 3 4 11 12
2 3 4 11 13
2 3 4 12 13
2 3 5 6 7
2 3 5 6 8
2 3 5 6 9
2 3 5 6 10
2 3 5 6 11
2 3 5 6 12
2 3 5 6 13
2 3 5 7 8
2 3 5 7 9
2 3 5 7 10
2 3 5 7 11
2 3 5 7 12
2 3 5 7 13
2 3 5 8 9
2 3 5 8 10
2 3 5 8 11
2 3 5 8 12
2 3 5 8 13
2 3 5 9 10
2 3 5 9 11
2 3 5 9 12
2 3 5 9 13
2 3 5 10 11
2 3 5 10 12
2 3 5 10 13
2 3 5 11 12
2 3 5 11 13
2 3 5 12 13
2 3 6 7 8
2 3 6 7 9
2 3 6 7 10
2 3 6 7 11
2 3 6 7 12
2 3 6 7 13
2 3 6 8 9
2 3 6 8 10
2 3 6 8 11
2 3 6 8 12
2 3 6 8 13
2 3 6 9 10
2 3 6 9 11
2 3 6 9 12
2 3 6 9 13
2 3 6 10 11
2 3 6 10 12
2 3 6 10 13
2 3 6 11 12
2 3 6 11 13
2 3 6 12 13
2 3 7 8 9
2 3 7 8 10
2 3 7 8 11
2 3 7 8 12
2 3 7 8 13
2 3 7 9 10
2 3 7 9 11
2 3 7 9 12
2 3 7 9 13
2 3 7 10 11
2 3 7 10 12
2 3 7 10 13
2 3 7 11 12
2 3 7 11 13
2 3 7 12 13
2 3 8 9 10
2 3 8 9 11
2 3 8 9 12
2 3 8 9 13
2 3 8 10 11
2 3 8 10 12
2 3 8 10 13
2 3 8 11 12
2 3 8 11 13
2 3 8 12 13
2 3 9 10 11
2 3 9 10 12
2 3 9 10 13
2 3 9 11 12
2 3 9 11 13
2 3 9 12 13
2 3 10 11 12
2 3 10 11 13
2 3 10 12 13
2 3 11 12 13
2 4 5 6 7
2 4 5 6 8
2 4 5 6 9
2 4 5 6 10
2 4 5 6 11
2 4 5 6 12
2 4 5 6 13
2 4 5 7 8
2 4 5 7 9
2 4 5 7 10
2 4 5 7 11
2 4 5 7 12
2 4 5 7 13
2 4 5 8 9
2 4 5 8 10
2 4 5 8 11
2 4 5 8 12
2 4 5 8 13
2 4 5 9 10
2 4 5 9 11
2 4 5 9 12
2 4 5 9 13
2 4 5 10 11
2 4 5 10 12
2 4 5 10 13
2 4 5 11 12
2 4 5 11 13
2 4 5 12 13
2 4 6 7 8
2 4 6 7 9
2 4 6 7 10
2 4 6 7 11
2 4 6 7 12
2 4 6 7 13
2 4 6 8 9
2 4 6 8 10
2 4 6 8 11
2 4 6 8 12
2 4 6 8 13
2 4 6 9 10
2 4 6 9 11
2 4 6 9 12
2 4 6 9 13
2 4 6 10 11
2 4 6 10 12
2 4 6 10 13
2 4 6 11 12
2 4 6 11 13
2 4 6 12 13
2 4 7 8 9
2 4 7 8 10
2 4 7 8 11
2 4 7 8 12
2 4 7 8 13
2 4 7 9 10
2 4 7 9 11
2 4 7 9 12
2 4 7 9 13
2 4 7 10 11
2 4 7 10 12
2 4 7 10 13
2 4 7 11 12
2 4 7 11 13
2 4 7 12 13
2 4 8 9 10
2 4 8 9 11
2 4 8 9 12
2 4 8 9 13
2 4 8 10 11
2 4 8 10 12
2 4 8 10 13
2 4 8 11 12
2 4 8 11 13
2 4 8 12 13
2 4 9 10 11
2 4 9 10 12
2 4 9 10 13
2 4 9 11 12
2 4 9 11 13
2 4 9 12 13
2 4 10 11 12
2 4 10 11 13
2 4 10 12 13
2 4 11 12 13
2 5 6 7 8
2 5 6 7 9
2 5 6 7 10
2 5 6 7 11
2 5 6 7 12
2 5 6 7 13
2 5 6 8 9
2 5 6 8 10
2 5 6 8 11
2 5 6 8 12
2 5 6 8 13
2 5 6 9 10
2 5 6 9 11
2 5 6 9 12
2 5 6 9 13
2 5 6 10 11
2 5 6 10 12
2 5 6 10 13
2 5 6 11 12
2 5 6 11 13
2 5 6 12 13
2 5 7 8 9
2 5 7 8 10
2 5 7 8 11
2 5 7 8 12
2 5 7 8 13
2 5 7 9 10
2 5 7 9 11
2 5 7 9 12
2 5 7 9 13
2 5 7 10 11
2 5 7 10 12
2 5 7 10 13
2 5 7 11 12
2 5 7 11 13
2 5 7 12 13
2 5 8 9 10
2 5 8 9 11
2 5 8 9 12
2 5 8 9 13
2 5 8 10 11
2 5 8 10 12
2 5 8 10 13
2 5 8 11 12
2 5 8 11 13
2 5 8 12 13
2 5 9 10 11
2 5 9 10 12
2 5 9 10 13
2 5 9 11 12
2 5 9 11 13
2 5 9 12 13
2 5 10 11 12
2 5 10 11 13
2 5 10 12 13
2 5 11 12 13
2 6 7 8 9
2 6 7 8 10
2 6 7 8 11
2 6 7 8 12
2 6 7 8 13
2 6 7 9 10
2 6 7 9 11
2 6 7 9 12
2 6 7 9 13
2 6 7 10 11
2 6 7 10 12
2 6 7 10 13
2 6 7 11 12
2 6 7 11 13
2 6 7 12 13
2 6 8 9 10
2 6 8 9 11
2 6 8 9 12
2 6 8 9 13
2 6 8 10 11
2 6 8 10 12
2 6 8 10 13
2 6 8 11 12
2 6 8 11 13
2 6 8 12 13
2 6 9 10 11
2 6 9 10 12
2 6 9 10 13
2 6 9 11 12
2 6 9 11 13
2 6 9 12 13
2 6 10 11 12
2 6 10 11 13
2 6 10 12 13
2 6 11 12 13
2 7 8 9 10
2 7 8 9 11
2 7 8 9 12
2 7 8 9 13
2 7 8 10 11
2 7 8 10 12
2 7 8 10 13
2 7 8 11 12
2 7 8 11 13
2 7 8 12 13
2 7 9 10 11
2 7 9 10 12
2 7 9 10 13
2 7 9 11 12
2 7 9 11 13
2 7 9 12 13
2 7 10 11 12
2 7 10 11 13
2 7 10 12 13
2 7 11 12 13
2 8 9 10 11
2 8 9 10 12
2 8 9 10 13
2 8 9 11 12
2 8 9 11 13
2 8 9 12 13
2 8 10 11 12
2 8 10 11 13
2 8 10 12 13
2 8 11 12 13
2 9 10 11 12
2 9 10 11 13
2 9 10 12 13
2 9 11 12 13
2 10 11 12 13
3 4 5 6 7
3 4 5 6 8
3 4 5 6 9
3 4 5 6 10
3 4 5 6 11
3 4 5 6 12
3 4 5 6 13
3 4 5 7 8
3 4 5 7 9
3 4 5 7 10
3 4 5 7 11
3 4 5 7 12
3 4 5 7 13
3 4 5 8 9
3 4 5 8 10
3 4 5 8 11
3 4 5 8 12
3 4 5 8 13
3 4 5 9 10
3 4 5 9 11
3 4 5 9 12
3 4 5 9 13
3 4 5 10 11
3 4 5 10 12
3 4 5 10 13
3 4 5 11 12
3 4 5 11 13
3 4 5 12 13
3 4 6 7 8
3 4 6 7 9
3 4 6 7 10
3 4 6 7 11
3 4 6 7 12
3 4 6 7 13
3 4 6 8 9
3 4 6 8 10
3 4 6 8 11
3 4 6 8 12
3 4 6 8 13
3 4 6 9 10
3 4 6 9 11
3 4 6 9 12
3 4 6 9 13
3 4 6 10 11
3 4 6 10 12
3 4 6 10 13
3 4 6 11 12
3 4 6 11 13
3 4 6 12 13
3 4 7 8 9
3 4 7 8 10
3 4 7 8 11
3 4 7 8 12
3 4 7 8 13
3 4 7 9 10
3 4 7 9 11
3 4 7 9 12
3 4 7 9 13
3 4 7 10 11
3 4 7 10 12
3 4 7 10 13
3 4 7 11 12
3 4 7 11 13
3 4 7 12 13
3 4 8 9 10
3 4 8 9 11
3 4 8 9 12
3 4 8 9 13
3 4 8 10 11
3 4 8 10 12
3 4 8 10 13
3 4 8 11 12
3 4 8 11 13
3 4 8 12 13
3 4 9 10 11
3 4 9 10 12
3 4 9 10 13
3 4 9 11 12
3 4 9 11 13
3 4 9 12 13
3 4 10 11 12
3 4 10 11 13
3 4 10 12 13
3 4 11 12 13
3 5 6 7 8
3 5 6 7 9
3 5 6 7 10
3 5 6 7 11
3 5 6 7 12
3 5 6 7 13
3 5 6 8 9
3 5 6 8 10
3 5 6 8 11
3 5 6 8 12
3 5 6 8 13
3 5 6 9 10
3 5 6 9 11
3 5 6 9 12
3 5 6 9 13
3 5 6 10 11
3 5 6 10 12
3 5 6 10 13
3 5 6 11 12
3 5 6 11 13
3 5 6 12 13
3 5 7 8 9
3 5 7 8 10
3 5 7 8 11
3 5 7 8 12
3 5 7 8 13
3 5 7 9 10
3 5 7 9 11
3 5 7 9 12
3 5 7 9 13
3 5 7 10 11
3 5 7 10 12
3 5 7 10 13
3 5 7 11 12
3 5 7 11 13
3 5 7 12 13
3 5 8 9 10
3 5 8 9 11
3 5 8 9 12
3 5 8 9 13
3 5 8 10 11
3 5 8 10 12
3 5 8 10 13
3 5 8 11 12
3 5 8 11 13
3 5 8 12 13
3 5 9 10 11
3 5 9 10 12
3 5 9 10 13
3 5 9 11 12
3 5 9 11 13
3 5 9 12 13
3 5 10 11 12
3 5 10 11 13
3 5 10 12 13
3 5 11 12 13
3 6 7 8 9
3 6 7 8 10
3 6 7 8 11
3 6 7 8 12
3 6 7 8 13
3 6 7 9 10
3 6 7 9 11
3 6 7 9 12
3 6 7 9 13
3 6 7 10 11
3 6 7 10 12
3 6 7 10 13
3 6 7 11 12
3 6 7 11 13
3 6 7 12 13
3 6 8 9 10
3 6 8 9 11
3 6 8 9 12
3 6 8 9 13
3 6 8 10 11
3 6 8 10 12
3 6 8 10 13
3 6 8 11 12
3 6 8 11 13
3 6 8 12 13
3 6 9 10 11
3 6 9 10 12
3 6 9 10 13
3 6 9 11 12
3 6 9 11 13
3 6 9 12 13
3 6 10 11 12
3 6 10 11 13
3 6 10 12 13
3 6 11 12 13
3 7 8 9 10
3 7 8 9 11
3 7 8 9 12
3 7 8 9 13
3 7 8 10 11
3 7 8 10 12
3 7 8 10 13
3 7 8 11 12
3 7 8 11 13
3 7 8 12 13
3 7 9 10 11
3 7 9 10 12
3 7 9 10 13
3 7 9 11 12
3 7 9 11 13
3 7 9 12 13
3 7 10 11 12
3 7 10 11 13
3 7 10 12 13
3 7 11 12 13
3 8 9 10 11
3 8 9 10 12
3 8 9 10 13
3 8 9 11 12
3 8 9 11 13
3 8 9 12 13
3 8 10 11 12
3 8 10 11 13
3 8 10 12 13
3 8 11 12 13
3 9 10 11 12
3 9 10 11 13
3 9 10 12 13
3 9 11 12 13
3 10 11 12 13
4 5 6 7 8
4 5 6 7 9
4 5 6 7 10
4 5 6 7 11
4 5 6 7 12
4 5 6 7 13
4 5 6 8 9
4 5 6 8 10
4 5 6 8 11
4 5 6 8 12
4 5 6 8 13
4 5 6 9 10
4 5 6 9 11
4 5 6 9 12
4 5 6 9 13
4 5 6 10 11
4 5 6 10 12
4 5 6 10 13
4 5 6 11 12
4 5 6 11 13
4 5 6 12 13
4 5 7 8 9
4 5 7 8 10
4 5 7 8 11
4 5 7 8 12
4 5 7 8 13
4 5 7 9 10
4 5 7 9 11
4 5 7 9 12
4 5 7 9 13
4 5 7 10 11
4 5 7 10 12
4 5 7 10 13
4 5 7 11 12
4 5 7 11 13
4 5 7 12 13
4 5 8 9 10
4 5 8 9 11
4 5 8 9 12
4 5 8 9 13
4 5 8 10 11
4 5 8 10 12
4 5 8 10 13
4 5 8 11 12
4 5 8 11 13
4 5 8 12 13
4 5 9 10 11
4 5 9 10 12
4 5 9 10 13
4 5 9 11 12
4 5 9 11 13
4 5 9 12 13
4 5 10 11 12
4 5 10 11 13
4 5 10 12 13
4 5 11 12 13
4 6 7 8 9
4 6 7 8 10
4 6 7 8 11
4 6 7 8 12
4 6 7 8 13
4 6 7 9 10
4 6 7 9 11
4 6 7 9 12
4 6 7 9 13
4 6 7 10 11
4 6 7 10 12
4 6 7 10 13
4 6 7 11 12
4 6 7 11 13
4 6 7 12 13
4 6 8 9 10
4 6 8 9 11
4 6 8 9 12
4 6 8 9 13
4 6 8 10 11
4 6 8 10 12
4 6 8 10 13
4 6 8 11 12
4 6 8 11 13
4 6 8 12 13
4 6 9 10 11
4 6 9 10 12
4 6 9 10 13
4 6 9 11 12
4 6 9 11 13
4 6 9 12 13
4 6 10 11 12
4 6 10 11 13
4 6 10 12 13
4 6 11 12 13
4 7 8 9 10
4 7 8 9 11
4 7 8 9 12
4 7 8 9 13
4 7 8 10 11
4 7 8 10 12
4 7 8 10 13
4 7 8 11 12
4 7 8 11 13
4 7 8 12 13
4 7 9 10 11
4 7 9 10 12
4 7 9 10 13
4 7 9 11 12
4 7 9 11 13
4 7 9 12 13
4 7 10 11 12
4 7 10 11 13
4 7 10 12 13
4 7 11 12 13
4 8 9 10 11
4 8 9 10 12
4 8 9 10 13
4 8 9 11 12
4 8 9 11 13
4 8 9 12 13
4 8 10 11 12
4 8 10 11 13
4 8 10 12 13
4 8 11 12 13
4 9 10 11 12
4 9 10 11 13
4 9 10 12 13
4 9 11 12 13
4 10 11 12 13
5 6 7 8 9
5 6 7 8 10
5 6 7 8 11
5 6 7 8 12
5 6 7 8 13
5 6 7 9 10
5 6 7 9 11
5 6 7 9 12
5 6 7 9 13
5 6 7 10 11
5 6 7 10 12
5 6 7 10 13
5 6 7 11 12
5 6 7 11 13
5 6 7 12 13
5 6 8 9 10
5 6 8 9 11
5 6 8 9 12
5 6 8 9 13
5 6 8 10 11
5 6 8 10 12
5 6 8 10 13
5 6 8 11 12
5 6 8 11 13
5 6 8 12 13
5 6 9 10 11
5 6 9 10 12
5 6 9 10 13
5 6 9 11 12
5 6 9 11 13
5 6 9 12 13
5 6 10 11 12
5 6 10 11 13
5 6 10 12 13
5 6 11 12 13
5 7 8 9 10
5 7 8 9 11
5 7 8 9 12
5 7 8 9 13
5 7 8 10 11
5 7 8 10 12
5 7 8 10 13
5 7 8 11 12
5 7 8 11 13
5 7 8 12 13
5 7 9 10 11
5 7 9 10 12
5 7 9 10 13
5 7 9 11 12
5 7 9 11 13
5 7 9 12 13
5 7 10 11 12
5 7 10 11 13
5 7 10 12 13
5 7 11 12 13
5 8 9 10 11
5 8 9 10 12
5 8 9 10 13
5 8 9 11 12
5 8 9 11 13
5 8 9 12 13
5 8 10 11 12
5 8 10 11 13
5 8 10 12 13
5 8 11 12 13
5 9 10 11 12
5 9 10 11 13
5 9 10 12 13
5 9 11 12 13
5 10 11 12 13
6 7 8 9 10
6 7 8 9 11
6 7 8 9 12
6 7 8 9 13
6 7 8 10 11
6 7 8 10 12
6 7 8 10 13
6 7 8 11 12
6 7 8 11 13
6 7 8 12 13
6 7 9 10 11
6 7 9 10 12
6 7 9 10 13
6 7 9 11 12
6 7 9 11 13
6 7 9 12 13
6 7 10 11 12
6 7 10 11 13
6 7 10 12 13
6 7 11 12 13
6 8 9 10 11
6 8 9 10 12
6 8 9 10 13
6 8 9 11 12
6 8 9 11 13
6 8 9 12 13
6 8 10 11 12
6 8 10 11 13
6 8 10 12 13
6 8 11 12 13
6 9 10 11 12
6 9 10 11 13
6 9 10 12 13
6 9 11 12 13
6 10 11 12 13
7 8 9 10 11
7 8 9 10 12
7 8 9 10 13
7 8 9 11 12
7 8 9 11 13
7 8 9 12 13
7 8 10 11 12
7 8 10 11 13
7 8 10 12 13
7 8 11 12 13
7 9 10 11 12
7 9 10 11 13
7 9 10 12 13
7 9 11 12 13
7 10 11 12 13
8 9 10 11 12
8 9 10 11 13
8 9 10 12 13
8 9 11 12 13
8 10 11 12 13
9 10 11 12 13

Is hamiltonian hermitian? 1
Implicit Hamiltonian constructed
E(core)= 9.189534427600
H(1,1) + E(core) energy = -76.368200424500
Davidson: iter=0 dim=0 root=0 eigenvalue=-85.557734852100
Davidson: iter=1 dim=1 root=0 eigenvalue=-85.583309746572
Davidson: iter=2 dim=2 root=0 eigenvalue=-85.586002647938
Davidson: iter=3 dim=3 root=0 eigenvalue=-85.586095542474
Davidson: iter=4 dim=4 root=0 eigenvalue=-85.586102257529
Davidson: iter=5 dim=5 root=0 eigenvalue=-85.586102562604
Davidson: iter=6 dim=6 root=0 eigenvalue=-85.586102587255
Davidson: iter=7 dim=7 root=0 eigenvalue=-85.586102588760
Davidson: iter=8 dim=8 root=0 eigenvalue=-85.586102588853
Davidson: iter=9 dim=9 root=0 eigenvalue=-85.586102588860
Davidson: iter=10 dim=10 root=0 eigenvalue=-85.586102588860
root no. 0 converged
Davidson converged in 10 iterations.
E(core)= 9.189534427600
E(0)= -76.396568161260
FCI Excitation energies = 1
0.000000000000

Vacuum coefficients in CI state 0 = -0.992450716053
Eigenvector 0 in string basis
0: -0.992450716053 seniority 0 ... 5
1 2 3 4 5
 | 5
1 2 3 4 5

Seniority vectors for all roots (nroots/seniority)
1 6
0.988447361931 0.002834001395 -0.985546045965 0.108178649253 1.000002768897 0.000000000016

Calculating transition densities
Root 0 MO occupations numbers (density matrix diagonal)
13
1.999998311028 1.996708705839 1.989245334744 1.990909841178 1.992950745834 0.002692554713 0.002262083223 0.002261379741 0.001738954468 0.006664414698 0.006235061408 0.006776021493 0.001556591642
Transition densities done:
Trandens between roots 0 0
13 13
1.999998311028 0.000015410888 0.000000000000 0.000008527721 0.000000000000 0.000182701769 0.000000000000 -0.000206382096 0.000000000000 0.000000000000 0.000146806529 0.000000000000 -0.000088519461
0.000015410888 1.996708705839 0.000000000000 0.002863080831 0.000000000000 -0.000479760662 0.000000000000 -0.005548068926 0.000000000000 0.000000000000 -0.004313405504 0.000000000000 0.002299315716
0.000000000000 0.000000000000 1.989245334744 0.000000000000 0.000000000000 0.000000000000 0.002395347506 0.000000000000 0.001278737769 0.000000000000 0.000000000000 -0.007873865671 0.000000000000
0.000008527721 0.002863080831 0.000000000000 1.990909841178 0.000000000000 -0.003461906966 0.000000000000 -0.005635104748 0.000000000000 0.000000000000 -0.001439362926 0.000000000000 0.006598127224
0.000000000000 0.000000000000 0.000000000000 0.000000000000 1.992950745834 0.000000000000 0.000000000000 0.000000000000 0.000000000000 -0.016204296392 0.000000000000 0.000000000000 0.000000000000
0.000182701769 -0.000479760662 0.000000000000 -0.003461906966 0.000000000000 0.002692554713 0.000000000000 0.000364890259 0.000000000000 0.000000000000 0.003812435780 0.000000000000 -0.001548490178
0.000000000000 0.000000000000 0.002395347506 0.000000000000 0.000000000000 0.000000000000 0.002262083223 0.000000000000 -0.001523070304 0.000000000000 0.000000000000 -0.003879982952 0.000000000000
-0.000206382096 -0.005548068926 0.000000000000 -0.005635104748 0.000000000000 0.000364890259 0.000000000000 0.002261379741 0.000000000000 0.000000000000 0.001424708207 0.000000000000 -0.000918751445
0.000000000000 0.000000000000 0.001278737769 0.000000000000 0.000000000000 0.000000000000 -0.001523070304 0.000000000000 0.001738954468 0.000000000000 0.000000000000 0.002827856112 0.000000000000
0.000000000000 0.000000000000 0.000000000000 0.000000000000 -0.016204296392 0.000000000000 0.000000000000 0.000000000000 0.000000000000 0.006664414698 0.000000000000 0.000000000000 0.000000000000
0.000146806529 -0.004313405504 0.000000000000 -0.001439362926 0.000000000000 0.003812435780 0.000000000000 0.001424708207 0.000000000000 0.000000000000 0.006235061408 0.000000000000 -0.002201901581
0.000000000000 0.000000000000 -0.007873865671 0.000000000000 0.000000000000 0.000000000000 -0.003879982952 0.000000000000 0.002827856112 0.000000000000 0.000000000000 0.006776021493 0.000000000000
-0.000088519461 0.002299315716 0.000000000000 0.006598127224 0.000000000000 -0.001548490178 0.000000000000 -0.000918751445 0.000000000000 0.000000000000 -0.002201901581 0.000000000000 0.001556591642

State 0 :
Natural orbital occupations
13
1.999998513291 1.997933220637 1.993082933094 1.989757670419 1.989280338023 0.010197780294 0.009879070197 0.006532227438 0.002108873060 0.000631812541 0.000530952103 0.000053285404 0.000013323508
Natural orbitals (in MO basis)
13 13
0.999963865255 0.008497665352 -0.000000000000 -0.000177209230 0.000000000000 -0.000000000000 -0.000096064937 -0.000000000000 0.000125492264 -0.000038075416 -0.000000000000 -0.000006217322 -0.000000000000
0.007782986824 -0.923850125369 0.000000000000 -0.382657224780 0.000000000000 0.000000000000 0.002754477803 -0.000000000000 0.002457712747 -0.000299252063 -0.000000000000 0.000319757007 -0.000000000000
0.000000000000 -0.000000000000 -0.000000000000 0.000000000000 0.999991169032 -0.003560475004 0.000000000000 0.000000000000 0.000000000000 0.000000000000 -0.001845533431 0.000000000000 0.001256535437
0.003415355279 -0.382627679823 0.000000000000 0.923884073991 -0.000000000000 0.000000000000 0.003068205450 -0.000000000000 0.002530345168 0.002521483844 0.000000000000 -0.000661357766 0.000000000000
-0.000000000000 -0.000000000000 -0.999966728899 0.000000000000 -0.000000000000 -0.000000000000 0.000000000000 -0.008157272552 -0.000000000000 -0.000000000000 0.000000000000 0.000000000000 0.000000000000
0.000083779502 0.000893655512 0.000000000000 -0.001519271277 -0.000000000000 0.000000000000 0.492958085893 -0.000000000000 -0.325987201833 0.215566480766 0.000000000000 -0.777336895008 0.000000000003
0.000000000000 -0.000000000000 -0.000000000000 0.000000000000 0.001212757889 0.463888003333 -0.000000000000 -0.000000000000 0.000000000000 -0.000000000000 0.323644797292 0.000000000003 0.824657804648
-0.000134487567 0.003650752037 0.000000000000 -0.001552649009 0.000000000000 0.000000000000 0.204274541174 -0.000000000000 0.924466732908 -0.130402611846 -0.000000000000 -0.294300142035 0.000000000001
-0.000000000000 0.000000000000 -0.000000000000 0.000000000000 0.000636788747 -0.355353084837 0.000000000000 0.000000000000 0.000000000000 -0.000000000000 0.920685238815 -0.000000000001 -0.161438751932
0.000000000000 0.000000000000 0.008157272552 0.000000000000 0.000000000000 -0.000000000000 -0.000000000000 -0.999966728899 -0.000000000000 -0.000000000000 0.000000000000 0.000000000000 -0.000000000000
0.000054417202 0.002284821680 -0.000000000000 0.000154745178 -0.000000000000 0.000000000000 0.783509192091 0.000000000000 -0.104205952993 -0.449810603575 -0.000000000000 0.415836072104 -0.000000000002
0.000000000000 -0.000000000000 0.000000000000 -0.000000000000 -0.003973106543 -0.811492100071 0.000000000000 0.000000000000 0.000000000000 0.000000000000 -0.218149788495 0.000000000002 0.542102809185
-0.000024124675 -0.002333913485 0.000000000000 0.002625241970 0.000000000000 -0.000000000000 -0.318371752874 0.000000000000 -0.167994835045 -0.856849008416 -0.000000000000 -0.369072620926 0.000000000001

