Begin IJ Block
1   1   -1.6202565490
1   2   -0.0000000000
1   3   0.0975632264
2   2   -1.4775041204
2   3   -0.0000000000
3   3   -1.4412617711

End IJ Block
Begin IA Block
1   2   -0.0563154573
1   3   0.0000000000
1   4   0.0995497947
2   1   -0.1361860071
2   2   -0.0000000000
2   3   0.0517079736
2   4   0.0000000000
3   1   -0.0000000000
3   2   -0.1215533252
3   3   -0.0000000000
3   4   0.0092183846

End IA Block
Begin AB Block
1   1   -1.3375812996
1   2   -0.0000000000
1   3   -0.1536794942
1   4   -0.0000000000
2   2   -1.1789836590
2   4   -0.0613028218
3   3   -1.1273074410
3   4   -0.0000000000
4   4   -0.8328351422

End AB Block
Begin IJAB Block
1   4   1   5   0.0613799626
1   4   1   7   0.0241069548
1   4   2   6   0.0357655038
1   4   2   8   0.0031088298
1   4   3   5   0.0241069548
1   4   3   7   0.0419565527
1   4   4   6   0.0031088298
1   4   4   8   0.0134216561
1   5   1   6   0.0377882524
1   5   1   7   -0.0000000000
1   5   1   8   -0.0013966108
1   5   2   5   0.0230438846
1   5   2   7   -0.0275385556
1   5   3   6   -0.0164498684
1   5   3   7   -0.0000000000
1   5   3   8   0.0006170413
1   5   4   5   -0.0034661505
1   5   4   7   -0.0000582796
1   5   4   8   0.0000000000
1   6   1   5   -0.0101399586
1   6   1   7   -0.0469227977
1   6   1   8   -0.0000000000
1   6   2   6   0.0155892267
1   6   2   8   -0.0045647204
1   6   3   5   -0.0257830252
1   6   3   6   0.0000000000
1   6   3   7   -0.0158638347
1   6   4   6   -0.0060975415
1   6   4   7   -0.0000000000
1   6   4   8   -0.0020135251
2   4   1   6   0.0230438846
2   4   1   8   -0.0034661505
2   4   2   5   0.0377882524
2   4   2   7   -0.0164498684
2   4   3   5   -0.0000000000
2   4   3   6   -0.0275385556
2   4   3   7   -0.0000000000
2   4   3   8   -0.0000582796
2   4   4   5   -0.0013966108
2   4   4   7   0.0006170413
2   4   4   8   0.0000000000
2   5   1   5   0.0567941632
2   5   1   7   -0.0109127751
2   5   2   6   0.0547024311
2   5   2   7   0.0000000000
2   5   2   8   0.0002384072
2   5   3   5   -0.0109127751
2   5   3   6   0.0000000000
2   5   3   7   0.0298310107
2   5   3   8   -0.0000000000
2   5   4   6   0.0002384072
2   5   4   7   -0.0000000000
2   5   4   8   0.0110559939
2   6   1   6   0.0477331265
2   6   1   8   0.0154407524
2   6   2   5   0.0211988785
2   6   2   7   -0.0314002253
2   6   3   6   -0.0137164554
2   6   3   7   -0.0000000000
2   6   3   8   0.0074028935
2   6   4   5   0.0149424500
2   6   4   6   0.0000000000
2   6   4   7   0.0066330458
2   6   4   8   0.0000000000
3   4   1   5   -0.0101399586
3   4   1   7   -0.0257830252
3   4   2   6   0.0155892267
3   4   2   7   0.0000000000
3   4   2   8   -0.0060975415
3   4   3   5   -0.0469227977
3   4   3   7   -0.0158638347
3   4   3   8   -0.0000000000
3   4   4   5   -0.0000000000
3   4   4   6   -0.0045647204
3   4   4   8   -0.0020135251
3   5   1   6   0.0211988785
3   5   1   8   0.0149424500
3   5   2   5   0.0477331265
3   5   2   7   -0.0137164554
3   5   2   8   0.0000000000
3   5   3   6   -0.0314002253
3   5   3   7   -0.0000000000
3   5   3   8   0.0066330458
3   5   4   5   0.0154407524
3   5   4   7   0.0074028935
3   5   4   8   0.0000000000
3   6   1   5   0.0609894253
3   6   1   7   0.0159932623
3   6   2   6   0.0489888913
3   6   2   7   0.0000000000
3   6   2   8   0.0141254004
3   6   3   5   0.0159932623
3   6   3   6   0.0000000000
3   6   3   7   0.0455173607
3   6   3   8   -0.0000000000
3   6   4   6   0.0141254004
3   6   4   7   -0.0000000000
3   6   4   8   0.0141049546

End IJAB Block
Begin IJKL Block
1   4   1   4   0.3010552935
1   4   1   6   -0.0580222284
1   4   2   5   0.1009218843
1   4   3   4   -0.0580222284
1   4   3   6   0.0863331450
1   5   1   5   0.2376733713
1   5   2   4   0.1009218843
1   5   2   6   0.0817307957
1   5   3   5   0.0325136240
1   6   1   4   -0.0580222284
1   6   1   6   0.2609227198
1   6   2   5   0.0817307957
1   6   3   4   0.0863331450
1   6   3   6   -0.0228374503
2   4   1   5   0.1009218843
2   4   2   4   0.2376733713
2   4   2   6   0.0325136240
2   4   3   5   0.0817307957
2   5   1   4   0.1009218843
2   5   1   6   0.0817307957
2   5   2   5   0.2698035278
2   5   3   4   0.0817307957
2   5   3   6   0.0957249054
2   6   1   5   0.0817307957
2   6   2   4   0.0325136240
2   6   2   6   0.2378977472
2   6   3   5   0.0957249054
3   4   1   4   -0.0580222284
3   4   1   6   0.0863331450
3   4   2   5   0.0817307957
3   4   3   4   0.2609227198
3   4   3   6   -0.0228374503
3   5   1   5   0.0325136240
3   5   2   4   0.0817307957
3   5   2   6   0.0957249054
3   5   3   5   0.2378977472
3   6   1   4   0.0863331450
3   6   1   6   -0.0228374503
3   6   2   5   0.0957249054
3   6   3   4   -0.0228374503
3   6   3   6   0.2565221985

End IJKL Block
Begin ABCD Block
1   5   1   5   0.2404030904
1   5   1   6   0.0000000000
1   5   1   7   0.0304997767
1   5   1   8   0.0000000000
1   5   2   5   0.0000000000
1   5   2   6   0.0760083134
1   5   2   7   -0.0000000000
1   5   2   8   0.0101424596
1   5   3   5   0.0304997767
1   5   3   6   -0.0000000000
1   5   3   7   0.0562218201
1   5   3   8   -0.0000000000
1   5   4   5   0.0000000000
1   5   4   6   0.0101424596
1   5   4   7   -0.0000000000
1   5   4   8   0.0099237386
1   6   1   5   0.0000000000
1   6   1   6   0.2179986243
1   6   1   7   -0.0000000000
1   6   1   8   0.0140556285
1   6   2   5   0.0760083134
1   6   2   6   0.0000000000
1   6   2   7   -0.0614800900
1   6   2   8   0.0000000000
1   6   3   5   -0.0000000000
1   6   3   6   -0.0027816187
1   6   3   7   -0.0000000000
1   6   3   8   0.0067306300
1   6   4   5   0.0101424596
1   6   4   6   0.0000000000
1   6   4   7   -0.0010822161
1   6   4   8   0.0000000000
1   7   1   5   0.0304997767
1   7   1   6   -0.0000000000
1   7   1   7   0.2266956112
1   7   1   8   0.0000000000
1   7   2   5   -0.0000000000
1   7   2   6   -0.0614800900
1   7   2   7   -0.0000000000
1   7   2   8   0.0115598405
1   7   3   5   0.0562218201
1   7   3   6   -0.0000000000
1   7   3   7   0.0412994545
1   7   4   5   -0.0000000000
1   7   4   6   -0.0010822161
1   7   4   7   -0.0000000000
1   7   4   8   0.0029100666
1   8   1   5   0.0000000000
1   8   1   6   0.0140556285
1   8   1   7   0.0000000000
1   8   1   8   0.1846616347
1   8   2   5   0.0101424596
1   8   2   6   0.0000000000
1   8   2   7   0.0115598405
1   8   2   8   0.0000000000
1   8   3   5   -0.0000000000
1   8   3   6   0.0067306300
1   8   3   8   0.0232843517
1   8   4   5   0.0099237386
1   8   4   6   0.0000000000
1   8   4   7   0.0029100666
1   8   4   8   0.0000000000
2   5   1   5   0.0000000000
2   5   1   6   0.0760083134
2   5   1   7   -0.0000000000
2   5   1   8   0.0101424596
2   5   2   5   0.2179986243
2   5   2   6   0.0000000000
2   5   2   7   -0.0027816187
2   5   2   8   0.0000000000
2   5   3   5   -0.0000000000
2   5   3   6   -0.0614800900
2   5   3   7   -0.0000000000
2   5   3   8   -0.0010822161
2   5   4   5   0.0140556285
2   5   4   6   0.0000000000
2   5   4   7   0.0067306300
2   5   4   8   0.0000000000
2   6   1   5   0.0760083134
2   6   1   6   0.0000000000
2   6   1   7   -0.0614800900
2   6   1   8   0.0000000000
2   6   2   5   0.0000000000
2   6   2   6   0.2237968838
2   6   2   7   0.0000000000
2   6   2   8   0.0069534234
2   6   3   5   -0.0614800900
2   6   3   6   0.0000000000
2   6   3   7   0.0633373367
2   6   3   8   -0.0000000000
2   6   4   5   0.0000000000
2   6   4   6   0.0069534234
2   6   4   7   -0.0000000000
2   6   4   8   0.0074015316
2   7   1   5   -0.0000000000
2   7   1   6   -0.0614800900
2   7   1   7   -0.0000000000
2   7   1   8   0.0115598405
2   7   2   5   -0.0027816187
2   7   2   6   0.0000000000
2   7   2   7   0.2071298330
2   7   2   8   -0.0000000000
2   7   3   5   -0.0000000000
2   7   3   6   0.0633373367
2   7   3   7   0.0000000000
2   7   3   8   -0.0080476553
2   7   4   5   0.0067306300
2   7   4   6   -0.0000000000
2   7   4   7   0.0085225075
2   7   4   8   0.0000000000
2   8   1   5   0.0101424596
2   8   1   6   0.0000000000
2   8   1   7   0.0115598405
2   8   1   8   0.0000000000
2   8   2   5   0.0000000000
2   8   2   6   0.0069534234
2   8   2   7   -0.0000000000
2   8   2   8   0.1724512502
2   8   3   5   -0.0010822161
2   8   3   6   -0.0000000000
2   8   3   7   -0.0080476553
2   8   3   8   -0.0000000000
2   8   4   5   0.0000000000
2   8   4   6   0.0074015316
2   8   4   7   0.0000000000
2   8   4   8   0.0087773106
3   5   1   5   0.0304997767
3   5   1   6   -0.0000000000
3   5   1   7   0.0562218201
3   5   1   8   -0.0000000000
3   5   2   5   -0.0000000000
3   5   2   6   -0.0614800900
3   5   2   7   -0.0000000000
3   5   2   8   -0.0010822161
3   5   3   5   0.2266956112
3   5   3   6   -0.0000000000
3   5   3   7   0.0412994545
3   5   3   8   -0.0000000000
3   5   4   5   0.0000000000
3   5   4   6   0.0115598405
3   5   4   8   0.0029100666
3   6   1   5   -0.0000000000
3   6   1   6   -0.0027816187
3   6   1   7   -0.0000000000
3   6   1   8   0.0067306300
3   6   2   5   -0.0614800900
3   6   2   6   0.0000000000
3   6   2   7   0.0633373367
3   6   2   8   -0.0000000000
3   6   3   5   -0.0000000000
3   6   3   6   0.2071298330
3   6   3   7   0.0000000000
3   6   3   8   0.0085225075
3   6   4   5   0.0115598405
3   6   4   6   -0.0000000000
3   6   4   7   -0.0080476553
3   6   4   8   0.0000000000
3   7   1   5   0.0562218201
3   7   1   6   -0.0000000000
3   7   1   7   0.0412994545
3   7   2   5   -0.0000000000
3   7   2   6   0.0633373367
3   7   2   7   0.0000000000
3   7   2   8   -0.0080476553
3   7   3   5   0.0412994545
3   7   3   6   0.0000000000
3   7   3   7   0.2324412216
3   7   3   8   -0.0000000000
3   7   4   6   -0.0080476553
3   7   4   7   -0.0000000000
3   7   4   8   0.0091797663
3   8   1   5   -0.0000000000
3   8   1   6   0.0067306300
3   8   1   8   0.0232843517
3   8   2   5   -0.0010822161
3   8   2   6   -0.0000000000
3   8   2   7   -0.0080476553
3   8   2   8   -0.0000000000
3   8   3   5   -0.0000000000
3   8   3   6   0.0085225075
3   8   3   7   -0.0000000000
3   8   3   8   0.1814884345
3   8   4   5   0.0029100666
3   8   4   6   0.0000000000
3   8   4   7   0.0091797663
3   8   4   8   -0.0000000001
4   5   1   5   0.0000000000
4   5   1   6   0.0101424596
4   5   1   7   -0.0000000000
4   5   1   8   0.0099237386
4   5   2   5   0.0140556285
4   5   2   6   0.0000000000
4   5   2   7   0.0067306300
4   5   2   8   0.0000000000
4   5   3   5   0.0000000000
4   5   3   6   0.0115598405
4   5   3   8   0.0029100666
4   5   4   5   0.1846616347
4   5   4   6   0.0000000000
4   5   4   7   0.0232843517
4   5   4   8   0.0000000000
4   6   1   5   0.0101424596
4   6   1   6   0.0000000000
4   6   1   7   -0.0010822161
4   6   1   8   0.0000000000
4   6   2   5   0.0000000000
4   6   2   6   0.0069534234
4   6   2   7   -0.0000000000
4   6   2   8   0.0074015316
4   6   3   5   0.0115598405
4   6   3   6   -0.0000000000
4   6   3   7   -0.0080476553
4   6   3   8   0.0000000000
4   6   4   5   0.0000000000
4   6   4   6   0.1724512502
4   6   4   7   -0.0000000000
4   6   4   8   0.0087773106
4   7   1   5   -0.0000000000
4   7   1   6   -0.0010822161
4   7   1   7   -0.0000000000
4   7   1   8   0.0029100666
4   7   2   5   0.0067306300
4   7   2   6   -0.0000000000
4   7   2   7   0.0085225075
4   7   2   8   0.0000000000
4   7   3   6   -0.0080476553
4   7   3   7   -0.0000000000
4   7   3   8   0.0091797663
4   7   4   5   0.0232843517
4   7   4   6   -0.0000000000
4   7   4   7   0.1814884345
4   7   4   8   -0.0000000001
4   8   1   5   0.0099237386
4   8   1   6   0.0000000000
4   8   1   7   0.0029100666
4   8   1   8   0.0000000000
4   8   2   5   0.0000000000
4   8   2   6   0.0074015316
4   8   2   7   0.0000000000
4   8   2   8   0.0087773106
4   8   3   5   0.0029100666
4   8   3   6   0.0000000000
4   8   3   7   0.0091797663
4   8   3   8   -0.0000000001
4   8   4   5   0.0000000000
4   8   4   6   0.0087773106
4   8   4   7   -0.0000000001
4   8   4   8   0.1702787120

End ABCD Block
Begin AIJB Block
1   4   1   5   0.0613799626
1   4   1   7   0.0241069548
1   4   2   6   0.0230438846
1   4   2   8   -0.0034661505
1   4   3   5   -0.0101399586
1   4   3   7   -0.0257830252
1   5   1   6   0.0377882524
1   5   1   7   -0.0000000000
1   5   1   8   -0.0013966108
1   5   2   5   0.0567941632
1   5   2   7   -0.0109127751
1   5   3   6   0.0211988785
1   5   3   8   0.0149424500
1   6   1   5   -0.0101399586
1   6   1   7   -0.0469227977
1   6   1   8   -0.0000000000
1   6   2   6   0.0477331265
1   6   2   8   0.0154407524
1   6   3   5   0.0609894253
1   6   3   7   0.0159932623
2   4   1   6   0.0357655038
2   4   1   8   0.0031088298
2   4   2   5   0.0377882524
2   4   2   7   -0.0164498684
2   4   3   6   0.0155892267
2   4   3   7   0.0000000000
2   4   3   8   -0.0060975415
2   5   1   5   0.0230438846
2   5   1   7   -0.0275385556
2   5   2   6   0.0547024311
2   5   2   7   0.0000000000
2   5   2   8   0.0002384072
2   5   3   5   0.0477331265
2   5   3   7   -0.0137164554
2   5   3   8   0.0000000000
2   6   1   6   0.0155892267
2   6   1   8   -0.0045647204
2   6   2   5   0.0211988785
2   6   2   7   -0.0314002253
2   6   3   6   0.0489888913
2   6   3   7   0.0000000000
2   6   3   8   0.0141254004
3   4   1   5   0.0241069548
3   4   1   7   0.0419565527
3   4   2   5   -0.0000000000
3   4   2   6   -0.0275385556
3   4   2   7   -0.0000000000
3   4   2   8   -0.0000582796
3   4   3   5   -0.0469227977
3   4   3   7   -0.0158638347
3   4   3   8   -0.0000000000
3   5   1   6   -0.0164498684
3   5   1   7   -0.0000000000
3   5   1   8   0.0006170413
3   5   2   5   -0.0109127751
3   5   2   6   0.0000000000
3   5   2   7   0.0298310107
3   5   2   8   -0.0000000000
3   5   3   6   -0.0314002253
3   5   3   7   -0.0000000000
3   5   3   8   0.0066330458
3   6   1   5   -0.0257830252
3   6   1   6   0.0000000000
3   6   1   7   -0.0158638347
3   6   2   6   -0.0137164554
3   6   2   7   -0.0000000000
3   6   2   8   0.0074028935
3   6   3   5   0.0159932623
3   6   3   6   0.0000000000
3   6   3   7   0.0455173607
3   6   3   8   -0.0000000000
4   4   1   6   0.0031088298
4   4   1   8   0.0134216561
4   4   2   5   -0.0013966108
4   4   2   7   0.0006170413
4   4   2   8   0.0000000000
4   4   3   5   -0.0000000000
4   4   3   6   -0.0045647204
4   4   3   8   -0.0020135251
4   5   1   5   -0.0034661505
4   5   1   7   -0.0000582796
4   5   1   8   0.0000000000
4   5   2   6   0.0002384072
4   5   2   7   -0.0000000000
4   5   2   8   0.0110559939
4   5   3   5   0.0154407524
4   5   3   7   0.0074028935
4   5   3   8   0.0000000000
4   6   1   6   -0.0060975415
4   6   1   7   -0.0000000000
4   6   1   8   -0.0020135251
4   6   2   5   0.0149424500
4   6   2   6   0.0000000000
4   6   2   7   0.0066330458
4   6   2   8   0.0000000000
4   6   3   6   0.0141254004
4   6   3   7   -0.0000000000
4   6   3   8   0.0141049546

1   4   4   1   -0.2525798869
1   4   4   2   -0.0000000000
1   4   4   3   -0.0627619654
1   4   4   4   -0.0000000000
1   4   5   2   -0.0737790906
1   4   5   3   0.0000000000
1   4   5   4   -0.0036359342
1   4   6   1   0.0205613121
1   4   6   3   0.0623081233
1   5   4   2   -0.0737790906
1   5   4   3   0.0000000000
1   5   4   4   -0.0036359342
1   5   5   1   -0.2299373104
1   5   5   2   -0.0000000000
1   5   5   3   0.0034077394
1   5   5   4   -0.0000000000
1   5   6   2   -0.0777097270
1   5   6   4   -0.0147755110
1   6   4   1   0.0205613121
1   6   4   3   0.0623081233
1   6   5   2   -0.0777097270
1   6   5   4   -0.0147755110
1   6   6   1   -0.2387494038
1   6   6   2   -0.0000000000
1   6   6   3   -0.0320792420
1   6   6   4   -0.0000000000
2   4   4   1   -0.0000000000
2   4   4   2   -0.2230344585
2   4   4   4   -0.0138958918
2   4   5   1   -0.0737790906
2   4   5   2   -0.0000000000
2   4   5   3   0.0724384668
2   4   6   2   -0.0145661598
2   4   6   3   0.0000000000
2   4   6   4   0.0060250032
2   5   4   1   -0.0737790906
2   5   4   2   -0.0000000000
2   5   4   3   0.0724384668
2   5   5   1   -0.0000000000
2   5   5   2   -0.2369939959
2   5   5   4   -0.0084507926
2   5   6   1   -0.0777097270
2   5   6   3   0.0641067487
2   5   6   4   -0.0000000000
2   6   4   2   -0.0145661598
2   6   4   3   0.0000000000
2   6   4   4   0.0060250032
2   6   5   1   -0.0777097270
2   6   5   3   0.0641067487
2   6   5   4   -0.0000000000
2   6   6   1   -0.0000000000
2   6   6   2   -0.2207780171
2   6   6   3   -0.0000000000
2   6   6   4   -0.0170410452
3   4   4   1   -0.0627619654
3   4   4   3   -0.2567683000
3   4   4   4   -0.0000000000
3   4   5   1   0.0000000000
3   4   5   2   0.0724384668
3   4   5   3   0.0000000000
3   4   5   4   -0.0063267598
3   4   6   1   0.0623081233
3   4   6   2   0.0000000000
3   4   6   3   0.0376964764
3   4   6   4   0.0000000000
3   5   4   1   0.0000000000
3   5   4   2   0.0724384668
3   5   4   3   0.0000000000
3   5   4   4   -0.0063267598
3   5   5   1   0.0034077394
3   5   5   3   -0.2156716304
3   5   5   4   -0.0000000000
3   5   6   2   0.0641067487
3   5   6   3   0.0000000000
3   5   6   4   -0.0135317690
3   6   4   1   0.0623081233
3   6   4   2   0.0000000000
3   6   4   3   0.0376964764
3   6   4   4   0.0000000000
3   6   5   2   0.0641067487
3   6   5   3   0.0000000000
3   6   5   4   -0.0135317690
3   6   6   1   -0.0320792420
3   6   6   2   -0.0000000000
3   6   6   3   -0.2311988990
3   6   6   4   -0.0000000000
4   4   4   1   -0.0000000000
4   4   4   2   -0.0138958918
4   4   4   3   -0.0000000000
4   4   4   4   -0.2011511580
4   4   5   1   -0.0036359342
4   4   5   3   -0.0063267598
4   4   5   4   -0.0000000000
4   4   6   2   0.0060250032
4   4   6   3   0.0000000000
4   4   6   4   0.0182539047
4   5   4   1   -0.0036359342
4   5   4   3   -0.0063267598
4   5   4   4   -0.0000000000
4   5   5   1   -0.0000000000
4   5   5   2   -0.0084507926
4   5   5   3   -0.0000000000
4   5   5   4   -0.1814353969
4   5   6   1   -0.0147755110
4   5   6   2   -0.0000000000
4   5   6   3   -0.0135317690
4   5   6   4   -0.0000000000
4   6   4   2   0.0060250032
4   6   4   3   0.0000000000
4   6   4   4   0.0182539047
4   6   5   1   -0.0147755110
4   6   5   2   -0.0000000000
4   6   5   3   -0.0135317690
4   6   5   4   -0.0000000000
4   6   6   1   -0.0000000000
4   6   6   2   -0.0170410452
4   6   6   3   -0.0000000000
4   6   6   4   -0.1896379435

End AIJB Block
Begin IJKA Block
1   4   1   6   0.0076206302
1   4   1   7   -0.0000000000
1   4   1   8   -0.0343675184
1   4   2   5   0.0354261352
1   4   2   7   -0.0004715408
1   4   3   6   0.0216100841
1   4   3   7   0.0000000000
1   4   3   8   0.0093211670
1   5   1   5   0.0517487234
1   5   1   7   -0.0092346795
1   5   1   8   -0.0000000000
1   5   2   6   0.0274120541
1   5   2   8   -0.0207933298
1   5   3   5   -0.0415081573
1   5   3   7   -0.0253577620
1   5   3   8   -0.0000000000
1   6   1   6   0.0540641948
1   6   1   7   0.0000000000
1   6   1   8   0.0097503041
1   6   2   5   -0.0537164149
1   6   2   7   -0.0409730244
1   6   2   8   -0.0000000000
1   6   3   6   -0.0406912709
1   6   3   8   -0.0269876161
2   4   1   5   0.0354261352
2   4   1   7   -0.0004715408
2   4   2   6   0.0263278256
2   4   2   8   -0.0247758805
2   4   3   5   -0.0092744255
2   4   3   7   -0.0195461888
2   4   3   8   -0.0000000000
2   5   1   6   0.0274120541
2   5   1   8   -0.0207933298
2   5   2   5   0.0038473648
2   5   2   7   -0.0336666473
2   5   2   8   -0.0000000000
2   5   3   6   0.0008683644
2   5   3   8   -0.0214497275
2   6   1   5   -0.0537164149
2   6   1   7   -0.0409730244
2   6   1   8   -0.0000000000
2   6   2   6   0.0086666200
2   6   2   7   0.0000000000
2   6   2   8   -0.0188520681
2   6   3   5   -0.0499148262
2   6   3   7   -0.0086539603
3   4   1   6   0.0216100841
3   4   1   7   0.0000000000
3   4   1   8   0.0093211670
3   4   2   5   -0.0092744255
3   4   2   7   -0.0195461888
3   4   2   8   -0.0000000000
3   4   3   6   -0.0086200204
3   4   3   8   -0.0317057306
3   5   1   5   -0.0415081573
3   5   1   7   -0.0253577620
3   5   1   8   -0.0000000000
3   5   2   6   0.0008683644
3   5   2   8   -0.0214497275
3   5   3   5   0.0071762523
3   5   3   7   -0.0043487342
3   6   1   6   -0.0406912709
3   6   1   8   -0.0269876161
3   6   2   5   -0.0499148262
3   6   2   7   -0.0086539603
3   6   3   6   0.0185701440
3   6   3   7   0.0000000000
3   6   3   8   -0.0031434171

End IJKA Block
Begin IABC Block
1   5   1   6   0.0017765589
1   5   1   8   -0.0140928337
1   5   2   5   0.0003759368
1   5   2   7   -0.0091612635
1   5   3   5   -0.0000000000
1   5   3   6   -0.0081216288
1   5   3   8   -0.0076463907
1   5   4   5   -0.0274778893
1   5   4   6   -0.0000000000
1   5   4   7   -0.0105205020
1   5   4   8   -0.0000000000
1   6   1   5   0.0017765589
1   6   1   7   -0.0184888331
1   6   1   8   -0.0000000000
1   6   2   6   0.0146569283
1   6   2   7   0.0000000000
1   6   2   8   -0.0081805196
1   6   3   5   -0.0081216288
1   6   3   6   0.0000000000
1   6   3   7   -0.0009849964
1   6   3   8   -0.0000000000
1   6   4   5   -0.0000000000
1   6   4   6   -0.0215618697
1   6   4   8   -0.0037527841
1   7   1   6   -0.0184888331
1   7   1   8   -0.0086805085
1   7   2   5   -0.0091612635
1   7   2   6   0.0000000000
1   7   2   7   0.0042630626
1   7   2   8   -0.0000000000
1   7   3   6   -0.0009849964
1   7   3   7   0.0000000000
1   7   3   8   -0.0128021279
1   7   4   5   -0.0105205020
1   7   4   7   -0.0275617328
1   7   4   8   0.0000000000
1   8   1   5   -0.0140928337
1   8   1   6   -0.0000000000
1   8   1   7   -0.0086805085
1   8   1   8   -0.0000000000
1   8   2   6   -0.0081805196
1   8   2   7   -0.0000000000
1   8   2   8   0.0015235499
1   8   3   5   -0.0076463907
1   8   3   6   -0.0000000000
1   8   3   7   -0.0128021279
1   8   3   8   0.0000000000
1   8   4   5   -0.0000000000
1   8   4   6   -0.0037527841
1   8   4   7   0.0000000000
1   8   4   8   -0.0092341074
2   5   1   5   0.0156950542
2   5   1   7   0.0371043262
2   5   2   6   0.0004192823
2   5   2   8   -0.0082276833
2   5   3   5   0.0003887822
2   5   3   7   0.0124328071
2   5   4   5   -0.0000000000
2   5   4   6   -0.0162129416
2   5   4   7   0.0000000000
2   5   4   8   -0.0027417200
2   6   1   6   0.0046311570
2   6   1   8   -0.0045627064
2   6   2   5   0.0004192823
2   6   2   6   -0.0000000000
2   6   2   7   -0.0111588258
2   6   2   8   0.0000000000
2   6   3   6   -0.0181504102
2   6   3   7   -0.0000000000
2   6   3   8   0.0053792873
2   6   4   5   -0.0162129416
2   6   4   6   -0.0000000000
2   6   4   7   0.0137782267
2   6   4   8   -0.0000000000
2   7   1   5   0.0371043262
2   7   1   7   0.0329111436
2   7   1   8   0.0000000000
2   7   2   6   -0.0111588258
2   7   2   7   -0.0000000000
2   7   2   8   0.0027743681
2   7   3   5   0.0124328071
2   7   3   6   -0.0000000000
2   7   3   7   -0.0051533126
2   7   3   8   0.0000000000
2   7   4   5   0.0000000000
2   7   4   6   0.0137782267
2   7   4   7   0.0000000000
2   7   4   8   0.0003577070
2   8   1   6   -0.0045627064
2   8   1   7   0.0000000000
2   8   1   8   0.0152482388
2   8   2   5   -0.0082276833
2   8   2   6   0.0000000000
2   8   2   7   0.0027743681
2   8   2   8   -0.0000000000
2   8   3   6   0.0053792873
2   8   3   7   0.0000000000
2   8   3   8   -0.0039048265
2   8   4   5   -0.0027417200
2   8   4   6   -0.0000000000
2   8   4   7   0.0003577070
2   8   4   8   -0.0000000000
3   5   1   6   -0.0477527204
3   5   1   8   -0.0049193263
3   5   2   5   0.0130791384
3   5   2   7   0.0357782811
3   5   3   6   -0.0058846154
3   5   3   7   -0.0000000000
3   5   3   8   0.0089414380
3   5   4   5   -0.0024255472
3   5   4   6   -0.0000000000
3   5   4   7   0.0174237802
3   5   4   8   -0.0000000000
3   6   1   5   -0.0477527204
3   6   1   7   0.0443089999
3   6   2   6   0.0062011561
3   6   2   7   0.0000000000
3   6   2   8   -0.0024154700
3   6   3   5   -0.0058846154
3   6   3   6   0.0000000000
3   6   3   7   0.0226601879
3   6   3   8   -0.0000000000
3   6   4   5   -0.0000000000
3   6   4   6   -0.0108826919
3   6   4   7   -0.0000000000
3   6   4   8   -0.0003672036
3   7   1   6   0.0443089999
3   7   1   8   0.0024138894
3   7   2   5   0.0357782811
3   7   2   6   0.0000000000
3   7   2   7   0.0341420046
3   7   2   8   -0.0000000000
3   7   3   5   -0.0000000000
3   7   3   6   0.0226601879
3   7   3   7   -0.0000000000
3   7   3   8   0.0068677112
3   7   4   5   0.0174237802
3   7   4   6   -0.0000000000
3   7   4   7   0.0071515579
3   7   4   8   0.0000000000
3   8   1   5   -0.0049193263
3   8   1   7   0.0024138894
3   8   1   8   -0.0000000000
3   8   2   6   -0.0024154700
3   8   2   7   -0.0000000000
3   8   2   8   0.0175449185
3   8   3   5   0.0089414380
3   8   3   6   -0.0000000000
3   8   3   7   0.0068677112
3   8   3   8   0.0000000000
3   8   4   5   -0.0000000000
3   8   4   6   -0.0003672036
3   8   4   7   0.0000000000
3   8   4   8   -0.0007559185

End IABC Block
