&FCI NORB=  7,NELEC= 10,MS2=0,
 ORBSYM=1,1,1,1,1,1,1
 ISYM=1,
&END
 0.9828832405     1     1     2     2
 0.0716493478     1     1     2     4
 -0.1477105854     1     1     2     6
 0.8588725005     1     1     3     3
 -0.1795297614     1     1     3     7
 0.0716493478     1     1     4     2
 0.9526298688     1     1     4     4
 0.0804517229     1     1     4     6
 1.0053472257     1     1     5     5
 -0.1477105854     1     1     6     2
 0.0804517229     1     1     6     4
 0.3990936024     1     1     6     6
 -0.1795297614     1     1     7     3
 0.3924405713     1     1     7     7
 -0.9828832405     1     2     2     1
 -0.0068313834     1     2     2     4
 -0.0015048338     1     2     2     6
 0.0298972797     1     2     3     3
 -0.0146918102     1     2     3     7
 -0.0716493478     1     2     4     1
 0.0353812608     1     2     4     4
 0.0086434401     1     2     4     6
 0.0407938261     1     2     5     5
 0.1477105854     1     2     6     1
 0.0079784878     1     2     6     4
 0.0028802494     1     2     6     6
 -0.0106024597     1     2     7     3
 0.0073042463     1     2     7     7
 -0.0032686125     1     3     2     7
 -0.8588725005     1     3     3     1
 -0.0298972797     1     3     3     2
 -0.0104642666     1     3     3     4
 0.0048365289     1     3     3     6
 0.0017128456     1     3     4     7
 -0.0025239731     1     3     6     7
 0.1795297614     1     3     7     1
 0.0106024597     1     3     7     2
 0.0039240717     1     3     7     4
 -0.0056933363     1     3     7     6
 -0.0716493478     1     4     2     1
 0.0068313834     1     4     2     2
 0.0001307236     1     4     2     6
 0.0104642666     1     4     3     3
 -0.0023514812     1     4     3     7
 -0.9526298688     1     4     4     1
 -0.0353812608     1     4     4     2
 0.0107630513     1     4     4     6
 0.0139513293     1     4     5     5
 -0.0804517229     1     4     6     1
 -0.0079784878     1     4     6     2
 0.0054578488     1     4     6     6
 -0.0039240717     1     4     7     3
 0.0038291845     1     4     7     7
 -1.0053472257     1     5     5     1
 -0.0407938261     1     5     5     2
 -0.0139513293     1     5     5     4
 0.0102087713     1     5     5     6
 0.1477105854     1     6     2     1
 0.0015048338     1     6     2     2
 -0.0001307236     1     6     2     4
 -0.0048365289     1     6     3     3
 0.0030029348     1     6     3     7
 -0.0804517229     1     6     4     1
 -0.0086434401     1     6     4     2
 -0.0107630513     1     6     4     4
 -0.0102087713     1     6     5     5
 -0.3990936024     1     6     6     1
 -0.0028802494     1     6     6     2
 -0.0054578488     1     6     6     4
 0.0056933363     1     6     7     3
 -0.0028676215     1     6     7     7
 0.0032686125     1     7     2     3
 0.1795297614     1     7     3     1
 0.0146918102     1     7     3     2
 0.0023514812     1     7     3     4
 -0.0030029348     1     7     3     6
 -0.0017128456     1     7     4     3
 0.0025239731     1     7     6     3
 -0.3924405713     1     7     7     1
 -0.0073042463     1     7     7     2
 -0.0038291845     1     7     7     4
 0.0028676215     1     7     7     6
 -0.9828832405     2     1     1     2
 -0.0716493478     2     1     1     4
 0.1477105854     2     1     1     6
 0.0298972797     2     1     3     3
 -0.0106024597     2     1     3     7
 -0.0068313834     2     1     4     2
 0.0353812608     2     1     4     4
 0.0079784878     2     1     4     6
 0.0407938261     2     1     5     5
 -0.0015048338     2     1     6     2
 0.0086434401     2     1     6     4
 0.0028802494     2     1     6     6
 -0.0146918102     2     1     7     3
 0.0073042463     2     1     7     7
 0.9828832405     2     2     1     1
 0.0068313834     2     2     1     4
 0.0015048338     2     2     1     6
 0.5246435486     2     2     3     3
 -0.0716593153     2     2     3     7
 0.0068313834     2     2     4     1
 0.5521091044     2     2     4     4
 0.0335723128     2     2     4     6
 0.5825920922     2     2     5     5
 0.0015048338     2     2     6     1
 0.0335723128     2     2     6     4
 0.3347103720     2     2     6     6
 -0.0716593153     2     2     7     3
 0.3280775572     2     2     7     7
 0.0032686125     2     3     1     7
 -0.0298972797     2     3     3     1
 -0.5246435486     2     3     3     2
 -0.0029916291     2     3     3     4
 0.0679872574     2     3     3     6
 -0.0133312936     2     3     4     7
 0.0401884705     2     3     6     7
 0.0146918102     2     3     7     1
 0.0716593153     2     3     7     2
 -0.0019181681     2     3     7     4
 0.0229204238     2     3     7     6
 0.0716493478     2     4     1     1
 -0.0068313834     2     4     1     2
 -0.0001307236     2     4     1     6
 0.0029916291     2     4     3     3
 -0.0114622948     2     4     3     7
 -0.0353812608     2     4     4     1
 -0.5521091044     2     4     4     2
 0.0678327775     2     4     4     6
 0.0067002344     2     4     5     5
 -0.0086434401     2     4     6     1
 -0.0335723128     2     4     6     2
 -0.0120092903     2     4     6     6
 0.0019181681     2     4     7     3
 -0.0141853134     2     4     7     7
 -0.0407938261     2     5     5     1
 -0.5825920922     2     5     5     2
 -0.0067002344     2     5     5     4
 0.0661021532     2     5     5     6
 -0.1477105854     2     6     1     1
 -0.0015048338     2     6     1     2
 0.0001307236     2     6     1     4
 -0.0679872574     2     6     3     3
 0.0151368384     2     6     3     7
 -0.0079784878     2     6     4     1
 -0.0335723128     2     6     4     2
 -0.0678327775     2     6     4     4
 -0.0661021532     2     6     5     5
 -0.0028802494     2     6     6     1
 -0.3347103720     2     6     6     2
 0.0120092903     2     6     6     4
 -0.0229204238     2     6     7     3
 -0.0137023059     2     6     7     7
 -0.0032686125     2     7     1     3
 0.0106024597     2     7     3     1
 0.0716593153     2     7     3     2
 0.0114622948     2     7     3     4
 -0.0151368384     2     7     3     6
 0.0133312936     2     7     4     3
 -0.0401884705     2     7     6     3
 -0.0073042463     2     7     7     1
 -0.3280775572     2     7     7     2
 0.0141853134     2     7     7     4
 0.0137023059     2     7     7     6
 -0.8588725005     3     1     1     3
 0.1795297614     3     1     1     7
 -0.0298972797     3     1     2     3
 0.0106024597     3     1     2     7
 -0.0104642666     3     1     4     3
 0.0039240717     3     1     4     7
 0.0048365289     3     1     6     3
 -0.0056933363     3     1     6     7
 -0.0032686125     3     1     7     2
 0.0017128456     3     1     7     4
 -0.0025239731     3     1     7     6
 -0.0298972797     3     2     1     3
 0.0146918102     3     2     1     7
 -0.5246435486     3     2     2     3
 0.0716593153     3     2     2     7
 -0.0029916291     3     2     4     3
 -0.0019181681     3     2     4     7
 0.0679872574     3     2     6     3
 0.0229204238     3     2     6     7
 0.0032686125     3     2     7     1
 -0.0133312936     3     2     7     4
 0.0401884705     3     2     7     6
 0.8588725005     3     3     1     1
 0.0298972797     3     3     1     2
 0.0104642666     3     3     1     4
 -0.0048365289     3     3     1     6
 0.0298972797     3     3     2     1
 0.5246435486     3     3     2     2
 0.0029916291     3     3     2     4
 -0.0679872574     3     3     2     6
 0.0104642666     3     3     4     1
 0.0029916291     3     3     4     2
 0.5596855115     3     3     4     4
 0.0364694310     3     3     4     6
 0.5855859911     3     3     5     5
 -0.0048365289     3     3     6     1
 -0.0679872574     3     3     6     2
 0.0364694310     3     3     6     4
 0.3386931749     3     3     6     6
 0.3052791943     3     3     7     7
 -0.0104642666     3     4     1     3
 0.0023514812     3     4     1     7
 -0.0029916291     3     4     2     3
 0.0114622948     3     4     2     7
 -0.5596855115     3     4     4     3
 0.0910642027     3     4     4     7
 -0.0364694310     3     4     6     3
 0.0018220387     3     4     6     7
 -0.0017128456     3     4     7     1
 0.0133312936     3     4     7     2
 -0.0091783779     3     4     7     6
 -0.5855859911     3     5     5     3
 0.0939375010     3     5     5     7
 0.0048365289     3     6     1     3
 -0.0030029348     3     6     1     7
 0.0679872574     3     6     2     3
 -0.0151368384     3     6     2     7
 -0.0364694310     3     6     4     3
 0.0094330137     3     6     4     7
 -0.3386931749     3     6     6     3
 0.0342192564     3     6     6     7
 0.0025239731     3     6     7     1
 -0.0401884705     3     6     7     2
 0.0091783779     3     6     7     4
 -0.1795297614     3     7     1     1
 -0.0146918102     3     7     1     2
 -0.0023514812     3     7     1     4
 0.0030029348     3     7     1     6
 -0.0106024597     3     7     2     1
 -0.0716593153     3     7     2     2
 -0.0114622948     3     7     2     4
 0.0151368384     3     7     2     6
 -0.0039240717     3     7     4     1
 0.0019181681     3     7     4     2
 -0.0910642027     3     7     4     4
 -0.0094330137     3     7     4     6
 -0.0939375010     3     7     5     5
 0.0056933363     3     7     6     1
 -0.0229204238     3     7     6     2
 -0.0018220387     3     7     6     4
 -0.0342192564     3     7     6     6
 -0.3052791943     3     7     7     3
 -0.0716493478     4     1     1     2
 -0.9526298688     4     1     1     4
 -0.0804517229     4     1     1     6
 0.0068313834     4     1     2     2
 -0.0353812608     4     1     2     4
 -0.0079784878     4     1     2     6
 0.0104642666     4     1     3     3
 -0.0039240717     4     1     3     7
 0.0139513293     4     1     5     5
 0.0001307236     4     1     6     2
 0.0107630513     4     1     6     4
 0.0054578488     4     1     6     6
 -0.0023514812     4     1     7     3
 0.0038291845     4     1     7     7
 0.0716493478     4     2     1     1
 -0.0353812608     4     2     1     4
 -0.0086434401     4     2     1     6
 -0.0068313834     4     2     2     1
 -0.5521091044     4     2     2     4
 -0.0335723128     4     2     2     6
 0.0029916291     4     2     3     3
 0.0019181681     4     2     3     7
 0.0067002344     4     2     5     5
 -0.0001307236     4     2     6     1
 0.0678327775     4     2     6     4
 -0.0120092903     4     2     6     6
 -0.0114622948     4     2     7     3
 -0.0141853134     4     2     7     7
 -0.0017128456     4     3     1     7
 0.0133312936     4     3     2     7
 -0.0104642666     4     3     3     1
 -0.0029916291     4     3     3     2
 -0.5596855115     4     3     3     4
 -0.0364694310     4     3     3     6
 -0.0091783779     4     3     6     7
 0.0023514812     4     3     7     1
 0.0114622948     4     3     7     2
 0.0910642027     4     3     7     4
 0.0018220387     4     3     7     6
 0.9526298688     4     4     1     1
 0.0353812608     4     4     1     2
 -0.0107630513     4     4     1     6
 0.0353812608     4     4     2     1
 0.5521091044     4     4     2     2
 -0.0678327775     4     4     2     6
 0.5596855115     4     4     3     3
 -0.0910642027     4     4     3     7
 0.6132720019     4     4     5     5
 -0.0107630513     4     4     6     1
 -0.0678327775     4     4     6     2
 0.3222055361     4     4     6     6
 -0.0910642027     4     4     7     3
 0.3156831827     4     4     7     7
 -0.0139513293     4     5     5     1
 -0.0067002344     4     5     5     2
 -0.6132720019     4     5     5     4
 -0.0447573372     4     5     5     6
 0.0804517229     4     6     1     1
 0.0086434401     4     6     1     2
 0.0107630513     4     6     1     4
 0.0079784878     4     6     2     1
 0.0335723128     4     6     2     2
 0.0678327775     4     6     2     4
 0.0364694310     4     6     3     3
 -0.0094330137     4     6     3     7
 0.0447573372     4     6     5     5
 -0.0054578488     4     6     6     1
 0.0120092903     4     6     6     2
 -0.3222055361     4     6     6     4
 -0.0018220387     4     6     7     3
 0.0142810360     4     6     7     7
 0.0017128456     4     7     1     3
 -0.0133312936     4     7     2     3
 0.0039240717     4     7     3     1
 -0.0019181681     4     7     3     2
 0.0910642027     4     7     3     4
 0.0094330137     4     7     3     6
 0.0091783779     4     7     6     3
 -0.0038291845     4     7     7     1
 0.0141853134     4     7     7     2
 -0.3156831827     4     7     7     4
 -0.0142810360     4     7     7     6
 -1.0053472257     5     1     1     5
 -0.0407938261     5     1     2     5
 -0.0139513293     5     1     4     5
 0.0102087713     5     1     6     5
 -0.0407938261     5     2     1     5
 -0.5825920922     5     2     2     5
 -0.0067002344     5     2     4     5
 0.0661021532     5     2     6     5
 -0.5855859911     5     3     3     5
 0.0939375010     5     3     7     5
 -0.0139513293     5     4     1     5
 -0.0067002344     5     4     2     5
 -0.6132720019     5     4     4     5
 -0.0447573372     5     4     6     5
 1.0053472257     5     5     1     1
 0.0407938261     5     5     1     2
 0.0139513293     5     5     1     4
 -0.0102087713     5     5     1     6
 0.0407938261     5     5     2     1
 0.5825920922     5     5     2     2
 0.0067002344     5     5     2     4
 -0.0661021532     5     5     2     6
 0.5855859911     5     5     3     3
 -0.0939375010     5     5     3     7
 0.0139513293     5     5     4     1
 0.0067002344     5     5     4     2
 0.6132720019     5     5     4     4
 0.0447573372     5     5     4     6
 -0.0102087713     5     5     6     1
 -0.0661021532     5     5     6     2
 0.0447573372     5     5     6     4
 0.3363210222     5     5     6     6
 -0.0939375010     5     5     7     3
 0.3238458760     5     5     7     7
 0.0102087713     5     6     1     5
 0.0661021532     5     6     2     5
 -0.0447573372     5     6     4     5
 -0.3363210222     5     6     6     5
 0.0939375010     5     7     3     5
 -0.3238458760     5     7     7     5
 0.1477105854     6     1     1     2
 -0.0804517229     6     1     1     4
 -0.3990936024     6     1     1     6
 0.0015048338     6     1     2     2
 -0.0086434401     6     1     2     4
 -0.0028802494     6     1     2     6
 -0.0048365289     6     1     3     3
 0.0056933363     6     1     3     7
 -0.0001307236     6     1     4     2
 -0.0107630513     6     1     4     4
 -0.0054578488     6     1     4     6
 -0.0102087713     6     1     5     5
 0.0030029348     6     1     7     3
 -0.0028676215     6     1     7     7
 -0.1477105854     6     2     1     1
 -0.0079784878     6     2     1     4
 -0.0028802494     6     2     1     6
 -0.0015048338     6     2     2     1
 -0.0335723128     6     2     2     4
 -0.3347103720     6     2     2     6
 -0.0679872574     6     2     3     3
 -0.0229204238     6     2     3     7
 0.0001307236     6     2     4     1
 -0.0678327775     6     2     4     4
 0.0120092903     6     2     4     6
 -0.0661021532     6     2     5     5
 0.0151368384     6     2     7     3
 -0.0137023059     6     2     7     7
 0.0025239731     6     3     1     7
 -0.0401884705     6     3     2     7
 0.0048365289     6     3     3     1
 0.0679872574     6     3     3     2
 -0.0364694310     6     3     3     4
 -0.3386931749     6     3     3     6
 0.0091783779     6     3     4     7
 -0.0030029348     6     3     7     1
 -0.0151368384     6     3     7     2
 0.0094330137     6     3     7     4
 0.0342192564     6     3     7     6
 0.0804517229     6     4     1     1
 0.0079784878     6     4     1     2
 -0.0054578488     6     4     1     6
 0.0086434401     6     4     2     1
 0.0335723128     6     4     2     2
 0.0120092903     6     4     2     6
 0.0364694310     6     4     3     3
 -0.0018220387     6     4     3     7
 0.0107630513     6     4     4     1
 0.0678327775     6     4     4     2
 -0.3222055361     6     4     4     6
 0.0447573372     6     4     5     5
 -0.0094330137     6     4     7     3
 0.0142810360     6     4     7     7
 0.0102087713     6     5     5     1
 0.0661021532     6     5     5     2
 -0.0447573372     6     5     5     4
 -0.3363210222     6     5     5     6
 0.3990936024     6     6     1     1
 0.0028802494     6     6     1     2
 0.0054578488     6     6     1     4
 0.0028802494     6     6     2     1
 0.3347103720     6     6     2     2
 -0.0120092903     6     6     2     4
 0.3386931749     6     6     3     3
 -0.0342192564     6     6     3     7
 0.0054578488     6     6     4     1
 -0.0120092903     6     6     4     2
 0.3222055361     6     6     4     4
 0.3363210222     6     6     5     5
 -0.0342192564     6     6     7     3
 0.2150710270     6     6     7     7
 -0.0025239731     6     7     1     3
 0.0401884705     6     7     2     3
 -0.0056933363     6     7     3     1
 0.0229204238     6     7     3     2
 0.0018220387     6     7     3     4
 0.0342192564     6     7     3     6
 -0.0091783779     6     7     4     3
 0.0028676215     6     7     7     1
 0.0137023059     6     7     7     2
 -0.0142810360     6     7     7     4
 -0.2150710270     6     7     7     6
 0.1795297614     7     1     1     3
 -0.3924405713     7     1     1     7
 0.0146918102     7     1     2     3
 -0.0073042463     7     1     2     7
 0.0032686125     7     1     3     2
 -0.0017128456     7     1     3     4
 0.0025239731     7     1     3     6
 0.0023514812     7     1     4     3
 -0.0038291845     7     1     4     7
 -0.0030029348     7     1     6     3
 0.0028676215     7     1     6     7
 0.0106024597     7     2     1     3
 -0.0073042463     7     2     1     7
 0.0716593153     7     2     2     3
 -0.3280775572     7     2     2     7
 -0.0032686125     7     2     3     1
 0.0133312936     7     2     3     4
 -0.0401884705     7     2     3     6
 0.0114622948     7     2     4     3
 0.0141853134     7     2     4     7
 -0.0151368384     7     2     6     3
 0.0137023059     7     2     6     7
 -0.1795297614     7     3     1     1
 -0.0106024597     7     3     1     2
 -0.0039240717     7     3     1     4
 0.0056933363     7     3     1     6
 -0.0146918102     7     3     2     1
 -0.0716593153     7     3     2     2
 0.0019181681     7     3     2     4
 -0.0229204238     7     3     2     6
 -0.3052791943     7     3     3     7
 -0.0023514812     7     3     4     1
 -0.0114622948     7     3     4     2
 -0.0910642027     7     3     4     4
 -0.0018220387     7     3     4     6
 -0.0939375010     7     3     5     5
 0.0030029348     7     3     6     1
 0.0151368384     7     3     6     2
 -0.0094330137     7     3     6     4
 -0.0342192564     7     3     6     6
 0.0039240717     7     4     1     3
 -0.0038291845     7     4     1     7
 -0.0019181681     7     4     2     3
 0.0141853134     7     4     2     7
 0.0017128456     7     4     3     1
 -0.0133312936     7     4     3     2
 0.0091783779     7     4     3     6
 0.0910642027     7     4     4     3
 -0.3156831827     7     4     4     7
 0.0094330137     7     4     6     3
 -0.0142810360     7     4     6     7
 0.0939375010     7     5     5     3
 -0.3238458760     7     5     5     7
 -0.0056933363     7     6     1     3
 0.0028676215     7     6     1     7
 0.0229204238     7     6     2     3
 0.0137023059     7     6     2     7
 -0.0025239731     7     6     3     1
 0.0401884705     7     6     3     2
 -0.0091783779     7     6     3     4
 0.0018220387     7     6     4     3
 -0.0142810360     7     6     4     7
 0.0342192564     7     6     6     3
 -0.2150710270     7     6     6     7
 0.3924405713     7     7     1     1
 0.0073042463     7     7     1     2
 0.0038291845     7     7     1     4
 -0.0028676215     7     7     1     6
 0.0073042463     7     7     2     1
 0.3280775572     7     7     2     2
 -0.0141853134     7     7     2     4
 -0.0137023059     7     7     2     6
 0.3052791943     7     7     3     3
 0.0038291845     7     7     4     1
 -0.0141853134     7     7     4     2
 0.3156831827     7     7     4     4
 0.0142810360     7     7     4     6
 0.3238458760     7     7     5     5
 -0.0028676215     7     7     6     1
 -0.0137023059     7     7     6     2
 0.0142810360     7     7     6     4
 0.2150710270     7     7     6     6
0.0 0 0 0 0
 0.9828832405     1     1     2     2
 0.0716493478     1     1     2     4
 -0.1477105854     1     1     2     6
 0.8588725005     1     1     3     3
 -0.1795297614     1     1     3     7
 0.0716493478     1     1     4     2
 0.9526298688     1     1     4     4
 0.0804517229     1     1     4     6
 1.0053472257     1     1     5     5
 -0.1477105854     1     1     6     2
 0.0804517229     1     1     6     4
 0.3990936024     1     1     6     6
 -0.1795297614     1     1     7     3
 0.3924405713     1     1     7     7
 -0.9828832405     1     2     2     1
 -0.0068313834     1     2     2     4
 -0.0015048338     1     2     2     6
 0.0298972797     1     2     3     3
 -0.0146918102     1     2     3     7
 -0.0716493478     1     2     4     1
 0.0353812608     1     2     4     4
 0.0086434401     1     2     4     6
 0.0407938261     1     2     5     5
 0.1477105854     1     2     6     1
 0.0079784878     1     2     6     4
 0.0028802494     1     2     6     6
 -0.0106024597     1     2     7     3
 0.0073042463     1     2     7     7
 -0.0032686125     1     3     2     7
 -0.8588725005     1     3     3     1
 -0.0298972797     1     3     3     2
 -0.0104642666     1     3     3     4
 0.0048365289     1     3     3     6
 0.0017128456     1     3     4     7
 -0.0025239731     1     3     6     7
 0.1795297614     1     3     7     1
 0.0106024597     1     3     7     2
 0.0039240717     1     3     7     4
 -0.0056933363     1     3     7     6
 -0.0716493478     1     4     2     1
 0.0068313834     1     4     2     2
 0.0001307236     1     4     2     6
 0.0104642666     1     4     3     3
 -0.0023514812     1     4     3     7
 -0.9526298688     1     4     4     1
 -0.0353812608     1     4     4     2
 0.0107630513     1     4     4     6
 0.0139513293     1     4     5     5
 -0.0804517229     1     4     6     1
 -0.0079784878     1     4     6     2
 0.0054578488     1     4     6     6
 -0.0039240717     1     4     7     3
 0.0038291845     1     4     7     7
 -1.0053472257     1     5     5     1
 -0.0407938261     1     5     5     2
 -0.0139513293     1     5     5     4
 0.0102087713     1     5     5     6
 0.1477105854     1     6     2     1
 0.0015048338     1     6     2     2
 -0.0001307236     1     6     2     4
 -0.0048365289     1     6     3     3
 0.0030029348     1     6     3     7
 -0.0804517229     1     6     4     1
 -0.0086434401     1     6     4     2
 -0.0107630513     1     6     4     4
 -0.0102087713     1     6     5     5
 -0.3990936024     1     6     6     1
 -0.0028802494     1     6     6     2
 -0.0054578488     1     6     6     4
 0.0056933363     1     6     7     3
 -0.0028676215     1     6     7     7
 0.0032686125     1     7     2     3
 0.1795297614     1     7     3     1
 0.0146918102     1     7     3     2
 0.0023514812     1     7     3     4
 -0.0030029348     1     7     3     6
 -0.0017128456     1     7     4     3
 0.0025239731     1     7     6     3
 -0.3924405713     1     7     7     1
 -0.0073042463     1     7     7     2
 -0.0038291845     1     7     7     4
 0.0028676215     1     7     7     6
 -0.9828832405     2     1     1     2
 -0.0716493478     2     1     1     4
 0.1477105854     2     1     1     6
 0.0298972797     2     1     3     3
 -0.0106024597     2     1     3     7
 -0.0068313834     2     1     4     2
 0.0353812608     2     1     4     4
 0.0079784878     2     1     4     6
 0.0407938261     2     1     5     5
 -0.0015048338     2     1     6     2
 0.0086434401     2     1     6     4
 0.0028802494     2     1     6     6
 -0.0146918102     2     1     7     3
 0.0073042463     2     1     7     7
 0.9828832405     2     2     1     1
 0.0068313834     2     2     1     4
 0.0015048338     2     2     1     6
 0.5246435486     2     2     3     3
 -0.0716593153     2     2     3     7
 0.0068313834     2     2     4     1
 0.5521091044     2     2     4     4
 0.0335723128     2     2     4     6
 0.5825920922     2     2     5     5
 0.0015048338     2     2     6     1
 0.0335723128     2     2     6     4
 0.3347103720     2     2     6     6
 -0.0716593153     2     2     7     3
 0.3280775572     2     2     7     7
 0.0032686125     2     3     1     7
 -0.0298972797     2     3     3     1
 -0.5246435486     2     3     3     2
 -0.0029916291     2     3     3     4
 0.0679872574     2     3     3     6
 -0.0133312936     2     3     4     7
 0.0401884705     2     3     6     7
 0.0146918102     2     3     7     1
 0.0716593153     2     3     7     2
 -0.0019181681     2     3     7     4
 0.0229204238     2     3     7     6
 0.0716493478     2     4     1     1
 -0.0068313834     2     4     1     2
 -0.0001307236     2     4     1     6
 0.0029916291     2     4     3     3
 -0.0114622948     2     4     3     7
 -0.0353812608     2     4     4     1
 -0.5521091044     2     4     4     2
 0.0678327775     2     4     4     6
 0.0067002344     2     4     5     5
 -0.0086434401     2     4     6     1
 -0.0335723128     2     4     6     2
 -0.0120092903     2     4     6     6
 0.0019181681     2     4     7     3
 -0.0141853134     2     4     7     7
 -0.0407938261     2     5     5     1
 -0.5825920922     2     5     5     2
 -0.0067002344     2     5     5     4
 0.0661021532     2     5     5     6
 -0.1477105854     2     6     1     1
 -0.0015048338     2     6     1     2
 0.0001307236     2     6     1     4
 -0.0679872574     2     6     3     3
 0.0151368384     2     6     3     7
 -0.0079784878     2     6     4     1
 -0.0335723128     2     6     4     2
 -0.0678327775     2     6     4     4
 -0.0661021532     2     6     5     5
 -0.0028802494     2     6     6     1
 -0.3347103720     2     6     6     2
 0.0120092903     2     6     6     4
 -0.0229204238     2     6     7     3
 -0.0137023059     2     6     7     7
 -0.0032686125     2     7     1     3
 0.0106024597     2     7     3     1
 0.0716593153     2     7     3     2
 0.0114622948     2     7     3     4
 -0.0151368384     2     7     3     6
 0.0133312936     2     7     4     3
 -0.0401884705     2     7     6     3
 -0.0073042463     2     7     7     1
 -0.3280775572     2     7     7     2
 0.0141853134     2     7     7     4
 0.0137023059     2     7     7     6
 -0.8588725005     3     1     1     3
 0.1795297614     3     1     1     7
 -0.0298972797     3     1     2     3
 0.0106024597     3     1     2     7
 -0.0104642666     3     1     4     3
 0.0039240717     3     1     4     7
 0.0048365289     3     1     6     3
 -0.0056933363     3     1     6     7
 -0.0032686125     3     1     7     2
 0.0017128456     3     1     7     4
 -0.0025239731     3     1     7     6
 -0.0298972797     3     2     1     3
 0.0146918102     3     2     1     7
 -0.5246435486     3     2     2     3
 0.0716593153     3     2     2     7
 -0.0029916291     3     2     4     3
 -0.0019181681     3     2     4     7
 0.0679872574     3     2     6     3
 0.0229204238     3     2     6     7
 0.0032686125     3     2     7     1
 -0.0133312936     3     2     7     4
 0.0401884705     3     2     7     6
 0.8588725005     3     3     1     1
 0.0298972797     3     3     1     2
 0.0104642666     3     3     1     4
 -0.0048365289     3     3     1     6
 0.0298972797     3     3     2     1
 0.5246435486     3     3     2     2
 0.0029916291     3     3     2     4
 -0.0679872574     3     3     2     6
 0.0104642666     3     3     4     1
 0.0029916291     3     3     4     2
 0.5596855115     3     3     4     4
 0.0364694310     3     3     4     6
 0.5855859911     3     3     5     5
 -0.0048365289     3     3     6     1
 -0.0679872574     3     3     6     2
 0.0364694310     3     3     6     4
 0.3386931749     3     3     6     6
 0.3052791943     3     3     7     7
 -0.0104642666     3     4     1     3
 0.0023514812     3     4     1     7
 -0.0029916291     3     4     2     3
 0.0114622948     3     4     2     7
 -0.5596855115     3     4     4     3
 0.0910642027     3     4     4     7
 -0.0364694310     3     4     6     3
 0.0018220387     3     4     6     7
 -0.0017128456     3     4     7     1
 0.0133312936     3     4     7     2
 -0.0091783779     3     4     7     6
 -0.5855859911     3     5     5     3
 0.0939375010     3     5     5     7
 0.0048365289     3     6     1     3
 -0.0030029348     3     6     1     7
 0.0679872574     3     6     2     3
 -0.0151368384     3     6     2     7
 -0.0364694310     3     6     4     3
 0.0094330137     3     6     4     7
 -0.3386931749     3     6     6     3
 0.0342192564     3     6     6     7
 0.0025239731     3     6     7     1
 -0.0401884705     3     6     7     2
 0.0091783779     3     6     7     4
 -0.1795297614     3     7     1     1
 -0.0146918102     3     7     1     2
 -0.0023514812     3     7     1     4
 0.0030029348     3     7     1     6
 -0.0106024597     3     7     2     1
 -0.0716593153     3     7     2     2
 -0.0114622948     3     7     2     4
 0.0151368384     3     7     2     6
 -0.0039240717     3     7     4     1
 0.0019181681     3     7     4     2
 -0.0910642027     3     7     4     4
 -0.0094330137     3     7     4     6
 -0.0939375010     3     7     5     5
 0.0056933363     3     7     6     1
 -0.0229204238     3     7     6     2
 -0.0018220387     3     7     6     4
 -0.0342192564     3     7     6     6
 -0.3052791943     3     7     7     3
 -0.0716493478     4     1     1     2
 -0.9526298688     4     1     1     4
 -0.0804517229     4     1     1     6
 0.0068313834     4     1     2     2
 -0.0353812608     4     1     2     4
 -0.0079784878     4     1     2     6
 0.0104642666     4     1     3     3
 -0.0039240717     4     1     3     7
 0.0139513293     4     1     5     5
 0.0001307236     4     1     6     2
 0.0107630513     4     1     6     4
 0.0054578488     4     1     6     6
 -0.0023514812     4     1     7     3
 0.0038291845     4     1     7     7
 0.0716493478     4     2     1     1
 -0.0353812608     4     2     1     4
 -0.0086434401     4     2     1     6
 -0.0068313834     4     2     2     1
 -0.5521091044     4     2     2     4
 -0.0335723128     4     2     2     6
 0.0029916291     4     2     3     3
 0.0019181681     4     2     3     7
 0.0067002344     4     2     5     5
 -0.0001307236     4     2     6     1
 0.0678327775     4     2     6     4
 -0.0120092903     4     2     6     6
 -0.0114622948     4     2     7     3
 -0.0141853134     4     2     7     7
 -0.0017128456     4     3     1     7
 0.0133312936     4     3     2     7
 -0.0104642666     4     3     3     1
 -0.0029916291     4     3     3     2
 -0.5596855115     4     3     3     4
 -0.0364694310     4     3     3     6
 -0.0091783779     4     3     6     7
 0.0023514812     4     3     7     1
 0.0114622948     4     3     7     2
 0.0910642027     4     3     7     4
 0.0018220387     4     3     7     6
 0.9526298688     4     4     1     1
 0.0353812608     4     4     1     2
 -0.0107630513     4     4     1     6
 0.0353812608     4     4     2     1
 0.5521091044     4     4     2     2
 -0.0678327775     4     4     2     6
 0.5596855115     4     4     3     3
 -0.0910642027     4     4     3     7
 0.6132720019     4     4     5     5
 -0.0107630513     4     4     6     1
 -0.0678327775     4     4     6     2
 0.3222055361     4     4     6     6
 -0.0910642027     4     4     7     3
 0.3156831827     4     4     7     7
 -0.0139513293     4     5     5     1
 -0.0067002344     4     5     5     2
 -0.6132720019     4     5     5     4
 -0.0447573372     4     5     5     6
 0.0804517229     4     6     1     1
 0.0086434401     4     6     1     2
 0.0107630513     4     6     1     4
 0.0079784878     4     6     2     1
 0.0335723128     4     6     2     2
 0.0678327775     4     6     2     4
 0.0364694310     4     6     3     3
 -0.0094330137     4     6     3     7
 0.0447573372     4     6     5     5
 -0.0054578488     4     6     6     1
 0.0120092903     4     6     6     2
 -0.3222055361     4     6     6     4
 -0.0018220387     4     6     7     3
 0.0142810360     4     6     7     7
 0.0017128456     4     7     1     3
 -0.0133312936     4     7     2     3
 0.0039240717     4     7     3     1
 -0.0019181681     4     7     3     2
 0.0910642027     4     7     3     4
 0.0094330137     4     7     3     6
 0.0091783779     4     7     6     3
 -0.0038291845     4     7     7     1
 0.0141853134     4     7     7     2
 -0.3156831827     4     7     7     4
 -0.0142810360     4     7     7     6
 -1.0053472257     5     1     1     5
 -0.0407938261     5     1     2     5
 -0.0139513293     5     1     4     5
 0.0102087713     5     1     6     5
 -0.0407938261     5     2     1     5
 -0.5825920922     5     2     2     5
 -0.0067002344     5     2     4     5
 0.0661021532     5     2     6     5
 -0.5855859911     5     3     3     5
 0.0939375010     5     3     7     5
 -0.0139513293     5     4     1     5
 -0.0067002344     5     4     2     5
 -0.6132720019     5     4     4     5
 -0.0447573372     5     4     6     5
 1.0053472257     5     5     1     1
 0.0407938261     5     5     1     2
 0.0139513293     5     5     1     4
 -0.0102087713     5     5     1     6
 0.0407938261     5     5     2     1
 0.5825920922     5     5     2     2
 0.0067002344     5     5     2     4
 -0.0661021532     5     5     2     6
 0.5855859911     5     5     3     3
 -0.0939375010     5     5     3     7
 0.0139513293     5     5     4     1
 0.0067002344     5     5     4     2
 0.6132720019     5     5     4     4
 0.0447573372     5     5     4     6
 -0.0102087713     5     5     6     1
 -0.0661021532     5     5     6     2
 0.0447573372     5     5     6     4
 0.3363210222     5     5     6     6
 -0.0939375010     5     5     7     3
 0.3238458760     5     5     7     7
 0.0102087713     5     6     1     5
 0.0661021532     5     6     2     5
 -0.0447573372     5     6     4     5
 -0.3363210222     5     6     6     5
 0.0939375010     5     7     3     5
 -0.3238458760     5     7     7     5
 0.1477105854     6     1     1     2
 -0.0804517229     6     1     1     4
 -0.3990936024     6     1     1     6
 0.0015048338     6     1     2     2
 -0.0086434401     6     1     2     4
 -0.0028802494     6     1     2     6
 -0.0048365289     6     1     3     3
 0.0056933363     6     1     3     7
 -0.0001307236     6     1     4     2
 -0.0107630513     6     1     4     4
 -0.0054578488     6     1     4     6
 -0.0102087713     6     1     5     5
 0.0030029348     6     1     7     3
 -0.0028676215     6     1     7     7
 -0.1477105854     6     2     1     1
 -0.0079784878     6     2     1     4
 -0.0028802494     6     2     1     6
 -0.0015048338     6     2     2     1
 -0.0335723128     6     2     2     4
 -0.3347103720     6     2     2     6
 -0.0679872574     6     2     3     3
 -0.0229204238     6     2     3     7
 0.0001307236     6     2     4     1
 -0.0678327775     6     2     4     4
 0.0120092903     6     2     4     6
 -0.0661021532     6     2     5     5
 0.0151368384     6     2     7     3
 -0.0137023059     6     2     7     7
 0.0025239731     6     3     1     7
 -0.0401884705     6     3     2     7
 0.0048365289     6     3     3     1
 0.0679872574     6     3     3     2
 -0.0364694310     6     3     3     4
 -0.3386931749     6     3     3     6
 0.0091783779     6     3     4     7
 -0.0030029348     6     3     7     1
 -0.0151368384     6     3     7     2
 0.0094330137     6     3     7     4
 0.0342192564     6     3     7     6
 0.0804517229     6     4     1     1
 0.0079784878     6     4     1     2
 -0.0054578488     6     4     1     6
 0.0086434401     6     4     2     1
 0.0335723128     6     4     2     2
 0.0120092903     6     4     2     6
 0.0364694310     6     4     3     3
 -0.0018220387     6     4     3     7
 0.0107630513     6     4     4     1
 0.0678327775     6     4     4     2
 -0.3222055361     6     4     4     6
 0.0447573372     6     4     5     5
 -0.0094330137     6     4     7     3
 0.0142810360     6     4     7     7
 0.0102087713     6     5     5     1
 0.0661021532     6     5     5     2
 -0.0447573372     6     5     5     4
 -0.3363210222     6     5     5     6
 0.3990936024     6     6     1     1
 0.0028802494     6     6     1     2
 0.0054578488     6     6     1     4
 0.0028802494     6     6     2     1
 0.3347103720     6     6     2     2
 -0.0120092903     6     6     2     4
 0.3386931749     6     6     3     3
 -0.0342192564     6     6     3     7
 0.0054578488     6     6     4     1
 -0.0120092903     6     6     4     2
 0.3222055361     6     6     4     4
 0.3363210222     6     6     5     5
 -0.0342192564     6     6     7     3
 0.2150710270     6     6     7     7
 -0.0025239731     6     7     1     3
 0.0401884705     6     7     2     3
 -0.0056933363     6     7     3     1
 0.0229204238     6     7     3     2
 0.0018220387     6     7     3     4
 0.0342192564     6     7     3     6
 -0.0091783779     6     7     4     3
 0.0028676215     6     7     7     1
 0.0137023059     6     7     7     2
 -0.0142810360     6     7     7     4
 -0.2150710270     6     7     7     6
 0.1795297614     7     1     1     3
 -0.3924405713     7     1     1     7
 0.0146918102     7     1     2     3
 -0.0073042463     7     1     2     7
 0.0032686125     7     1     3     2
 -0.0017128456     7     1     3     4
 0.0025239731     7     1     3     6
 0.0023514812     7     1     4     3
 -0.0038291845     7     1     4     7
 -0.0030029348     7     1     6     3
 0.0028676215     7     1     6     7
 0.0106024597     7     2     1     3
 -0.0073042463     7     2     1     7
 0.0716593153     7     2     2     3
 -0.3280775572     7     2     2     7
 -0.0032686125     7     2     3     1
 0.0133312936     7     2     3     4
 -0.0401884705     7     2     3     6
 0.0114622948     7     2     4     3
 0.0141853134     7     2     4     7
 -0.0151368384     7     2     6     3
 0.0137023059     7     2     6     7
 -0.1795297614     7     3     1     1
 -0.0106024597     7     3     1     2
 -0.0039240717     7     3     1     4
 0.0056933363     7     3     1     6
 -0.0146918102     7     3     2     1
 -0.0716593153     7     3     2     2
 0.0019181681     7     3     2     4
 -0.0229204238     7     3     2     6
 -0.3052791943     7     3     3     7
 -0.0023514812     7     3     4     1
 -0.0114622948     7     3     4     2
 -0.0910642027     7     3     4     4
 -0.0018220387     7     3     4     6
 -0.0939375010     7     3     5     5
 0.0030029348     7     3     6     1
 0.0151368384     7     3     6     2
 -0.0094330137     7     3     6     4
 -0.0342192564     7     3     6     6
 0.0039240717     7     4     1     3
 -0.0038291845     7     4     1     7
 -0.0019181681     7     4     2     3
 0.0141853134     7     4     2     7
 0.0017128456     7     4     3     1
 -0.0133312936     7     4     3     2
 0.0091783779     7     4     3     6
 0.0910642027     7     4     4     3
 -0.3156831827     7     4     4     7
 0.0094330137     7     4     6     3
 -0.0142810360     7     4     6     7
 0.0939375010     7     5     5     3
 -0.3238458760     7     5     5     7
 -0.0056933363     7     6     1     3
 0.0028676215     7     6     1     7
 0.0229204238     7     6     2     3
 0.0137023059     7     6     2     7
 -0.0025239731     7     6     3     1
 0.0401884705     7     6     3     2
 -0.0091783779     7     6     3     4
 0.0018220387     7     6     4     3
 -0.0142810360     7     6     4     7
 0.0342192564     7     6     6     3
 -0.2150710270     7     6     6     7
 0.3924405713     7     7     1     1
 0.0073042463     7     7     1     2
 0.0038291845     7     7     1     4
 -0.0028676215     7     7     1     6
 0.0073042463     7     7     2     1
 0.3280775572     7     7     2     2
 -0.0141853134     7     7     2     4
 -0.0137023059     7     7     2     6
 0.3052791943     7     7     3     3
 0.0038291845     7     7     4     1
 -0.0141853134     7     7     4     2
 0.3156831827     7     7     4     4
 0.0142810360     7     7     4     6
 0.3238458760     7     7     5     5
 -0.0028676215     7     7     6     1
 -0.0137023059     7     7     6     2
 0.0142810360     7     7     6     4
 0.2150710270     7     7     6     6
0.0 0 0 0 0
 4.7389928729     1     1     1     1
 0.4316459480     1     1     1     2
 0.1398348905     1     1     1     4
 -0.1446377459     1     1     1     6
 0.4316459480     1     1     2     1
 1.0467315216     1     1     2     2
 0.0884265668     1     1     2     4
 -0.1722741817     1     1     2     6
 0.8786014513     1     1     3     3
 -0.1918916085     1     1     3     7
 0.1398348905     1     1     4     1
 0.0884265668     1     1     4     2
 0.9826141250     1     1     4     4
 0.0817468373     1     1     4     6
 1.0352624942     1     1     5     5
 -0.1446377459     1     1     6     1
 -0.1722741817     1     1     6     2
 0.0817468373     1     1     6     4
 0.4091521972     1     1     6     6
 -0.1918916085     1     1     7     3
 0.3985298913     1     1     7     7
 0.4316459480     1     2     1     1
 0.0616274697     1     2     1     2
 0.0170134965     1     2     1     4
 -0.0232114986     1     2     1     6
 0.0638482811     1     2     2     1
 0.0146894822     1     2     2     2
 0.0078305035     1     2     2     4
 -0.0026874424     1     2     2     6
 0.0066378999     1     2     3     3
 -0.0014253597     1     2     3     7
 0.0167772190     1     2     4     1
 0.0081080397     1     2     4     2
 0.0128706816     1     2     4     4
 -0.0008404588     1     2     4     6
 0.0114930530     1     2     5     5
 -0.0245635963     1     2     6     1
 -0.0014340999     1     2     6     2
 -0.0011404090     1     2     6     4
 0.0017754724     1     2     6     6
 -0.0003932278     1     2     7     3
 0.0020470934     1     2     7     7
 0.0169204715     1     3     1     3
 -0.0110790155     1     3     1     7
 -0.0224026047     1     3     2     3
 0.0097088783     1     3     2     7
 0.0197289508     1     3     3     1
 -0.0232593798     1     3     3     2
 -0.0030768170     1     3     3     4
 0.0043740905     1     3     3     6
 -0.0026956182     1     3     4     3
 0.0038215745     1     3     4     7
 0.0042477677     1     3     6     3
 -0.0049642460     1     3     6     7
 -0.0123618471     1     3     7     1
 0.0102092319     1     3     7     2
 0.0037514839     1     3     7     4
 -0.0050110568     1     3     7     6
 0.1398348905     1     4     1     1
 0.0170134965     1     4     1     2
 0.0272500125     1     4     1     4
 0.0008013677     1     4     1     6
 0.0167772190     1     4     2     1
 0.0146618869     1     4     2     2
 -0.0217712221     1     4     2     4
 -0.0091130498     1     4     2     6
 0.0073874496     1     4     3     3
 -0.0001883604     1     4     3     7
 0.0299842562     1     4     4     1
 -0.0225105792     1     4     4     2
 -0.0086788741     1     4     4     4
 0.0034293653     1     4     4     6
 0.0045801578     1     4     5     5
 0.0012951144     1     4     6     1
 -0.0091188968     1     4     6     2
 0.0029725324     1     4     6     4
 0.0066527471     1     4     6     6
 -0.0001725878     1     4     7     3
 0.0017234340     1     4     7     7
 0.0272056452     1     5     1     5
 -0.0288658691     1     5     2     5
 -0.0090295925     1     5     4     5
 0.0299152685     1     5     5     1
 -0.0293007731     1     5     5     2
 -0.0093711715     1     5     5     4
 0.0076179480     1     5     5     6
 0.0070619226     1     5     6     5
 -0.1446377459     1     6     1     1
 -0.0232114986     1     6     1     2
 0.0008013677     1     6     1     4
 0.0105069182     1     6     1     6
 -0.0245635963     1     6     2     1
 -0.0011826086     1     6     2     2
 -0.0092437734     1     6     2     4
 -0.0017914118     1     6     2     6
 -0.0004624384     1     6     3     3
 0.0001117252     1     6     3     7
 0.0012951144     1     6     4     1
 -0.0094838989     1     6     4     2
 -0.0073336860     1     6     4     4
 0.0017368724     1     6     4     6
 -0.0025908233     1     6     5     5
 0.0100585948     1     6     6     1
 -0.0011047770     1     6     6     2
 0.0011948983     1     6     6     4
 0.0010086190     1     6     6     6
 0.0006822795     1     6     7     3
 -0.0002919485     1     6     7     7
 -0.0110790155     1     7     1     3
 0.0064795061     1     7     1     7
 0.0129774908     1     7     2     3
 -0.0056966687     1     7     2     7
 -0.0123618471     1     7     3     1
 0.0132664505     1     7     3     2
 0.0021631208     1     7     3     4
 -0.0028912096     1     7     3     6
 0.0021087289     1     7     4     3
 -0.0022043049     1     7     4     7
 -0.0024402729     1     7     6     3
 0.0025691655     1     7     6     7
 0.0060893200     1     7     7     1
 -0.0052571529     1     7     7     2
 -0.0021057505     1     7     7     4
 0.0025756730     1     7     7     6
 0.4316459480     2     1     1     1
 0.0638482811     2     1     1     2
 0.0167772190     2     1     1     4
 -0.0245635963     2     1     1     6
 0.0616274697     2     1     2     1
 0.0146894822     2     1     2     2
 0.0081080397     2     1     2     4
 -0.0014340999     2     1     2     6
 0.0066378999     2     1     3     3
 -0.0003932278     2     1     3     7
 0.0170134965     2     1     4     1
 0.0078305035     2     1     4     2
 0.0128706816     2     1     4     4
 -0.0011404090     2     1     4     6
 0.0114930530     2     1     5     5
 -0.0232114986     2     1     6     1
 -0.0026874424     2     1     6     2
 -0.0008404588     2     1     6     4
 0.0017754724     2     1     6     6
 -0.0014253597     2     1     7     3
 0.0020470934     2     1     7     7
 1.0467315216     2     2     1     1
 0.0146894822     2     2     1     2
 0.0146618869     2     2     1     4
 -0.0011826086     2     2     1     6
 0.0146894822     2     2     2     1
 0.7461031054     2     2     2     2
 -0.0167847944     2     2     2     4
 -0.0979985207     2     2     2     6
 0.6741294505     2     2     3     3
 -0.1095618013     2     2     3     7
 0.0146618869     2     2     4     1
 -0.0167847944     2     2     4     2
 0.6745594244     2     2     4     4
 0.0508850989     2     2     4     6
 0.7077455700     2     2     5     5
 -0.0011826086     2     2     6     1
 -0.0979985207     2     2     6     2
 0.0508850989     2     2     6     4
 0.3677212899     2     2     6     6
 -0.1095618013     2     2     7     3
 0.3464476804     2     2     7     7
 -0.0224026047     2     3     1     3
 0.0129774908     2     3     1     7
 0.1447926252     2     3     2     3
 -0.0387175688     2     3     2     7
 -0.0232593798     2     3     3     1
 0.1494859019     2     3     3     2
 -0.0154649545     2     3     3     4
 -0.0012773405     2     3     3     6
 -0.0161179972     2     3     4     3
 -0.0226275123     2     3     4     7
 -0.0014713555     2     3     6     3
 0.0512833779     2     3     6     7
 0.0132664505     2     3     7     1
 -0.0379024860     2     3     7     2
 -0.0213993281     2     3     7     4
 0.0511843081     2     3     7     6
 0.0884265668     2     4     1     1
 0.0078305035     2     4     1     2
 -0.0217712221     2     4     1     4
 -0.0092437734     2     4     1     6
 0.0081080397     2     4     2     1
 -0.0167847944     2     4     2     2
 0.1177391625     2     4     2     4
 0.0174402486     2     4     2     6
 -0.0124733254     2     4     3     3
 -0.0205891413     2     4     3     7
 -0.0225105792     2     4     4     1
 0.1224503200     2     4     4     2
 0.0690927118     2     4     4     4
 0.0007525959     2     4     4     6
 0.0367349258     2     4     5     5
 -0.0094838989     2     4     6     1
 0.0173127861     2     4     6     2
 0.0012425236     2     4     6     4
 -0.0302658427     2     4     6     6
 -0.0194811600     2     4     7     3
 -0.0102915288     2     4     7     7
 -0.0288658691     2     5     1     5
 0.1210717405     2     5     2     5
 0.0297404409     2     5     4     5
 -0.0293007731     2     5     5     1
 0.1251534778     2     5     5     2
 0.0300346914     2     5     5     4
 -0.0233901497     2     5     5     6
 -0.0216901293     2     5     6     5
 -0.1722741817     2     6     1     1
 -0.0026874424     2     6     1     2
 -0.0091130498     2     6     1     4
 -0.0017914118     2     6     1     6
 -0.0014340999     2     6     2     1
 -0.0979985207     2     6     2     2
 0.0174402486     2     6     2     4
 0.0390878512     2     6     2     6
 -0.0692645979     2     6     3     3
 0.0309147655     2     6     3     7
 -0.0091188968     2     6     4     1
 0.0173127861     2     6     4     2
 -0.0670801816     2     6     4     4
 -0.0214428246     2     6     4     6
 -0.0894923029     2     6     5     5
 -0.0011047770     2     6     6     1
 0.0330109179     2     6     6     2
 -0.0182565524     2     6     6     4
 -0.0179280872     2     6     6     6
 0.0282638843     2     6     7     3
 -0.0127206798     2     6     7     7
 0.0097088783     2     7     1     3
 -0.0056966687     2     7     1     7
 -0.0387175688     2     7     2     3
 0.0226230153     2     7     2     7
 0.0102092319     2     7     3     1
 -0.0379024860     2     7     3     2
 -0.0091268465     2     7     3     4
 0.0157779271     2     7     3     6
 -0.0092962187     2     7     4     3
 0.0052375969     2     7     4     7
 0.0110949074     2     7     6     3
 0.0012347603     2     7     6     7
 -0.0052571529     2     7     7     1
 0.0183701232     2     7     7     2
 0.0038937846     2     7     7     4
 0.0009816261     2     7     7     6
 0.0197289508     3     1     1     3
 -0.0123618471     3     1     1     7
 -0.0232593798     3     1     2     3
 0.0102092319     3     1     2     7
 0.0169204715     3     1     3     1
 -0.0224026047     3     1     3     2
 -0.0026956182     3     1     3     4
 0.0042477677     3     1     3     6
 -0.0030768170     3     1     4     3
 0.0037514839     3     1     4     7
 0.0043740905     3     1     6     3
 -0.0050110568     3     1     6     7
 -0.0110790155     3     1     7     1
 0.0097088783     3     1     7     2
 0.0038215745     3     1     7     4
 -0.0049642460     3     1     7     6
 -0.0232593798     3     2     1     3
 0.0132664505     3     2     1     7
 0.1494859019     3     2     2     3
 -0.0379024860     3     2     2     7
 -0.0224026047     3     2     3     1
 0.1447926252     3     2     3     2
 -0.0161179972     3     2     3     4
 -0.0014713555     3     2     3     6
 -0.0154649545     3     2     4     3
 -0.0213993281     3     2     4     7
 -0.0012773405     3     2     6     3
 0.0511843081     3     2     6     7
 0.0129774908     3     2     7     1
 -0.0387175688     3     2     7     2
 -0.0226275123     3     2     7     4
 0.0512833779     3     2     7     6
 0.8786014513     3     3     1     1
 0.0066378999     3     3     1     2
 0.0073874496     3     3     1     4
 -0.0004624384     3     3     1     6
 0.0066378999     3     3     2     1
 0.6741294505     3     3     2     2
 -0.0124733254     3     3     2     4
 -0.0692645979     3     3     2     6
 0.6476628834     3     3     3     3
 -0.0944334666     3     3     3     7
 0.0073874496     3     3     4     1
 -0.0124733254     3     3     4     2
 0.5975715565     3     3     4     4
 0.0320746083     3     3     4     6
 0.6146614967     3     3     5     5
 -0.0004624384     3     3     6     1
 -0.0692645979     3     3     6     2
 0.0320746083     3     3     6     4
 0.3581110684     3     3     6     6
 -0.0944334666     3     3     7     3
 0.3502418547     3     3     7     7
 -0.0030768170     3     4     1     3
 0.0021631208     3     4     1     7
 -0.0154649545     3     4     2     3
 -0.0091268465     3     4     2     7
 -0.0026956182     3     4     3     1
 -0.0161179972     3     4     3     2
 0.0325514809     3     4     3     4
 -0.0041774841     3     4     3     6
 0.0378860450     3     4     4     3
 -0.0082175558     3     4     4     7
 -0.0043948227     3     4     6     3
 -0.0171912898     3     4     6     7
 0.0021087289     3     4     7     1
 -0.0092962187     3     4     7     2
 -0.0080644996     3     4     7     4
 -0.0173703075     3     4     7     6
 0.0240474706     3     5     3     5
 0.0290755056     3     5     5     3
 -0.0117165646     3     5     5     7
 -0.0112405790     3     5     7     5
 0.0043740905     3     6     1     3
 -0.0028912096     3     6     1     7
 -0.0012773405     3     6     2     3
 0.0157779271     3     6     2     7
 0.0042477677     3     6     3     1
 -0.0014713555     3     6     3     2
 -0.0041774841     3     6     3     4
 0.0235349545     3     6     3     6
 -0.0043948227     3     6     4     3
 -0.0101742734     3     6     4     7
 0.0194178935     3     6     6     3
 0.0227223685     3     6     6     7
 -0.0024402729     3     6     7     1
 0.0110949074     3     6     7     2
 -0.0081919296     3     6     7     4
 0.0224208793     3     6     7     6
 -0.1918916085     3     7     1     1
 -0.0014253597     3     7     1     2
 -0.0001883604     3     7     1     4
 0.0001117252     3     7     1     6
 -0.0003932278     3     7     2     1
 -0.1095618013     3     7     2     2
 -0.0205891413     3     7     2     4
 0.0309147655     3     7     2     6
 -0.0944334666     3     7     3     3
 0.0490196680     3     7     3     7
 -0.0001725878     3     7     4     1
 -0.0194811600     3     7     4     2
 -0.0992817585     3     7     4     4
 -0.0196072871     3     7     4     6
 -0.1056540656     3     7     5     5
 0.0006822795     3     7     6     1
 0.0282638843     3     7     6     2
 -0.0190133285     3     7     6     4
 -0.0114968879     3     7     6     6
 0.0449626604     3     7     7     3
 -0.0128834317     3     7     7     7
 0.1398348905     4     1     1     1
 0.0167772190     4     1     1     2
 0.0299842562     4     1     1     4
 0.0012951144     4     1     1     6
 0.0170134965     4     1     2     1
 0.0146618869     4     1     2     2
 -0.0225105792     4     1     2     4
 -0.0091188968     4     1     2     6
 0.0073874496     4     1     3     3
 -0.0001725878     4     1     3     7
 0.0272500125     4     1     4     1
 -0.0217712221     4     1     4     2
 -0.0086788741     4     1     4     4
 0.0029725324     4     1     4     6
 0.0045801578     4     1     5     5
 0.0008013677     4     1     6     1
 -0.0091130498     4     1     6     2
 0.0034293653     4     1     6     4
 0.0066527471     4     1     6     6
 -0.0001883604     4     1     7     3
 0.0017234340     4     1     7     7
 0.0884265668     4     2     1     1
 0.0081080397     4     2     1     2
 -0.0225105792     4     2     1     4
 -0.0094838989     4     2     1     6
 0.0078305035     4     2     2     1
 -0.0167847944     4     2     2     2
 0.1224503200     4     2     2     4
 0.0173127861     4     2     2     6
 -0.0124733254     4     2     3     3
 -0.0194811600     4     2     3     7
 -0.0217712221     4     2     4     1
 0.1177391625     4     2     4     2
 0.0690927118     4     2     4     4
 0.0012425236     4     2     4     6
 0.0367349258     4     2     5     5
 -0.0092437734     4     2     6     1
 0.0174402486     4     2     6     2
 0.0007525959     4     2     6     4
 -0.0302658427     4     2     6     6
 -0.0205891413     4     2     7     3
 -0.0102915288     4     2     7     7
 -0.0026956182     4     3     1     3
 0.0021087289     4     3     1     7
 -0.0161179972     4     3     2     3
 -0.0092962187     4     3     2     7
 -0.0030768170     4     3     3     1
 -0.0154649545     4     3     3     2
 0.0378860450     4     3     3     4
 -0.0043948227     4     3     3     6
 0.0325514809     4     3     4     3
 -0.0080644996     4     3     4     7
 -0.0041774841     4     3     6     3
 -0.0173703075     4     3     6     7
 0.0021631208     4     3     7     1
 -0.0091268465     4     3     7     2
 -0.0082175558     4     3     7     4
 -0.0171912898     4     3     7     6
 0.9826141250     4     4     1     1
 0.0128706816     4     4     1     2
 -0.0086788741     4     4     1     4
 -0.0073336860     4     4     1     6
 0.0128706816     4     4     2     1
 0.6745594244     4     4     2     2
 0.0690927118     4     4     2     4
 -0.0670801816     4     4     2     6
 0.5975715565     4     4     3     3
 -0.0992817585     4     4     3     7
 -0.0086788741     4     4     4     1
 0.0690927118     4     4     4     2
 0.7103214208     4     4     4     4
 0.0506635446     4     4     4     6
 0.6544368780     4     4     5     5
 -0.0073336860     4     4     6     1
 -0.0670801816     4     4     6     2
 0.0506635446     4     4     6     4
 0.3412873933     4     4     6     6
 -0.0992817585     4     4     7     3
 0.3284224255     4     4     7     7
 -0.0090295925     4     5     1     5
 0.0297404409     4     5     2     5
 0.0363459358     4     5     4     5
 -0.0093711715     4     5     5     1
 0.0300346914     4     5     5     2
 0.0411648761     4     5     5     4
 0.0010378901     4     5     5     6
 0.0012711636     4     5     6     5
 0.0817468373     4     6     1     1
 -0.0008404588     4     6     1     2
 0.0034293653     4     6     1     4
 0.0017368724     4     6     1     6
 -0.0011404090     4     6     2     1
 0.0508850989     4     6     2     2
 0.0007525959     4     6     2     4
 -0.0214428246     4     6     2     6
 0.0320746083     4     6     3     3
 -0.0196072871     4     6     3     7
 0.0029725324     4     6     4     1
 0.0012425236     4     6     4     2
 0.0506635446     4     6     4     4
 0.0214070232     4     6     4     6
 0.0457952273     4     6     5     5
 0.0011948983     4     6     6     1
 -0.0182565524     4     6     6     2
 0.0190818572     4     6     6     4
 0.0018226541     4     6     6     6
 -0.0190133285     4     6     7     3
 -0.0023648581     4     6     7     7
 0.0038215745     4     7     1     3
 -0.0022043049     4     7     1     7
 -0.0226275123     4     7     2     3
 0.0052375969     4     7     2     7
 0.0037514839     4     7     3     1
 -0.0213993281     4     7     3     2
 -0.0082175558     4     7     3     4
 -0.0101742734     4     7     3     6
 -0.0080644996     4     7     4     3
 0.0169907285     4     7     4     7
 -0.0081919296     4     7     6     3
 -0.0168946500     4     7     6     7
 -0.0021057505     4     7     7     1
 0.0038937846     4     7     7     2
 0.0127392428     4     7     7     4
 -0.0166458941     4     7     7     6
 0.0299152685     5     1     1     5
 -0.0293007731     5     1     2     5
 -0.0093711715     5     1     4     5
 0.0272056452     5     1     5     1
 -0.0288658691     5     1     5     2
 -0.0090295925     5     1     5     4
 0.0070619226     5     1     5     6
 0.0076179480     5     1     6     5
 -0.0293007731     5     2     1     5
 0.1251534778     5     2     2     5
 0.0300346914     5     2     4     5
 -0.0288658691     5     2     5     1
 0.1210717405     5     2     5     2
 0.0297404409     5     2     5     4
 -0.0216901293     5     2     5     6
 -0.0233901497     5     2     6     5
 0.0290755056     5     3     3     5
 0.0240474706     5     3     5     3
 -0.0112405790     5     3     5     7
 -0.0117165646     5     3     7     5
 -0.0093711715     5     4     1     5
 0.0300346914     5     4     2     5
 0.0411648761     5     4     4     5
 -0.0090295925     5     4     5     1
 0.0297404409     5     4     5     2
 0.0363459358     5     4     5     4
 0.0012711636     5     4     5     6
 0.0010378901     5     4     6     5
 1.0352624942     5     5     1     1
 0.0114930530     5     5     1     2
 0.0045801578     5     5     1     4
 -0.0025908233     5     5     1     6
 0.0114930530     5     5     2     1
 0.7077455700     5     5     2     2
 0.0367349258     5     5     2     4
 -0.0894923029     5     5     2     6
 0.6146614967     5     5     3     3
 -0.1056540656     5     5     3     7
 0.0045801578     5     5     4     1
 0.0367349258     5     5     4     2
 0.6544368780     5     5     4     4
 0.0457952273     5     5     4     6
 0.7411722738     5     5     5     5
 -0.0025908233     5     5     6     1
 -0.0894923029     5     5     6     2
 0.0457952273     5     5     6     4
 0.3480021806     5     5     6     6
 -0.1056540656     5     5     7     3
 0.3301811101     5     5     7     7
 0.0076179480     5     6     1     5
 -0.0233901497     5     6     2     5
 0.0010378901     5     6     4     5
 0.0070619226     5     6     5     1
 -0.0216901293     5     6     5     2
 0.0012711636     5     6     5     4
 0.0159566008     5     6     5     6
 0.0116811584     5     6     6     5
 -0.0117165646     5     7     3     5
 -0.0112405790     5     7     5     3
 0.0090708996     5     7     5     7
 0.0063352341     5     7     7     5
 -0.1446377459     6     1     1     1
 -0.0245635963     6     1     1     2
 0.0012951144     6     1     1     4
 0.0100585948     6     1     1     6
 -0.0232114986     6     1     2     1
 -0.0011826086     6     1     2     2
 -0.0094838989     6     1     2     4
 -0.0011047770     6     1     2     6
 -0.0004624384     6     1     3     3
 0.0006822795     6     1     3     7
 0.0008013677     6     1     4     1
 -0.0092437734     6     1     4     2
 -0.0073336860     6     1     4     4
 0.0011948983     6     1     4     6
 -0.0025908233     6     1     5     5
 0.0105069182     6     1     6     1
 -0.0017914118     6     1     6     2
 0.0017368724     6     1     6     4
 0.0010086190     6     1     6     6
 0.0001117252     6     1     7     3
 -0.0002919485     6     1     7     7
 -0.1722741817     6     2     1     1
 -0.0014340999     6     2     1     2
 -0.0091188968     6     2     1     4
 -0.0011047770     6     2     1     6
 -0.0026874424     6     2     2     1
 -0.0979985207     6     2     2     2
 0.0173127861     6     2     2     4
 0.0330109179     6     2     2     6
 -0.0692645979     6     2     3     3
 0.0282638843     6     2     3     7
 -0.0091130498     6     2     4     1
 0.0174402486     6     2     4     2
 -0.0670801816     6     2     4     4
 -0.0182565524     6     2     4     6
 -0.0894923029     6     2     5     5
 -0.0017914118     6     2     6     1
 0.0390878512     6     2     6     2
 -0.0214428246     6     2     6     4
 -0.0179280872     6     2     6     6
 0.0309147655     6     2     7     3
 -0.0127206798     6     2     7     7
 0.0042477677     6     3     1     3
 -0.0024402729     6     3     1     7
 -0.0014713555     6     3     2     3
 0.0110949074     6     3     2     7
 0.0043740905     6     3     3     1
 -0.0012773405     6     3     3     2
 -0.0043948227     6     3     3     4
 0.0194178935     6     3     3     6
 -0.0041774841     6     3     4     3
 -0.0081919296     6     3     4     7
 0.0235349545     6     3     6     3
 0.0224208793     6     3     6     7
 -0.0028912096     6     3     7     1
 0.0157779271     6     3     7     2
 -0.0101742734     6     3     7     4
 0.0227223685     6     3     7     6
 0.0817468373     6     4     1     1
 -0.0011404090     6     4     1     2
 0.0029725324     6     4     1     4
 0.0011948983     6     4     1     6
 -0.0008404588     6     4     2     1
 0.0508850989     6     4     2     2
 0.0012425236     6     4     2     4
 -0.0182565524     6     4     2     6
 0.0320746083     6     4     3     3
 -0.0190133285     6     4     3     7
 0.0034293653     6     4     4     1
 0.0007525959     6     4     4     2
 0.0506635446     6     4     4     4
 0.0190818572     6     4     4     6
 0.0457952273     6     4     5     5
 0.0017368724     6     4     6     1
 -0.0214428246     6     4     6     2
 0.0214070232     6     4     6     4
 0.0018226541     6     4     6     6
 -0.0196072871     6     4     7     3
 -0.0023648581     6     4     7     7
 0.0070619226     6     5     1     5
 -0.0216901293     6     5     2     5
 0.0012711636     6     5     4     5
 0.0076179480     6     5     5     1
 -0.0233901497     6     5     5     2
 0.0010378901     6     5     5     4
 0.0116811584     6     5     5     6
 0.0159566008     6     5     6     5
 0.4091521972     6     6     1     1
 0.0017754724     6     6     1     2
 0.0066527471     6     6     1     4
 0.0010086190     6     6     1     6
 0.0017754724     6     6     2     1
 0.3677212899     6     6     2     2
 -0.0302658427     6     6     2     4
 -0.0179280872     6     6     2     6
 0.3581110684     6     6     3     3
 -0.0114968879     6     6     3     7
 0.0066527471     6     6     4     1
 -0.0302658427     6     6     4     2
 0.3412873933     6     6     4     4
 0.0018226541     6     6     4     6
 0.3480021806     6     6     5     5
 0.0010086190     6     6     6     1
 -0.0179280872     6     6     6     2
 0.0018226541     6     6     6     4
 0.3009843355     6     6     6     6
 -0.0114968879     6     6     7     3
 0.2890119869     6     6     7     7
 -0.0049642460     6     7     1     3
 0.0025691655     6     7     1     7
 0.0512833779     6     7     2     3
 0.0012347603     6     7     2     7
 -0.0050110568     6     7     3     1
 0.0511843081     6     7     3     2
 -0.0171912898     6     7     3     4
 0.0227223685     6     7     3     6
 -0.0173703075     6     7     4     3
 -0.0168946500     6     7     4     7
 0.0224208793     6     7     6     3
 0.0739409599     6     7     6     7
 0.0025756730     6     7     7     1
 0.0009816261     6     7     7     2
 -0.0166458941     6     7     7     4
 0.0739409599     6     7     7     6
 -0.0123618471     7     1     1     3
 0.0060893200     7     1     1     7
 0.0132664505     7     1     2     3
 -0.0052571529     7     1     2     7
 -0.0110790155     7     1     3     1
 0.0129774908     7     1     3     2
 0.0021087289     7     1     3     4
 -0.0024402729     7     1     3     6
 0.0021631208     7     1     4     3
 -0.0021057505     7     1     4     7
 -0.0028912096     7     1     6     3
 0.0025756730     7     1     6     7
 0.0064795061     7     1     7     1
 -0.0056966687     7     1     7     2
 -0.0022043049     7     1     7     4
 0.0025691655     7     1     7     6
 0.0102092319     7     2     1     3
 -0.0052571529     7     2     1     7
 -0.0379024860     7     2     2     3
 0.0183701232     7     2     2     7
 0.0097088783     7     2     3     1
 -0.0387175688     7     2     3     2
 -0.0092962187     7     2     3     4
 0.0110949074     7     2     3     6
 -0.0091268465     7     2     4     3
 0.0038937846     7     2     4     7
 0.0157779271     7     2     6     3
 0.0009816261     7     2     6     7
 -0.0056966687     7     2     7     1
 0.0226230153     7     2     7     2
 0.0052375969     7     2     7     4
 0.0012347603     7     2     7     6
 -0.1918916085     7     3     1     1
 -0.0003932278     7     3     1     2
 -0.0001725878     7     3     1     4
 0.0006822795     7     3     1     6
 -0.0014253597     7     3     2     1
 -0.1095618013     7     3     2     2
 -0.0194811600     7     3     2     4
 0.0282638843     7     3     2     6
 -0.0944334666     7     3     3     3
 0.0449626604     7     3     3     7
 -0.0001883604     7     3     4     1
 -0.0205891413     7     3     4     2
 -0.0992817585     7     3     4     4
 -0.0190133285     7     3     4     6
 -0.1056540656     7     3     5     5
 0.0001117252     7     3     6     1
 0.0309147655     7     3     6     2
 -0.0196072871     7     3     6     4
 -0.0114968879     7     3     6     6
 0.0490196680     7     3     7     3
 -0.0128834317     7     3     7     7
 0.0037514839     7     4     1     3
 -0.0021057505     7     4     1     7
 -0.0213993281     7     4     2     3
 0.0038937846     7     4     2     7
 0.0038215745     7     4     3     1
 -0.0226275123     7     4     3     2
 -0.0080644996     7     4     3     4
 -0.0081919296     7     4     3     6
 -0.0082175558     7     4     4     3
 0.0127392428     7     4     4     7
 -0.0101742734     7     4     6     3
 -0.0166458941     7     4     6     7
 -0.0022043049     7     4     7     1
 0.0052375969     7     4     7     2
 0.0169907285     7     4     7     4
 -0.0168946500     7     4     7     6
 -0.0112405790     7     5     3     5
 -0.0117165646     7     5     5     3
 0.0063352341     7     5     5     7
 0.0090708996     7     5     7     5
 -0.0050110568     7     6     1     3
 0.0025756730     7     6     1     7
 0.0511843081     7     6     2     3
 0.0009816261     7     6     2     7
 -0.0049642460     7     6     3     1
 0.0512833779     7     6     3     2
 -0.0173703075     7     6     3     4
 0.0224208793     7     6     3     6
 -0.0171912898     7     6     4     3
 -0.0166458941     7     6     4     7
 0.0227223685     7     6     6     3
 0.0739409599     7     6     6     7
 0.0025691655     7     6     7     1
 0.0012347603     7     6     7     2
 -0.0168946500     7     6     7     4
 0.0739409599     7     6     7     6
 0.3985298913     7     7     1     1
 0.0020470934     7     7     1     2
 0.0017234340     7     7     1     4
 -0.0002919485     7     7     1     6
 0.0020470934     7     7     2     1
 0.3464476804     7     7     2     2
 -0.0102915288     7     7     2     4
 -0.0127206798     7     7     2     6
 0.3502418547     7     7     3     3
 -0.0128834317     7     7     3     7
 0.0017234340     7     7     4     1
 -0.0102915288     7     7     4     2
 0.3284224255     7     7     4     4
 -0.0023648581     7     7     4     6
 0.3301811101     7     7     5     5
 -0.0002919485     7     7     6     1
 -0.0127206798     7     7     6     2
 -0.0023648581     7     7     6     4
 0.2890119869     7     7     6     6
 -0.0128834317     7     7     7     3
 0.2954518567     7     7     7     7
0.0 0 0 0 0
 -33.0271975773     1     1     0     0
 -0.5819703916     1     2     0     0
 -0.1871122221     1     4     0     0
 0.1789667728     1     6     0     0
 -0.5819703916     2     1     0     0
 -7.8574375802     2     2     0     0
 -0.2416100102     2     4     0     0
 0.8447955814     2     6     0     0
 -6.6951105455     3     3     0     0
 1.0381114575     3     7     0     0
 -0.1871122221     4     1     0     0
 -0.2416100102     4     2     0     0
 -6.9164495014     4     4     0     0
 -0.4559525383     4     6     0     0
 -7.0842606806     5     5     0     0
 0.1789667728     6     1     0     0
 0.8447955814     6     2     0     0
 -0.4559525383     6     4     0     0
 -3.3623245279     6     6     0     0
 1.0381114575     7     3     0     0
 -3.1532825087     7     7     0     0
0.0 0 0 0 0
 -33.0271975773     1     1     0     0
 -0.5819703916     1     2     0     0
 -0.1871122221     1     4     0     0
 0.1789667728     1     6     0     0
 -0.5819703916     2     1     0     0
 -7.8574375802     2     2     0     0
 -0.2416100102     2     4     0     0
 0.8447955814     2     6     0     0
 -6.6951105455     3     3     0     0
 1.0381114575     3     7     0     0
 -0.1871122221     4     1     0     0
 -0.2416100102     4     2     0     0
 -6.9164495014     4     4     0     0
 -0.4559525383     4     6     0     0
 -7.0842606806     5     5     0     0
 0.1789667728     6     1     0     0
 0.8447955814     6     2     0     0
 -0.4559525383     6     4     0     0
 -3.3623245279     6     6     0     0
 1.0381114575     7     3     0     0
 -3.1532825087     7     7     0     0
9.1895344276 0 0 0 0
