Begin IJ Block
1   1   -1.6215387376
1   2   -0.0000000000
1   3   -0.0996458335
2   2   -1.4833940798
2   3   0.0000000000
3   3   -1.4486889328

End IJ Block
Begin IA Block
1   2   0.0588402563
1   4   0.1007244452
2   1   -0.1358003576
2   3   -0.0489767943
2   4   0.0000000000
3   1   0.0000000000
3   2   -0.1195509926
3   3   -0.0000000000
3   4   -0.0053819822

End IA Block
Begin AB Block
1   1   -1.3356181993
1   2   0.0000000000
1   3   0.1540763020
1   4   -0.0000000000
2   2   -1.1797546534
2   4   0.0616711558
3   3   -1.1289603855
3   4   0.0000000000
4   4   -0.8337145913

End AB Block
Begin IJAB Block
1   4   1   5   0.0620238977
1   4   1   7   -0.0246623186
1   4   1   8   0.0000000000
1   4   2   6   0.0392997302
1   4   2   8   -0.0039099924
1   4   3   5   -0.0246623186
1   4   3   7   0.0487825352
1   4   4   5   0.0000000000
1   4   4   6   -0.0039099924
1   4   4   8   0.0150282010
1   5   1   6   -0.0404639951
1   5   1   8   -0.0011035524
1   5   2   5   -0.0255280490
1   5   2   6   -0.0000000000
1   5   2   7   -0.0320915715
1   5   3   6   -0.0197391333
1   5   3   7   -0.0000000000
1   5   3   8   -0.0010601019
1   5   4   5   -0.0028492118
1   5   4   7   0.0000177708
1   5   4   8   0.0000000000
1   6   1   5   0.0087506142
1   6   1   7   -0.0514597978
1   6   1   8   0.0000000000
1   6   2   6   -0.0165275933
1   6   2   7   -0.0000000000
1   6   2   8   -0.0052116263
1   6   3   5   -0.0287457635
1   6   3   6   -0.0000000000
1   6   3   7   0.0156936307
1   6   4   5   0.0000000000
1   6   4   6   -0.0066701473
1   6   4   7   -0.0000000000
1   6   4   8   0.0019786972
2   4   1   6   -0.0255280490
2   4   1   8   -0.0028492118
2   4   2   5   -0.0404639951
2   4   2   6   -0.0000000000
2   4   2   7   -0.0197391333
2   4   3   6   -0.0320915715
2   4   3   7   -0.0000000000
2   4   3   8   0.0000177708
2   4   4   5   -0.0011035524
2   4   4   7   -0.0010601019
2   4   4   8   0.0000000000
2   5   1   5   0.0617432042
2   5   1   7   0.0117351840
2   5   2   6   0.0632431023
2   5   2   7   0.0000000000
2   5   2   8   -0.0021553163
2   5   3   5   0.0117351840
2   5   3   6   0.0000000000
2   5   3   7   0.0334185992
2   5   3   8   0.0000000000
2   5   4   6   -0.0021553163
2   5   4   7   0.0000000000
2   5   4   8   0.0130563664
2   6   1   6   0.0557771138
2   6   1   7   0.0000000000
2   6   1   8   -0.0200602100
2   6   2   5   0.0267605156
2   6   2   6   0.0000000000
2   6   2   7   0.0318798724
2   6   3   5   0.0000000000
2   6   3   6   0.0134441658
2   6   3   7   0.0000000000
2   6   3   8   0.0090907420
2   6   4   5   -0.0192588751
2   6   4   7   0.0084423645
2   6   4   8   -0.0000000000
3   4   1   5   0.0087506142
3   4   1   7   -0.0287457635
3   4   1   8   0.0000000000
3   4   2   6   -0.0165275933
3   4   2   7   -0.0000000000
3   4   2   8   -0.0066701473
3   4   3   5   -0.0514597978
3   4   3   6   -0.0000000000
3   4   3   7   0.0156936307
3   4   3   8   -0.0000000000
3   4   4   5   0.0000000000
3   4   4   6   -0.0052116263
3   4   4   8   0.0019786972
3   5   1   6   0.0267605156
3   5   1   7   0.0000000000
3   5   1   8   -0.0192588751
3   5   2   5   0.0557771138
3   5   2   6   0.0000000000
3   5   2   7   0.0134441658
3   5   3   5   0.0000000000
3   5   3   6   0.0318798724
3   5   3   7   0.0000000000
3   5   3   8   0.0084423645
3   5   4   5   -0.0200602100
3   5   4   7   0.0090907420
3   5   4   8   -0.0000000000
3   6   1   5   0.0740037917
3   6   1   7   -0.0199178890
3   6   2   6   0.0520179406
3   6   2   7   0.0000000000
3   6   2   8   -0.0161586194
3   6   3   5   -0.0199178890
3   6   3   6   0.0000000000
3   6   3   7   0.0488010558
3   6   3   8   0.0000000000
3   6   4   6   -0.0161586194
3   6   4   7   0.0000000000
3   6   4   8   0.0154083697

End IJAB Block
Begin IJKL Block
1   4   1   4   0.2963848002
1   4   1   6   0.0565340633
1   4   2   5   0.0981790075
1   4   3   4   0.0565340633
1   4   3   6   0.0815148948
1   5   1   5   0.2357511486
1   5   2   4   0.0986721310
1   5   2   6   -0.0794236342
1   5   3   5   -0.0297899726
1   6   1   4   0.0565340633
1   6   1   6   0.2589986152
1   6   2   5   -0.0802751434
1   6   3   4   0.0833409485
1   6   3   6   0.0229238040
2   4   1   5   0.0986721310
2   4   2   4   0.2357511486
2   4   2   6   -0.0297899726
2   4   3   5   -0.0794236342
2   5   1   4   0.0981790075
2   5   1   6   -0.0802751434
2   5   2   5   0.2675988436
2   5   3   4   -0.0802751434
2   5   3   6   0.0934176739
2   6   1   5   -0.0794236342
2   6   2   4   -0.0297899726
2   6   2   6   0.2380807197
2   6   3   5   0.0950397059
3   4   1   4   0.0565340633
3   4   1   6   0.0833409485
3   4   2   5   -0.0802751434
3   4   3   4   0.2589986152
3   4   3   6   0.0229238040
3   5   1   5   -0.0297899726
3   5   2   4   -0.0794236342
3   5   2   6   0.0950397059
3   5   3   5   0.2380807197
3   6   1   4   0.0815148948
3   6   1   6   0.0229238040
3   6   2   5   0.0934176739
3   6   3   4   0.0229238040
3   6   3   6   0.2568952521

End IJKL Block
Begin ABCD Block
1   5   1   5   0.2404030904
1   5   1   6   -0.0000000000
1   5   1   7   -0.0304997767
1   5   1   8   0.0000000000
1   5   2   5   -0.0000000000
1   5   2   6   0.0760083134
1   5   2   7   -0.0000000000
1   5   2   8   -0.0101424596
1   5   3   5   -0.0304997767
1   5   3   6   -0.0000000000
1   5   3   7   0.0562218201
1   5   3   8   0.0000000000
1   5   4   5   0.0000000000
1   5   4   6   -0.0101424596
1   5   4   7   0.0000000000
1   5   4   8   0.0099237386
1   6   1   5   -0.0000000000
1   6   1   6   0.2179986243
1   6   1   7   -0.0000000000
1   6   1   8   -0.0140556285
1   6   2   5   0.0760083134
1   6   2   6   -0.0000000000
1   6   2   7   0.0614800900
1   6   2   8   0.0000000000
1   6   3   5   -0.0000000000
1   6   3   6   0.0027816187
1   6   3   7   0.0000000000
1   6   3   8   0.0067306300
1   6   4   5   -0.0101424596
1   6   4   6   0.0000000000
1   6   4   7   -0.0010822161
1   6   4   8   -0.0000000000
1   7   1   5   -0.0304997767
1   7   1   6   -0.0000000000
1   7   1   7   0.2266956112
1   7   1   8   -0.0000000000
1   7   2   5   -0.0000000000
1   7   2   6   0.0614800900
1   7   2   7   0.0000000000
1   7   2   8   0.0115598405
1   7   3   5   0.0562218201
1   7   3   6   0.0000000000
1   7   3   7   -0.0412994545
1   7   4   5   0.0000000000
1   7   4   6   -0.0010822161
1   7   4   7   -0.0000000000
1   7   4   8   -0.0029100666
1   8   1   5   0.0000000000
1   8   1   6   -0.0140556285
1   8   1   7   -0.0000000000
1   8   1   8   0.1846616347
1   8   2   5   -0.0101424596
1   8   2   6   0.0000000000
1   8   2   7   0.0115598405
1   8   2   8   -0.0000000000
1   8   3   5   0.0000000000
1   8   3   6   0.0067306300
1   8   3   8   -0.0232843517
1   8   4   5   0.0099237386
1   8   4   6   -0.0000000000
1   8   4   7   -0.0029100666
1   8   4   8   0.0000000000
2   5   1   5   -0.0000000000
2   5   1   6   0.0760083134
2   5   1   7   -0.0000000000
2   5   1   8   -0.0101424596
2   5   2   5   0.2179986243
2   5   2   6   -0.0000000000
2   5   2   7   0.0027816187
2   5   2   8   0.0000000000
2   5   3   5   -0.0000000000
2   5   3   6   0.0614800900
2   5   3   7   0.0000000000
2   5   3   8   -0.0010822161
2   5   4   5   -0.0140556285
2   5   4   6   0.0000000000
2   5   4   7   0.0067306300
2   5   4   8   -0.0000000000
2   6   1   5   0.0760083134
2   6   1   6   -0.0000000000
2   6   1   7   0.0614800900
2   6   1   8   0.0000000000
2   6   2   5   -0.0000000000
2   6   2   6   0.2237968838
2   6   2   7   0.0000000000
2   6   2   8   -0.0069534234
2   6   3   5   0.0614800900
2   6   3   6   0.0000000000
2   6   3   7   0.0633373367
2   6   3   8   0.0000000000
2   6   4   5   0.0000000000
2   6   4   6   -0.0069534234
2   6   4   7   0.0000000000
2   6   4   8   0.0074015316
2   7   1   5   -0.0000000000
2   7   1   6   0.0614800900
2   7   1   7   0.0000000000
2   7   1   8   0.0115598405
2   7   2   5   0.0027816187
2   7   2   6   0.0000000000
2   7   2   7   0.2071298330
2   7   2   8   0.0000000000
2   7   3   5   0.0000000000
2   7   3   6   0.0633373367
2   7   3   7   0.0000000000
2   7   3   8   0.0080476553
2   7   4   5   0.0067306300
2   7   4   6   0.0000000000
2   7   4   7   -0.0085225075
2   7   4   8   0.0000000000
2   8   1   5   -0.0101424596
2   8   1   6   0.0000000000
2   8   1   7   0.0115598405
2   8   1   8   -0.0000000000
2   8   2   5   0.0000000000
2   8   2   6   -0.0069534234
2   8   2   7   0.0000000000
2   8   2   8   0.1724512502
2   8   3   5   -0.0010822161
2   8   3   6   0.0000000000
2   8   3   7   0.0080476553
2   8   3   8   -0.0000000000
2   8   4   5   -0.0000000000
2   8   4   6   0.0074015316
2   8   4   7   0.0000000000
2   8   4   8   -0.0087773106
3   5   1   5   -0.0304997767
3   5   1   6   -0.0000000000
3   5   1   7   0.0562218201
3   5   1   8   0.0000000000
3   5   2   5   -0.0000000000
3   5   2   6   0.0614800900
3   5   2   7   0.0000000000
3   5   2   8   -0.0010822161
3   5   3   5   0.2266956112
3   5   3   6   0.0000000000
3   5   3   7   -0.0412994545
3   5   3   8   -0.0000000000
3   5   4   5   -0.0000000000
3   5   4   6   0.0115598405
3   5   4   8   -0.0029100666
3   6   1   5   -0.0000000000
3   6   1   6   0.0027816187
3   6   1   7   0.0000000000
3   6   1   8   0.0067306300
3   6   2   5   0.0614800900
3   6   2   6   0.0000000000
3   6   2   7   0.0633373367
3   6   2   8   0.0000000000
3   6   3   5   0.0000000000
3   6   3   6   0.2071298330
3   6   3   7   0.0000000000
3   6   3   8   -0.0085225075
3   6   4   5   0.0115598405
3   6   4   6   0.0000000000
3   6   4   7   0.0080476553
3   6   4   8   0.0000000000
3   7   1   5   0.0562218201
3   7   1   6   0.0000000000
3   7   1   7   -0.0412994545
3   7   2   5   0.0000000000
3   7   2   6   0.0633373367
3   7   2   7   0.0000000000
3   7   2   8   0.0080476553
3   7   3   5   -0.0412994545
3   7   3   6   0.0000000000
3   7   3   7   0.2324412216
3   7   3   8   0.0000000000
3   7   4   6   0.0080476553
3   7   4   7   0.0000000000
3   7   4   8   0.0091797663
3   8   1   5   0.0000000000
3   8   1   6   0.0067306300
3   8   1   8   -0.0232843517
3   8   2   5   -0.0010822161
3   8   2   6   0.0000000000
3   8   2   7   0.0080476553
3   8   2   8   -0.0000000000
3   8   3   5   -0.0000000000
3   8   3   6   -0.0085225075
3   8   3   7   0.0000000000
3   8   3   8   0.1814884345
3   8   4   5   -0.0029100666
3   8   4   6   0.0000000000
3   8   4   7   0.0091797663
3   8   4   8   0.0000000001
4   5   1   5   0.0000000000
4   5   1   6   -0.0101424596
4   5   1   7   0.0000000000
4   5   1   8   0.0099237386
4   5   2   5   -0.0140556285
4   5   2   6   0.0000000000
4   5   2   7   0.0067306300
4   5   2   8   -0.0000000000
4   5   3   5   -0.0000000000
4   5   3   6   0.0115598405
4   5   3   8   -0.0029100666
4   5   4   5   0.1846616347
4   5   4   6   -0.0000000000
4   5   4   7   -0.0232843517
4   5   4   8   0.0000000000
4   6   1   5   -0.0101424596
4   6   1   6   0.0000000000
4   6   1   7   -0.0010822161
4   6   1   8   -0.0000000000
4   6   2   5   0.0000000000
4   6   2   6   -0.0069534234
4   6   2   7   0.0000000000
4   6   2   8   0.0074015316
4   6   3   5   0.0115598405
4   6   3   6   0.0000000000
4   6   3   7   0.0080476553
4   6   3   8   0.0000000000
4   6   4   5   -0.0000000000
4   6   4   6   0.1724512502
4   6   4   7   -0.0000000000
4   6   4   8   -0.0087773106
4   7   1   5   0.0000000000
4   7   1   6   -0.0010822161
4   7   1   7   -0.0000000000
4   7   1   8   -0.0029100666
4   7   2   5   0.0067306300
4   7   2   6   0.0000000000
4   7   2   7   -0.0085225075
4   7   2   8   0.0000000000
4   7   3   6   0.0080476553
4   7   3   7   0.0000000000
4   7   3   8   0.0091797663
4   7   4   5   -0.0232843517
4   7   4   6   -0.0000000000
4   7   4   7   0.1814884345
4   7   4   8   0.0000000001
4   8   1   5   0.0099237386
4   8   1   6   -0.0000000000
4   8   1   7   -0.0029100666
4   8   1   8   0.0000000000
4   8   2   5   -0.0000000000
4   8   2   6   0.0074015316
4   8   2   7   0.0000000000
4   8   2   8   -0.0087773106
4   8   3   5   -0.0029100666
4   8   3   6   0.0000000000
4   8   3   7   0.0091797663
4   8   3   8   0.0000000001
4   8   4   5   0.0000000000
4   8   4   6   -0.0087773106
4   8   4   7   0.0000000001
4   8   4   8   0.1702787120

End ABCD Block
Begin AIJB Block
1   4   1   5   0.0638820350
1   4   1   7   -0.0243888260
1   4   2   6   -0.0246552244
1   4   2   8   -0.0035538885
1   4   3   5   0.0103897669
1   4   3   7   -0.0267894789
1   5   1   6   -0.0391176178
1   5   1   7   0.0000000000
1   5   1   8   -0.0018077963
1   5   2   5   0.0597235380
1   5   2   7   0.0116450181
1   5   3   6   0.0222020665
1   5   3   8   -0.0168372318
1   6   1   5   0.0103897669
1   6   1   7   -0.0485451321
1   6   1   8   0.0000000000
1   6   2   6   0.0495934652
1   6   2   8   -0.0172024080
1   6   3   5   0.0627194969
1   6   3   7   -0.0168923499
1   6   3   8   0.0000000000
2   4   1   6   0.0364261954
2   4   1   8   -0.0030847392
2   4   2   5   -0.0391176178
2   4   2   7   -0.0165728232
2   4   3   6   -0.0168103775
2   4   3   7   -0.0000000000
2   4   3   8   -0.0062768478
2   5   1   5   -0.0246552244
2   5   1   7   -0.0278412640
2   5   2   6   0.0565116697
2   5   2   7   0.0000000000
2   5   2   8   -0.0003047117
2   5   3   5   0.0495934652
2   5   3   7   0.0147387092
2   5   3   8   0.0000000000
2   6   1   6   -0.0168103775
2   6   1   7   -0.0000000000
2   6   1   8   -0.0046226065
2   6   2   5   0.0222020665
2   6   2   7   0.0323310375
2   6   2   8   0.0000000000
2   6   3   6   0.0510842431
2   6   3   7   0.0000000000
2   6   3   8   -0.0159111793
3   4   1   5   -0.0243888260
3   4   1   7   0.0421791452
3   4   2   5   0.0000000000
3   4   2   6   -0.0278412640
3   4   2   7   -0.0000000000
3   4   2   8   0.0001704834
3   4   3   5   -0.0485451321
3   4   3   6   -0.0000000000
3   4   3   7   0.0168024080
3   4   3   8   -0.0000000000
3   5   1   6   -0.0165728232
3   5   1   7   -0.0000000000
3   5   1   8   -0.0004450478
3   5   2   5   0.0116450181
3   5   2   6   0.0000000000
3   5   2   7   0.0304120396
3   5   2   8   0.0000000000
3   5   3   6   0.0323310375
3   5   3   7   0.0000000000
3   5   3   8   0.0073340727
3   6   1   5   -0.0267894789
3   6   1   6   -0.0000000000
3   6   1   7   0.0168024080
3   6   2   6   0.0147387092
3   6   2   7   0.0000000000
3   6   2   8   0.0075891454
3   6   3   5   -0.0168923499
3   6   3   6   0.0000000000
3   6   3   7   0.0479546441
3   6   3   8   0.0000000000
4   4   1   6   -0.0030847392
4   4   1   8   0.0135744357
4   4   2   5   -0.0018077963
4   4   2   7   -0.0004450478
4   4   2   8   0.0000000000
4   4   3   5   0.0000000000
4   4   3   6   -0.0046226065
4   4   3   8   0.0021813546
4   5   1   5   -0.0035538885
4   5   1   7   0.0001704834
4   5   1   8   0.0000000000
4   5   2   6   -0.0003047117
4   5   2   7   0.0000000000
4   5   2   8   0.0117129362
4   5   3   5   -0.0172024080
4   5   3   6   0.0000000000
4   5   3   7   0.0075891454
4   5   3   8   -0.0000000000
4   6   1   6   -0.0062768478
4   6   1   7   -0.0000000000
4   6   1   8   0.0021813546
4   6   2   5   -0.0168372318
4   6   2   6   0.0000000000
4   6   2   7   0.0073340727
4   6   2   8   -0.0000000000
4   6   3   5   0.0000000000
4   6   3   6   -0.0159111793
4   6   3   7   0.0000000000
4   6   3   8   0.0151547323

1   4   4   1   -0.2540083342
1   4   4   2   0.0000000000
1   4   4   3   0.0635146370
1   4   4   4   -0.0000000000
1   4   5   2   0.0748950072
1   4   5   3   -0.0000000000
1   4   5   4   -0.0035481355
1   4   6   1   -0.0210258620
1   4   6   3   0.0620283679
1   5   4   2   0.0751175247
1   5   4   3   -0.0000000000
1   5   4   4   -0.0035808303
1   5   5   1   -0.2328338376
1   5   5   2   0.0000000000
1   5   5   3   -0.0040000396
1   5   5   4   -0.0000000000
1   5   6   1   0.0000000000
1   5   6   2   -0.0776800879
1   5   6   4   0.0155650041
1   6   4   1   -0.0210258620
1   6   4   3   0.0642748738
1   6   5   1   0.0000000000
1   6   5   2   -0.0797089314
1   6   5   4   0.0157830316
1   6   6   1   -0.2393053243
1   6   6   2   0.0000000000
1   6   6   3   0.0328846419
1   6   6   4   -0.0000000000
2   4   4   1   0.0000000000
2   4   4   2   -0.2238605252
2   4   4   4   0.0139288005
2   4   5   1   0.0751175247
2   4   5   2   -0.0000000000
2   4   5   3   0.0721896951
2   4   6   2   0.0149276114
2   4   6   4   0.0061533439
2   5   4   1   0.0748950072
2   5   4   2   -0.0000000000
2   5   4   3   0.0733928066
2   5   5   1   0.0000000000
2   5   5   2   -0.2389807605
2   5   5   4   0.0086034070
2   5   6   1   -0.0797089314
2   5   6   2   0.0000000000
2   5   6   3   -0.0655918906
2   5   6   4   -0.0000000000
2   6   4   2   0.0149276114
2   6   4   3   -0.0000000000
2   6   4   4   0.0061587365
2   6   5   1   -0.0776800879
2   6   5   2   0.0000000000
2   6   5   3   -0.0655966659
2   6   5   4   -0.0000000000
2   6   6   1   0.0000000000
2   6   6   2   -0.2241679026
2   6   6   3   -0.0000000000
2   6   6   4   0.0180886665
3   4   4   1   0.0635146370
3   4   4   3   -0.2571135530
3   4   4   4   0.0000000000
3   4   5   1   -0.0000000000
3   4   5   2   0.0733928066
3   4   5   3   0.0000000000
3   4   5   4   0.0062025360
3   4   6   1   0.0642748738
3   4   6   2   -0.0000000000
3   4   6   3   -0.0389712222
3   4   6   4   0.0000000000
3   5   4   1   -0.0000000000
3   5   4   2   0.0721896951
3   5   4   3   0.0000000000
3   5   4   4   0.0063725691
3   5   5   1   -0.0040000396
3   5   5   3   -0.2178778816
3   5   5   4   0.0000000000
3   5   6   2   -0.0655966659
3   5   6   3   -0.0000000000
3   5   6   4   -0.0138345047
3   6   4   1   0.0620283679
3   6   4   3   -0.0389712222
3   6   4   4   0.0000000000
3   6   5   2   -0.0655918906
3   6   5   3   -0.0000000000
3   6   5   4   -0.0137787952
3   6   6   1   0.0328846419
3   6   6   2   -0.0000000000
3   6   6   3   -0.2351233973
3   6   6   4   0.0000000000
4   4   4   1   -0.0000000000
4   4   4   2   0.0139288005
4   4   4   3   0.0000000000
4   4   4   4   -0.2014945424
4   4   5   1   -0.0035808303
4   4   5   3   0.0063725691
4   4   5   4   -0.0000000000
4   4   6   2   0.0061587365
4   4   6   3   0.0000000000
4   4   6   4   -0.0184409878
4   5   4   1   -0.0035481355
4   5   4   3   0.0062025360
4   5   4   4   -0.0000000000
4   5   5   1   -0.0000000000
4   5   5   2   0.0086034070
4   5   5   3   0.0000000000
4   5   5   4   -0.1823114947
4   5   6   1   0.0157830316
4   5   6   2   -0.0000000000
4   5   6   3   -0.0137787952
4   5   6   4   0.0000000000
4   6   4   2   0.0061533439
4   6   4   3   0.0000000000
4   6   4   4   -0.0184409878
4   6   5   1   0.0155650041
4   6   5   2   -0.0000000000
4   6   5   3   -0.0138345047
4   6   5   4   0.0000000000
4   6   6   1   -0.0000000000
4   6   6   2   0.0180886665
4   6   6   3   0.0000000000
4   6   6   4   -0.1909065372

End AIJB Block
Begin IJKA Block
1   4   1   6   -0.0080018471
1   4   1   8   -0.0310524208
1   4   2   5   0.0329784314
1   4   2   6   0.0000000000
1   4   2   7   -0.0005985903
1   4   3   5   0.0000000000
1   4   3   6   0.0177383469
1   4   3   8   -0.0082829732
1   5   1   5   0.0487887652
1   5   1   7   0.0081120094
1   5   2   6   -0.0239814142
1   5   2   8   -0.0196477618
1   5   3   5   0.0392603464
1   5   3   6   -0.0000000000
1   5   3   7   -0.0207472473
1   6   1   6   0.0501526730
1   6   1   7   0.0000000000
1   6   1   8   -0.0106725815
1   6   2   5   0.0511665779
1   6   2   7   -0.0366900687
1   6   2   8   0.0000000000
1   6   3   6   0.0378030008
1   6   3   8   -0.0230862070
2   4   1   5   0.0330785819
2   4   1   7   -0.0007257609
2   4   2   6   -0.0236239452
2   4   2   7   -0.0000000000
2   4   2   8   -0.0216603324
2   4   3   5   0.0059262405
2   4   3   6   -0.0000000000
2   4   3   7   -0.0148127665
2   5   1   6   -0.0236163063
2   5   1   8   -0.0205957262
2   5   2   5   0.0046001796
2   5   2   6   0.0000000000
2   5   2   7   0.0280956307
2   5   2   8   -0.0000000000
2   5   3   5   0.0000000000
2   5   3   6   -0.0001063899
2   5   3   7   0.0000000000
2   5   3   8   0.0193924721
2   6   1   5   0.0522728219
2   6   1   6   -0.0000000000
2   6   1   7   -0.0380812354
2   6   1   8   0.0000000000
2   6   2   6   0.0075003677
2   6   2   7   0.0000000000
2   6   2   8   0.0156118923
2   6   3   5   -0.0489710739
2   6   3   6   0.0000000000
2   6   3   7   0.0075318114
3   4   1   6   0.0179262097
3   4   1   7   0.0000000000
3   4   1   8   -0.0089562482
3   4   2   5   0.0051190547
3   4   2   6   -0.0000000000
3   4   2   7   -0.0147567077
3   4   3   6   0.0053603984
3   4   3   7   -0.0000000000
3   4   3   8   -0.0266821638
3   5   1   5   0.0396788546
3   5   1   6   -0.0000000000
3   5   1   7   -0.0220792709
3   5   1   8   0.0000000000
3   5   2   6   0.0000335678
3   5   2   7   0.0000000000
3   5   2   8   0.0199257358
3   5   3   5   0.0083844585
3   5   3   6   0.0000000000
3   5   3   7   0.0030073113
3   6   1   5   -0.0000000000
3   6   1   6   0.0389504915
3   6   1   8   -0.0257816130
3   6   2   5   -0.0478053487
3   6   2   6   0.0000000000
3   6   2   7   0.0076807274
3   6   2   8   -0.0000000000
3   6   3   6   0.0184987421
3   6   3   7   0.0000000000
3   6   3   8   0.0006339715

End IJKA Block
Begin IABC Block
1   5   1   6   -0.0015368394
1   5   1   8   -0.0167501240
1   5   2   5   0.0001415146
1   5   2   7   -0.0107120119
1   5   3   6   -0.0093770680
1   5   3   8   0.0083214019
1   5   4   5   -0.0311049908
1   5   4   6   0.0000000000
1   5   4   7   0.0113851479
1   5   4   8   -0.0000000000
1   6   1   5   -0.0017103040
1   6   1   7   -0.0217396620
1   6   1   8   0.0000000000
1   6   2   6   -0.0166679035
1   6   2   7   -0.0000000000
1   6   2   8   -0.0091867770
1   6   3   5   -0.0100991859
1   6   3   6   -0.0000000000
1   6   3   7   0.0011591190
1   6   3   8   -0.0000000000
1   6   4   5   0.0000000000
1   6   4   6   -0.0233030766
1   6   4   8   0.0041012747
1   7   1   6   -0.0211277749
1   7   1   8   0.0091849719
1   7   2   5   -0.0109587467
1   7   2   6   -0.0000000000
1   7   2   7   -0.0057231877
1   7   2   8   -0.0000000000
1   7   3   6   0.0005859508
1   7   3   7   -0.0000000000
1   7   3   8   -0.0138023674
1   7   4   5   0.0116789835
1   7   4   7   -0.0293677925
1   7   4   8   -0.0000000000
1   8   1   5   -0.0159818545
1   8   1   6   0.0000000000
1   8   1   7   0.0091310186
1   8   1   8   -0.0000000000
1   8   2   6   -0.0099044619
1   8   2   8   -0.0015439069
1   8   3   5   0.0083477534
1   8   3   6   -0.0000000000
1   8   3   7   -0.0150375541
1   8   3   8   -0.0000000000
1   8   4   5   -0.0000000000
1   8   4   6   0.0042540223
1   8   4   8   -0.0096551353
2   5   1   5   0.0144185499
2   5   1   6   0.0000000000
2   5   1   7   -0.0369499446
2   5   2   6   0.0006840303
2   5   2   7   0.0000000000
2   5   2   8   0.0102924399
2   5   3   5   -0.0000708880
2   5   3   6   0.0000000000
2   5   3   7   0.0140804164
2   5   4   5   -0.0000000000
2   5   4   6   0.0206583537
2   5   4   7   -0.0000000000
2   5   4   8   -0.0034897069
2   6   1   5   0.0000000000
2   6   1   6   0.0059831615
2   6   1   7   0.0000000000
2   6   1   8   0.0062135640
2   6   2   5   0.0018249938
2   6   2   6   0.0000000000
2   6   2   7   0.0133373411
2   6   2   8   0.0000000000
2   6   3   5   0.0000000000
2   6   3   6   0.0202782155
2   6   3   7   0.0000000000
2   6   3   8   0.0061620171
2   6   4   5   0.0204495256
2   6   4   6   -0.0000000000
2   6   4   7   0.0164997850
2   6   4   8   0.0000000000
2   7   1   5   -0.0354071000
2   7   1   6   0.0000000000
2   7   1   7   0.0348563092
2   7   2   5   0.0000000000
2   7   2   6   0.0140092764
2   7   2   7   0.0000000000
2   7   2   8   0.0035860597
2   7   3   5   0.0143728407
2   7   3   6   0.0000000000
2   7   3   7   0.0056839852
2   7   3   8   0.0000000000
2   7   4   5   -0.0000000000
2   7   4   6   0.0168813333
2   7   4   7   0.0000000000
2   7   4   8   -0.0002610978
2   8   1   5   -0.0000000000
2   8   1   6   0.0067037754
2   8   1   7   -0.0000000000
2   8   1   8   0.0148747318
2   8   2   5   0.0105592176
2   8   2   7   0.0042904424
2   8   2   8   0.0000000000
2   8   3   6   0.0072936652
2   8   3   7   0.0000000000
2   8   3   8   0.0034536112
2   8   4   5   -0.0035802370
2   8   4   6   0.0000000000
2   8   4   7   -0.0003338135
2   8   4   8   -0.0000000000
3   5   1   6   -0.0490877581
3   5   1   7   0.0000000000
3   5   1   8   0.0064454680
3   5   2   5   0.0127377669
3   5   2   6   0.0000000000
3   5   2   7   -0.0360986079
3   5   3   6   0.0065475348
3   5   3   7   0.0000000000
3   5   3   8   0.0101899211
3   5   4   5   0.0038469215
3   5   4   6   -0.0000000000
3   5   4   7   0.0201826825
3   5   4   8   0.0000000000
3   6   1   5   -0.0467974493
3   6   1   6   0.0000000000
3   6   1   7   -0.0443952906
3   6   2   5   0.0000000000
3   6   2   6   0.0076097025
3   6   2   7   0.0000000000
3   6   2   8   0.0033223783
3   6   3   5   0.0070513470
3   6   3   6   0.0000000000
3   6   3   7   0.0249130335
3   6   3   8   0.0000000000
3   6   4   5   -0.0000000000
3   6   4   6   0.0123138105
3   6   4   7   0.0000000000
3   6   4   8   -0.0005939639
3   7   1   5   0.0000000000
3   7   1   6   -0.0428153676
3   7   1   7   0.0000000000
3   7   1   8   0.0038388055
3   7   2   5   -0.0339704184
3   7   2   6   0.0000000000
3   7   2   7   0.0356912677
3   7   2   8   0.0000000000
3   7   3   5   0.0000000000
3   7   3   6   0.0247488591
3   7   3   7   -0.0000000000
3   7   3   8   -0.0074928602
3   7   4   5   0.0212486320
3   7   4   6   0.0000000000
3   7   4   7   -0.0088012925
3   7   4   8   0.0000000000
3   8   1   5   0.0061918897
3   8   1   7   0.0046684975
3   8   1   8   0.0000000000
3   8   2   5   -0.0000000000
3   8   2   6   0.0041980937
3   8   2   7   0.0000000000
3   8   2   8   0.0171662493
3   8   3   5   0.0120080369
3   8   3   6   0.0000000000
3   8   3   7   -0.0076975981
3   8   3   8   0.0000000000
3   8   4   5   0.0000000000
3   8   4   6   -0.0006144272
3   8   4   7   0.0000000000
3   8   4   8   0.0000861787

End IABC Block
