Begin IJ Block
1   1   -33.0216686074
1   2   -0.5829876932
1   4   0.1841833019
2   2   -7.8742975658
2   4   0.2137767569
3   3   -6.7715973191
4   4   -6.9004121806
5   5   -7.0058647459

End IJ Block
Begin IA Block
1   1   -0.1128763096
1   3   0.0996425101
2   1   -0.5623611916
2   2   -0.0000000000
2   3   0.2489833431
3   2   0.6162343551
3   3   0.0000000000
4   1   -0.2901243905
4   2   0.0000000000
4   3   -0.6400736776

End IA Block
Begin AB Block
1   1   -2.5346833695
1   2   -0.0000000000
1   3   0.1272587453
2   2   -2.1332364787
2   3   -0.0000000000
3   3   -2.5390776893

End AB Block
Begin IJAB Block
1   6   1   4   0.0044214048
1   6   1   6   -0.0016083260
1   6   2   5   0.0020611847
1   6   3   4   -0.0016083260
1   6   3   6   0.0038772153
1   7   1   4   -0.0006834690
1   7   1   6   -0.0012129587
1   7   2   5   -0.0017287317
1   7   3   4   -0.0016068778
1   7   3   6   -0.0006912282
1   8   1   5   0.0000366223
1   8   2   4   0.0011260097
1   8   2   6   -0.0005415701
1   8   3   5   0.0001174293
1   9   1   4   -0.0007801327
1   9   1   6   0.0011368690
1   9   2   5   0.0005353372
1   9   3   4   -0.0005741582
1   9   3   6   0.0009071565
2   6   1   4   -0.0006834690
2   6   1   6   -0.0016068778
2   6   2   5   -0.0017287317
2   6   3   4   -0.0012129587
2   6   3   6   -0.0006912282
2   7   1   4   0.0177469853
2   7   1   6   -0.0032037359
2   7   2   5   0.0071881265
2   7   3   4   -0.0032037359
2   7   3   6   0.0078657891
2   8   1   5   -0.0129181712
2   8   2   4   -0.0063310847
2   8   2   6   0.0020513385
2   8   3   5   0.0056088688
2   8   3   6   0.0000000000
2   9   1   4   0.0101650992
2   9   1   6   0.0080268569
2   9   2   5   -0.0010786259
2   9   3   4   -0.0000411158
2   9   3   6   -0.0084159947
3   6   1   5   0.0011260097
3   6   2   4   0.0000366223
3   6   2   6   0.0001174293
3   6   3   5   -0.0005415701
3   7   1   5   -0.0063310847
3   7   2   4   -0.0129181712
3   7   2   6   0.0056088688
3   7   3   5   0.0020513385
3   7   3   6   0.0000000000
3   8   1   4   0.0105251669
3   8   1   6   -0.0049293412
3   8   2   5   0.0173187518
3   8   2   6   0.0000000000
3   8   3   4   -0.0049293412
3   8   3   5   0.0000000000
3   8   3   6   0.0076686734
3   9   1   5   -0.0035196157
3   9   2   4   -0.0077803997
3   9   2   6   -0.0099442700
3   9   3   4   -0.0000000000
3   9   3   5   -0.0005721979
4   6   1   4   -0.0007801327
4   6   1   6   -0.0005741582
4   6   2   5   0.0005353372
4   6   3   4   0.0011368690
4   6   3   6   0.0009071565
4   7   1   4   0.0101650992
4   7   1   6   -0.0000411158
4   7   2   5   -0.0010786259
4   7   3   4   0.0080268569
4   7   3   6   -0.0084159947
4   8   1   5   -0.0077803997
4   8   1   6   -0.0000000000
4   8   2   4   -0.0035196157
4   8   2   6   -0.0005721979
4   8   3   5   -0.0099442700
4   9   1   4   0.0107175578
4   9   1   6   0.0034576421
4   9   2   5   0.0049037649
4   9   3   4   0.0034576421
4   9   3   6   0.0194038969
5   10   1   4   0.0083790004
5   10   1   6   -0.0018788020
5   10   2   5   0.0032325267
5   10   3   4   -0.0018788020
5   10   3   6   0.0063950459

End IJAB Block
Begin IJKL Block
1   6   1   6   4.7140758149
1   6   1   7   0.4276981101
1   6   1   9   -0.1355659692
1   6   2   6   0.4276981101
1   6   2   7   0.0594731717
1   6   2   9   -0.0160507041
1   6   3   8   0.0165609692
1   6   4   6   -0.1355659692
1   6   4   7   -0.0160507041
1   6   4   9   0.0257767808
1   6   5   10   0.0249141814
1   7   1   6   0.4276981101
1   7   1   7   1.0485313685
1   7   1   9   -0.0825234466
1   7   2   6   0.0634407227
1   7   2   7   0.0147320168
1   7   2   9   -0.0074097296
1   7   3   8   -0.0229086817
1   7   4   6   -0.0159637841
1   7   4   7   -0.0145198900
1   7   4   9   -0.0218831485
1   7   5   10   -0.0280185651
1   8   1   8   0.8935002337
1   8   2   8   0.0075915713
1   8   3   6   0.0212707144
1   8   3   7   -0.0237696151
1   8   3   9   0.0030601688
1   8   4   8   -0.0075677520
1   9   1   6   -0.1355659692
1   9   1   7   -0.0825234466
1   9   1   9   0.9795092620
1   9   2   6   -0.0159637841
1   9   2   7   -0.0076807518
1   9   2   9   0.0134497565
1   9   3   8   0.0026426754
1   9   4   6   0.0308447480
1   9   4   7   -0.0225720659
1   9   4   9   0.0079961828
1   9   5   10   0.0084297126
1   10   1   10   1.0196513738
1   10   2   10   0.0121382202
1   10   4   10   -0.0047945665
1   10   5   6   0.0303842645
1   10   5   7   -0.0283434006
1   10   5   9   0.0087519946
2   6   1   6   0.4276981101
2   6   1   7   0.0634407227
2   6   1   9   -0.0159637841
2   6   2   6   1.0485313685
2   6   2   7   0.0147320168
2   6   2   9   -0.0145198900
2   6   3   8   -0.0229086817
2   6   4   6   -0.0825234466
2   6   4   7   -0.0074097296
2   6   4   9   -0.0218831485
2   6   5   10   -0.0280185651
2   7   1   6   0.0594731717
2   7   1   7   0.0147320168
2   7   1   9   -0.0076807518
2   7   2   6   0.0147320168
2   7   2   7   0.7438123227
2   7   2   9   0.0170628472
2   7   3   8   0.1403516896
2   7   4   6   -0.0076807518
2   7   4   7   0.0170628472
2   7   4   9   0.1120516504
2   7   5   10   0.1144324060
2   8   1   8   0.0075915713
2   8   2   8   0.6749221527
2   8   3   6   -0.0237696151
2   8   3   7   0.1456771396
2   8   3   9   0.0133604073
2   8   4   8   0.0117109943
2   9   1   6   -0.0160507041
2   9   1   7   -0.0074097296
2   9   1   9   0.0134497565
2   9   2   6   -0.0145198900
2   9   2   7   0.0170628472
2   9   2   9   0.6675657416
2   9   3   8   0.0138308436
2   9   4   6   -0.0225720659
2   9   4   7   0.1171500504
2   9   4   9   -0.0618746193
2   9   5   10   -0.0269979783
2   10   1   10   0.0121382202
2   10   2   10   0.6935550970
2   10   4   10   -0.0304680949
2   10   5   6   -0.0283434006
2   10   5   7   0.1186660213
2   10   5   9   -0.0267497086
3   6   1   8   0.0212707144
3   6   2   8   -0.0237696151
3   6   3   6   0.8935002337
3   6   3   7   0.0075915713
3   6   3   9   -0.0075677520
3   6   4   8   0.0030601688
3   7   1   8   -0.0237696151
3   7   2   8   0.1456771396
3   7   3   6   0.0075915713
3   7   3   7   0.6749221527
3   7   3   9   0.0117109943
3   7   4   8   0.0133604073
3   8   1   6   0.0165609692
3   8   1   7   -0.0229086817
3   8   1   9   0.0026426754
3   8   2   6   -0.0229086817
3   8   2   7   0.1403516896
3   8   2   9   0.0138308436
3   8   3   8   0.6499567973
3   8   4   6   0.0026426754
3   8   4   7   0.0138308436
3   8   4   9   0.0287714391
3   8   5   10   0.0207382718
3   9   1   8   0.0030601688
3   9   2   8   0.0133604073
3   9   3   6   -0.0075677520
3   9   3   7   0.0117109943
3   9   3   9   0.5984017782
3   9   4   8   0.0355739699
3   10   3   10   0.6107140487
3   10   5   8   0.0271006576
4   6   1   6   -0.1355659692
4   6   1   7   -0.0159637841
4   6   1   9   0.0308447480
4   6   2   6   -0.0825234466
4   6   2   7   -0.0076807518
4   6   2   9   -0.0225720659
4   6   3   8   0.0026426754
4   6   4   6   0.9795092620
4   6   4   7   0.0134497565
4   6   4   9   0.0079961828
4   6   5   10   0.0084297126
4   7   1   6   -0.0160507041
4   7   1   7   -0.0145198900
4   7   1   9   -0.0225720659
4   7   2   6   -0.0074097296
4   7   2   7   0.0170628472
4   7   2   9   0.1171500504
4   7   3   8   0.0138308436
4   7   4   6   0.0134497565
4   7   4   7   0.6675657416
4   7   4   9   -0.0618746193
4   7   5   10   -0.0269979783
4   8   1   8   -0.0075677520
4   8   2   8   0.0117109943
4   8   3   6   0.0030601688
4   8   3   7   0.0133604073
4   8   3   9   0.0355739699
4   8   4   8   0.5984017782
4   9   1   6   0.0257767808
4   9   1   7   -0.0218831485
4   9   1   9   0.0079961828
4   9   2   6   -0.0218831485
4   9   2   7   0.1120516504
4   9   2   9   -0.0618746193
4   9   3   8   0.0287714391
4   9   4   6   0.0079961828
4   9   4   7   -0.0618746193
4   9   4   9   0.6916165520
4   9   5   10   0.0307491402
4   10   1   10   -0.0047945665
4   10   2   10   -0.0304680949
4   10   4   10   0.6379900236
4   10   5   6   0.0087519946
4   10   5   7   -0.0267497086
4   10   5   9   0.0366213956
5   6   1   10   0.0303842645
5   6   2   10   -0.0283434006
5   6   4   10   0.0087519946
5   6   5   6   1.0196513738
5   6   5   7   0.0121382202
5   6   5   9   -0.0047945665
5   7   1   10   -0.0283434006
5   7   2   10   0.1186660213
5   7   4   10   -0.0267497086
5   7   5   6   0.0121382202
5   7   5   7   0.6935550970
5   7   5   9   -0.0304680949
5   8   3   10   0.0271006576
5   8   5   8   0.6107140487
5   9   1   10   0.0087519946
5   9   2   10   -0.0267497086
5   9   4   10   0.0366213956
5   9   5   6   -0.0047945665
5   9   5   7   -0.0304680949
5   9   5   9   0.6379900236
5   10   1   6   0.0249141814
5   10   1   7   -0.0280185651
5   10   1   9   0.0084297126
5   10   2   6   -0.0280185651
5   10   2   7   0.1144324060
5   10   2   9   -0.0269979783
5   10   3   8   0.0207382718
5   10   4   6   0.0084297126
5   10   4   7   -0.0269979783
5   10   4   9   0.0307491402
5   10   5   10   0.7093929928

End IJKL Block
Begin ABCD Block
1   4   1   4   0.2229059972
1   4   1   6   0.0119069156
1   4   2   5   0.0526238434
1   4   3   4   0.0119069156
1   4   3   6   0.0264902249
1   5   1   5   0.2058319609
1   5   1   6   0.0000000000
1   5   2   4   0.0526202417
1   5   2   6   -0.0033802016
1   5   3   5   0.0042356746
1   5   3   6   -0.0000000000
1   6   1   4   0.0119069156
1   6   1   5   0.0000000000
1   6   1   6   0.1997720339
1   6   2   5   -0.0033783210
1   6   2   6   -0.0000000000
1   6   3   4   0.0264922443
1   6   3   5   -0.0000000000
1   6   3   6   -0.0252541579
2   4   1   5   0.0526202417
2   4   2   4   0.2058319609
2   4   2   6   0.0042356746
2   4   3   4   0.0000000000
2   4   3   5   -0.0033802016
2   4   3   6   -0.0000000000
2   5   1   4   0.0526238434
2   5   1   6   -0.0033783210
2   5   2   5   0.2110726493
2   5   2   6   0.0000000000
2   5   3   4   -0.0033783210
2   5   3   5   0.0000000000
2   5   3   6   0.0070415863
2   6   1   5   -0.0033802016
2   6   1   6   -0.0000000000
2   6   2   4   0.0042356746
2   6   2   5   0.0000000000
2   6   2   6   0.1794480199
2   6   3   4   -0.0000000000
2   6   3   5   0.0070448676
2   6   3   6   0.0000000000
3   4   1   4   0.0119069156
3   4   1   6   0.0264922443
3   4   2   4   0.0000000000
3   4   2   5   -0.0033783210
3   4   2   6   -0.0000000000
3   4   3   4   0.1997720339
3   4   3   5   -0.0000000000
3   4   3   6   -0.0252541579
3   5   1   5   0.0042356746
3   5   1   6   -0.0000000000
3   5   2   4   -0.0033802016
3   5   2   5   0.0000000000
3   5   2   6   0.0070448676
3   5   3   4   -0.0000000000
3   5   3   5   0.1794480199
3   5   3   6   0.0000000000
3   6   1   4   0.0264902249
3   6   1   5   -0.0000000000
3   6   1   6   -0.0252541579
3   6   2   4   -0.0000000000
3   6   2   5   0.0070415863
3   6   2   6   0.0000000000
3   6   3   4   -0.0252541579
3   6   3   5   0.0000000000
3   6   3   6   0.2612738441

End ABCD Block
Begin AIJB Block
1   6   1   4   0.0040131168
1   6   1   6   -0.0014578927
1   6   2   4   -0.0004024391
1   6   2   6   -0.0015836016
1   6   3   5   0.0009213298
1   6   4   4   -0.0004966240
1   6   4   6   -0.0005470945
1   7   1   4   -0.0004024391
1   7   1   6   -0.0012175140
1   7   2   4   0.0137272310
1   7   2   6   -0.0023161133
1   7   3   5   -0.0039420106
1   7   4   4   0.0074738585
1   7   4   6   -0.0005609626
1   8   1   5   -0.0001787872
1   8   2   5   -0.0105438516
1   8   3   4   0.0078406345
1   8   3   6   -0.0039877320
1   8   4   5   -0.0066010173
1   8   4   6   -0.0000000000
1   9   1   4   -0.0004966240
1   9   1   6   0.0011965948
1   9   2   4   0.0074738585
1   9   2   6   0.0076361502
1   9   3   5   -0.0025219707
1   9   4   4   0.0086521124
1   9   4   6   0.0032477922
1   10   5   4   0.0061472218
1   10   5   6   -0.0010226850
2   6   1   5   0.0018808160
2   6   2   5   -0.0015723181
2   6   3   4   -0.0001787872
2   6   3   6   0.0002556183
2   6   4   5   0.0005183786
2   7   1   5   -0.0015723181
2   7   2   5   0.0055937895
2   7   3   4   -0.0105438516
2   7   3   6   0.0045130053
2   7   4   5   -0.0008005556
2   8   1   4   0.0009213298
2   8   1   6   -0.0004144048
2   8   2   4   -0.0039420106
2   8   2   6   0.0008377381
2   8   3   5   0.0140783985
2   8   3   6   0.0000000000
2   8   4   4   -0.0025219707
2   8   4   6   -0.0001501610
2   9   1   5   0.0005183786
2   9   2   5   -0.0008005556
2   9   3   4   -0.0066010173
2   9   3   6   -0.0093975401
2   9   4   5   0.0031861952
2   10   5   5   0.0020188275
3   6   1   4   -0.0014578927
3   6   1   6   0.0035729968
3   6   2   4   -0.0012175140
3   6   2   6   -0.0005630944
3   6   3   5   -0.0004144048
3   6   4   4   0.0011965948
3   6   4   6   0.0006567337
3   7   1   4   -0.0015836016
3   7   1   6   -0.0005630944
3   7   2   4   -0.0023161133
3   7   2   6   0.0066297574
3   7   3   5   0.0008377381
3   7   4   4   0.0076361502
3   7   4   6   -0.0069611100
3   8   1   5   0.0002556183
3   8   2   5   0.0045130053
3   8   3   4   -0.0039877320
3   8   3   5   0.0000000000
3   8   3   6   0.0068289791
3   8   4   5   -0.0093975401
3   9   1   4   -0.0005470945
3   9   1   6   0.0006567337
3   9   2   4   -0.0005609626
3   9   2   6   -0.0069611100
3   9   3   4   -0.0000000000
3   9   3   5   -0.0001501610
3   9   4   4   0.0032477922
3   9   4   6   0.0176281348
3   10   5   4   -0.0010226850
3   10   5   6   0.0056859562

1   6   6   1   -0.2839920607
1   6   6   3   0.0161588736
1   6   7   1   -0.0006153409
1   6   7   3   0.0004595447
1   6   8   2   -0.0024254398
1   6   9   1   0.0030673531
1   6   9   3   0.0012785519
1   7   6   1   -0.0006153409
1   7   6   3   0.0004666900
1   7   7   1   -0.2695930235
1   7   7   3   0.0095164617
1   7   8   2   0.0286414724
1   7   9   1   -0.0175818085
1   7   9   3   -0.0151034789
1   8   6   2   -0.0024391425
1   8   7   2   0.0286419997
1   8   8   1   -0.2659056087
1   8   8   3   0.0122131114
1   8   9   2   0.0086385724
1   8   9   3   0.0000000000
1   9   6   1   0.0030673531
1   9   6   3   0.0012829295
1   9   7   1   -0.0175818085
1   9   7   3   -0.0150621964
1   9   8   2   0.0087057487
1   9   8   3   0.0000000000
1   9   9   1   -0.2558146355
1   9   9   3   0.0159989379
1   10   10   1   -0.2593226636
1   10   10   3   0.0120754184
2   6   6   2   -0.2431171264
2   6   6   3   -0.0000000000
2   6   7   2   -0.0005345305
2   6   8   1   -0.0024391425
2   6   8   3   0.0011311949
2   6   9   2   0.0009241697
2   7   6   2   -0.0005345305
2   7   7   2   -0.2299410153
2   7   7   3   -0.0000000000
2   7   8   1   0.0286419997
2   7   8   3   -0.0077897037
2   7   9   2   -0.0083424995
2   7   9   3   -0.0000000000
2   8   6   1   -0.0024254398
2   8   6   3   0.0011715429
2   8   7   1   0.0286414724
2   8   7   3   -0.0079110926
2   8   8   2   -0.2337059444
2   8   8   3   -0.0000000000
2   8   9   1   0.0087057487
2   8   9   3   0.0019782046
2   9   6   2   0.0009241697
2   9   7   2   -0.0083424995
2   9   7   3   -0.0000000000
2   9   8   1   0.0086385724
2   9   8   3   0.0018034756
2   9   9   2   -0.2206683368
2   9   9   3   -0.0000000000
2   10   10   2   -0.2217032853
2   10   10   3   -0.0000000000
3   6   6   1   0.0161588736
3   6   6   2   -0.0000000000
3   6   6   3   -0.3128293420
3   6   7   1   0.0004666900
3   6   7   3   -0.0015167247
3   6   8   2   0.0011715429
3   6   9   1   0.0012829295
3   6   9   3   -0.0024468014
3   7   6   1   0.0004595447
3   7   6   3   -0.0015167247
3   7   7   1   0.0095164617
3   7   7   2   -0.0000000000
3   7   7   3   -0.2807895072
3   7   8   2   -0.0079110926
3   7   8   3   0.0000000000
3   7   9   1   -0.0150621964
3   7   9   2   -0.0000000000
3   7   9   3   0.0217953991
3   8   6   2   0.0011311949
3   8   7   2   -0.0077897037
3   8   7   3   0.0000000000
3   8   8   1   0.0122131114
3   8   8   2   -0.0000000000
3   8   8   3   -0.2752998802
3   8   9   1   0.0000000000
3   8   9   2   0.0018034756
3   8   9   3   -0.0000000000
3   9   6   1   0.0012785519
3   9   6   3   -0.0024468014
3   9   7   1   -0.0151034789
3   9   7   2   -0.0000000000
3   9   7   3   0.0217953991
3   9   8   1   0.0000000000
3   9   8   2   0.0019782046
3   9   8   3   -0.0000000000
3   9   9   1   0.0159989379
3   9   9   2   -0.0000000000
3   9   9   3   -0.2943867725
3   10   10   1   0.0120754184
3   10   10   2   -0.0000000000
3   10   10   3   -0.2819747423

End AIJB Block
Begin IJKA Block
1   6   1   4   0.0918768245
1   6   1   6   -0.0787540623
1   6   2   4   0.0148908759
1   6   2   6   -0.0111999640
1   6   3   5   -0.0062553227
1   6   4   4   0.0003848988
1   6   4   6   0.0095052614
1   7   1   4   0.1123727040
1   7   1   6   -0.0604902937
1   7   2   4   0.0017237581
1   7   2   6   -0.0026758906
1   7   3   5   0.0054642884
1   7   4   4   -0.0056914496
1   7   4   6   -0.0034540981
1   8   1   5   -0.1104795273
1   8   1   6   -0.0000000000
1   8   2   5   -0.0007823452
1   8   3   4   -0.0031347601
1   8   3   6   0.0012542048
1   8   4   5   0.0003427071
1   9   1   4   0.0504093038
1   9   1   6   0.1202068880
1   9   2   4   -0.0006255865
1   9   2   6   0.0022988282
1   9   3   5   -0.0017243207
1   9   4   4   -0.0022911795
1   9   4   6   0.0037310917
1   10   5   4   -0.0045659220
1   10   5   6   0.0053664023
2   6   1   4   0.0157555455
2   6   1   6   -0.0117738911
2   6   2   4   0.0008671413
2   6   2   6   -0.0048473998
2   6   3   5   0.0071176240
2   6   4   4   -0.0055713485
2   6   4   6   -0.0050265358
2   7   1   4   0.0008479897
2   7   1   6   -0.0021507669
2   7   2   4   0.0659770368
2   7   2   6   -0.0199296039
2   7   3   5   -0.0234716880
2   7   4   4   0.0118976763
2   7   4   6   0.0186671280
2   8   1   5   -0.0001638857
2   8   2   5   -0.0669885505
2   8   2   6   -0.0000000000
2   8   3   4   0.0042790168
2   8   3   6   0.0100058310
2   8   4   5   0.0072276926
2   8   4   6   0.0000000000
2   9   1   4   -0.0008036153
2   9   1   6   0.0016434239
2   9   2   4   0.0332829537
2   9   2   6   0.0653311995
2   9   3   5   0.0085686572
2   9   3   6   0.0000000000
2   9   4   4   0.0003288349
2   9   4   6   -0.0140605464
2   10   5   4   0.0118680590
2   10   5   6   -0.0191918781
3   6   1   5   -0.0068748166
3   6   2   5   0.0073236660
3   6   3   4   0.0004002432
3   6   3   6   -0.0023987121
3   6   4   5   -0.0011336609
3   7   1   5   0.0055747880
3   7   2   5   -0.0230458450
3   7   3   4   0.0492599474
3   7   3   6   -0.0128075604
3   7   4   5   0.0028213529
3   7   4   6   0.0000000000
3   8   1   4   -0.0029668643
3   8   1   6   0.0013126930
3   8   2   4   0.0044233055
3   8   2   6   0.0091954119
3   8   3   5   -0.0617041758
3   8   3   6   -0.0000000000
3   8   4   4   -0.0006059308
3   8   4   6   0.0084502470
3   9   1   5   -0.0016706437
3   9   2   5   0.0077903114
3   9   2   6   0.0000000000
3   9   3   4   0.0229153134
3   9   3   6   0.0572611005
3   9   4   5   -0.0052191407
3   10   5   5   -0.0061018475
4   6   1   4   0.0006823085
4   6   1   6   0.0101283100
4   6   2   4   -0.0057649629
4   6   2   6   -0.0050970616
4   6   3   5   -0.0010648880
4   6   4   4   0.0044153001
4   6   4   6   0.0012754275
4   7   1   4   -0.0055174057
4   7   1   6   -0.0035061867
4   7   2   4   0.0121779490
4   7   2   6   0.0178613665
4   7   3   5   0.0031024639
4   7   3   6   0.0000000000
4   7   4   4   0.0450536967
4   7   4   6   -0.0299474124
4   8   1   5   0.0003062850
4   8   2   5   0.0064276809
4   8   2   6   0.0000000000
4   8   3   4   -0.0009718333
4   8   3   6   0.0087371550
4   8   4   5   -0.0581146426
4   8   4   6   -0.0000000000
4   9   1   4   -0.0019336342
4   9   1   6   0.0036048868
4   9   2   4   0.0007789080
4   9   2   6   -0.0129254553
4   9   3   5   -0.0055035213
4   9   4   4   0.0323320677
4   9   4   6   0.0734578937
4   10   5   4   0.0012377792
4   10   5   6   0.0097919651
5   6   5   4   0.0016730504
5   6   5   6   -0.0017187447
5   7   5   4   0.0570413976
5   7   5   6   -0.0305093626
5   8   5   5   -0.0611850225
5   8   5   6   -0.0000000000
5   9   5   4   0.0289814826
5   9   5   6   0.0639358966
5   10   1   4   -0.0040564346
5   10   1   6   0.0049235363
5   10   2   4   0.0115422942
5   10   2   6   -0.0180828884
5   10   3   5   -0.0061681277
5   10   4   4   0.0017005456
5   10   4   6   0.0088693513

End IJKA Block
Begin IABC Block
1   4   1   4   -0.0003132889
1   4   1   6   -0.0003127909
1   4   2   5   -0.0006683831
1   4   3   4   -0.0007863897
1   4   3   6   -0.0002441799
1   5   1   5   -0.0000200049
1   5   2   4   -0.0006727616
1   5   2   6   0.0003277031
1   5   3   5   -0.0002694798
1   6   1   4   -0.0003160296
1   6   1   6   0.0007205962
1   6   2   5   0.0003310586
1   6   3   4   -0.0002463706
1   6   3   6   0.0004455914
2   4   1   4   0.0049801067
2   4   1   6   -0.0001234786
2   4   2   5   -0.0007378449
2   4   3   4   -0.0011312980
2   4   3   6   -0.0020716067
2   5   1   5   0.0024520774
2   5   2   4   -0.0006902045
2   5   2   6   -0.0007062093
2   5   3   5   -0.0006340166
2   5   3   6   -0.0000000000
2   6   1   4   -0.0000605146
2   6   1   6   0.0042730990
2   6   2   5   -0.0007274443
2   6   2   6   0.0000000000
2   6   3   4   -0.0021041144
2   6   3   5   -0.0000000000
2   6   3   6   -0.0012755984
3   4   1   5   0.0110665584
3   4   2   4   -0.0033368834
3   4   2   6   0.0020679394
3   4   3   4   0.0000000000
3   4   3   5   -0.0076071148
3   5   1   4   0.0108884699
3   5   1   6   -0.0015371735
3   5   2   5   -0.0004865089
3   5   3   4   -0.0074679936
3   5   3   5   0.0000000000
3   5   3   6   0.0026762154
3   6   1   5   -0.0018203290
3   6   1   6   0.0000000000
3   6   2   4   0.0019378818
3   6   2   6   -0.0104520293
3   6   3   5   0.0029225986
3   6   3   6   0.0000000000
4   4   1   4   -0.0026953101
4   4   1   6   -0.0066560489
4   4   2   5   -0.0060531470
4   4   3   4   0.0078834601
4   4   3   5   -0.0000000000
4   4   3   6   0.0016481852
4   5   1   5   -0.0036038736
4   5   2   4   -0.0059810057
4   5   2   6   0.0005127817
4   5   3   4   -0.0000000000
4   5   3   5   0.0077235717
4   5   3   6   0.0000000000
4   6   1   4   -0.0063535500
4   6   1   6   0.0097799596
4   6   2   5   0.0007138714
4   6   3   4   0.0014893216
4   6   3   5   0.0000000000
4   6   3   6   0.0025807438

End IABC Block
