Number of strings: 4368 4368, CI size = 19079424
String addressing array alpha: 5 16
0 1001 1716 2211 2541 2751 2877 2947 2982 2997 3002 3003 3003 3003 3003 3003
0 0 286 506 671 791 875 931 966 986 996 1000 1001 1001 1001 1001
0 0 0 66 121 166 202 230 251 266 276 282 285 286 286 286
0 0 0 0 11 21 30 38 45 51 56 60 63 65 66 66
0 0 0 0 0 1 2 3 4 5 6 7 8 9 10 11

Alpha strings 4368 5
1 2 3 4 5
1 2 3 4 6
1 2 3 4 7
1 2 3 4 8
1 2 3 4 9
1 2 3 4 10
1 2 3 4 11
1 2 3 4 12
1 2 3 4 13
1 2 3 4 14
1 2 3 4 15
1 2 3 4 16
1 2 3 5 6
1 2 3 5 7
1 2 3 5 8
1 2 3 5 9
1 2 3 5 10
1 2 3 5 11
1 2 3 5 12
1 2 3 5 13
1 2 3 5 14
1 2 3 5 15
1 2 3 5 16
1 2 3 6 7
1 2 3 6 8
1 2 3 6 9
1 2 3 6 10
1 2 3 6 11
1 2 3 6 12
1 2 3 6 13
1 2 3 6 14
1 2 3 6 15
1 2 3 6 16
1 2 3 7 8
1 2 3 7 9
1 2 3 7 10
1 2 3 7 11
1 2 3 7 12
1 2 3 7 13
1 2 3 7 14
1 2 3 7 15
1 2 3 7 16
1 2 3 8 9
1 2 3 8 10
1 2 3 8 11
1 2 3 8 12
1 2 3 8 13
1 2 3 8 14
1 2 3 8 15
1 2 3 8 16
1 2 3 9 10
1 2 3 9 11
1 2 3 9 12
1 2 3 9 13
1 2 3 9 14
1 2 3 9 15
1 2 3 9 16
1 2 3 10 11
1 2 3 10 12
1 2 3 10 13
1 2 3 10 14
1 2 3 10 15
1 2 3 10 16
1 2 3 11 12
1 2 3 11 13
1 2 3 11 14
1 2 3 11 15
1 2 3 11 16
1 2 3 12 13
1 2 3 12 14
1 2 3 12 15
1 2 3 12 16
1 2 3 13 14
1 2 3 13 15
1 2 3 13 16
1 2 3 14 15
1 2 3 14 16
1 2 3 15 16
1 2 4 5 6
1 2 4 5 7
1 2 4 5 8
1 2 4 5 9
1 2 4 5 10
1 2 4 5 11
1 2 4 5 12
1 2 4 5 13
1 2 4 5 14
1 2 4 5 15
1 2 4 5 16
1 2 4 6 7
1 2 4 6 8
1 2 4 6 9
1 2 4 6 10
1 2 4 6 11
1 2 4 6 12
1 2 4 6 13
1 2 4 6 14
1 2 4 6 15
1 2 4 6 16
1 2 4 7 8
1 2 4 7 9
1 2 4 7 10
1 2 4 7 11
1 2 4 7 12
1 2 4 7 13
1 2 4 7 14
1 2 4 7 15
1 2 4 7 16
1 2 4 8 9
1 2 4 8 10
1 2 4 8 11
1 2 4 8 12
1 2 4 8 13
1 2 4 8 14
1 2 4 8 15
1 2 4 8 16
1 2 4 9 10
1 2 4 9 11
1 2 4 9 12
1 2 4 9 13
1 2 4 9 14
1 2 4 9 15
1 2 4 9 16
1 2 4 10 11
1 2 4 10 12
1 2 4 10 13
1 2 4 10 14
1 2 4 10 15
1 2 4 10 16
1 2 4 11 12
1 2 4 11 13
1 2 4 11 14
1 2 4 11 15
1 2 4 11 16
1 2 4 12 13
1 2 4 12 14
1 2 4 12 15
1 2 4 12 16
1 2 4 13 14
1 2 4 13 15
1 2 4 13 16
1 2 4 14 15
1 2 4 14 16
1 2 4 15 16
1 2 5 6 7
1 2 5 6 8
1 2 5 6 9
1 2 5 6 10
1 2 5 6 11
1 2 5 6 12
1 2 5 6 13
1 2 5 6 14
1 2 5 6 15
1 2 5 6 16
1 2 5 7 8
1 2 5 7 9
1 2 5 7 10
1 2 5 7 11
1 2 5 7 12
1 2 5 7 13
1 2 5 7 14
1 2 5 7 15
1 2 5 7 16
1 2 5 8 9
1 2 5 8 10
1 2 5 8 11
1 2 5 8 12
1 2 5 8 13
1 2 5 8 14
1 2 5 8 15
1 2 5 8 16
1 2 5 9 10
1 2 5 9 11
1 2 5 9 12
1 2 5 9 13
1 2 5 9 14
1 2 5 9 15
1 2 5 9 16
1 2 5 10 11
1 2 5 10 12
1 2 5 10 13
1 2 5 10 14
1 2 5 10 15
1 2 5 10 16
1 2 5 11 12
1 2 5 11 13
1 2 5 11 14
1 2 5 11 15
1 2 5 11 16
1 2 5 12 13
1 2 5 12 14
1 2 5 12 15
1 2 5 12 16
1 2 5 13 14
1 2 5 13 15
1 2 5 13 16
1 2 5 14 15
1 2 5 14 16
1 2 5 15 16
1 2 6 7 8
1 2 6 7 9
1 2 6 7 10
1 2 6 7 11
1 2 6 7 12
1 2 6 7 13
1 2 6 7 14
1 2 6 7 15
1 2 6 7 16
1 2 6 8 9
1 2 6 8 10
1 2 6 8 11
1 2 6 8 12
1 2 6 8 13
1 2 6 8 14
1 2 6 8 15
1 2 6 8 16
1 2 6 9 10
1 2 6 9 11
1 2 6 9 12
1 2 6 9 13
1 2 6 9 14
1 2 6 9 15
1 2 6 9 16
1 2 6 10 11
1 2 6 10 12
1 2 6 10 13
1 2 6 10 14
1 2 6 10 15
1 2 6 10 16
1 2 6 11 12
1 2 6 11 13
1 2 6 11 14
1 2 6 11 15
1 2 6 11 16
1 2 6 12 13
1 2 6 12 14
1 2 6 12 15
1 2 6 12 16
1 2 6 13 14
1 2 6 13 15
1 2 6 13 16
1 2 6 14 15
1 2 6 14 16
1 2 6 15 16
1 2 7 8 9
1 2 7 8 10
1 2 7 8 11
1 2 7 8 12
1 2 7 8 13
1 2 7 8 14
1 2 7 8 15
1 2 7 8 16
1 2 7 9 10
1 2 7 9 11
1 2 7 9 12
1 2 7 9 13
1 2 7 9 14
1 2 7 9 15
1 2 7 9 16
1 2 7 10 11
1 2 7 10 12
1 2 7 10 13
1 2 7 10 14
1 2 7 10 15
1 2 7 10 16
1 2 7 11 12
1 2 7 11 13
1 2 7 11 14
1 2 7 11 15
1 2 7 11 16
1 2 7 12 13
1 2 7 12 14
1 2 7 12 15
1 2 7 12 16
1 2 7 13 14
1 2 7 13 15
1 2 7 13 16
1 2 7 14 15
1 2 7 14 16
1 2 7 15 16
1 2 8 9 10
1 2 8 9 11
1 2 8 9 12
1 2 8 9 13
1 2 8 9 14
1 2 8 9 15
1 2 8 9 16
1 2 8 10 11
1 2 8 10 12
1 2 8 10 13
1 2 8 10 14
1 2 8 10 15
1 2 8 10 16
1 2 8 11 12
1 2 8 11 13
1 2 8 11 14
1 2 8 11 15
1 2 8 11 16
1 2 8 12 13
1 2 8 12 14
1 2 8 12 15
1 2 8 12 16
1 2 8 13 14
1 2 8 13 15
1 2 8 13 16
1 2 8 14 15
1 2 8 14 16
1 2 8 15 16
1 2 9 10 11
1 2 9 10 12
1 2 9 10 13
1 2 9 10 14
1 2 9 10 15
1 2 9 10 16
1 2 9 11 12
1 2 9 11 13
1 2 9 11 14
1 2 9 11 15
1 2 9 11 16
1 2 9 12 13
1 2 9 12 14
1 2 9 12 15
1 2 9 12 16
1 2 9 13 14
1 2 9 13 15
1 2 9 13 16
1 2 9 14 15
1 2 9 14 16
1 2 9 15 16
1 2 10 11 12
1 2 10 11 13
1 2 10 11 14
1 2 10 11 15
1 2 10 11 16
1 2 10 12 13
1 2 10 12 14
1 2 10 12 15
1 2 10 12 16
1 2 10 13 14
1 2 10 13 15
1 2 10 13 16
1 2 10 14 15
1 2 10 14 16
1 2 10 15 16
1 2 11 12 13
1 2 11 12 14
1 2 11 12 15
1 2 11 12 16
1 2 11 13 14
1 2 11 13 15
1 2 11 13 16
1 2 11 14 15
1 2 11 14 16
1 2 11 15 16
1 2 12 13 14
1 2 12 13 15
1 2 12 13 16
1 2 12 14 15
1 2 12 14 16
1 2 12 15 16
1 2 13 14 15
1 2 13 14 16
1 2 13 15 16
1 2 14 15 16
1 3 4 5 6
1 3 4 5 7
1 3 4 5 8
1 3 4 5 9
1 3 4 5 10
1 3 4 5 11
1 3 4 5 12
1 3 4 5 13
1 3 4 5 14
1 3 4 5 15
1 3 4 5 16
1 3 4 6 7
1 3 4 6 8
1 3 4 6 9
1 3 4 6 10
1 3 4 6 11
1 3 4 6 12
1 3 4 6 13
1 3 4 6 14
1 3 4 6 15
1 3 4 6 16
1 3 4 7 8
1 3 4 7 9
1 3 4 7 10
1 3 4 7 11
1 3 4 7 12
1 3 4 7 13
1 3 4 7 14
1 3 4 7 15
1 3 4 7 16
1 3 4 8 9
1 3 4 8 10
1 3 4 8 11
1 3 4 8 12
1 3 4 8 13
1 3 4 8 14
1 3 4 8 15
1 3 4 8 16
1 3 4 9 10
1 3 4 9 11
1 3 4 9 12
1 3 4 9 13
1 3 4 9 14
1 3 4 9 15
1 3 4 9 16
1 3 4 10 11
1 3 4 10 12
1 3 4 10 13
1 3 4 10 14
1 3 4 10 15
1 3 4 10 16
1 3 4 11 12
1 3 4 11 13
1 3 4 11 14
1 3 4 11 15
1 3 4 11 16
1 3 4 12 13
1 3 4 12 14
1 3 4 12 15
1 3 4 12 16
1 3 4 13 14
1 3 4 13 15
1 3 4 13 16
1 3 4 14 15
1 3 4 14 16
1 3 4 15 16
1 3 5 6 7
1 3 5 6 8
1 3 5 6 9
1 3 5 6 10
1 3 5 6 11
1 3 5 6 12
1 3 5 6 13
1 3 5 6 14
1 3 5 6 15
1 3 5 6 16
1 3 5 7 8
1 3 5 7 9
1 3 5 7 10
1 3 5 7 11
1 3 5 7 12
1 3 5 7 13
1 3 5 7 14
1 3 5 7 15
1 3 5 7 16
1 3 5 8 9
1 3 5 8 10
1 3 5 8 11
1 3 5 8 12
1 3 5 8 13
1 3 5 8 14
1 3 5 8 15
1 3 5 8 16
1 3 5 9 10
1 3 5 9 11
1 3 5 9 12
1 3 5 9 13
1 3 5 9 14
1 3 5 9 15
1 3 5 9 16
1 3 5 10 11
1 3 5 10 12
1 3 5 10 13
1 3 5 10 14
1 3 5 10 15
1 3 5 10 16
1 3 5 11 12
1 3 5 11 13
1 3 5 11 14
1 3 5 11 15
1 3 5 11 16
1 3 5 12 13
1 3 5 12 14
1 3 5 12 15
1 3 5 12 16
1 3 5 13 14
1 3 5 13 15
1 3 5 13 16
1 3 5 14 15
1 3 5 14 16
1 3 5 15 16
1 3 6 7 8
1 3 6 7 9
1 3 6 7 10
1 3 6 7 11
1 3 6 7 12
1 3 6 7 13
1 3 6 7 14
1 3 6 7 15
1 3 6 7 16
1 3 6 8 9
1 3 6 8 10
1 3 6 8 11
1 3 6 8 12
1 3 6 8 13
1 3 6 8 14
1 3 6 8 15
1 3 6 8 16
1 3 6 9 10
1 3 6 9 11
1 3 6 9 12
1 3 6 9 13
1 3 6 9 14
1 3 6 9 15
1 3 6 9 16
1 3 6 10 11
1 3 6 10 12
1 3 6 10 13
1 3 6 10 14
1 3 6 10 15
1 3 6 10 16
1 3 6 11 12
1 3 6 11 13
1 3 6 11 14
1 3 6 11 15
1 3 6 11 16
1 3 6 12 13
1 3 6 12 14
1 3 6 12 15
1 3 6 12 16
1 3 6 13 14
1 3 6 13 15
1 3 6 13 16
1 3 6 14 15
1 3 6 14 16
1 3 6 15 16
1 3 7 8 9
1 3 7 8 10
1 3 7 8 11
1 3 7 8 12
1 3 7 8 13
1 3 7 8 14
1 3 7 8 15
1 3 7 8 16
1 3 7 9 10
1 3 7 9 11
1 3 7 9 12
1 3 7 9 13
1 3 7 9 14
1 3 7 9 15
1 3 7 9 16
1 3 7 10 11
1 3 7 10 12
1 3 7 10 13
1 3 7 10 14
1 3 7 10 15
1 3 7 10 16
1 3 7 11 12
1 3 7 11 13
1 3 7 11 14
1 3 7 11 15
1 3 7 11 16
1 3 7 12 13
1 3 7 12 14
1 3 7 12 15
1 3 7 12 16
1 3 7 13 14
1 3 7 13 15
1 3 7 13 16
1 3 7 14 15
1 3 7 14 16
1 3 7 15 16
1 3 8 9 10
1 3 8 9 11
1 3 8 9 12
1 3 8 9 13
1 3 8 9 14
1 3 8 9 15
1 3 8 9 16
1 3 8 10 11
1 3 8 10 12
1 3 8 10 13
1 3 8 10 14
1 3 8 10 15
1 3 8 10 16
1 3 8 11 12
1 3 8 11 13
1 3 8 11 14
1 3 8 11 15
1 3 8 11 16
1 3 8 12 13
1 3 8 12 14
1 3 8 12 15
1 3 8 12 16
1 3 8 13 14
1 3 8 13 15
1 3 8 13 16
1 3 8 14 15
1 3 8 14 16
1 3 8 15 16
1 3 9 10 11
1 3 9 10 12
1 3 9 10 13
1 3 9 10 14
1 3 9 10 15
1 3 9 10 16
1 3 9 11 12
1 3 9 11 13
1 3 9 11 14
1 3 9 11 15
1 3 9 11 16
1 3 9 12 13
1 3 9 12 14
1 3 9 12 15
1 3 9 12 16
1 3 9 13 14
1 3 9 13 15
1 3 9 13 16
1 3 9 14 15
1 3 9 14 16
1 3 9 15 16
1 3 10 11 12
1 3 10 11 13
1 3 10 11 14
1 3 10 11 15
1 3 10 11 16
1 3 10 12 13
1 3 10 12 14
1 3 10 12 15
1 3 10 12 16
1 3 10 13 14
1 3 10 13 15
1 3 10 13 16
1 3 10 14 15
1 3 10 14 16
1 3 10 15 16
1 3 11 12 13
1 3 11 12 14
1 3 11 12 15
1 3 11 12 16
1 3 11 13 14
1 3 11 13 15
1 3 11 13 16
1 3 11 14 15
1 3 11 14 16
1 3 11 15 16
1 3 12 13 14
1 3 12 13 15
1 3 12 13 16
1 3 12 14 15
1 3 12 14 16
1 3 12 15 16
1 3 13 14 15
1 3 13 14 16
1 3 13 15 16
1 3 14 15 16
1 4 5 6 7
1 4 5 6 8
1 4 5 6 9
1 4 5 6 10
1 4 5 6 11
1 4 5 6 12
1 4 5 6 13
1 4 5 6 14
1 4 5 6 15
1 4 5 6 16
1 4 5 7 8
1 4 5 7 9
1 4 5 7 10
1 4 5 7 11
1 4 5 7 12
1 4 5 7 13
1 4 5 7 14
1 4 5 7 15
1 4 5 7 16
1 4 5 8 9
1 4 5 8 10
1 4 5 8 11
1 4 5 8 12
1 4 5 8 13
1 4 5 8 14
1 4 5 8 15
1 4 5 8 16
1 4 5 9 10
1 4 5 9 11
1 4 5 9 12
1 4 5 9 13
1 4 5 9 14
1 4 5 9 15
1 4 5 9 16
1 4 5 10 11
1 4 5 10 12
1 4 5 10 13
1 4 5 10 14
1 4 5 10 15
1 4 5 10 16
1 4 5 11 12
1 4 5 11 13
1 4 5 11 14
1 4 5 11 15
1 4 5 11 16
1 4 5 12 13
1 4 5 12 14
1 4 5 12 15
1 4 5 12 16
1 4 5 13 14
1 4 5 13 15
1 4 5 13 16
1 4 5 14 15
1 4 5 14 16
1 4 5 15 16
1 4 6 7 8
1 4 6 7 9
1 4 6 7 10
1 4 6 7 11
1 4 6 7 12
1 4 6 7 13
1 4 6 7 14
1 4 6 7 15
1 4 6 7 16
1 4 6 8 9
1 4 6 8 10
1 4 6 8 11
1 4 6 8 12
1 4 6 8 13
1 4 6 8 14
1 4 6 8 15
1 4 6 8 16
1 4 6 9 10
1 4 6 9 11
1 4 6 9 12
1 4 6 9 13
1 4 6 9 14
1 4 6 9 15
1 4 6 9 16
1 4 6 10 11
1 4 6 10 12
1 4 6 10 13
1 4 6 10 14
1 4 6 10 15
1 4 6 10 16
1 4 6 11 12
1 4 6 11 13
1 4 6 11 14
1 4 6 11 15
1 4 6 11 16
1 4 6 12 13
1 4 6 12 14
1 4 6 12 15
1 4 6 12 16
1 4 6 13 14
1 4 6 13 15
1 4 6 13 16
1 4 6 14 15
1 4 6 14 16
1 4 6 15 16
1 4 7 8 9
1 4 7 8 10
1 4 7 8 11
1 4 7 8 12
1 4 7 8 13
1 4 7 8 14
1 4 7 8 15
1 4 7 8 16
1 4 7 9 10
1 4 7 9 11
1 4 7 9 12
1 4 7 9 13
1 4 7 9 14
1 4 7 9 15
1 4 7 9 16
1 4 7 10 11
1 4 7 10 12
1 4 7 10 13
1 4 7 10 14
1 4 7 10 15
1 4 7 10 16
1 4 7 11 12
1 4 7 11 13
1 4 7 11 14
1 4 7 11 15
1 4 7 11 16
1 4 7 12 13
1 4 7 12 14
1 4 7 12 15
1 4 7 12 16
1 4 7 13 14
1 4 7 13 15
1 4 7 13 16
1 4 7 14 15
1 4 7 14 16
1 4 7 15 16
1 4 8 9 10
1 4 8 9 11
1 4 8 9 12
1 4 8 9 13
1 4 8 9 14
1 4 8 9 15
1 4 8 9 16
1 4 8 10 11
1 4 8 10 12
1 4 8 10 13
1 4 8 10 14
1 4 8 10 15
1 4 8 10 16
1 4 8 11 12
1 4 8 11 13
1 4 8 11 14
1 4 8 11 15
1 4 8 11 16
1 4 8 12 13
1 4 8 12 14
1 4 8 12 15
1 4 8 12 16
1 4 8 13 14
1 4 8 13 15
1 4 8 13 16
1 4 8 14 15
1 4 8 14 16
1 4 8 15 16
1 4 9 10 11
1 4 9 10 12
1 4 9 10 13
1 4 9 10 14
1 4 9 10 15
1 4 9 10 16
1 4 9 11 12
1 4 9 11 13
1 4 9 11 14
1 4 9 11 15
1 4 9 11 16
1 4 9 12 13
1 4 9 12 14
1 4 9 12 15
1 4 9 12 16
1 4 9 13 14
1 4 9 13 15
1 4 9 13 16
1 4 9 14 15
1 4 9 14 16
1 4 9 15 16
1 4 10 11 12
1 4 10 11 13
1 4 10 11 14
1 4 10 11 15
1 4 10 11 16
1 4 10 12 13
1 4 10 12 14
1 4 10 12 15
1 4 10 12 16
1 4 10 13 14
1 4 10 13 15
1 4 10 13 16
1 4 10 14 15
1 4 10 14 16
1 4 10 15 16
1 4 11 12 13
1 4 11 12 14
1 4 11 12 15
1 4 11 12 16
1 4 11 13 14
1 4 11 13 15
1 4 11 13 16
1 4 11 14 15
1 4 11 14 16
1 4 11 15 16
1 4 12 13 14
1 4 12 13 15
1 4 12 13 16
1 4 12 14 15
1 4 12 14 16
1 4 12 15 16
1 4 13 14 15
1 4 13 14 16
1 4 13 15 16
1 4 14 15 16
1 5 6 7 8
1 5 6 7 9
1 5 6 7 10
1 5 6 7 11
1 5 6 7 12
1 5 6 7 13
1 5 6 7 14
1 5 6 7 15
1 5 6 7 16
1 5 6 8 9
1 5 6 8 10
1 5 6 8 11
1 5 6 8 12
1 5 6 8 13
1 5 6 8 14
1 5 6 8 15
1 5 6 8 16
1 5 6 9 10
1 5 6 9 11
1 5 6 9 12
1 5 6 9 13
1 5 6 9 14
1 5 6 9 15
1 5 6 9 16
1 5 6 10 11
1 5 6 10 12
1 5 6 10 13
1 5 6 10 14
1 5 6 10 15
1 5 6 10 16
1 5 6 11 12
1 5 6 11 13
1 5 6 11 14
1 5 6 11 15
1 5 6 11 16
1 5 6 12 13
1 5 6 12 14
1 5 6 12 15
1 5 6 12 16
1 5 6 13 14
1 5 6 13 15
1 5 6 13 16
1 5 6 14 15
1 5 6 14 16
1 5 6 15 16
1 5 7 8 9
1 5 7 8 10
1 5 7 8 11
1 5 7 8 12
1 5 7 8 13
1 5 7 8 14
1 5 7 8 15
1 5 7 8 16
1 5 7 9 10
1 5 7 9 11
1 5 7 9 12
1 5 7 9 13
1 5 7 9 14
1 5 7 9 15
1 5 7 9 16
1 5 7 10 11
1 5 7 10 12
1 5 7 10 13
1 5 7 10 14
1 5 7 10 15
1 5 7 10 16
1 5 7 11 12
1 5 7 11 13
1 5 7 11 14
1 5 7 11 15
1 5 7 11 16
1 5 7 12 13
1 5 7 12 14
1 5 7 12 15
1 5 7 12 16
1 5 7 13 14
1 5 7 13 15
1 5 7 13 16
1 5 7 14 15
1 5 7 14 16
1 5 7 15 16
1 5 8 9 10
1 5 8 9 11
1 5 8 9 12
1 5 8 9 13
1 5 8 9 14
1 5 8 9 15
1 5 8 9 16
1 5 8 10 11
1 5 8 10 12
1 5 8 10 13
1 5 8 10 14
1 5 8 10 15
1 5 8 10 16
1 5 8 11 12
1 5 8 11 13
1 5 8 11 14
1 5 8 11 15
1 5 8 11 16
1 5 8 12 13
1 5 8 12 14
1 5 8 12 15
1 5 8 12 16
1 5 8 13 14
1 5 8 13 15
1 5 8 13 16
1 5 8 14 15
1 5 8 14 16
1 5 8 15 16
1 5 9 10 11
1 5 9 10 12
1 5 9 10 13
1 5 9 10 14
1 5 9 10 15
1 5 9 10 16
1 5 9 11 12
1 5 9 11 13
1 5 9 11 14
1 5 9 11 15
1 5 9 11 16
1 5 9 12 13
1 5 9 12 14
1 5 9 12 15
1 5 9 12 16
1 5 9 13 14
1 5 9 13 15
1 5 9 13 16
1 5 9 14 15
1 5 9 14 16
1 5 9 15 16
1 5 10 11 12
1 5 10 11 13
1 5 10 11 14
1 5 10 11 15
1 5 10 11 16
1 5 10 12 13
1 5 10 12 14
1 5 10 12 15
1 5 10 12 16
1 5 10 13 14
1 5 10 13 15
1 5 10 13 16
1 5 10 14 15
1 5 10 14 16
1 5 10 15 16
1 5 11 12 13
1 5 11 12 14
1 5 11 12 15
1 5 11 12 16
1 5 11 13 14
1 5 11 13 15
1 5 11 13 16
1 5 11 14 15
1 5 11 14 16
1 5 11 15 16
1 5 12 13 14
1 5 12 13 15
1 5 12 13 16
1 5 12 14 15
1 5 12 14 16
1 5 12 15 16
1 5 13 14 15
1 5 13 14 16
1 5 13 15 16
1 5 14 15 16
1 6 7 8 9
1 6 7 8 10
1 6 7 8 11
1 6 7 8 12
1 6 7 8 13
1 6 7 8 14
1 6 7 8 15
1 6 7 8 16
1 6 7 9 10
1 6 7 9 11
1 6 7 9 12
1 6 7 9 13
1 6 7 9 14
1 6 7 9 15
1 6 7 9 16
1 6 7 10 11
1 6 7 10 12
1 6 7 10 13
1 6 7 10 14
1 6 7 10 15
1 6 7 10 16
1 6 7 11 12
1 6 7 11 13
1 6 7 11 14
1 6 7 11 15
1 6 7 11 16
1 6 7 12 13
1 6 7 12 14
1 6 7 12 15
1 6 7 12 16
1 6 7 13 14
1 6 7 13 15
1 6 7 13 16
1 6 7 14 15
1 6 7 14 16
1 6 7 15 16
1 6 8 9 10
1 6 8 9 11
1 6 8 9 12
1 6 8 9 13
1 6 8 9 14
1 6 8 9 15
1 6 8 9 16
1 6 8 10 11
1 6 8 10 12
1 6 8 10 13
1 6 8 10 14
1 6 8 10 15
1 6 8 10 16
1 6 8 11 12
1 6 8 11 13
1 6 8 11 14
1 6 8 11 15
1 6 8 11 16
1 6 8 12 13
1 6 8 12 14
1 6 8 12 15
1 6 8 12 16
1 6 8 13 14
1 6 8 13 15
1 6 8 13 16
1 6 8 14 15
1 6 8 14 16
1 6 8 15 16
1 6 9 10 11
1 6 9 10 12
1 6 9 10 13
1 6 9 10 14
1 6 9 10 15
1 6 9 10 16
1 6 9 11 12
1 6 9 11 13
1 6 9 11 14
1 6 9 11 15
1 6 9 11 16
1 6 9 12 13
1 6 9 12 14
1 6 9 12 15
1 6 9 12 16
1 6 9 13 14
1 6 9 13 15
1 6 9 13 16
1 6 9 14 15
1 6 9 14 16
1 6 9 15 16
1 6 10 11 12
1 6 10 11 13
1 6 10 11 14
1 6 10 11 15
1 6 10 11 16
1 6 10 12 13
1 6 10 12 14
1 6 10 12 15
1 6 10 12 16
1 6 10 13 14
1 6 10 13 15
1 6 10 13 16
1 6 10 14 15
1 6 10 14 16
1 6 10 15 16
1 6 11 12 13
1 6 11 12 14
1 6 11 12 15
1 6 11 12 16
1 6 11 13 14
1 6 11 13 15
1 6 11 13 16
1 6 11 14 15
1 6 11 14 16
1 6 11 15 16
1 6 12 13 14
1 6 12 13 15
1 6 12 13 16
1 6 12 14 15
1 6 12 14 16
1 6 12 15 16
1 6 13 14 15
1 6 13 14 16
1 6 13 15 16
1 6 14 15 16
1 7 8 9 10
1 7 8 9 11
1 7 8 9 12
1 7 8 9 13
1 7 8 9 14
1 7 8 9 15
1 7 8 9 16
1 7 8 10 11
1 7 8 10 12
1 7 8 10 13
1 7 8 10 14
1 7 8 10 15
1 7 8 10 16
1 7 8 11 12
1 7 8 11 13
1 7 8 11 14
1 7 8 11 15
1 7 8 11 16
1 7 8 12 13
1 7 8 12 14
1 7 8 12 15
1 7 8 12 16
1 7 8 13 14
1 7 8 13 15
1 7 8 13 16
1 7 8 14 15
1 7 8 14 16
1 7 8 15 16
1 7 9 10 11
1 7 9 10 12
1 7 9 10 13
1 7 9 10 14
1 7 9 10 15
1 7 9 10 16
1 7 9 11 12
1 7 9 11 13
1 7 9 11 14
1 7 9 11 15
1 7 9 11 16
1 7 9 12 13
1 7 9 12 14
1 7 9 12 15
1 7 9 12 16
1 7 9 13 14
1 7 9 13 15
1 7 9 13 16
1 7 9 14 15
1 7 9 14 16
1 7 9 15 16
1 7 10 11 12
1 7 10 11 13
1 7 10 11 14
1 7 10 11 15
1 7 10 11 16
1 7 10 12 13
1 7 10 12 14
1 7 10 12 15
1 7 10 12 16
1 7 10 13 14
1 7 10 13 15
1 7 10 13 16
1 7 10 14 15
1 7 10 14 16
1 7 10 15 16
1 7 11 12 13
1 7 11 12 14
1 7 11 12 15
1 7 11 12 16
1 7 11 13 14
1 7 11 13 15
1 7 11 13 16
1 7 11 14 15
1 7 11 14 16
1 7 11 15 16
1 7 12 13 14
1 7 12 13 15
1 7 12 13 16
1 7 12 14 15
1 7 12 14 16
1 7 12 15 16
1 7 13 14 15
1 7 13 14 16
1 7 13 15 16
1 7 14 15 16
1 8 9 10 11
1 8 9 10 12
1 8 9 10 13
1 8 9 10 14
1 8 9 10 15
1 8 9 10 16
1 8 9 11 12
1 8 9 11 13
1 8 9 11 14
1 8 9 11 15
1 8 9 11 16
1 8 9 12 13
1 8 9 12 14
1 8 9 12 15
1 8 9 12 16
1 8 9 13 14
1 8 9 13 15
1 8 9 13 16
1 8 9 14 15
1 8 9 14 16
1 8 9 15 16
1 8 10 11 12
1 8 10 11 13
1 8 10 11 14
1 8 10 11 15
1 8 10 11 16
1 8 10 12 13
1 8 10 12 14
1 8 10 12 15
1 8 10 12 16
1 8 10 13 14
1 8 10 13 15
1 8 10 13 16
1 8 10 14 15
1 8 10 14 16
1 8 10 15 16
1 8 11 12 13
1 8 11 12 14
1 8 11 12 15
1 8 11 12 16
1 8 11 13 14
1 8 11 13 15
1 8 11 13 16
1 8 11 14 15
1 8 11 14 16
1 8 11 15 16
1 8 12 13 14
1 8 12 13 15
1 8 12 13 16
1 8 12 14 15
1 8 12 14 16
1 8 12 15 16
1 8 13 14 15
1 8 13 14 16
1 8 13 15 16
1 8 14 15 16
1 9 10 11 12
1 9 10 11 13
1 9 10 11 14
1 9 10 11 15
1 9 10 11 16
1 9 10 12 13
1 9 10 12 14
1 9 10 12 15
1 9 10 12 16
1 9 10 13 14
1 9 10 13 15
1 9 10 13 16
1 9 10 14 15
1 9 10 14 16
1 9 10 15 16
1 9 11 12 13
1 9 11 12 14
1 9 11 12 15
1 9 11 12 16
1 9 11 13 14
1 9 11 13 15
1 9 11 13 16
1 9 11 14 15
1 9 11 14 16
1 9 11 15 16
1 9 12 13 14
1 9 12 13 15
1 9 12 13 16
1 9 12 14 15
1 9 12 14 16
1 9 12 15 16
1 9 13 14 15
1 9 13 14 16
1 9 13 15 16
1 9 14 15 16
1 10 11 12 13
1 10 11 12 14
1 10 11 12 15
1 10 11 12 16
1 10 11 13 14
1 10 11 13 15
1 10 11 13 16
1 10 11 14 15
1 10 11 14 16
1 10 11 15 16
1 10 12 13 14
1 10 12 13 15
1 10 12 13 16
1 10 12 14 15
1 10 12 14 16
1 10 12 15 16
1 10 13 14 15
1 10 13 14 16
1 10 13 15 16
1 10 14 15 16
1 11 12 13 14
1 11 12 13 15
1 11 12 13 16
1 11 12 14 15
1 11 12 14 16
1 11 12 15 16
1 11 13 14 15
1 11 13 14 16
1 11 13 15 16
1 11 14 15 16
1 12 13 14 15
1 12 13 14 16
1 12 13 15 16
1 12 14 15 16
1 13 14 15 16
2 3 4 5 6
2 3 4 5 7
2 3 4 5 8
2 3 4 5 9
2 3 4 5 10
2 3 4 5 11
2 3 4 5 12
2 3 4 5 13
2 3 4 5 14
2 3 4 5 15
2 3 4 5 16
2 3 4 6 7
2 3 4 6 8
2 3 4 6 9
2 3 4 6 10
2 3 4 6 11
2 3 4 6 12
2 3 4 6 13
2 3 4 6 14
2 3 4 6 15
2 3 4 6 16
2 3 4 7 8
2 3 4 7 9
2 3 4 7 10
2 3 4 7 11
2 3 4 7 12
2 3 4 7 13
2 3 4 7 14
2 3 4 7 15
2 3 4 7 16
2 3 4 8 9
2 3 4 8 10
2 3 4 8 11
2 3 4 8 12
2 3 4 8 13
2 3 4 8 14
2 3 4 8 15
2 3 4 8 16
2 3 4 9 10
2 3 4 9 11
2 3 4 9 12
2 3 4 9 13
2 3 4 9 14
2 3 4 9 15
2 3 4 9 16
2 3 4 10 11
2 3 4 10 12
2 3 4 10 13
2 3 4 10 14
2 3 4 10 15
2 3 4 10 16
2 3 4 11 12
2 3 4 11 13
2 3 4 11 14
2 3 4 11 15
2 3 4 11 16
2 3 4 12 13
2 3 4 12 14
2 3 4 12 15
2 3 4 12 16
2 3 4 13 14
2 3 4 13 15
2 3 4 13 16
2 3 4 14 15
2 3 4 14 16
2 3 4 15 16
2 3 5 6 7
2 3 5 6 8
2 3 5 6 9
2 3 5 6 10
2 3 5 6 11
2 3 5 6 12
2 3 5 6 13
2 3 5 6 14
2 3 5 6 15
2 3 5 6 16
2 3 5 7 8
2 3 5 7 9
2 3 5 7 10
2 3 5 7 11
2 3 5 7 12
2 3 5 7 13
2 3 5 7 14
2 3 5 7 15
2 3 5 7 16
2 3 5 8 9
2 3 5 8 10
2 3 5 8 11
2 3 5 8 12
2 3 5 8 13
2 3 5 8 14
2 3 5 8 15
2 3 5 8 16
2 3 5 9 10
2 3 5 9 11
2 3 5 9 12
2 3 5 9 13
2 3 5 9 14
2 3 5 9 15
2 3 5 9 16
2 3 5 10 11
2 3 5 10 12
2 3 5 10 13
2 3 5 10 14
2 3 5 10 15
2 3 5 10 16
2 3 5 11 12
2 3 5 11 13
2 3 5 11 14
2 3 5 11 15
2 3 5 11 16
2 3 5 12 13
2 3 5 12 14
2 3 5 12 15
2 3 5 12 16
2 3 5 13 14
2 3 5 13 15
2 3 5 13 16
2 3 5 14 15
2 3 5 14 16
2 3 5 15 16
2 3 6 7 8
2 3 6 7 9
2 3 6 7 10
2 3 6 7 11
2 3 6 7 12
2 3 6 7 13
2 3 6 7 14
2 3 6 7 15
2 3 6 7 16
2 3 6 8 9
2 3 6 8 10
2 3 6 8 11
2 3 6 8 12
2 3 6 8 13
2 3 6 8 14
2 3 6 8 15
2 3 6 8 16
2 3 6 9 10
2 3 6 9 11
2 3 6 9 12
2 3 6 9 13
2 3 6 9 14
2 3 6 9 15
2 3 6 9 16
2 3 6 10 11
2 3 6 10 12
2 3 6 10 13
2 3 6 10 14
2 3 6 10 15
2 3 6 10 16
2 3 6 11 12
2 3 6 11 13
2 3 6 11 14
2 3 6 11 15
2 3 6 11 16
2 3 6 12 13
2 3 6 12 14
2 3 6 12 15
2 3 6 12 16
2 3 6 13 14
2 3 6 13 15
2 3 6 13 16
2 3 6 14 15
2 3 6 14 16
2 3 6 15 16
2 3 7 8 9
2 3 7 8 10
2 3 7 8 11
2 3 7 8 12
2 3 7 8 13
2 3 7 8 14
2 3 7 8 15
2 3 7 8 16
2 3 7 9 10
2 3 7 9 11
2 3 7 9 12
2 3 7 9 13
2 3 7 9 14
2 3 7 9 15
2 3 7 9 16
2 3 7 10 11
2 3 7 10 12
2 3 7 10 13
2 3 7 10 14
2 3 7 10 15
2 3 7 10 16
2 3 7 11 12
2 3 7 11 13
2 3 7 11 14
2 3 7 11 15
2 3 7 11 16
2 3 7 12 13
2 3 7 12 14
2 3 7 12 15
2 3 7 12 16
2 3 7 13 14
2 3 7 13 15
2 3 7 13 16
2 3 7 14 15
2 3 7 14 16
2 3 7 15 16
2 3 8 9 10
2 3 8 9 11
2 3 8 9 12
2 3 8 9 13
2 3 8 9 14
2 3 8 9 15
2 3 8 9 16
2 3 8 10 11
2 3 8 10 12
2 3 8 10 13
2 3 8 10 14
2 3 8 10 15
2 3 8 10 16
2 3 8 11 12
2 3 8 11 13
2 3 8 11 14
2 3 8 11 15
2 3 8 11 16
2 3 8 12 13
2 3 8 12 14
2 3 8 12 15
2 3 8 12 16
2 3 8 13 14
2 3 8 13 15
2 3 8 13 16
2 3 8 14 15
2 3 8 14 16
2 3 8 15 16
2 3 9 10 11
2 3 9 10 12
2 3 9 10 13
2 3 9 10 14
2 3 9 10 15
2 3 9 10 16
2 3 9 11 12
2 3 9 11 13
2 3 9 11 14
2 3 9 11 15
2 3 9 11 16
2 3 9 12 13
2 3 9 12 14
2 3 9 12 15
2 3 9 12 16
2 3 9 13 14
2 3 9 13 15
2 3 9 13 16
2 3 9 14 15
2 3 9 14 16
2 3 9 15 16
2 3 10 11 12
2 3 10 11 13
2 3 10 11 14
2 3 10 11 15
2 3 10 11 16
2 3 10 12 13
2 3 10 12 14
2 3 10 12 15
2 3 10 12 16
2 3 10 13 14
2 3 10 13 15
2 3 10 13 16
2 3 10 14 15
2 3 10 14 16
2 3 10 15 16
2 3 11 12 13
2 3 11 12 14
2 3 11 12 15
2 3 11 12 16
2 3 11 13 14
2 3 11 13 15
2 3 11 13 16
2 3 11 14 15
2 3 11 14 16
2 3 11 15 16
2 3 12 13 14
2 3 12 13 15
2 3 12 13 16
2 3 12 14 15
2 3 12 14 16
2 3 12 15 16
2 3 13 14 15
2 3 13 14 16
2 3 13 15 16
2 3 14 15 16
2 4 5 6 7
2 4 5 6 8
2 4 5 6 9
2 4 5 6 10
2 4 5 6 11
2 4 5 6 12
2 4 5 6 13
2 4 5 6 14
2 4 5 6 15
2 4 5 6 16
2 4 5 7 8
2 4 5 7 9
2 4 5 7 10
2 4 5 7 11
2 4 5 7 12
2 4 5 7 13
2 4 5 7 14
2 4 5 7 15
2 4 5 7 16
2 4 5 8 9
2 4 5 8 10
2 4 5 8 11
2 4 5 8 12
2 4 5 8 13
2 4 5 8 14
2 4 5 8 15
2 4 5 8 16
2 4 5 9 10
2 4 5 9 11
2 4 5 9 12
2 4 5 9 13
2 4 5 9 14
2 4 5 9 15
2 4 5 9 16
2 4 5 10 11
2 4 5 10 12
2 4 5 10 13
2 4 5 10 14
2 4 5 10 15
2 4 5 10 16
2 4 5 11 12
2 4 5 11 13
2 4 5 11 14
2 4 5 11 15
2 4 5 11 16
2 4 5 12 13
2 4 5 12 14
2 4 5 12 15
2 4 5 12 16
2 4 5 13 14
2 4 5 13 15
2 4 5 13 16
2 4 5 14 15
2 4 5 14 16
2 4 5 15 16
2 4 6 7 8
2 4 6 7 9
2 4 6 7 10
2 4 6 7 11
2 4 6 7 12
2 4 6 7 13
2 4 6 7 14
2 4 6 7 15
2 4 6 7 16
2 4 6 8 9
2 4 6 8 10
2 4 6 8 11
2 4 6 8 12
2 4 6 8 13
2 4 6 8 14
2 4 6 8 15
2 4 6 8 16
2 4 6 9 10
2 4 6 9 11
2 4 6 9 12
2 4 6 9 13
2 4 6 9 14
2 4 6 9 15
2 4 6 9 16
2 4 6 10 11
2 4 6 10 12
2 4 6 10 13
2 4 6 10 14
2 4 6 10 15
2 4 6 10 16
2 4 6 11 12
2 4 6 11 13
2 4 6 11 14
2 4 6 11 15
2 4 6 11 16
2 4 6 12 13
2 4 6 12 14
2 4 6 12 15
2 4 6 12 16
2 4 6 13 14
2 4 6 13 15
2 4 6 13 16
2 4 6 14 15
2 4 6 14 16
2 4 6 15 16
2 4 7 8 9
2 4 7 8 10
2 4 7 8 11
2 4 7 8 12
2 4 7 8 13
2 4 7 8 14
2 4 7 8 15
2 4 7 8 16
2 4 7 9 10
2 4 7 9 11
2 4 7 9 12
2 4 7 9 13
2 4 7 9 14
2 4 7 9 15
2 4 7 9 16
2 4 7 10 11
2 4 7 10 12
2 4 7 10 13
2 4 7 10 14
2 4 7 10 15
2 4 7 10 16
2 4 7 11 12
2 4 7 11 13
2 4 7 11 14
2 4 7 11 15
2 4 7 11 16
2 4 7 12 13
2 4 7 12 14
2 4 7 12 15
2 4 7 12 16
2 4 7 13 14
2 4 7 13 15
2 4 7 13 16
2 4 7 14 15
2 4 7 14 16
2 4 7 15 16
2 4 8 9 10
2 4 8 9 11
2 4 8 9 12
2 4 8 9 13
2 4 8 9 14
2 4 8 9 15
2 4 8 9 16
2 4 8 10 11
2 4 8 10 12
2 4 8 10 13
2 4 8 10 14
2 4 8 10 15
2 4 8 10 16
2 4 8 11 12
2 4 8 11 13
2 4 8 11 14
2 4 8 11 15
2 4 8 11 16
2 4 8 12 13
2 4 8 12 14
2 4 8 12 15
2 4 8 12 16
2 4 8 13 14
2 4 8 13 15
2 4 8 13 16
2 4 8 14 15
2 4 8 14 16
2 4 8 15 16
2 4 9 10 11
2 4 9 10 12
2 4 9 10 13
2 4 9 10 14
2 4 9 10 15
2 4 9 10 16
2 4 9 11 12
2 4 9 11 13
2 4 9 11 14
2 4 9 11 15
2 4 9 11 16
2 4 9 12 13
2 4 9 12 14
2 4 9 12 15
2 4 9 12 16
2 4 9 13 14
2 4 9 13 15
2 4 9 13 16
2 4 9 14 15
2 4 9 14 16
2 4 9 15 16
2 4 10 11 12
2 4 10 11 13
2 4 10 11 14
2 4 10 11 15
2 4 10 11 16
2 4 10 12 13
2 4 10 12 14
2 4 10 12 15
2 4 10 12 16
2 4 10 13 14
2 4 10 13 15
2 4 10 13 16
2 4 10 14 15
2 4 10 14 16
2 4 10 15 16
2 4 11 12 13
2 4 11 12 14
2 4 11 12 15
2 4 11 12 16
2 4 11 13 14
2 4 11 13 15
2 4 11 13 16
2 4 11 14 15
2 4 11 14 16
2 4 11 15 16
2 4 12 13 14
2 4 12 13 15
2 4 12 13 16
2 4 12 14 15
2 4 12 14 16
2 4 12 15 16
2 4 13 14 15
2 4 13 14 16
2 4 13 15 16
2 4 14 15 16
2 5 6 7 8
2 5 6 7 9
2 5 6 7 10
2 5 6 7 11
2 5 6 7 12
2 5 6 7 13
2 5 6 7 14
2 5 6 7 15
2 5 6 7 16
2 5 6 8 9
2 5 6 8 10
2 5 6 8 11
2 5 6 8 12
2 5 6 8 13
2 5 6 8 14
2 5 6 8 15
2 5 6 8 16
2 5 6 9 10
2 5 6 9 11
2 5 6 9 12
2 5 6 9 13
2 5 6 9 14
2 5 6 9 15
2 5 6 9 16
2 5 6 10 11
2 5 6 10 12
2 5 6 10 13
2 5 6 10 14
2 5 6 10 15
2 5 6 10 16
2 5 6 11 12
2 5 6 11 13
2 5 6 11 14
2 5 6 11 15
2 5 6 11 16
2 5 6 12 13
2 5 6 12 14
2 5 6 12 15
2 5 6 12 16
2 5 6 13 14
2 5 6 13 15
2 5 6 13 16
2 5 6 14 15
2 5 6 14 16
2 5 6 15 16
2 5 7 8 9
2 5 7 8 10
2 5 7 8 11
2 5 7 8 12
2 5 7 8 13
2 5 7 8 14
2 5 7 8 15
2 5 7 8 16
2 5 7 9 10
2 5 7 9 11
2 5 7 9 12
2 5 7 9 13
2 5 7 9 14
2 5 7 9 15
2 5 7 9 16
2 5 7 10 11
2 5 7 10 12
2 5 7 10 13
2 5 7 10 14
2 5 7 10 15
2 5 7 10 16
2 5 7 11 12
2 5 7 11 13
2 5 7 11 14
2 5 7 11 15
2 5 7 11 16
2 5 7 12 13
2 5 7 12 14
2 5 7 12 15
2 5 7 12 16
2 5 7 13 14
2 5 7 13 15
2 5 7 13 16
2 5 7 14 15
2 5 7 14 16
2 5 7 15 16
2 5 8 9 10
2 5 8 9 11
2 5 8 9 12
2 5 8 9 13
2 5 8 9 14
2 5 8 9 15
2 5 8 9 16
2 5 8 10 11
2 5 8 10 12
2 5 8 10 13
2 5 8 10 14
2 5 8 10 15
2 5 8 10 16
2 5 8 11 12
2 5 8 11 13
2 5 8 11 14
2 5 8 11 15
2 5 8 11 16
2 5 8 12 13
2 5 8 12 14
2 5 8 12 15
2 5 8 12 16
2 5 8 13 14
2 5 8 13 15
2 5 8 13 16
2 5 8 14 15
2 5 8 14 16
2 5 8 15 16
2 5 9 10 11
2 5 9 10 12
2 5 9 10 13
2 5 9 10 14
2 5 9 10 15
2 5 9 10 16
2 5 9 11 12
2 5 9 11 13
2 5 9 11 14
2 5 9 11 15
2 5 9 11 16
2 5 9 12 13
2 5 9 12 14
2 5 9 12 15
2 5 9 12 16
2 5 9 13 14
2 5 9 13 15
2 5 9 13 16
2 5 9 14 15
2 5 9 14 16
2 5 9 15 16
2 5 10 11 12
2 5 10 11 13
2 5 10 11 14
2 5 10 11 15
2 5 10 11 16
2 5 10 12 13
2 5 10 12 14
2 5 10 12 15
2 5 10 12 16
2 5 10 13 14
2 5 10 13 15
2 5 10 13 16
2 5 10 14 15
2 5 10 14 16
2 5 10 15 16
2 5 11 12 13
2 5 11 12 14
2 5 11 12 15
2 5 11 12 16
2 5 11 13 14
2 5 11 13 15
2 5 11 13 16
2 5 11 14 15
2 5 11 14 16
2 5 11 15 16
2 5 12 13 14
2 5 12 13 15
2 5 12 13 16
2 5 12 14 15
2 5 12 14 16
2 5 12 15 16
2 5 13 14 15
2 5 13 14 16
2 5 13 15 16
2 5 14 15 16
2 6 7 8 9
2 6 7 8 10
2 6 7 8 11
2 6 7 8 12
2 6 7 8 13
2 6 7 8 14
2 6 7 8 15
2 6 7 8 16
2 6 7 9 10
2 6 7 9 11
2 6 7 9 12
2 6 7 9 13
2 6 7 9 14
2 6 7 9 15
2 6 7 9 16
2 6 7 10 11
2 6 7 10 12
2 6 7 10 13
2 6 7 10 14
2 6 7 10 15
2 6 7 10 16
2 6 7 11 12
2 6 7 11 13
2 6 7 11 14
2 6 7 11 15
2 6 7 11 16
2 6 7 12 13
2 6 7 12 14
2 6 7 12 15
2 6 7 12 16
2 6 7 13 14
2 6 7 13 15
2 6 7 13 16
2 6 7 14 15
2 6 7 14 16
2 6 7 15 16
2 6 8 9 10
2 6 8 9 11
2 6 8 9 12
2 6 8 9 13
2 6 8 9 14
2 6 8 9 15
2 6 8 9 16
2 6 8 10 11
2 6 8 10 12
2 6 8 10 13
2 6 8 10 14
2 6 8 10 15
2 6 8 10 16
2 6 8 11 12
2 6 8 11 13
2 6 8 11 14
2 6 8 11 15
2 6 8 11 16
2 6 8 12 13
2 6 8 12 14
2 6 8 12 15
2 6 8 12 16
2 6 8 13 14
2 6 8 13 15
2 6 8 13 16
2 6 8 14 15
2 6 8 14 16
2 6 8 15 16
2 6 9 10 11
2 6 9 10 12
2 6 9 10 13
2 6 9 10 14
2 6 9 10 15
2 6 9 10 16
2 6 9 11 12
2 6 9 11 13
2 6 9 11 14
2 6 9 11 15
2 6 9 11 16
2 6 9 12 13
2 6 9 12 14
2 6 9 12 15
2 6 9 12 16
2 6 9 13 14
2 6 9 13 15
2 6 9 13 16
2 6 9 14 15
2 6 9 14 16
2 6 9 15 16
2 6 10 11 12
2 6 10 11 13
2 6 10 11 14
2 6 10 11 15
2 6 10 11 16
2 6 10 12 13
2 6 10 12 14
2 6 10 12 15
2 6 10 12 16
2 6 10 13 14
2 6 10 13 15
2 6 10 13 16
2 6 10 14 15
2 6 10 14 16
2 6 10 15 16
2 6 11 12 13
2 6 11 12 14
2 6 11 12 15
2 6 11 12 16
2 6 11 13 14
2 6 11 13 15
2 6 11 13 16
2 6 11 14 15
2 6 11 14 16
2 6 11 15 16
2 6 12 13 14
2 6 12 13 15
2 6 12 13 16
2 6 12 14 15
2 6 12 14 16
2 6 12 15 16
2 6 13 14 15
2 6 13 14 16
2 6 13 15 16
2 6 14 15 16
2 7 8 9 10
2 7 8 9 11
2 7 8 9 12
2 7 8 9 13
2 7 8 9 14
2 7 8 9 15
2 7 8 9 16
2 7 8 10 11
2 7 8 10 12
2 7 8 10 13
2 7 8 10 14
2 7 8 10 15
2 7 8 10 16
2 7 8 11 12
2 7 8 11 13
2 7 8 11 14
2 7 8 11 15
2 7 8 11 16
2 7 8 12 13
2 7 8 12 14
2 7 8 12 15
2 7 8 12 16
2 7 8 13 14
2 7 8 13 15
2 7 8 13 16
2 7 8 14 15
2 7 8 14 16
2 7 8 15 16
2 7 9 10 11
2 7 9 10 12
2 7 9 10 13
2 7 9 10 14
2 7 9 10 15
2 7 9 10 16
2 7 9 11 12
2 7 9 11 13
2 7 9 11 14
2 7 9 11 15
2 7 9 11 16
2 7 9 12 13
2 7 9 12 14
2 7 9 12 15
2 7 9 12 16
2 7 9 13 14
2 7 9 13 15
2 7 9 13 16
2 7 9 14 15
2 7 9 14 16
2 7 9 15 16
2 7 10 11 12
2 7 10 11 13
2 7 10 11 14
2 7 10 11 15
2 7 10 11 16
2 7 10 12 13
2 7 10 12 14
2 7 10 12 15
2 7 10 12 16
2 7 10 13 14
2 7 10 13 15
2 7 10 13 16
2 7 10 14 15
2 7 10 14 16
2 7 10 15 16
2 7 11 12 13
2 7 11 12 14
2 7 11 12 15
2 7 11 12 16
2 7 11 13 14
2 7 11 13 15
2 7 11 13 16
2 7 11 14 15
2 7 11 14 16
2 7 11 15 16
2 7 12 13 14
2 7 12 13 15
2 7 12 13 16
2 7 12 14 15
2 7 12 14 16
2 7 12 15 16
2 7 13 14 15
2 7 13 14 16
2 7 13 15 16
2 7 14 15 16
2 8 9 10 11
2 8 9 10 12
2 8 9 10 13
2 8 9 10 14
2 8 9 10 15
2 8 9 10 16
2 8 9 11 12
2 8 9 11 13
2 8 9 11 14
2 8 9 11 15
2 8 9 11 16
2 8 9 12 13
2 8 9 12 14
2 8 9 12 15
2 8 9 12 16
2 8 9 13 14
2 8 9 13 15
2 8 9 13 16
2 8 9 14 15
2 8 9 14 16
2 8 9 15 16
2 8 10 11 12
2 8 10 11 13
2 8 10 11 14
2 8 10 11 15
2 8 10 11 16
2 8 10 12 13
2 8 10 12 14
2 8 10 12 15
2 8 10 12 16
2 8 10 13 14
2 8 10 13 15
2 8 10 13 16
2 8 10 14 15
2 8 10 14 16
2 8 10 15 16
2 8 11 12 13
2 8 11 12 14
2 8 11 12 15
2 8 11 12 16
2 8 11 13 14
2 8 11 13 15
2 8 11 13 16
2 8 11 14 15
2 8 11 14 16
2 8 11 15 16
2 8 12 13 14
2 8 12 13 15
2 8 12 13 16
2 8 12 14 15
2 8 12 14 16
2 8 12 15 16
2 8 13 14 15
2 8 13 14 16
2 8 13 15 16
2 8 14 15 16
2 9 10 11 12
2 9 10 11 13
2 9 10 11 14
2 9 10 11 15
2 9 10 11 16
2 9 10 12 13
2 9 10 12 14
2 9 10 12 15
2 9 10 12 16
2 9 10 13 14
2 9 10 13 15
2 9 10 13 16
2 9 10 14 15
2 9 10 14 16
2 9 10 15 16
2 9 11 12 13
2 9 11 12 14
2 9 11 12 15
2 9 11 12 16
2 9 11 13 14
2 9 11 13 15
2 9 11 13 16
2 9 11 14 15
2 9 11 14 16
2 9 11 15 16
2 9 12 13 14
2 9 12 13 15
2 9 12 13 16
2 9 12 14 15
2 9 12 14 16
2 9 12 15 16
2 9 13 14 15
2 9 13 14 16
2 9 13 15 16
2 9 14 15 16
2 10 11 12 13
2 10 11 12 14
2 10 11 12 15
2 10 11 12 16
2 10 11 13 14
2 10 11 13 15
2 10 11 13 16
2 10 11 14 15
2 10 11 14 16
2 10 11 15 16
2 10 12 13 14
2 10 12 13 15
2 10 12 13 16
2 10 12 14 15
2 10 12 14 16
2 10 12 15 16
2 10 13 14 15
2 10 13 14 16
2 10 13 15 16
2 10 14 15 16
2 11 12 13 14
2 11 12 13 15
2 11 12 13 16
2 11 12 14 15
2 11 12 14 16
2 11 12 15 16
2 11 13 14 15
2 11 13 14 16
2 11 13 15 16
2 11 14 15 16
2 12 13 14 15
2 12 13 14 16
2 12 13 15 16
2 12 14 15 16
2 13 14 15 16
3 4 5 6 7
3 4 5 6 8
3 4 5 6 9
3 4 5 6 10
3 4 5 6 11
3 4 5 6 12
3 4 5 6 13
3 4 5 6 14
3 4 5 6 15
3 4 5 6 16
3 4 5 7 8
3 4 5 7 9
3 4 5 7 10
3 4 5 7 11
3 4 5 7 12
3 4 5 7 13
3 4 5 7 14
3 4 5 7 15
3 4 5 7 16
3 4 5 8 9
3 4 5 8 10
3 4 5 8 11
3 4 5 8 12
3 4 5 8 13
3 4 5 8 14
3 4 5 8 15
3 4 5 8 16
3 4 5 9 10
3 4 5 9 11
3 4 5 9 12
3 4 5 9 13
3 4 5 9 14
3 4 5 9 15
3 4 5 9 16
3 4 5 10 11
3 4 5 10 12
3 4 5 10 13
3 4 5 10 14
3 4 5 10 15
3 4 5 10 16
3 4 5 11 12
3 4 5 11 13
3 4 5 11 14
3 4 5 11 15
3 4 5 11 16
3 4 5 12 13
3 4 5 12 14
3 4 5 12 15
3 4 5 12 16
3 4 5 13 14
3 4 5 13 15
3 4 5 13 16
3 4 5 14 15
3 4 5 14 16
3 4 5 15 16
3 4 6 7 8
3 4 6 7 9
3 4 6 7 10
3 4 6 7 11
3 4 6 7 12
3 4 6 7 13
3 4 6 7 14
3 4 6 7 15
3 4 6 7 16
3 4 6 8 9
3 4 6 8 10
3 4 6 8 11
3 4 6 8 12
3 4 6 8 13
3 4 6 8 14
3 4 6 8 15
3 4 6 8 16
3 4 6 9 10
3 4 6 9 11
3 4 6 9 12
3 4 6 9 13
3 4 6 9 14
3 4 6 9 15
3 4 6 9 16
3 4 6 10 11
3 4 6 10 12
3 4 6 10 13
3 4 6 10 14
3 4 6 10 15
3 4 6 10 16
3 4 6 11 12
3 4 6 11 13
3 4 6 11 14
3 4 6 11 15
3 4 6 11 16
3 4 6 12 13
3 4 6 12 14
3 4 6 12 15
3 4 6 12 16
3 4 6 13 14
3 4 6 13 15
3 4 6 13 16
3 4 6 14 15
3 4 6 14 16
3 4 6 15 16
3 4 7 8 9
3 4 7 8 10
3 4 7 8 11
3 4 7 8 12
3 4 7 8 13
3 4 7 8 14
3 4 7 8 15
3 4 7 8 16
3 4 7 9 10
3 4 7 9 11
3 4 7 9 12
3 4 7 9 13
3 4 7 9 14
3 4 7 9 15
3 4 7 9 16
3 4 7 10 11
3 4 7 10 12
3 4 7 10 13
3 4 7 10 14
3 4 7 10 15
3 4 7 10 16
3 4 7 11 12
3 4 7 11 13
3 4 7 11 14
3 4 7 11 15
3 4 7 11 16
3 4 7 12 13
3 4 7 12 14
3 4 7 12 15
3 4 7 12 16
3 4 7 13 14
3 4 7 13 15
3 4 7 13 16
3 4 7 14 15
3 4 7 14 16
3 4 7 15 16
3 4 8 9 10
3 4 8 9 11
3 4 8 9 12
3 4 8 9 13
3 4 8 9 14
3 4 8 9 15
3 4 8 9 16
3 4 8 10 11
3 4 8 10 12
3 4 8 10 13
3 4 8 10 14
3 4 8 10 15
3 4 8 10 16
3 4 8 11 12
3 4 8 11 13
3 4 8 11 14
3 4 8 11 15
3 4 8 11 16
3 4 8 12 13
3 4 8 12 14
3 4 8 12 15
3 4 8 12 16
3 4 8 13 14
3 4 8 13 15
3 4 8 13 16
3 4 8 14 15
3 4 8 14 16
3 4 8 15 16
3 4 9 10 11
3 4 9 10 12
3 4 9 10 13
3 4 9 10 14
3 4 9 10 15
3 4 9 10 16
3 4 9 11 12
3 4 9 11 13
3 4 9 11 14
3 4 9 11 15
3 4 9 11 16
3 4 9 12 13
3 4 9 12 14
3 4 9 12 15
3 4 9 12 16
3 4 9 13 14
3 4 9 13 15
3 4 9 13 16
3 4 9 14 15
3 4 9 14 16
3 4 9 15 16
3 4 10 11 12
3 4 10 11 13
3 4 10 11 14
3 4 10 11 15
3 4 10 11 16
3 4 10 12 13
3 4 10 12 14
3 4 10 12 15
3 4 10 12 16
3 4 10 13 14
3 4 10 13 15
3 4 10 13 16
3 4 10 14 15
3 4 10 14 16
3 4 10 15 16
3 4 11 12 13
3 4 11 12 14
3 4 11 12 15
3 4 11 12 16
3 4 11 13 14
3 4 11 13 15
3 4 11 13 16
3 4 11 14 15
3 4 11 14 16
3 4 11 15 16
3 4 12 13 14
3 4 12 13 15
3 4 12 13 16
3 4 12 14 15
3 4 12 14 16
3 4 12 15 16
3 4 13 14 15
3 4 13 14 16
3 4 13 15 16
3 4 14 15 16
3 5 6 7 8
3 5 6 7 9
3 5 6 7 10
3 5 6 7 11
3 5 6 7 12
3 5 6 7 13
3 5 6 7 14
3 5 6 7 15
3 5 6 7 16
3 5 6 8 9
3 5 6 8 10
3 5 6 8 11
3 5 6 8 12
3 5 6 8 13
3 5 6 8 14
3 5 6 8 15
3 5 6 8 16
3 5 6 9 10
3 5 6 9 11
3 5 6 9 12
3 5 6 9 13
3 5 6 9 14
3 5 6 9 15
3 5 6 9 16
3 5 6 10 11
3 5 6 10 12
3 5 6 10 13
3 5 6 10 14
3 5 6 10 15
3 5 6 10 16
3 5 6 11 12
3 5 6 11 13
3 5 6 11 14
3 5 6 11 15
3 5 6 11 16
3 5 6 12 13
3 5 6 12 14
3 5 6 12 15
3 5 6 12 16
3 5 6 13 14
3 5 6 13 15
3 5 6 13 16
3 5 6 14 15
3 5 6 14 16
3 5 6 15 16
3 5 7 8 9
3 5 7 8 10
3 5 7 8 11
3 5 7 8 12
3 5 7 8 13
3 5 7 8 14
3 5 7 8 15
3 5 7 8 16
3 5 7 9 10
3 5 7 9 11
3 5 7 9 12
3 5 7 9 13
3 5 7 9 14
3 5 7 9 15
3 5 7 9 16
3 5 7 10 11
3 5 7 10 12
3 5 7 10 13
3 5 7 10 14
3 5 7 10 15
3 5 7 10 16
3 5 7 11 12
3 5 7 11 13
3 5 7 11 14
3 5 7 11 15
3 5 7 11 16
3 5 7 12 13
3 5 7 12 14
3 5 7 12 15
3 5 7 12 16
3 5 7 13 14
3 5 7 13 15
3 5 7 13 16
3 5 7 14 15
3 5 7 14 16
3 5 7 15 16
3 5 8 9 10
3 5 8 9 11
3 5 8 9 12
3 5 8 9 13
3 5 8 9 14
3 5 8 9 15
3 5 8 9 16
3 5 8 10 11
3 5 8 10 12
3 5 8 10 13
3 5 8 10 14
3 5 8 10 15
3 5 8 10 16
3 5 8 11 12
3 5 8 11 13
3 5 8 11 14
3 5 8 11 15
3 5 8 11 16
3 5 8 12 13
3 5 8 12 14
3 5 8 12 15
3 5 8 12 16
3 5 8 13 14
3 5 8 13 15
3 5 8 13 16
3 5 8 14 15
3 5 8 14 16
3 5 8 15 16
3 5 9 10 11
3 5 9 10 12
3 5 9 10 13
3 5 9 10 14
3 5 9 10 15
3 5 9 10 16
3 5 9 11 12
3 5 9 11 13
3 5 9 11 14
3 5 9 11 15
3 5 9 11 16
3 5 9 12 13
3 5 9 12 14
3 5 9 12 15
3 5 9 12 16
3 5 9 13 14
3 5 9 13 15
3 5 9 13 16
3 5 9 14 15
3 5 9 14 16
3 5 9 15 16
3 5 10 11 12
3 5 10 11 13
3 5 10 11 14
3 5 10 11 15
3 5 10 11 16
3 5 10 12 13
3 5 10 12 14
3 5 10 12 15
3 5 10 12 16
3 5 10 13 14
3 5 10 13 15
3 5 10 13 16
3 5 10 14 15
3 5 10 14 16
3 5 10 15 16
3 5 11 12 13
3 5 11 12 14
3 5 11 12 15
3 5 11 12 16
3 5 11 13 14
3 5 11 13 15
3 5 11 13 16
3 5 11 14 15
3 5 11 14 16
3 5 11 15 16
3 5 12 13 14
3 5 12 13 15
3 5 12 13 16
3 5 12 14 15
3 5 12 14 16
3 5 12 15 16
3 5 13 14 15
3 5 13 14 16
3 5 13 15 16
3 5 14 15 16
3 6 7 8 9
3 6 7 8 10
3 6 7 8 11
3 6 7 8 12
3 6 7 8 13
3 6 7 8 14
3 6 7 8 15
3 6 7 8 16
3 6 7 9 10
3 6 7 9 11
3 6 7 9 12
3 6 7 9 13
3 6 7 9 14
3 6 7 9 15
3 6 7 9 16
3 6 7 10 11
3 6 7 10 12
3 6 7 10 13
3 6 7 10 14
3 6 7 10 15
3 6 7 10 16
3 6 7 11 12
3 6 7 11 13
3 6 7 11 14
3 6 7 11 15
3 6 7 11 16
3 6 7 12 13
3 6 7 12 14
3 6 7 12 15
3 6 7 12 16
3 6 7 13 14
3 6 7 13 15
3 6 7 13 16
3 6 7 14 15
3 6 7 14 16
3 6 7 15 16
3 6 8 9 10
3 6 8 9 11
3 6 8 9 12
3 6 8 9 13
3 6 8 9 14
3 6 8 9 15
3 6 8 9 16
3 6 8 10 11
3 6 8 10 12
3 6 8 10 13
3 6 8 10 14
3 6 8 10 15
3 6 8 10 16
3 6 8 11 12
3 6 8 11 13
3 6 8 11 14
3 6 8 11 15
3 6 8 11 16
3 6 8 12 13
3 6 8 12 14
3 6 8 12 15
3 6 8 12 16
3 6 8 13 14
3 6 8 13 15
3 6 8 13 16
3 6 8 14 15
3 6 8 14 16
3 6 8 15 16
3 6 9 10 11
3 6 9 10 12
3 6 9 10 13
3 6 9 10 14
3 6 9 10 15
3 6 9 10 16
3 6 9 11 12
3 6 9 11 13
3 6 9 11 14
3 6 9 11 15
3 6 9 11 16
3 6 9 12 13
3 6 9 12 14
3 6 9 12 15
3 6 9 12 16
3 6 9 13 14
3 6 9 13 15
3 6 9 13 16
3 6 9 14 15
3 6 9 14 16
3 6 9 15 16
3 6 10 11 12
3 6 10 11 13
3 6 10 11 14
3 6 10 11 15
3 6 10 11 16
3 6 10 12 13
3 6 10 12 14
3 6 10 12 15
3 6 10 12 16
3 6 10 13 14
3 6 10 13 15
3 6 10 13 16
3 6 10 14 15
3 6 10 14 16
3 6 10 15 16
3 6 11 12 13
3 6 11 12 14
3 6 11 12 15
3 6 11 12 16
3 6 11 13 14
3 6 11 13 15
3 6 11 13 16
3 6 11 14 15
3 6 11 14 16
3 6 11 15 16
3 6 12 13 14
3 6 12 13 15
3 6 12 13 16
3 6 12 14 15
3 6 12 14 16
3 6 12 15 16
3 6 13 14 15
3 6 13 14 16
3 6 13 15 16
3 6 14 15 16
3 7 8 9 10
3 7 8 9 11
3 7 8 9 12
3 7 8 9 13
3 7 8 9 14
3 7 8 9 15
3 7 8 9 16
3 7 8 10 11
3 7 8 10 12
3 7 8 10 13
3 7 8 10 14
3 7 8 10 15
3 7 8 10 16
3 7 8 11 12
3 7 8 11 13
3 7 8 11 14
3 7 8 11 15
3 7 8 11 16
3 7 8 12 13
3 7 8 12 14
3 7 8 12 15
3 7 8 12 16
3 7 8 13 14
3 7 8 13 15
3 7 8 13 16
3 7 8 14 15
3 7 8 14 16
3 7 8 15 16
3 7 9 10 11
3 7 9 10 12
3 7 9 10 13
3 7 9 10 14
3 7 9 10 15
3 7 9 10 16
3 7 9 11 12
3 7 9 11 13
3 7 9 11 14
3 7 9 11 15
3 7 9 11 16
3 7 9 12 13
3 7 9 12 14
3 7 9 12 15
3 7 9 12 16
3 7 9 13 14
3 7 9 13 15
3 7 9 13 16
3 7 9 14 15
3 7 9 14 16
3 7 9 15 16
3 7 10 11 12
3 7 10 11 13
3 7 10 11 14
3 7 10 11 15
3 7 10 11 16
3 7 10 12 13
3 7 10 12 14
3 7 10 12 15
3 7 10 12 16
3 7 10 13 14
3 7 10 13 15
3 7 10 13 16
3 7 10 14 15
3 7 10 14 16
3 7 10 15 16
3 7 11 12 13
3 7 11 12 14
3 7 11 12 15
3 7 11 12 16
3 7 11 13 14
3 7 11 13 15
3 7 11 13 16
3 7 11 14 15
3 7 11 14 16
3 7 11 15 16
3 7 12 13 14
3 7 12 13 15
3 7 12 13 16
3 7 12 14 15
3 7 12 14 16
3 7 12 15 16
3 7 13 14 15
3 7 13 14 16
3 7 13 15 16
3 7 14 15 16
3 8 9 10 11
3 8 9 10 12
3 8 9 10 13
3 8 9 10 14
3 8 9 10 15
3 8 9 10 16
3 8 9 11 12
3 8 9 11 13
3 8 9 11 14
3 8 9 11 15
3 8 9 11 16
3 8 9 12 13
3 8 9 12 14
3 8 9 12 15
3 8 9 12 16
3 8 9 13 14
3 8 9 13 15
3 8 9 13 16
3 8 9 14 15
3 8 9 14 16
3 8 9 15 16
3 8 10 11 12
3 8 10 11 13
3 8 10 11 14
3 8 10 11 15
3 8 10 11 16
3 8 10 12 13
3 8 10 12 14
3 8 10 12 15
3 8 10 12 16
3 8 10 13 14
3 8 10 13 15
3 8 10 13 16
3 8 10 14 15
3 8 10 14 16
3 8 10 15 16
3 8 11 12 13
3 8 11 12 14
3 8 11 12 15
3 8 11 12 16
3 8 11 13 14
3 8 11 13 15
3 8 11 13 16
3 8 11 14 15
3 8 11 14 16
3 8 11 15 16
3 8 12 13 14
3 8 12 13 15
3 8 12 13 16
3 8 12 14 15
3 8 12 14 16
3 8 12 15 16
3 8 13 14 15
3 8 13 14 16
3 8 13 15 16
3 8 14 15 16
3 9 10 11 12
3 9 10 11 13
3 9 10 11 14
3 9 10 11 15
3 9 10 11 16
3 9 10 12 13
3 9 10 12 14
3 9 10 12 15
3 9 10 12 16
3 9 10 13 14
3 9 10 13 15
3 9 10 13 16
3 9 10 14 15
3 9 10 14 16
3 9 10 15 16
3 9 11 12 13
3 9 11 12 14
3 9 11 12 15
3 9 11 12 16
3 9 11 13 14
3 9 11 13 15
3 9 11 13 16
3 9 11 14 15
3 9 11 14 16
3 9 11 15 16
3 9 12 13 14
3 9 12 13 15
3 9 12 13 16
3 9 12 14 15
3 9 12 14 16
3 9 12 15 16
3 9 13 14 15
3 9 13 14 16
3 9 13 15 16
3 9 14 15 16
3 10 11 12 13
3 10 11 12 14
3 10 11 12 15
3 10 11 12 16
3 10 11 13 14
3 10 11 13 15
3 10 11 13 16
3 10 11 14 15
3 10 11 14 16
3 10 11 15 16
3 10 12 13 14
3 10 12 13 15
3 10 12 13 16
3 10 12 14 15
3 10 12 14 16
3 10 12 15 16
3 10 13 14 15
3 10 13 14 16
3 10 13 15 16
3 10 14 15 16
3 11 12 13 14
3 11 12 13 15
3 11 12 13 16
3 11 12 14 15
3 11 12 14 16
3 11 12 15 16
3 11 13 14 15
3 11 13 14 16
3 11 13 15 16
3 11 14 15 16
3 12 13 14 15
3 12 13 14 16
3 12 13 15 16
3 12 14 15 16
3 13 14 15 16
4 5 6 7 8
4 5 6 7 9
4 5 6 7 10
4 5 6 7 11
4 5 6 7 12
4 5 6 7 13
4 5 6 7 14
4 5 6 7 15
4 5 6 7 16
4 5 6 8 9
4 5 6 8 10
4 5 6 8 11
4 5 6 8 12
4 5 6 8 13
4 5 6 8 14
4 5 6 8 15
4 5 6 8 16
4 5 6 9 10
4 5 6 9 11
4 5 6 9 12
4 5 6 9 13
4 5 6 9 14
4 5 6 9 15
4 5 6 9 16
4 5 6 10 11
4 5 6 10 12
4 5 6 10 13
4 5 6 10 14
4 5 6 10 15
4 5 6 10 16
4 5 6 11 12
4 5 6 11 13
4 5 6 11 14
4 5 6 11 15
4 5 6 11 16
4 5 6 12 13
4 5 6 12 14
4 5 6 12 15
4 5 6 12 16
4 5 6 13 14
4 5 6 13 15
4 5 6 13 16
4 5 6 14 15
4 5 6 14 16
4 5 6 15 16
4 5 7 8 9
4 5 7 8 10
4 5 7 8 11
4 5 7 8 12
4 5 7 8 13
4 5 7 8 14
4 5 7 8 15
4 5 7 8 16
4 5 7 9 10
4 5 7 9 11
4 5 7 9 12
4 5 7 9 13
4 5 7 9 14
4 5 7 9 15
4 5 7 9 16
4 5 7 10 11
4 5 7 10 12
4 5 7 10 13
4 5 7 10 14
4 5 7 10 15
4 5 7 10 16
4 5 7 11 12
4 5 7 11 13
4 5 7 11 14
4 5 7 11 15
4 5 7 11 16
4 5 7 12 13
4 5 7 12 14
4 5 7 12 15
4 5 7 12 16
4 5 7 13 14
4 5 7 13 15
4 5 7 13 16
4 5 7 14 15
4 5 7 14 16
4 5 7 15 16
4 5 8 9 10
4 5 8 9 11
4 5 8 9 12
4 5 8 9 13
4 5 8 9 14
4 5 8 9 15
4 5 8 9 16
4 5 8 10 11
4 5 8 10 12
4 5 8 10 13
4 5 8 10 14
4 5 8 10 15
4 5 8 10 16
4 5 8 11 12
4 5 8 11 13
4 5 8 11 14
4 5 8 11 15
4 5 8 11 16
4 5 8 12 13
4 5 8 12 14
4 5 8 12 15
4 5 8 12 16
4 5 8 13 14
4 5 8 13 15
4 5 8 13 16
4 5 8 14 15
4 5 8 14 16
4 5 8 15 16
4 5 9 10 11
4 5 9 10 12
4 5 9 10 13
4 5 9 10 14
4 5 9 10 15
4 5 9 10 16
4 5 9 11 12
4 5 9 11 13
4 5 9 11 14
4 5 9 11 15
4 5 9 11 16
4 5 9 12 13
4 5 9 12 14
4 5 9 12 15
4 5 9 12 16
4 5 9 13 14
4 5 9 13 15
4 5 9 13 16
4 5 9 14 15
4 5 9 14 16
4 5 9 15 16
4 5 10 11 12
4 5 10 11 13
4 5 10 11 14
4 5 10 11 15
4 5 10 11 16
4 5 10 12 13
4 5 10 12 14
4 5 10 12 15
4 5 10 12 16
4 5 10 13 14
4 5 10 13 15
4 5 10 13 16
4 5 10 14 15
4 5 10 14 16
4 5 10 15 16
4 5 11 12 13
4 5 11 12 14
4 5 11 12 15
4 5 11 12 16
4 5 11 13 14
4 5 11 13 15
4 5 11 13 16
4 5 11 14 15
4 5 11 14 16
4 5 11 15 16
4 5 12 13 14
4 5 12 13 15
4 5 12 13 16
4 5 12 14 15
4 5 12 14 16
4 5 12 15 16
4 5 13 14 15
4 5 13 14 16
4 5 13 15 16
4 5 14 15 16
4 6 7 8 9
4 6 7 8 10
4 6 7 8 11
4 6 7 8 12
4 6 7 8 13
4 6 7 8 14
4 6 7 8 15
4 6 7 8 16
4 6 7 9 10
4 6 7 9 11
4 6 7 9 12
4 6 7 9 13
4 6 7 9 14
4 6 7 9 15
4 6 7 9 16
4 6 7 10 11
4 6 7 10 12
4 6 7 10 13
4 6 7 10 14
4 6 7 10 15
4 6 7 10 16
4 6 7 11 12
4 6 7 11 13
4 6 7 11 14
4 6 7 11 15
4 6 7 11 16
4 6 7 12 13
4 6 7 12 14
4 6 7 12 15
4 6 7 12 16
4 6 7 13 14
4 6 7 13 15
4 6 7 13 16
4 6 7 14 15
4 6 7 14 16
4 6 7 15 16
4 6 8 9 10
4 6 8 9 11
4 6 8 9 12
4 6 8 9 13
4 6 8 9 14
4 6 8 9 15
4 6 8 9 16
4 6 8 10 11
4 6 8 10 12
4 6 8 10 13
4 6 8 10 14
4 6 8 10 15
4 6 8 10 16
4 6 8 11 12
4 6 8 11 13
4 6 8 11 14
4 6 8 11 15
4 6 8 11 16
4 6 8 12 13
4 6 8 12 14
4 6 8 12 15
4 6 8 12 16
4 6 8 13 14
4 6 8 13 15
4 6 8 13 16
4 6 8 14 15
4 6 8 14 16
4 6 8 15 16
4 6 9 10 11
4 6 9 10 12
4 6 9 10 13
4 6 9 10 14
4 6 9 10 15
4 6 9 10 16
4 6 9 11 12
4 6 9 11 13
4 6 9 11 14
4 6 9 11 15
4 6 9 11 16
4 6 9 12 13
4 6 9 12 14
4 6 9 12 15
4 6 9 12 16
4 6 9 13 14
4 6 9 13 15
4 6 9 13 16
4 6 9 14 15
4 6 9 14 16
4 6 9 15 16
4 6 10 11 12
4 6 10 11 13
4 6 10 11 14
4 6 10 11 15
4 6 10 11 16
4 6 10 12 13
4 6 10 12 14
4 6 10 12 15
4 6 10 12 16
4 6 10 13 14
4 6 10 13 15
4 6 10 13 16
4 6 10 14 15
4 6 10 14 16
4 6 10 15 16
4 6 11 12 13
4 6 11 12 14
4 6 11 12 15
4 6 11 12 16
4 6 11 13 14
4 6 11 13 15
4 6 11 13 16
4 6 11 14 15
4 6 11 14 16
4 6 11 15 16
4 6 12 13 14
4 6 12 13 15
4 6 12 13 16
4 6 12 14 15
4 6 12 14 16
4 6 12 15 16
4 6 13 14 15
4 6 13 14 16
4 6 13 15 16
4 6 14 15 16
4 7 8 9 10
4 7 8 9 11
4 7 8 9 12
4 7 8 9 13
4 7 8 9 14
4 7 8 9 15
4 7 8 9 16
4 7 8 10 11
4 7 8 10 12
4 7 8 10 13
4 7 8 10 14
4 7 8 10 15
4 7 8 10 16
4 7 8 11 12
4 7 8 11 13
4 7 8 11 14
4 7 8 11 15
4 7 8 11 16
4 7 8 12 13
4 7 8 12 14
4 7 8 12 15
4 7 8 12 16
4 7 8 13 14
4 7 8 13 15
4 7 8 13 16
4 7 8 14 15
4 7 8 14 16
4 7 8 15 16
4 7 9 10 11
4 7 9 10 12
4 7 9 10 13
4 7 9 10 14
4 7 9 10 15
4 7 9 10 16
4 7 9 11 12
4 7 9 11 13
4 7 9 11 14
4 7 9 11 15
4 7 9 11 16
4 7 9 12 13
4 7 9 12 14
4 7 9 12 15
4 7 9 12 16
4 7 9 13 14
4 7 9 13 15
4 7 9 13 16
4 7 9 14 15
4 7 9 14 16
4 7 9 15 16
4 7 10 11 12
4 7 10 11 13
4 7 10 11 14
4 7 10 11 15
4 7 10 11 16
4 7 10 12 13
4 7 10 12 14
4 7 10 12 15
4 7 10 12 16
4 7 10 13 14
4 7 10 13 15
4 7 10 13 16
4 7 10 14 15
4 7 10 14 16
4 7 10 15 16
4 7 11 12 13
4 7 11 12 14
4 7 11 12 15
4 7 11 12 16
4 7 11 13 14
4 7 11 13 15
4 7 11 13 16
4 7 11 14 15
4 7 11 14 16
4 7 11 15 16
4 7 12 13 14
4 7 12 13 15
4 7 12 13 16
4 7 12 14 15
4 7 12 14 16
4 7 12 15 16
4 7 13 14 15
4 7 13 14 16
4 7 13 15 16
4 7 14 15 16
4 8 9 10 11
4 8 9 10 12
4 8 9 10 13
4 8 9 10 14
4 8 9 10 15
4 8 9 10 16
4 8 9 11 12
4 8 9 11 13
4 8 9 11 14
4 8 9 11 15
4 8 9 11 16
4 8 9 12 13
4 8 9 12 14
4 8 9 12 15
4 8 9 12 16
4 8 9 13 14
4 8 9 13 15
4 8 9 13 16
4 8 9 14 15
4 8 9 14 16
4 8 9 15 16
4 8 10 11 12
4 8 10 11 13
4 8 10 11 14
4 8 10 11 15
4 8 10 11 16
4 8 10 12 13
4 8 10 12 14
4 8 10 12 15
4 8 10 12 16
4 8 10 13 14
4 8 10 13 15
4 8 10 13 16
4 8 10 14 15
4 8 10 14 16
4 8 10 15 16
4 8 11 12 13
4 8 11 12 14
4 8 11 12 15
4 8 11 12 16
4 8 11 13 14
4 8 11 13 15
4 8 11 13 16
4 8 11 14 15
4 8 11 14 16
4 8 11 15 16
4 8 12 13 14
4 8 12 13 15
4 8 12 13 16
4 8 12 14 15
4 8 12 14 16
4 8 12 15 16
4 8 13 14 15
4 8 13 14 16
4 8 13 15 16
4 8 14 15 16
4 9 10 11 12
4 9 10 11 13
4 9 10 11 14
4 9 10 11 15
4 9 10 11 16
4 9 10 12 13
4 9 10 12 14
4 9 10 12 15
4 9 10 12 16
4 9 10 13 14
4 9 10 13 15
4 9 10 13 16
4 9 10 14 15
4 9 10 14 16
4 9 10 15 16
4 9 11 12 13
4 9 11 12 14
4 9 11 12 15
4 9 11 12 16
4 9 11 13 14
4 9 11 13 15
4 9 11 13 16
4 9 11 14 15
4 9 11 14 16
4 9 11 15 16
4 9 12 13 14
4 9 12 13 15
4 9 12 13 16
4 9 12 14 15
4 9 12 14 16
4 9 12 15 16
4 9 13 14 15
4 9 13 14 16
4 9 13 15 16
4 9 14 15 16
4 10 11 12 13
4 10 11 12 14
4 10 11 12 15
4 10 11 12 16
4 10 11 13 14
4 10 11 13 15
4 10 11 13 16
4 10 11 14 15
4 10 11 14 16
4 10 11 15 16
4 10 12 13 14
4 10 12 13 15
4 10 12 13 16
4 10 12 14 15
4 10 12 14 16
4 10 12 15 16
4 10 13 14 15
4 10 13 14 16
4 10 13 15 16
4 10 14 15 16
4 11 12 13 14
4 11 12 13 15
4 11 12 13 16
4 11 12 14 15
4 11 12 14 16
4 11 12 15 16
4 11 13 14 15
4 11 13 14 16
4 11 13 15 16
4 11 14 15 16
4 12 13 14 15
4 12 13 14 16
4 12 13 15 16
4 12 14 15 16
4 13 14 15 16
5 6 7 8 9
5 6 7 8 10
5 6 7 8 11
5 6 7 8 12
5 6 7 8 13
5 6 7 8 14
5 6 7 8 15
5 6 7 8 16
5 6 7 9 10
5 6 7 9 11
5 6 7 9 12
5 6 7 9 13
5 6 7 9 14
5 6 7 9 15
5 6 7 9 16
5 6 7 10 11
5 6 7 10 12
5 6 7 10 13
5 6 7 10 14
5 6 7 10 15
5 6 7 10 16
5 6 7 11 12
5 6 7 11 13
5 6 7 11 14
5 6 7 11 15
5 6 7 11 16
5 6 7 12 13
5 6 7 12 14
5 6 7 12 15
5 6 7 12 16
5 6 7 13 14
5 6 7 13 15
5 6 7 13 16
5 6 7 14 15
5 6 7 14 16
5 6 7 15 16
5 6 8 9 10
5 6 8 9 11
5 6 8 9 12
5 6 8 9 13
5 6 8 9 14
5 6 8 9 15
5 6 8 9 16
5 6 8 10 11
5 6 8 10 12
5 6 8 10 13
5 6 8 10 14
5 6 8 10 15
5 6 8 10 16
5 6 8 11 12
5 6 8 11 13
5 6 8 11 14
5 6 8 11 15
5 6 8 11 16
5 6 8 12 13
5 6 8 12 14
5 6 8 12 15
5 6 8 12 16
5 6 8 13 14
5 6 8 13 15
5 6 8 13 16
5 6 8 14 15
5 6 8 14 16
5 6 8 15 16
5 6 9 10 11
5 6 9 10 12
5 6 9 10 13
5 6 9 10 14
5 6 9 10 15
5 6 9 10 16
5 6 9 11 12
5 6 9 11 13
5 6 9 11 14
5 6 9 11 15
5 6 9 11 16
5 6 9 12 13
5 6 9 12 14
5 6 9 12 15
5 6 9 12 16
5 6 9 13 14
5 6 9 13 15
5 6 9 13 16
5 6 9 14 15
5 6 9 14 16
5 6 9 15 16
5 6 10 11 12
5 6 10 11 13
5 6 10 11 14
5 6 10 11 15
5 6 10 11 16
5 6 10 12 13
5 6 10 12 14
5 6 10 12 15
5 6 10 12 16
5 6 10 13 14
5 6 10 13 15
5 6 10 13 16
5 6 10 14 15
5 6 10 14 16
5 6 10 15 16
5 6 11 12 13
5 6 11 12 14
5 6 11 12 15
5 6 11 12 16
5 6 11 13 14
5 6 11 13 15
5 6 11 13 16
5 6 11 14 15
5 6 11 14 16
5 6 11 15 16
5 6 12 13 14
5 6 12 13 15
5 6 12 13 16
5 6 12 14 15
5 6 12 14 16
5 6 12 15 16
5 6 13 14 15
5 6 13 14 16
5 6 13 15 16
5 6 14 15 16
5 7 8 9 10
5 7 8 9 11
5 7 8 9 12
5 7 8 9 13
5 7 8 9 14
5 7 8 9 15
5 7 8 9 16
5 7 8 10 11
5 7 8 10 12
5 7 8 10 13
5 7 8 10 14
5 7 8 10 15
5 7 8 10 16
5 7 8 11 12
5 7 8 11 13
5 7 8 11 14
5 7 8 11 15
5 7 8 11 16
5 7 8 12 13
5 7 8 12 14
5 7 8 12 15
5 7 8 12 16
5 7 8 13 14
5 7 8 13 15
5 7 8 13 16
5 7 8 14 15
5 7 8 14 16
5 7 8 15 16
5 7 9 10 11
5 7 9 10 12
5 7 9 10 13
5 7 9 10 14
5 7 9 10 15
5 7 9 10 16
5 7 9 11 12
5 7 9 11 13
5 7 9 11 14
5 7 9 11 15
5 7 9 11 16
5 7 9 12 13
5 7 9 12 14
5 7 9 12 15
5 7 9 12 16
5 7 9 13 14
5 7 9 13 15
5 7 9 13 16
5 7 9 14 15
5 7 9 14 16
5 7 9 15 16
5 7 10 11 12
5 7 10 11 13
5 7 10 11 14
5 7 10 11 15
5 7 10 11 16
5 7 10 12 13
5 7 10 12 14
5 7 10 12 15
5 7 10 12 16
5 7 10 13 14
5 7 10 13 15
5 7 10 13 16
5 7 10 14 15
5 7 10 14 16
5 7 10 15 16
5 7 11 12 13
5 7 11 12 14
5 7 11 12 15
5 7 11 12 16
5 7 11 13 14
5 7 11 13 15
5 7 11 13 16
5 7 11 14 15
5 7 11 14 16
5 7 11 15 16
5 7 12 13 14
5 7 12 13 15
5 7 12 13 16
5 7 12 14 15
5 7 12 14 16
5 7 12 15 16
5 7 13 14 15
5 7 13 14 16
5 7 13 15 16
5 7 14 15 16
5 8 9 10 11
5 8 9 10 12
5 8 9 10 13
5 8 9 10 14
5 8 9 10 15
5 8 9 10 16
5 8 9 11 12
5 8 9 11 13
5 8 9 11 14
5 8 9 11 15
5 8 9 11 16
5 8 9 12 13
5 8 9 12 14
5 8 9 12 15
5 8 9 12 16
5 8 9 13 14
5 8 9 13 15
5 8 9 13 16
5 8 9 14 15
5 8 9 14 16
5 8 9 15 16
5 8 10 11 12
5 8 10 11 13
5 8 10 11 14
5 8 10 11 15
5 8 10 11 16
5 8 10 12 13
5 8 10 12 14
5 8 10 12 15
5 8 10 12 16
5 8 10 13 14
5 8 10 13 15
5 8 10 13 16
5 8 10 14 15
5 8 10 14 16
5 8 10 15 16
5 8 11 12 13
5 8 11 12 14
5 8 11 12 15
5 8 11 12 16
5 8 11 13 14
5 8 11 13 15
5 8 11 13 16
5 8 11 14 15
5 8 11 14 16
5 8 11 15 16
5 8 12 13 14
5 8 12 13 15
5 8 12 13 16
5 8 12 14 15
5 8 12 14 16
5 8 12 15 16
5 8 13 14 15
5 8 13 14 16
5 8 13 15 16
5 8 14 15 16
5 9 10 11 12
5 9 10 11 13
5 9 10 11 14
5 9 10 11 15
5 9 10 11 16
5 9 10 12 13
5 9 10 12 14
5 9 10 12 15
5 9 10 12 16
5 9 10 13 14
5 9 10 13 15
5 9 10 13 16
5 9 10 14 15
5 9 10 14 16
5 9 10 15 16
5 9 11 12 13
5 9 11 12 14
5 9 11 12 15
5 9 11 12 16
5 9 11 13 14
5 9 11 13 15
5 9 11 13 16
5 9 11 14 15
5 9 11 14 16
5 9 11 15 16
5 9 12 13 14
5 9 12 13 15
5 9 12 13 16
5 9 12 14 15
5 9 12 14 16
5 9 12 15 16
5 9 13 14 15
5 9 13 14 16
5 9 13 15 16
5 9 14 15 16
5 10 11 12 13
5 10 11 12 14
5 10 11 12 15
5 10 11 12 16
5 10 11 13 14
5 10 11 13 15
5 10 11 13 16
5 10 11 14 15
5 10 11 14 16
5 10 11 15 16
5 10 12 13 14
5 10 12 13 15
5 10 12 13 16
5 10 12 14 15
5 10 12 14 16
5 10 12 15 16
5 10 13 14 15
5 10 13 14 16
5 10 13 15 16
5 10 14 15 16
5 11 12 13 14
5 11 12 13 15
5 11 12 13 16
5 11 12 14 15
5 11 12 14 16
5 11 12 15 16
5 11 13 14 15
5 11 13 14 16
5 11 13 15 16
5 11 14 15 16
5 12 13 14 15
5 12 13 14 16
5 12 13 15 16
5 12 14 15 16
5 13 14 15 16
6 7 8 9 10
6 7 8 9 11
6 7 8 9 12
6 7 8 9 13
6 7 8 9 14
6 7 8 9 15
6 7 8 9 16
6 7 8 10 11
6 7 8 10 12
6 7 8 10 13
6 7 8 10 14
6 7 8 10 15
6 7 8 10 16
6 7 8 11 12
6 7 8 11 13
6 7 8 11 14
6 7 8 11 15
6 7 8 11 16
6 7 8 12 13
6 7 8 12 14
6 7 8 12 15
6 7 8 12 16
6 7 8 13 14
6 7 8 13 15
6 7 8 13 16
6 7 8 14 15
6 7 8 14 16
6 7 8 15 16
6 7 9 10 11
6 7 9 10 12
6 7 9 10 13
6 7 9 10 14
6 7 9 10 15
6 7 9 10 16
6 7 9 11 12
6 7 9 11 13
6 7 9 11 14
6 7 9 11 15
6 7 9 11 16
6 7 9 12 13
6 7 9 12 14
6 7 9 12 15
6 7 9 12 16
6 7 9 13 14
6 7 9 13 15
6 7 9 13 16
6 7 9 14 15
6 7 9 14 16
6 7 9 15 16
6 7 10 11 12
6 7 10 11 13
6 7 10 11 14
6 7 10 11 15
6 7 10 11 16
6 7 10 12 13
6 7 10 12 14
6 7 10 12 15
6 7 10 12 16
6 7 10 13 14
6 7 10 13 15
6 7 10 13 16
6 7 10 14 15
6 7 10 14 16
6 7 10 15 16
6 7 11 12 13
6 7 11 12 14
6 7 11 12 15
6 7 11 12 16
6 7 11 13 14
6 7 11 13 15
6 7 11 13 16
6 7 11 14 15
6 7 11 14 16
6 7 11 15 16
6 7 12 13 14
6 7 12 13 15
6 7 12 13 16
6 7 12 14 15
6 7 12 14 16
6 7 12 15 16
6 7 13 14 15
6 7 13 14 16
6 7 13 15 16
6 7 14 15 16
6 8 9 10 11
6 8 9 10 12
6 8 9 10 13
6 8 9 10 14
6 8 9 10 15
6 8 9 10 16
6 8 9 11 12
6 8 9 11 13
6 8 9 11 14
6 8 9 11 15
6 8 9 11 16
6 8 9 12 13
6 8 9 12 14
6 8 9 12 15
6 8 9 12 16
6 8 9 13 14
6 8 9 13 15
6 8 9 13 16
6 8 9 14 15
6 8 9 14 16
6 8 9 15 16
6 8 10 11 12
6 8 10 11 13
6 8 10 11 14
6 8 10 11 15
6 8 10 11 16
6 8 10 12 13
6 8 10 12 14
6 8 10 12 15
6 8 10 12 16
6 8 10 13 14
6 8 10 13 15
6 8 10 13 16
6 8 10 14 15
6 8 10 14 16
6 8 10 15 16
6 8 11 12 13
6 8 11 12 14
6 8 11 12 15
6 8 11 12 16
6 8 11 13 14
6 8 11 13 15
6 8 11 13 16
6 8 11 14 15
6 8 11 14 16
6 8 11 15 16
6 8 12 13 14
6 8 12 13 15
6 8 12 13 16
6 8 12 14 15
6 8 12 14 16
6 8 12 15 16
6 8 13 14 15
6 8 13 14 16
6 8 13 15 16
6 8 14 15 16
6 9 10 11 12
6 9 10 11 13
6 9 10 11 14
6 9 10 11 15
6 9 10 11 16
6 9 10 12 13
6 9 10 12 14
6 9 10 12 15
6 9 10 12 16
6 9 10 13 14
6 9 10 13 15
6 9 10 13 16
6 9 10 14 15
6 9 10 14 16
6 9 10 15 16
6 9 11 12 13
6 9 11 12 14
6 9 11 12 15
6 9 11 12 16
6 9 11 13 14
6 9 11 13 15
6 9 11 13 16
6 9 11 14 15
6 9 11 14 16
6 9 11 15 16
6 9 12 13 14
6 9 12 13 15
6 9 12 13 16
6 9 12 14 15
6 9 12 14 16
6 9 12 15 16
6 9 13 14 15
6 9 13 14 16
6 9 13 15 16
6 9 14 15 16
6 10 11 12 13
6 10 11 12 14
6 10 11 12 15
6 10 11 12 16
6 10 11 13 14
6 10 11 13 15
6 10 11 13 16
6 10 11 14 15
6 10 11 14 16
6 10 11 15 16
6 10 12 13 14
6 10 12 13 15
6 10 12 13 16
6 10 12 14 15
6 10 12 14 16
6 10 12 15 16
6 10 13 14 15
6 10 13 14 16
6 10 13 15 16
6 10 14 15 16
6 11 12 13 14
6 11 12 13 15
6 11 12 13 16
6 11 12 14 15
6 11 12 14 16
6 11 12 15 16
6 11 13 14 15
6 11 13 14 16
6 11 13 15 16
6 11 14 15 16
6 12 13 14 15
6 12 13 14 16
6 12 13 15 16
6 12 14 15 16
6 13 14 15 16
7 8 9 10 11
7 8 9 10 12
7 8 9 10 13
7 8 9 10 14
7 8 9 10 15
7 8 9 10 16
7 8 9 11 12
7 8 9 11 13
7 8 9 11 14
7 8 9 11 15
7 8 9 11 16
7 8 9 12 13
7 8 9 12 14
7 8 9 12 15
7 8 9 12 16
7 8 9 13 14
7 8 9 13 15
7 8 9 13 16
7 8 9 14 15
7 8 9 14 16
7 8 9 15 16
7 8 10 11 12
7 8 10 11 13
7 8 10 11 14
7 8 10 11 15
7 8 10 11 16
7 8 10 12 13
7 8 10 12 14
7 8 10 12 15
7 8 10 12 16
7 8 10 13 14
7 8 10 13 15
7 8 10 13 16
7 8 10 14 15
7 8 10 14 16
7 8 10 15 16
7 8 11 12 13
7 8 11 12 14
7 8 11 12 15
7 8 11 12 16
7 8 11 13 14
7 8 11 13 15
7 8 11 13 16
7 8 11 14 15
7 8 11 14 16
7 8 11 15 16
7 8 12 13 14
7 8 12 13 15
7 8 12 13 16
7 8 12 14 15
7 8 12 14 16
7 8 12 15 16
7 8 13 14 15
7 8 13 14 16
7 8 13 15 16
7 8 14 15 16
7 9 10 11 12
7 9 10 11 13
7 9 10 11 14
7 9 10 11 15
7 9 10 11 16
7 9 10 12 13
7 9 10 12 14
7 9 10 12 15
7 9 10 12 16
7 9 10 13 14
7 9 10 13 15
7 9 10 13 16
7 9 10 14 15
7 9 10 14 16
7 9 10 15 16
7 9 11 12 13
7 9 11 12 14
7 9 11 12 15
7 9 11 12 16
7 9 11 13 14
7 9 11 13 15
7 9 11 13 16
7 9 11 14 15
7 9 11 14 16
7 9 11 15 16
7 9 12 13 14
7 9 12 13 15
7 9 12 13 16
7 9 12 14 15
7 9 12 14 16
7 9 12 15 16
7 9 13 14 15
7 9 13 14 16
7 9 13 15 16
7 9 14 15 16
7 10 11 12 13
7 10 11 12 14
7 10 11 12 15
7 10 11 12 16
7 10 11 13 14
7 10 11 13 15
7 10 11 13 16
7 10 11 14 15
7 10 11 14 16
7 10 11 15 16
7 10 12 13 14
7 10 12 13 15
7 10 12 13 16
7 10 12 14 15
7 10 12 14 16
7 10 12 15 16
7 10 13 14 15
7 10 13 14 16
7 10 13 15 16
7 10 14 15 16
7 11 12 13 14
7 11 12 13 15
7 11 12 13 16
7 11 12 14 15
7 11 12 14 16
7 11 12 15 16
7 11 13 14 15
7 11 13 14 16
7 11 13 15 16
7 11 14 15 16
7 12 13 14 15
7 12 13 14 16
7 12 13 15 16
7 12 14 15 16
7 13 14 15 16
8 9 10 11 12
8 9 10 11 13
8 9 10 11 14
8 9 10 11 15
8 9 10 11 16
8 9 10 12 13
8 9 10 12 14
8 9 10 12 15
8 9 10 12 16
8 9 10 13 14
8 9 10 13 15
8 9 10 13 16
8 9 10 14 15
8 9 10 14 16
8 9 10 15 16
8 9 11 12 13
8 9 11 12 14
8 9 11 12 15
8 9 11 12 16
8 9 11 13 14
8 9 11 13 15
8 9 11 13 16
8 9 11 14 15
8 9 11 14 16
8 9 11 15 16
8 9 12 13 14
8 9 12 13 15
8 9 12 13 16
8 9 12 14 15
8 9 12 14 16
8 9 12 15 16
8 9 13 14 15
8 9 13 14 16
8 9 13 15 16
8 9 14 15 16
8 10 11 12 13
8 10 11 12 14
8 10 11 12 15
8 10 11 12 16
8 10 11 13 14
8 10 11 13 15
8 10 11 13 16
8 10 11 14 15
8 10 11 14 16
8 10 11 15 16
8 10 12 13 14
8 10 12 13 15
8 10 12 13 16
8 10 12 14 15
8 10 12 14 16
8 10 12 15 16
8 10 13 14 15
8 10 13 14 16
8 10 13 15 16
8 10 14 15 16
8 11 12 13 14
8 11 12 13 15
8 11 12 13 16
8 11 12 14 15
8 11 12 14 16
8 11 12 15 16
8 11 13 14 15
8 11 13 14 16
8 11 13 15 16
8 11 14 15 16
8 12 13 14 15
8 12 13 14 16
8 12 13 15 16
8 12 14 15 16
8 13 14 15 16
9 10 11 12 13
9 10 11 12 14
9 10 11 12 15
9 10 11 12 16
9 10 11 13 14
9 10 11 13 15
9 10 11 13 16
9 10 11 14 15
9 10 11 14 16
9 10 11 15 16
9 10 12 13 14
9 10 12 13 15
9 10 12 13 16
9 10 12 14 15
9 10 12 14 16
9 10 12 15 16
9 10 13 14 15
9 10 13 14 16
9 10 13 15 16
9 10 14 15 16
9 11 12 13 14
9 11 12 13 15
9 11 12 13 16
9 11 12 14 15
9 11 12 14 16
9 11 12 15 16
9 11 13 14 15
9 11 13 14 16
9 11 13 15 16
9 11 14 15 16
9 12 13 14 15
9 12 13 14 16
9 12 13 15 16
9 12 14 15 16
9 13 14 15 16
10 11 12 13 14
10 11 12 13 15
10 11 12 13 16
10 11 12 14 15
10 11 12 14 16
10 11 12 15 16
10 11 13 14 15
10 11 13 14 16
10 11 13 15 16
10 11 14 15 16
10 12 13 14 15
10 12 13 14 16
10 12 13 15 16
10 12 14 15 16
10 13 14 15 16
11 12 13 14 15
11 12 13 14 16
11 12 13 15 16
11 12 14 15 16
11 13 14 15 16
12 13 14 15 16

Is hamiltonian hermitian? 1
Implicit Hamiltonian constructed
E(core)= 9.189534427600
H(1,1) + E(core) energy = -76.257712525600
Davidson: iter=0 dim=0 root=0 eigenvalue=-85.447246953200
Davidson: iter=1 dim=1 root=0 eigenvalue=-85.527056701626
Davidson: iter=2 dim=2 root=0 eigenvalue=-85.534937598378
Davidson: iter=3 dim=3 root=0 eigenvalue=-85.535605925523
Davidson: iter=4 dim=4 root=0 eigenvalue=-85.535638737277
Davidson: iter=5 dim=5 root=0 eigenvalue=-85.535643073460
Davidson: iter=6 dim=6 root=0 eigenvalue=-85.535643484494
Davidson: iter=7 dim=7 root=0 eigenvalue=-85.535643529547
Davidson: iter=8 dim=8 root=0 eigenvalue=-85.535643534737
Davidson: iter=9 dim=9 root=0 eigenvalue=-85.535643535370
Davidson: iter=10 dim=10 root=0 eigenvalue=-85.535643535414
Davidson: iter=11 dim=11 root=0 eigenvalue=-85.535643535419
Davidson: iter=12 dim=12 root=0 eigenvalue=-85.535643535419
root no. 0 converged
Davidson converged in 12 iterations.
E(core)= 9.189534427600
E(0)= -76.346109107819
FCI Excitation energies = 1
0.000000000000

Vacuum coefficients in CI state 0 = -0.982198545757
Eigenvector 0 in string basis
0: -0.982198545757 seniority 0 ... 5
1 2 3 4 5
 | 5
1 2 3 4 5

Seniority vectors for all roots (nroots/seniority)
1 6
0.973164793113 0.005105565676 -0.964712933158 0.166567676307 1.000047543271 0.000000000650

Calculating transition densities
Root 0 MO occupations numbers (density matrix diagonal)
16
1.999989738336 1.991324592840 1.977165126585 1.978405351850 1.981242064400 0.006162157390 0.006418953441 0.007943526464 0.006887520304 0.009493308672 0.014359836346 0.002988723805 0.007266477649 0.002323036702 0.001871728494 0.006157856844
Transition densities done:
Trandens between roots 0 0
16 16
1.999989738336 0.000028156708 0.000000000000 0.000050236492 0.000000000000 0.000236897668 0.000000000000 0.000000000000 0.000222974230 0.000068613109 0.000000000000 0.000142138723 0.000000000000 0.000000000000 0.000000000000 -0.000626643766
0.000028156708 1.991324592840 0.000000000000 0.002981916325 0.000000000000 0.000284240785 0.000000000000 0.000000000000 0.000082642613 0.007392484354 0.000000000000 -0.001487869127 0.000000000000 0.000000000000 0.000000000000 -0.000067514737
0.000000000000 0.000000000000 1.977165126585 0.000000000000 0.000000000000 0.000000000000 0.000943011323 -0.001082026416 0.000000000000 0.000000000000 0.000000000000 0.000000000000 0.009110402208 0.000000000000 0.000000000000 0.000000000000
0.000050236492 0.002981916325 0.000000000000 1.978405351850 0.000000000000 -0.005640225914 0.000000000000 0.000000000000 -0.000686786530 0.000816317904 0.000000000000 -0.006129684370 0.000000000000 0.000000000000 0.000000000000 0.001680525604
0.000000000000 0.000000000000 0.000000000000 0.000000000000 1.981242064400 0.000000000000 0.000000000000 0.000000000000 0.000000000000 0.000000000000 0.005436200626 0.000000000000 0.000000000000 0.000000000000 -0.007300853265 0.000000000000
0.000236897668 0.000284240785 0.000000000000 -0.005640225914 0.000000000000 0.006162157390 0.000000000000 0.000000000000 0.005327797022 -0.004800867541 0.000000000000 0.002607399500 0.000000000000 0.000000000000 0.000000000000 -0.000843070127
0.000000000000 0.000000000000 0.000943011323 0.000000000000 0.000000000000 0.000000000000 0.006418953441 0.005734083665 0.000000000000 0.000000000000 0.000000000000 0.000000000000 0.006626800730 0.000000000000 0.000000000000 0.000000000000
0.000000000000 0.000000000000 -0.001082026416 0.000000000000 0.000000000000 0.000000000000 0.005734083665 0.007943526464 0.000000000000 0.000000000000 0.000000000000 0.000000000000 0.005287484084 0.000000000000 0.000000000000 0.000000000000
0.000222974230 0.000082642613 0.000000000000 -0.000686786530 0.000000000000 0.005327797022 0.000000000000 0.000000000000 0.006887520304 -0.003286315573 0.000000000000 0.001497004634 0.000000000000 0.000000000000 0.000000000000 -0.000032574707
0.000068613109 0.007392484354 0.000000000000 0.000816317904 0.000000000000 -0.004800867541 0.000000000000 0.000000000000 -0.003286315573 0.009493308672 0.000000000000 -0.002527674691 0.000000000000 0.000000000000 0.000000000000 -0.004265525519
0.000000000000 0.000000000000 0.000000000000 0.000000000000 0.005436200626 0.000000000000 0.000000000000 0.000000000000 0.000000000000 0.000000000000 0.014359836346 0.000000000000 0.000000000000 0.000000000000 -0.001920798330 0.000000000000
0.000142138723 -0.001487869127 0.000000000000 -0.006129684370 0.000000000000 0.002607399500 0.000000000000 0.000000000000 0.001497004634 -0.002527674691 0.000000000000 0.002988723805 0.000000000000 0.000000000000 0.000000000000 0.000392272101
0.000000000000 0.000000000000 0.009110402208 0.000000000000 0.000000000000 0.000000000000 0.006626800730 0.005287484084 0.000000000000 0.000000000000 0.000000000000 0.000000000000 0.007266477649 0.000000000000 0.000000000000 0.000000000000
0.000000000000 0.000000000000 0.000000000000 0.000000000000 0.000000000000 0.000000000000 0.000000000000 0.000000000000 0.000000000000 0.000000000000 0.000000000000 0.000000000000 0.000000000000 0.002323036702 0.000000000000 0.000000000000
0.000000000000 0.000000000000 0.000000000000 0.000000000000 -0.007300853265 0.000000000000 0.000000000000 0.000000000000 0.000000000000 0.000000000000 -0.001920798330 0.000000000000 0.000000000000 0.000000000000 0.001871728494 0.000000000000
-0.000626643766 -0.000067514737 0.000000000000 0.001680525604 0.000000000000 -0.000843070127 0.000000000000 0.000000000000 -0.000032574707 -0.004265525519 0.000000000000 0.000392272101 0.000000000000 0.000000000000 0.000000000000 0.006157856844

State 0 :
Natural orbital occupations
16
1.999990260389 1.992011431886 1.981284056641 1.977784213863 1.977208305474 0.018962704848 0.017989385607 0.014627404014 0.008904932123 0.002976144127 0.002527416957 0.002323036702 0.001683527737 0.001562168584 0.000095656859 0.000069354308
Natural orbitals (in MO basis)
16 16
-0.999986774856 0.004781265459 -0.000000000000 0.001859471647 0.000000000000 -0.000000000000 0.000045383722 -0.000000000000 -0.000337273839 0.000101193954 -0.000000000000 0.000000000000 0.000030528747 0.000000000000 -0.000000000000 -0.000070659139
-0.004269246334 -0.976575732644 -0.000000000000 0.215097923477 0.000000000000 0.000000000000 -0.002510132950 0.000000000000 -0.001530802154 -0.001445740118 -0.000000000000 -0.000000000000 -0.001089428623 0.000000000000 -0.000000000000 0.001604406434
0.000000000000 0.000000000000 -0.000000000000 -0.000000000000 0.999989040505 -0.002667983929 0.000000000000 0.000000000000 -0.000000000000 0.000000000000 -0.003067885045 0.000000000000 0.000000000000 0.000000000000 -0.002321381756 -0.000000000000
-0.002845191880 -0.215083316626 -0.000000000000 -0.976581884557 0.000000000000 -0.000000000000 -0.002504189115 0.000000000000 0.001858241809 -0.002299758399 -0.000000000000 -0.000000000000 0.001766138987 -0.000000000000 0.000000000000 -0.000873146882
0.000000000000 0.000000000000 -0.999989358849 -0.000000000000 -0.000000000000 0.000000000000 -0.000000000000 0.003280145861 0.000000000000 0.000000000000 -0.000000000000 0.000000000000 -0.000000000000 -0.003243891452 -0.000000000000 -0.000000000000
-0.000111756750 0.000482707469 0.000000000000 0.002829114410 0.000000000000 -0.000000000000 -0.511939467607 -0.000000000000 0.380394550300 -0.172603118772 -0.000000000000 -0.000000000000 -0.095946819278 0.000000000000 0.000000000000 -0.744454222558
0.000000000000 0.000000000000 0.000000000000 0.000000000000 0.000492481827 0.571686817553 -0.000000000000 -0.000000000000 0.000000000000 -0.000000000000 0.253749937256 -0.000000000000 -0.000000000000 -0.000000000000 -0.780246697808 -0.000000000000
0.000000000000 -0.000000000000 0.000000000000 0.000000000000 -0.000535599217 0.577437239673 -0.000000000000 -0.000000000000 0.000000000000 0.000000000000 -0.800016735430 0.000000000000 0.000000000000 0.000000000000 0.162908472475 0.000000000000
-0.000111331359 0.000042825031 0.000000000000 0.000358720799 -0.000000000000 -0.000000000000 -0.469115337125 0.000000000000 0.412457646253 0.676268251751 0.000000000000 0.000000000000 0.160783290283 -0.000000000000 -0.000000000000 0.355836103917
-0.000051632475 -0.003732604963 -0.000000000000 0.000393540907 0.000000000000 0.000000000000 0.644143463959 0.000000000000 0.394709781782 0.290722668971 0.000000000000 -0.000000000000 0.457779566191 -0.000000000000 0.000000000000 -0.367678520788
-0.000000000000 -0.000000000000 -0.002767382936 0.000000000000 -0.000000000000 -0.000000000000 0.000000000000 -0.989120918767 0.000000000000 0.000000000000 -0.000000000000 0.000000000000 -0.000000000000 -0.147078719225 0.000000000000 -0.000000000000
-0.000059363862 0.001399074558 0.000000000000 0.002872679297 0.000000000000 -0.000000000000 -0.248378240421 -0.000000000000 0.053717061404 -0.506422162339 -0.000000000000 -0.000000000000 0.795952541274 -0.000000000000 -0.000000000000 0.213093076640
0.000000000000 0.000000000000 -0.000000000000 0.000000000000 0.004624874623 0.582866450172 -0.000000000000 -0.000000000000 -0.000000000000 -0.000000000000 0.543667895370 -0.000000000000 -0.000000000000 -0.000000000000 0.603879566919 0.000000000000
-0.000000000000 0.000000000000 -0.000000000000 0.000000000000 -0.000000000000 -0.000000000000 -0.000000000000 0.000000000000 -0.000000000000 -0.000000000000 0.000000000000 1.000000000000 0.000000000000 0.000000000000 -0.000000000000 -0.000000000000
-0.000000000000 -0.000000000000 0.003691040546 0.000000000000 0.000000000000 0.000000000000 -0.000000000000 0.147068177049 -0.000000000000 0.000000000000 -0.000000000000 0.000000000000 -0.000000000000 -0.989119470802 0.000000000000 -0.000000000000
0.000312181252 -0.000142233009 0.000000000000 -0.000841846619 0.000000000000 -0.000000000000 -0.203036094609 -0.000000000000 -0.725597292896 0.414582861451 0.000000000000 -0.000000000000 0.349050218766 0.000000000000 0.000000000000 -0.372248683282

