Begin IJ Block
1   1   -33.0271975773
1   2   -0.5819703916
1   4   -0.1871122221
2   2   -7.8574375802
2   4   -0.2416100102
3   3   -6.6802839478
4   4   -6.9164495014
5   5   -7.0842606806

End IJ Block
Begin IA Block
1   1   0.1788973670
2   1   0.8205910853
4   1   -0.4325175718

End IA Block
Begin AB Block
1   1   -3.3633460066

End AB Block
Begin IJAB Block
1   6   1   2   0.0104990496
1   7   1   2   -0.0019197882
1   9   1   2   0.0018798592
2   6   1   2   -0.0019197882
2   7   1   2   0.0394645048
2   9   1   2   -0.0219155062
3   8   1   2   0.0245522836
4   6   1   2   0.0018798592
4   7   1   2   -0.0219155062
4   9   1   2   0.0205293025
5   10   1   2   0.0156117396

End IJAB Block
Begin IJKL Block
1   6   1   6   4.7389920091
1   6   1   7   0.4316471044
1   6   1   9   0.1398353560
1   6   2   6   0.4316471044
1   6   2   7   0.0616039968
1   6   2   9   0.0170066336
1   6   3   8   0.0166828154
1   6   4   6   0.1398353560
1   6   4   7   0.0170066336
1   6   4   9   0.0272140846
1   6   5   10   0.0271884177
1   7   1   6   0.4316471044
1   7   1   7   1.0467302187
1   7   1   9   0.0884260324
1   7   2   6   0.0638469782
1   7   2   7   0.0147095395
1   7   2   9   0.0078363372
1   7   3   8   -0.0221783953
1   7   4   6   0.0167766846
1   7   4   7   0.0146677206
1   7   4   9   -0.0217417092
1   7   5   10   -0.0288516874
1   8   1   8   0.8757027418
1   8   2   8   0.0065772294
1   8   3   6   0.0196006449
1   8   3   7   -0.0231197785
1   8   3   9   -0.0030473194
1   8   4   8   0.0073879590
1   9   1   6   0.1398353560
1   9   1   7   0.0884260324
1   9   1   9   0.9826139063
1   9   2   6   0.0167766846
1   9   2   7   0.0081165775
1   9   2   9   0.0128731668
1   9   3   8   -0.0026225249
1   9   4   6   0.0299840375
1   9   4   7   -0.0225080940
1   9   4   9   -0.0086662352
1   9   5   10   -0.0090235212
1   10   1   10   1.0352624942
1   10   2   10   0.0114930530
1   10   4   10   0.0045801578
1   10   5   6   0.0299152685
1   10   5   7   -0.0293007731
1   10   5   9   -0.0093711715
2   6   1   6   0.4316471044
2   6   1   7   0.0638469782
2   6   1   9   0.0167766846
2   6   2   6   1.0467302187
2   6   2   7   0.0147095395
2   6   2   9   0.0146677206
2   6   3   8   -0.0221783953
2   6   4   6   0.0884260324
2   6   4   7   0.0078363372
2   6   4   9   -0.0217417092
2   6   5   10   -0.0288516874
2   7   1   6   0.0616039968
2   7   1   7   0.0147095395
2   7   1   9   0.0081165775
2   7   2   6   0.0147095395
2   7   2   7   0.7459919427
2   7   2   9   -0.0168158772
2   7   3   8   0.1439192313
2   7   4   6   0.0081165775
2   7   4   7   -0.0168158772
2   7   4   9   0.1176240209
2   7   5   10   0.1210151285
2   8   1   8   0.0065772294
2   8   2   8   0.6722147818
2   8   3   6   -0.0231197785
2   8   3   7   0.1487607073
2   8   3   9   -0.0154338337
2   8   4   8   -0.0123799239
2   9   1   6   0.0170066336
2   9   1   7   0.0078363372
2   9   1   9   0.0128731668
2   9   2   6   0.0146677206
2   9   2   7   -0.0168158772
2   9   2   9   0.6745507550
2   9   3   8   -0.0164191585
2   9   4   6   -0.0225080940
2   9   4   7   0.1224416506
2   9   4   9   0.0690613663
2   9   5   10   0.0297249972
2   10   1   10   0.0114930530
2   10   2   10   0.7077455700
2   10   4   10   0.0367349258
2   10   5   6   -0.0293007731
2   10   5   7   0.1251534778
2   10   5   9   0.0300346914
3   6   1   8   0.0196006449
3   6   2   8   -0.0231197785
3   6   3   6   0.8757027418
3   6   3   7   0.0065772294
3   6   3   9   0.0073879590
3   6   4   8   -0.0030473194
3   7   1   8   -0.0231197785
3   7   2   8   0.1487607073
3   7   3   6   0.0065772294
3   7   3   7   0.6722147818
3   7   3   9   -0.0123799239
3   7   4   8   -0.0154338337
3   8   1   6   0.0166828154
3   8   1   7   -0.0221783953
3   8   1   9   -0.0026225249
3   8   2   6   -0.0221783953
3   8   2   7   0.1439192313
3   8   2   9   -0.0164191585
3   8   3   8   0.6438382812
3   8   4   6   -0.0026225249
3   8   4   7   -0.0164191585
3   8   4   9   0.0321309490
3   8   5   10   0.0237503555
3   9   1   8   -0.0030473194
3   9   2   8   -0.0154338337
3   9   3   6   0.0073879590
3   9   3   7   -0.0123799239
3   9   3   9   0.5959262868
3   9   4   8   0.0376204313
3   10   3   10   0.6132230630
3   10   5   8   0.0289508433
4   6   1   6   0.1398353560
4   6   1   7   0.0167766846
4   6   1   9   0.0299840375
4   6   2   6   0.0884260324
4   6   2   7   0.0081165775
4   6   2   9   -0.0225080940
4   6   3   8   -0.0026225249
4   6   4   6   0.9826139063
4   6   4   7   0.0128731668
4   6   4   9   -0.0086662352
4   6   5   10   -0.0090235212
4   7   1   6   0.0170066336
4   7   1   7   0.0146677206
4   7   1   9   -0.0225080940
4   7   2   6   0.0078363372
4   7   2   7   -0.0168158772
4   7   2   9   0.1224416506
4   7   3   8   -0.0164191585
4   7   4   6   0.0128731668
4   7   4   7   0.6745507550
4   7   4   9   0.0690613663
4   7   5   10   0.0297249972
4   8   1   8   0.0073879590
4   8   2   8   -0.0123799239
4   8   3   6   -0.0030473194
4   8   3   7   -0.0154338337
4   8   3   9   0.0376204313
4   8   4   8   0.5959262868
4   9   1   6   0.0272140846
4   9   1   7   -0.0217417092
4   9   1   9   -0.0086662352
4   9   2   6   -0.0217417092
4   9   2   7   0.1176240209
4   9   2   9   0.0690613663
4   9   3   8   0.0321309490
4   9   4   6   -0.0086662352
4   9   4   7   0.0690613663
4   9   4   9   0.7102351206
4   9   5   10   0.0363022632
4   10   1   10   0.0045801578
4   10   2   10   0.0367349258
4   10   4   10   0.6544368780
4   10   5   6   -0.0093711715
4   10   5   7   0.0300346914
4   10   5   9   0.0411648761
5   6   1   10   0.0299152685
5   6   2   10   -0.0293007731
5   6   4   10   -0.0093711715
5   6   5   6   1.0352624942
5   6   5   7   0.0114930530
5   6   5   9   0.0045801578
5   7   1   10   -0.0293007731
5   7   2   10   0.1251534778
5   7   4   10   0.0300346914
5   7   5   6   0.0114930530
5   7   5   7   0.7077455700
5   7   5   9   0.0367349258
5   8   3   10   0.0289508433
5   8   5   8   0.6132230630
5   9   1   10   -0.0093711715
5   9   2   10   0.0300346914
5   9   4   10   0.0411648761
5   9   5   6   0.0045801578
5   9   5   7   0.0367349258
5   9   5   9   0.6544368780
5   10   1   6   0.0271884177
5   10   1   7   -0.0288516874
5   10   1   9   -0.0090235212
5   10   2   6   -0.0288516874
5   10   2   7   0.1210151285
5   10   2   9   0.0297249972
5   10   3   8   0.0237503555
5   10   4   6   -0.0090235212
5   10   4   7   0.0297249972
5   10   4   9   0.0363022632
5   10   5   10   0.7411502377

End IJKL Block
Begin ABCD Block
1   2   1   2   0.3009843355

End ABCD Block
Begin AIJB Block
1   6   1   2   0.0100582331
1   6   2   2   -0.0011488430
1   6   4   2   0.0012367661
1   7   1   2   -0.0011488430
1   7   2   2   0.0324325430
1   7   4   2   -0.0177919004
1   8   3   2   0.0200647031
1   9   1   2   0.0012367661
1   9   2   2   -0.0177919004
1   9   4   2   0.0187224135
1   10   5   2   0.0116811584

1   6   6   1   -0.4091524574
1   6   7   1   -0.0017680559
1   6   9   1   -0.0066603239
1   7   6   1   -0.0017680559
1   7   7   1   -0.3677403255
1   7   9   1   0.0302865102
1   8   8   1   -0.3586509025
1   9   6   1   -0.0066603239
1   9   7   1   0.0302865102
1   9   9   1   -0.3413097466
1   10   10   1   -0.3480021806

End AIJB Block
Begin IJKA Block
1   6   1   2   -0.1446035916
1   6   2   2   -0.0232123364
1   6   4   2   0.0008031441
1   7   1   2   -0.1672617384
1   7   2   2   -0.0024545830
1   7   4   2   -0.0090397453
1   8   3   2   0.0043572676
1   9   1   2   0.0769489618
1   9   2   2   -0.0010592476
1   9   4   2   0.0033567718
1   10   5   2   0.0076193471
2   6   1   2   -0.0246428629
2   6   2   2   -0.0010929887
2   6   4   2   -0.0092159495
2   7   1   2   -0.0010864284
2   7   2   2   -0.0962292596
2   7   4   2   0.0175061567
2   8   3   2   -0.0027892125
2   9   1   2   -0.0013917344
2   9   2   2   0.0488525301
2   9   4   2   0.0006158001
2   10   5   2   -0.0234680664
3   6   3   2   -0.0004761759
3   7   3   2   -0.0697594153
3   8   1   2   0.0043617565
3   8   2   2   -0.0018370861
3   8   4   2   -0.0041871063
3   9   3   2   0.0325101489
4   6   1   2   0.0013773670
4   6   2   2   -0.0095546897
4   6   4   2   -0.0073492828
4   7   1   2   -0.0091739517
4   7   2   2   0.0179834246
4   7   4   2   -0.0645496877
4   8   3   2   -0.0027502214
4   9   1   2   0.0028886004
4   9   2   2   0.0009394053
4   9   4   2   0.0486759500
4   10   5   2   0.0011172499
5   6   5   2   -0.0025744419
5   7   5   2   -0.0870774079
5   9   5   2   0.0434854311
5   10   1   2   0.0070498091
5   10   2   2   -0.0216941823
5   10   4   2   0.0013563600

End IJKA Block
Begin IABC Block
1   2   1   2   0.0010071293
2   2   1   2   -0.0171335527
4   2   1   2   0.0010454473

End IABC Block
