Begin IJ Block
1   1   -33.0204098422
1   2   -0.5827644979
1   4   -0.1841674078
2   2   -7.8733018176
2   4   -0.2140919026
3   3   -6.7698932828
4   4   -6.8989310558
5   5   -7.0378373429

End IJ Block
Begin IA Block
1   1   0.1131206886
1   2   0.0000000000
1   3   0.0998793907
1   4   0.0000000000
2   1   0.5810545364
2   2   0.0000000000
2   3   0.2568805579
2   4   0.0000000000
3   1   -0.0000000000
3   2   0.6423906679
3   3   -0.0000000000
3   4   0.1729528962
4   1   -0.3052205065
4   2   0.0000000000
4   3   0.6660354440
4   4   0.0000000000
5   5   1.1548255110

End IA Block
Begin AB Block
1   1   -2.5338552152
1   2   -0.0000000000
1   3   -0.1273009754
1   4   -0.0000000000
2   2   -2.1324654545
2   3   0.0000000000
2   4   -0.2283858393
3   3   -2.5380185355
3   4   -0.0000000000
4   4   -2.6626822196
5   5   -3.0204475285

End AB Block
Begin IJAB Block
1   6   1   6   0.0044342590
1   6   1   8   0.0016076013
1   6   2   7   0.0020659855
1   6   2   9   0.0011611018
1   6   3   6   0.0016076013
1   6   3   8   0.0038869328
1   6   3   9   0.0000000000
1   6   4   7   0.0011611018
1   6   4   8   0.0000000000
1   6   4   9   0.0006464028
1   6   5   10   0.0070618437
1   7   1   6   -0.0006143759
1   7   1   8   0.0012591030
1   7   2   7   -0.0017366106
1   7   2   9   -0.0008127190
1   7   3   6   0.0016587218
1   7   3   8   -0.0006763976
1   7   4   6   0.0000000000
1   7   4   7   -0.0009534071
1   7   4   9   -0.0005192819
1   7   5   10   -0.0053405676
1   8   1   7   0.0000354123
1   8   1   9   0.0005484876
1   8   2   6   -0.0011095757
1   8   2   8   -0.0005300135
1   8   3   7   0.0001552013
1   8   3   9   -0.0005919676
1   8   4   6   -0.0006337896
1   8   4   8   -0.0004273238
1   9   1   6   0.0007357231
1   9   1   8   0.0012144214
1   9   2   7   -0.0005435448
1   9   2   9   -0.0010869363
1   9   3   6   -0.0005758995
1   9   3   8   -0.0008589200
1   9   4   7   -0.0003882246
1   9   4   9   -0.0006303712
1   9   5   10   -0.0016941385
1   10   1   10   0.0001962836
1   10   3   10   0.0002455860
1   10   5   6   -0.0023838144
1   10   5   8   -0.0026431651
1   10   5   9   -0.0000000000
2   6   1   6   -0.0006143759
2   6   1   8   0.0016587218
2   6   1   9   0.0000000000
2   6   2   7   -0.0017366106
2   6   2   9   -0.0009534071
2   6   3   6   0.0012591030
2   6   3   8   -0.0006763976
2   6   4   7   -0.0008127190
2   6   4   9   -0.0005192819
2   6   5   10   -0.0053405676
2   7   1   6   0.0177172191
2   7   1   8   0.0032212988
2   7   1   9   0.0000000000
2   7   2   7   0.0072295831
2   7   2   8   -0.0000000000
2   7   2   9   0.0034064698
2   7   3   6   0.0032212988
2   7   3   7   -0.0000000000
2   7   3   8   0.0081495362
2   7   3   9   0.0000000000
2   7   4   6   0.0000000000
2   7   4   7   0.0034064698
2   7   4   8   0.0000000000
2   7   4   9   0.0083687983
2   7   5   10   0.0157640291
2   8   1   7   0.0131549650
2   8   1   8   -0.0000000000
2   8   1   9   0.0042327906
2   8   2   6   0.0060976568
2   8   2   8   0.0019046774
2   8   2   9   0.0000000000
2   8   3   6   -0.0000000000
2   8   3   7   0.0058101360
2   8   3   8   -0.0000000000
2   8   3   9   0.0059365558
2   8   4   6   0.0042386473
2   8   4   7   0.0000000000
2   8   4   8   0.0041507526
2   8   4   9   0.0000000000
2   9   1   6   -0.0103469425
2   9   1   8   0.0082730358
2   9   1   9   0.0000000000
2   9   2   7   0.0011269253
2   9   2   8   -0.0000000000
2   9   2   9   0.0031203658
2   9   3   6   -0.0004499704
2   9   3   8   0.0086267556
2   9   3   9   0.0000000000
2   9   4   7   0.0009705605
2   9   4   8   0.0000000000
2   9   4   9   -0.0010605089
2   9   5   10   0.0038218954
2   10   1   10   0.0218941206
2   10   3   10   0.0115393211
2   10   4   10   0.0000000000
2   10   5   6   0.0094222095
2   10   5   8   0.0070702245
2   10   5   9   0.0000000000
3   6   1   7   -0.0011095757
3   6   1   9   -0.0006337896
3   6   2   6   0.0000354123
3   6   2   8   0.0001552013
3   6   3   7   -0.0005300135
3   6   3   9   -0.0004273238
3   6   4   6   0.0005484876
3   6   4   8   -0.0005919676
3   7   1   7   0.0060976568
3   7   1   8   -0.0000000000
3   7   1   9   0.0042386473
3   7   2   6   0.0131549650
3   7   2   8   0.0058101360
3   7   2   9   0.0000000000
3   7   3   6   -0.0000000000
3   7   3   7   0.0019046774
3   7   3   8   -0.0000000000
3   7   3   9   0.0041507526
3   7   4   6   0.0042327906
3   7   4   7   0.0000000000
3   7   4   8   0.0059365558
3   7   4   9   0.0000000000
3   8   1   6   0.0106963241
3   8   1   8   0.0049901245
3   8   1   9   0.0000000000
3   8   2   7   0.0178502436
3   8   2   8   -0.0000000000
3   8   2   9   0.0092973562
3   8   3   6   0.0049901245
3   8   3   7   -0.0000000000
3   8   3   8   0.0081799326
3   8   3   9   -0.0000000000
3   8   4   6   0.0000000000
3   8   4   7   0.0092973562
3   8   4   8   -0.0000000000
3   8   4   9   0.0208987307
3   8   5   10   0.0051478095
3   9   1   7   -0.0033606714
3   9   1   8   0.0000000000
3   9   1   9   -0.0066068134
3   9   2   6   -0.0080890583
3   9   2   8   0.0108840714
3   9   2   9   0.0000000000
3   9   3   6   0.0000000000
3   9   3   7   0.0007966852
3   9   3   8   0.0000000000
3   9   3   9   -0.0050009040
3   9   4   6   -0.0076887976
3   9   4   8   0.0016327972
3   10   2   10   0.0198599480
3   10   3   10   -0.0000000000
3   10   4   10   0.0075194085
3   10   5   7   0.0039120176
3   10   5   8   -0.0000000000
3   10   5   9   0.0023232955
4   6   1   6   0.0007357231
4   6   1   8   -0.0005758995
4   6   2   7   -0.0005435448
4   6   2   9   -0.0003882246
4   6   3   6   0.0012144214
4   6   3   8   -0.0008589200
4   6   4   7   -0.0010869363
4   6   4   9   -0.0006303712
4   6   5   10   -0.0016941385
4   7   1   6   -0.0103469425
4   7   1   8   -0.0004499704
4   7   2   7   0.0011269253
4   7   2   9   0.0009705605
4   7   3   6   0.0082730358
4   7   3   7   -0.0000000000
4   7   3   8   0.0086267556
4   7   3   9   0.0000000000
4   7   4   6   0.0000000000
4   7   4   7   0.0031203658
4   7   4   8   0.0000000000
4   7   4   9   -0.0010605089
4   7   5   10   0.0038218954
4   8   1   7   -0.0080890583
4   8   1   8   0.0000000000
4   8   1   9   -0.0076887976
4   8   2   6   -0.0033606714
4   8   2   8   0.0007966852
4   8   3   6   0.0000000000
4   8   3   7   0.0108840714
4   8   3   8   0.0000000000
4   8   3   9   0.0016327972
4   8   4   6   -0.0066068134
4   8   4   7   0.0000000000
4   8   4   8   -0.0050009040
4   9   1   6   0.0112325345
4   9   1   8   -0.0039667099
4   9   1   9   -0.0000000000
4   9   2   7   0.0049156780
4   9   2   8   -0.0000000000
4   9   2   9   0.0060337257
4   9   3   6   -0.0039667099
4   9   3   7   -0.0000000000
4   9   3   8   0.0204478047
4   9   3   9   0.0000000000
4   9   4   6   -0.0000000000
4   9   4   7   0.0060337257
4   9   4   8   0.0000000000
4   9   4   9   0.0179754445
4   9   5   10   0.0073336145
4   10   1   10   -0.0092982877
4   10   3   10   0.0207509765
4   10   4   10   0.0000000000
4   10   5   6   -0.0007668800
4   10   5   8   0.0056121963
4   10   5   9   0.0000000000
5   6   1   10   -0.0023838144
5   6   3   10   -0.0026431651
5   6   4   10   -0.0000000000
5   6   5   6   0.0001962836
5   6   5   8   0.0002455860
5   7   1   10   0.0094222095
5   7   3   10   0.0070702245
5   7   4   10   0.0000000000
5   7   5   6   0.0218941206
5   7   5   8   0.0115393211
5   7   5   9   0.0000000000
5   8   2   10   0.0039120176
5   8   3   10   -0.0000000000
5   8   4   10   0.0023232955
5   8   5   7   0.0198599480
5   8   5   8   -0.0000000000
5   8   5   9   0.0075194085
5   9   1   10   -0.0007668800
5   9   3   10   0.0056121963
5   9   4   10   0.0000000000
5   9   5   6   -0.0092982877
5   9   5   8   0.0207509765
5   9   5   9   0.0000000000
5   10   1   6   0.0085383588
5   10   1   8   0.0015284007
5   10   1   9   0.0000000000
5   10   2   7   0.0032032627
5   10   2   9   0.0014327052
5   10   3   6   0.0015284007
5   10   3   8   0.0064697851
5   10   3   9   0.0000000000
5   10   4   6   0.0000000000
5   10   4   7   0.0014327052
5   10   4   8   0.0000000000
5   10   4   9   0.0029450877
5   10   5   10   0.0487573774

End IJAB Block
Begin IJKL Block
1   6   1   6   4.7140653420
1   6   1   7   0.4276401517
1   6   1   9   0.1355816009
1   6   2   6   0.4276401517
1   6   2   7   0.0594737650
1   6   2   9   0.0160590627
1   6   3   8   0.0165757979
1   6   4   6   0.1355816009
1   6   4   7   0.0160590627
1   6   4   9   0.0257919760
1   6   5   10   0.0254453842
1   7   1   6   0.4276401517
1   7   1   7   1.0483931161
1   7   1   9   0.0825936529
1   7   2   6   0.0634143274
1   7   2   7   0.0147046290
1   7   2   9   0.0074025397
1   7   3   8   -0.0229173453
1   7   4   6   0.0159662166
1   7   4   7   0.0145036374
1   7   4   9   -0.0218912567
1   7   5   10   -0.0284558431
1   8   1   8   0.8932979079
1   8   2   8   0.0075742021
1   8   3   6   0.0212524800
1   8   3   7   -0.0237553950
1   8   3   9   -0.0030568242
1   8   4   8   0.0075626678
1   9   1   6   0.1355816009
1   9   1   7   0.0825936529
1   9   1   9   0.9793595641
1   9   2   6   0.0159662166
1   9   2   7   0.0076712754
1   9   2   9   0.0134316273
1   9   3   8   -0.0026597833
1   9   4   6   0.0308217282
1   9   4   7   -0.0225539745
1   9   4   9   -0.0080043318
1   9   5   10   -0.0085729380
1   10   1   10   1.0261227495
1   10   2   10   0.0121754157
1   10   4   10   0.0048151803
1   10   5   6   0.0307505698
1   10   5   7   -0.0286702411
1   10   5   9   -0.0088597838
2   6   1   6   0.4276401517
2   6   1   7   0.0634143274
2   6   1   9   0.0159662166
2   6   2   6   1.0483931161
2   6   2   7   0.0147046290
2   6   2   9   0.0145036374
2   6   3   8   -0.0229173453
2   6   4   6   0.0825936529
2   6   4   7   0.0074025397
2   6   4   9   -0.0218912567
2   6   5   10   -0.0284558431
2   7   1   6   0.0594737650
2   7   1   7   0.0147046290
2   7   1   9   0.0076712754
2   7   2   6   0.0147046290
2   7   2   7   0.7437544462
2   7   2   9   -0.0169935675
2   7   3   8   0.1404350919
2   7   4   6   0.0076712754
2   7   4   7   -0.0169935675
2   7   4   9   0.1121532418
2   7   5   10   0.1157235740
2   8   1   8   0.0075742021
2   8   2   8   0.6747689158
2   8   3   6   -0.0237553950
2   8   3   7   0.1456517003
2   8   3   9   -0.0133662836
2   8   4   8   -0.0116679883
2   9   1   6   0.0160590627
2   9   1   7   0.0074025397
2   9   1   9   0.0134316273
2   9   2   6   0.0145036374
2   9   2   7   -0.0169935675
2   9   2   9   0.6674434270
2   9   3   8   -0.0137689938
2   9   4   6   -0.0225539745
2   9   4   7   0.1171174666
2   9   4   9   0.0619257859
2   9   5   10   0.0273458155
2   10   1   10   0.0121754157
2   10   2   10   0.6972845230
2   10   4   10   0.0308408380
2   10   5   6   -0.0286702411
2   10   5   7   0.1198366864
2   10   5   9   0.0270224400
3   6   1   8   0.0212524800
3   6   2   8   -0.0237553950
3   6   3   6   0.8932979079
3   6   3   7   0.0075742021
3   6   3   9   0.0075626678
3   6   4   8   -0.0030568242
3   7   1   8   -0.0237553950
3   7   2   8   0.1456517003
3   7   3   6   0.0075742021
3   7   3   7   0.6747689158
3   7   3   9   -0.0116679883
3   7   4   8   -0.0133662836
3   8   1   6   0.0165757979
3   8   1   7   -0.0229173453
3   8   1   9   -0.0026597833
3   8   2   6   -0.0229173453
3   8   2   7   0.1404350919
3   8   2   9   -0.0137689938
3   8   3   8   0.6499644484
3   8   4   6   -0.0026597833
3   8   4   7   -0.0137689938
3   8   4   9   0.0290687724
3   8   5   10   0.0210722850
3   9   1   8   -0.0030568242
3   9   2   8   -0.0133662836
3   9   3   6   0.0075626678
3   9   3   7   -0.0116679883
3   9   3   9   0.5982375259
3   9   4   8   0.0355923069
3   10   3   10   0.6135269556
3   10   5   8   0.0274327890
4   6   1   6   0.1355816009
4   6   1   7   0.0159662166
4   6   1   9   0.0308217282
4   6   2   6   0.0825936529
4   6   2   7   0.0076712754
4   6   2   9   -0.0225539745
4   6   3   8   -0.0026597833
4   6   4   6   0.9793595641
4   6   4   7   0.0134316273
4   6   4   9   -0.0080043318
4   6   5   10   -0.0085729380
4   7   1   6   0.0160590627
4   7   1   7   0.0145036374
4   7   1   9   -0.0225539745
4   7   2   6   0.0074025397
4   7   2   7   -0.0169935675
4   7   2   9   0.1171174666
4   7   3   8   -0.0137689938
4   7   4   6   0.0134316273
4   7   4   7   0.6674434270
4   7   4   9   0.0619257859
4   7   5   10   0.0273458155
4   8   1   8   0.0075626678
4   8   2   8   -0.0116679883
4   8   3   6   -0.0030568242
4   8   3   7   -0.0133662836
4   8   3   9   0.0355923069
4   8   4   8   0.5982375259
4   9   1   6   0.0257919760
4   9   1   7   -0.0218912567
4   9   1   9   -0.0080043318
4   9   2   6   -0.0218912567
4   9   2   7   0.1121532418
4   9   2   9   0.0619257859
4   9   3   8   0.0290687724
4   9   4   6   -0.0080043318
4   9   4   7   0.0619257859
4   9   4   9   0.6916040653
4   9   5   10   0.0312409040
4   10   1   10   0.0048151803
4   10   2   10   0.0308408380
4   10   4   10   0.6411250067
4   10   5   6   -0.0088597838
4   10   5   7   0.0270224400
4   10   5   9   0.0370551050
5   6   1   10   0.0307505698
5   6   2   10   -0.0286702411
5   6   4   10   -0.0088597838
5   6   5   6   1.0261227495
5   6   5   7   0.0121754157
5   6   5   9   0.0048151803
5   7   1   10   -0.0286702411
5   7   2   10   0.1198366864
5   7   4   10   0.0270224400
5   7   5   6   0.0121754157
5   7   5   7   0.6972845230
5   7   5   9   0.0308408380
5   8   3   10   0.0274327890
5   8   5   8   0.6135269556
5   9   1   10   -0.0088597838
5   9   2   10   0.0270224400
5   9   4   10   0.0370551050
5   9   5   6   0.0048151803
5   9   5   7   0.0308408380
5   9   5   9   0.6411250067
5   10   1   6   0.0254453842
5   10   1   7   -0.0284558431
5   10   1   9   -0.0085729380
5   10   2   6   -0.0284558431
5   10   2   7   0.1157235740
5   10   2   9   0.0273458155
5   10   3   8   0.0210722850
5   10   4   6   -0.0085729380
5   10   4   7   0.0273458155
5   10   4   9   0.0312409040
5   10   5   10   0.7178817320

End IJKL Block
Begin ABCD Block
1   6   1   6   0.2228812154
1   6   1   8   -0.0119101390
1   6   1   9   -0.0000000000
1   6   2   7   0.0526349699
1   6   2   8   -0.0000000000
1   6   2   9   0.0038147790
1   6   3   6   -0.0119101390
1   6   3   7   -0.0000000000
1   6   3   8   0.0264977571
1   6   3   9   -0.0000000000
1   6   4   6   -0.0000000000
1   6   4   7   0.0038147790
1   6   4   8   -0.0000000000
1   6   4   9   0.0170640056
1   6   5   10   0.0356611912
1   7   1   7   0.2058157124
1   7   1   8   -0.0000000000
1   7   1   9   0.0166931325
1   7   2   6   0.0526314503
1   7   2   7   0.0000000000
1   7   2   8   0.0033815484
1   7   3   6   -0.0000000000
1   7   3   7   -0.0042400385
1   7   3   8   0.0000000000
1   7   3   9   -0.0129847889
1   7   4   6   0.0038069393
1   7   4   7   -0.0000000000
1   7   4   8   -0.0075488645
1   7   4   9   -0.0000000000
1   7   5   10   -0.0000000000
1   8   1   6   -0.0119101390
1   8   1   7   -0.0000000000
1   8   1   8   0.1997390685
1   8   1   9   0.0000000000
1   8   2   6   -0.0000000000
1   8   2   7   0.0033789121
1   8   2   8   0.0000000000
1   8   2   9   -0.0223366279
1   8   3   6   0.0264978198
1   8   3   7   0.0000000000
1   8   3   8   0.0252609304
1   8   3   9   0.0000000000
1   8   4   6   -0.0000000000
1   8   4   7   -0.0075454769
1   8   4   8   -0.0000000000
1   8   4   9   0.0159544432
1   8   5   10   -0.0047655938
1   9   1   6   -0.0000000000
1   9   1   7   0.0166931325
1   9   1   8   0.0000000000
1   9   1   9   0.2129356797
1   9   2   6   0.0038069393
1   9   2   8   -0.0223340444
1   9   2   9   -0.0000000000
1   9   3   6   -0.0000000000
1   9   3   7   -0.0129816387
1   9   3   8   0.0000000000
1   9   3   9   0.0244615125
1   9   4   6   0.0170507549
1   9   4   7   -0.0000000000
1   9   4   8   0.0159465215
1   9   4   9   0.0000000000
1   9   5   10   0.0000000000
1   10   1   10   0.2197773391
1   10   3   10   0.0042532783
1   10   4   10   0.0000000000
1   10   5   6   0.0356596637
1   10   5   7   -0.0000000000
1   10   5   8   -0.0047655233
1   10   5   9   0.0000000000
2   6   1   7   0.0526314503
2   6   1   8   -0.0000000000
2   6   1   9   0.0038069393
2   6   2   6   0.2058157124
2   6   2   7   0.0000000000
2   6   2   8   -0.0042400385
2   6   2   9   -0.0000000000
2   6   3   6   -0.0000000000
2   6   3   7   0.0033815484
2   6   3   8   0.0000000000
2   6   3   9   -0.0075488645
2   6   4   6   0.0166931325
2   6   4   8   -0.0129847889
2   6   4   9   -0.0000000000
2   6   5   10   -0.0000000000
2   7   1   6   0.0526349699
2   7   1   7   0.0000000000
2   7   1   8   0.0033789121
2   7   2   6   0.0000000000
2   7   2   7   0.2110635899
2   7   2   8   -0.0000000000
2   7   2   9   0.0129592606
2   7   3   6   0.0033789121
2   7   3   7   -0.0000000000
2   7   3   8   0.0070415952
2   7   3   9   -0.0000000000
2   7   4   7   0.0129592606
2   7   4   8   -0.0000000000
2   7   4   9   0.0141033574
2   7   5   10   0.0063781057
2   8   1   6   -0.0000000000
2   8   1   7   0.0033815484
2   8   1   8   0.0000000000
2   8   1   9   -0.0223340444
2   8   2   6   -0.0042400385
2   8   2   7   -0.0000000000
2   8   2   8   0.1794189106
2   8   2   9   -0.0000000000
2   8   3   6   0.0000000000
2   8   3   7   0.0070460330
2   8   3   8   -0.0000000000
2   8   3   9   -0.0099796532
2   8   4   6   -0.0129816387
2   8   4   7   -0.0000000000
2   8   4   8   -0.0043614768
2   8   4   9   -0.0000000000
2   8   5   10   -0.0000000000
2   9   1   6   0.0038147790
2   9   1   8   -0.0223366279
2   9   1   9   -0.0000000000
2   9   2   6   -0.0000000000
2   9   2   7   0.0129592606
2   9   2   8   -0.0000000000
2   9   2   9   0.1947587401
2   9   3   6   -0.0075454769
2   9   3   7   -0.0000000000
2   9   3   8   -0.0099853154
2   9   3   9   -0.0000000000
2   9   4   6   -0.0000000000
2   9   4   7   0.0141066808
2   9   4   8   -0.0000000000
2   9   4   9   -0.0007102867
2   9   5   10   -0.0029290536
2   10   2   10   0.1905426572
2   10   4   10   0.0040529643
2   10   5   6   -0.0000000000
2   10   5   7   0.0063758684
2   10   5   8   -0.0000000000
2   10   5   9   -0.0029350197
3   6   1   6   -0.0119101390
3   6   1   7   -0.0000000000
3   6   1   8   0.0264978198
3   6   1   9   -0.0000000000
3   6   2   6   -0.0000000000
3   6   2   7   0.0033789121
3   6   2   8   0.0000000000
3   6   2   9   -0.0075454769
3   6   3   6   0.1997390685
3   6   3   7   0.0000000000
3   6   3   8   0.0252609304
3   6   3   9   -0.0000000000
3   6   4   6   0.0000000000
3   6   4   7   -0.0223366279
3   6   4   8   0.0000000000
3   6   4   9   0.0159544432
3   6   5   10   -0.0047655938
3   7   1   6   -0.0000000000
3   7   1   7   -0.0042400385
3   7   1   8   0.0000000000
3   7   1   9   -0.0129816387
3   7   2   6   0.0033815484
3   7   2   7   -0.0000000000
3   7   2   8   0.0070460330
3   7   2   9   -0.0000000000
3   7   3   6   0.0000000000
3   7   3   7   0.1794189106
3   7   3   8   -0.0000000000
3   7   3   9   -0.0043614768
3   7   4   6   -0.0223340444
3   7   4   7   -0.0000000000
3   7   4   8   -0.0099796532
3   7   4   9   -0.0000000000
3   7   5   10   -0.0000000000
3   8   1   6   0.0264977571
3   8   1   7   0.0000000000
3   8   1   8   0.0252609304
3   8   1   9   0.0000000000
3   8   2   6   0.0000000000
3   8   2   7   0.0070415952
3   8   2   8   -0.0000000000
3   8   2   9   -0.0099853154
3   8   3   6   0.0252609304
3   8   3   7   -0.0000000000
3   8   3   8   0.2612400635
3   8   3   9   -0.0000000000
3   8   4   6   0.0000000000
3   8   4   7   -0.0099853154
3   8   4   8   -0.0000000000
3   8   4   9   0.0418343204
3   8   5   10   0.0150507356
3   9   1   6   -0.0000000000
3   9   1   7   -0.0129847889
3   9   1   8   0.0000000000
3   9   1   9   0.0244615125
3   9   2   6   -0.0075488645
3   9   2   7   -0.0000000000
3   9   2   8   -0.0099796532
3   9   2   9   -0.0000000000
3   9   3   6   -0.0000000000
3   9   3   7   -0.0043614768
3   9   3   8   -0.0000000000
3   9   3   9   0.2532613806
3   9   4   6   0.0159465215
3   9   4   7   -0.0000000000
3   9   4   8   0.0418419604
3   9   4   9   0.0000000000
3   9   5   10   0.0000000000
3   10   1   10   0.0042532783
3   10   3   10   0.2358468411
3   10   4   10   0.0000000000
3   10   5   6   -0.0047655233
3   10   5   7   -0.0000000000
3   10   5   8   0.0150494494
3   10   5   9   0.0000000000
4   6   1   6   -0.0000000000
4   6   1   7   0.0038069393
4   6   1   8   -0.0000000000
4   6   1   9   0.0170507549
4   6   2   6   0.0166931325
4   6   2   8   -0.0129816387
4   6   2   9   -0.0000000000
4   6   3   6   0.0000000000
4   6   3   7   -0.0223340444
4   6   3   8   0.0000000000
4   6   3   9   0.0159465215
4   6   4   6   0.2129356797
4   6   4   7   -0.0000000000
4   6   4   8   0.0244615125
4   6   4   9   0.0000000000
4   6   5   10   0.0000000000
4   7   1   6   0.0038147790
4   7   1   7   -0.0000000000
4   7   1   8   -0.0075454769
4   7   1   9   -0.0000000000
4   7   2   7   0.0129592606
4   7   2   8   -0.0000000000
4   7   2   9   0.0141066808
4   7   3   6   -0.0223366279
4   7   3   7   -0.0000000000
4   7   3   8   -0.0099853154
4   7   3   9   -0.0000000000
4   7   4   6   -0.0000000000
4   7   4   7   0.1947587401
4   7   4   8   -0.0000000000
4   7   4   9   -0.0007102867
4   7   5   10   -0.0029290536
4   8   1   6   -0.0000000000
4   8   1   7   -0.0075488645
4   8   1   8   -0.0000000000
4   8   1   9   0.0159465215
4   8   2   6   -0.0129847889
4   8   2   7   -0.0000000000
4   8   2   8   -0.0043614768
4   8   2   9   -0.0000000000
4   8   3   6   0.0000000000
4   8   3   7   -0.0099796532
4   8   3   8   -0.0000000000
4   8   3   9   0.0418419604
4   8   4   6   0.0244615125
4   8   4   7   -0.0000000000
4   8   4   8   0.2532613806
4   8   4   9   0.0000000000
4   8   5   10   0.0000000000
4   9   1   6   0.0170640056
4   9   1   7   -0.0000000000
4   9   1   8   0.0159544432
4   9   1   9   0.0000000000
4   9   2   6   -0.0000000000
4   9   2   7   0.0141033574
4   9   2   8   -0.0000000000
4   9   2   9   -0.0007102867
4   9   3   6   0.0159544432
4   9   3   7   -0.0000000000
4   9   3   8   0.0418343204
4   9   3   9   0.0000000000
4   9   4   6   0.0000000000
4   9   4   7   -0.0007102867
4   9   4   8   0.0000000000
4   9   4   9   0.2731611811
4   9   5   10   0.0095233871
4   10   1   10   0.0000000000
4   10   2   10   0.0040529643
4   10   3   10   0.0000000000
4   10   4   10   0.2402410645
4   10   5   6   0.0000000000
4   10   5   7   -0.0029350197
4   10   5   8   0.0000000000
4   10   5   9   0.0095196347
5   6   1   10   0.0356596637
5   6   2   10   -0.0000000000
5   6   3   10   -0.0047655233
5   6   4   10   0.0000000000
5   6   5   6   0.2197773391
5   6   5   8   0.0042532783
5   6   5   9   0.0000000000
5   7   1   10   -0.0000000000
5   7   2   10   0.0063758684
5   7   3   10   -0.0000000000
5   7   4   10   -0.0029350197
5   7   5   7   0.1905426572
5   7   5   9   0.0040529643
5   8   1   10   -0.0047655233
5   8   2   10   -0.0000000000
5   8   3   10   0.0150494494
5   8   4   10   0.0000000000
5   8   5   6   0.0042532783
5   8   5   8   0.2358468411
5   8   5   9   0.0000000000
5   9   1   10   0.0000000000
5   9   2   10   -0.0029350197
5   9   3   10   0.0000000000
5   9   4   10   0.0095196347
5   9   5   6   0.0000000000
5   9   5   7   0.0040529643
5   9   5   8   0.0000000000
5   9   5   9   0.2402410645
5   10   1   6   0.0356611912
5   10   1   7   -0.0000000000
5   10   1   8   -0.0047655938
5   10   1   9   0.0000000000
5   10   2   6   -0.0000000000
5   10   2   7   0.0063781057
5   10   2   8   -0.0000000000
5   10   2   9   -0.0029290536
5   10   3   6   -0.0047655938
5   10   3   7   -0.0000000000
5   10   3   8   0.0150507356
5   10   3   9   0.0000000000
5   10   4   6   0.0000000000
5   10   4   7   -0.0029290536
5   10   4   8   0.0000000000
5   10   4   9   0.0095233871
5   10   5   10   0.2872747049

End ABCD Block
Begin AIJB Block
1   6   1   6   0.0040157646
1   6   1   8   0.0014573818
1   6   1   9   0.0000000000
1   6   2   6   -0.0003800683
1   6   2   8   0.0016070544
1   6   2   9   0.0000000000
1   6   3   7   -0.0009202980
1   6   3   9   -0.0004458068
1   6   4   6   0.0004799805
1   6   4   8   -0.0005605627
1   6   5   10   -0.0020613288
1   7   1   6   -0.0003800683
1   7   1   8   0.0012301116
1   7   2   6   0.0140340861
1   7   2   8   0.0024348622
1   7   2   9   0.0000000000
1   7   3   7   0.0039438004
1   7   3   8   -0.0000000000
1   7   3   9   0.0022924016
1   7   4   6   -0.0077030319
1   7   4   8   -0.0006511804
1   7   5   10   0.0068417508
1   8   1   7   0.0002088084
1   8   1   9   0.0006489330
1   8   2   7   0.0109297164
1   8   2   8   -0.0000000000
1   8   2   9   0.0027915857
1   8   3   6   0.0078535478
1   8   3   8   0.0040276132
1   8   3   9   0.0000000000
1   8   4   7   -0.0068665938
1   8   4   8   0.0000000000
1   8   4   9   -0.0066297170
1   9   1   6   0.0004799805
1   9   1   8   0.0012254949
1   9   2   6   -0.0077030319
1   9   2   8   0.0080169623
1   9   2   9   0.0000000000
1   9   3   7   -0.0025274285
1   9   3   8   0.0000000000
1   9   3   9   -0.0053869259
1   9   4   6   0.0088205434
1   9   4   8   -0.0035332623
1   9   4   9   -0.0000000000
1   9   5   10   -0.0002005728
1   10   1   10   0.0005426844
1   10   2   10   0.0193566123
1   10   4   10   -0.0087859626
1   10   5   6   0.0058485077
1   10   5   8   0.0010870478
1   10   5   9   0.0000000000
2   6   1   7   0.0018824745
2   6   1   9   0.0010763527
2   6   2   7   -0.0015749377
2   6   2   9   -0.0008748632
2   6   3   6   0.0002088084
2   6   3   8   0.0002804605
2   6   4   7   -0.0005204135
2   6   4   9   -0.0003861352
2   7   1   7   -0.0015749377
2   7   1   9   -0.0007336491
2   7   2   7   0.0056022204
2   7   2   8   -0.0000000000
2   7   2   9   0.0027401659
2   7   3   6   0.0109297164
2   7   3   8   0.0046875776
2   7   3   9   0.0000000000
2   7   4   7   0.0008081648
2   7   4   9   0.0007814188
2   8   1   6   -0.0009202980
2   8   1   8   -0.0004091350
2   8   2   6   0.0039438004
2   8   2   8   0.0008320751
2   8   3   7   0.0145685489
2   8   3   8   -0.0000000000
2   8   3   9   0.0075471057
2   8   4   6   -0.0025274285
2   8   4   8   0.0001199847
2   8   5   10   0.0028305519
2   9   1   7   -0.0005204135
2   9   1   9   -0.0010547732
2   9   2   7   0.0008081648
2   9   2   8   -0.0000000000
2   9   2   9   0.0030022161
2   9   3   6   -0.0068665938
2   9   3   8   0.0099043534
2   9   3   9   0.0000000000
2   9   4   7   0.0031951140
2   9   4   8   -0.0000000000
2   9   4   9   0.0049919269
2   10   3   10   0.0188015072
2   10   5   7   0.0019248516
2   10   5   9   0.0010798469
3   6   1   6   0.0014573818
3   6   1   8   0.0035708027
3   6   1   9   0.0000000000
3   6   2   6   0.0012301116
3   6   2   8   -0.0005528986
3   6   3   7   -0.0004091350
3   6   3   9   -0.0002924038
3   6   4   6   0.0012254949
3   6   4   8   -0.0006304889
3   6   5   10   -0.0023806712
3   7   1   6   0.0016070544
3   7   1   8   -0.0005528986
3   7   2   6   0.0024348622
3   7   2   7   -0.0000000000
3   7   2   8   0.0066803708
3   7   3   6   -0.0000000000
3   7   3   7   0.0008320751
3   7   3   8   -0.0000000000
3   7   3   9   0.0025843783
3   7   4   6   0.0080169623
3   7   4   7   -0.0000000000
3   7   4   8   0.0071287023
3   7   4   9   0.0000000000
3   7   5   10   0.0056639632
3   8   1   7   0.0002804605
3   8   1   9   -0.0004816967
3   8   2   6   -0.0000000000
3   8   2   7   0.0046875776
3   8   2   8   -0.0000000000
3   8   2   9   0.0047247848
3   8   3   6   0.0040276132
3   8   3   7   -0.0000000000
3   8   3   8   0.0068954569
3   8   3   9   -0.0000000000
3   8   4   6   0.0000000000
3   8   4   7   0.0099043534
3   8   4   8   0.0000000000
3   8   4   9   0.0014620085
3   9   1   6   -0.0005605627
3   9   1   8   -0.0006304889
3   9   2   6   -0.0006511804
3   9   2   8   0.0071287023
3   9   2   9   0.0000000000
3   9   3   6   0.0000000000
3   9   3   7   0.0001199847
3   9   3   8   0.0000000000
3   9   3   9   -0.0052794203
3   9   4   6   -0.0035332623
3   9   4   7   -0.0000000000
3   9   4   8   0.0181122729
3   9   4   9   0.0000000000
3   9   5   10   0.0044613650
3   10   1   10   0.0005145658
3   10   2   10   0.0099719176
3   10   3   10   -0.0000000000
3   10   4   10   0.0202583386
3   10   5   6   0.0010870478
3   10   5   8   0.0055075072
3   10   5   9   0.0000000000
4   6   1   6   0.0000000000
4   6   1   7   0.0010763527
4   6   1   8   0.0000000000
4   6   1   9   0.0006403415
4   6   2   7   -0.0007336491
4   6   2   9   -0.0004645059
4   6   3   6   0.0006489330
4   6   3   8   -0.0004816967
4   6   4   7   -0.0010547732
4   6   4   9   -0.0006674905
4   6   5   10   -0.0000000000
4   7   1   6   0.0000000000
4   7   1   7   -0.0008748632
4   7   1   9   -0.0004645059
4   7   2   6   0.0000000000
4   7   2   7   0.0027401659
4   7   2   9   0.0072757294
4   7   3   6   0.0027915857
4   7   3   8   0.0047247848
4   7   3   9   0.0000000000
4   7   4   6   0.0000000000
4   7   4   7   0.0030022161
4   7   4   8   0.0000000000
4   7   4   9   -0.0004439309
4   7   5   10   0.0000000000
4   8   1   6   -0.0004458068
4   8   1   8   -0.0002924038
4   8   2   6   0.0022924016
4   8   2   7   0.0000000000
4   8   2   8   0.0025843783
4   8   2   9   0.0000000000
4   8   3   6   0.0000000000
4   8   3   7   0.0075471057
4   8   3   8   -0.0000000000
4   8   3   9   0.0182294846
4   8   4   6   -0.0053869259
4   8   4   7   0.0000000000
4   8   4   8   -0.0052794203
4   8   4   9   -0.0000000000
4   8   5   10   0.0011600490
4   9   1   7   -0.0003861352
4   9   1   9   -0.0006674905
4   9   2   7   0.0007814188
4   9   2   8   0.0000000000
4   9   2   9   -0.0004439309
4   9   3   6   -0.0066297170
4   9   3   8   0.0014620085
4   9   3   9   -0.0000000000
4   9   4   6   -0.0000000000
4   9   4   7   0.0049919269
4   9   4   8   0.0000000000
4   9   4   9   0.0166998499
4   9   5   10   0.0000000000
4   10   2   10   0.0000000000
4   10   3   10   0.0066876628
4   10   4   10   0.0000000000
4   10   5   6   0.0000000000
4   10   5   7   0.0010798469
4   10   5   8   0.0000000000
4   10   5   9   0.0026761656
5   6   1   10   0.0065575628
5   6   2   10   -0.0048072970
5   6   4   10   -0.0015700078
5   6   5   6   0.0005426844
5   6   5   8   0.0005145658
5   7   1   10   -0.0048072970
5   7   2   10   0.0134295813
5   7   4   10   0.0032102236
5   7   5   6   0.0193566123
5   7   5   8   0.0099719176
5   7   5   9   0.0000000000
5   8   3   10   0.0045125586
5   8   5   7   0.0188015072
5   8   5   8   -0.0000000000
5   8   5   9   0.0066876628
5   9   1   10   -0.0015700078
5   9   2   10   0.0032102236
5   9   4   10   0.0062032837
5   9   5   6   -0.0087859626
5   9   5   8   0.0202583386
5   9   5   9   0.0000000000
5   10   1   6   -0.0020613288
5   10   1   8   -0.0023806712
5   10   1   9   -0.0000000000
5   10   2   6   0.0068417508
5   10   2   8   0.0056639632
5   10   2   9   0.0000000000
5   10   3   7   0.0028305519
5   10   3   9   0.0011600490
5   10   4   6   -0.0002005728
5   10   4   8   0.0044613650
5   10   4   9   0.0000000000
5   10   5   10   0.0466525900

1   6   6   1   -0.2839055696
1   6   6   2   -0.0000000000
1   6   6   3   -0.0161640897
1   6   6   4   -0.0000000000
1   6   7   1   -0.0006240949
1   6   7   3   -0.0004652479
1   6   8   2   0.0024261149
1   6   8   4   0.0001280844
1   6   9   1   -0.0030684750
1   6   9   3   0.0012790402
1   6   10   5   0.0041683179
1   7   6   1   -0.0006240949
1   7   6   3   -0.0004701263
1   7   7   1   -0.2695291859
1   7   7   2   -0.0000000000
1   7   7   3   -0.0094893901
1   7   7   4   -0.0000000000
1   7   8   2   -0.0286479649
1   7   8   4   -0.0023532161
1   7   9   1   0.0175930685
1   7   9   3   -0.0151275718
1   7   9   4   -0.0000000000
1   7   10   5   -0.0285208160
1   8   6   2   0.0024364703
1   8   6   4   0.0001957549
1   8   7   2   -0.0286229689
1   8   7   4   -0.0025875516
1   8   8   1   -0.2658384804
1   8   8   2   -0.0000000000
1   8   8   3   -0.0122300463
1   8   8   4   -0.0000000000
1   8   9   2   0.0085910540
1   8   9   3   -0.0000000000
1   8   9   4   0.0076999047
1   9   6   1   -0.0030684750
1   9   6   3   0.0012806739
1   9   7   1   0.0175930685
1   9   7   3   -0.0150636089
1   9   7   4   -0.0000000000
1   9   8   2   0.0086720070
1   9   8   3   -0.0000000000
1   9   8   4   0.0077131664
1   9   9   1   -0.2557892943
1   9   9   2   -0.0000000000
1   9   9   3   -0.0159735101
1   9   9   4   -0.0000000000
1   9   10   5   -0.0039114102
1   10   6   5   0.0042308406
1   10   7   5   -0.0284725056
1   10   9   5   -0.0040366335
1   10   10   1   -0.2593624665
1   10   10   3   -0.0121777007
1   10   10   4   -0.0000000000
2   6   6   1   -0.0000000000
2   6   6   2   -0.2430368743
2   6   6   3   0.0000000000
2   6   6   4   -0.0316665237
2   6   7   2   -0.0005380743
2   6   7   4   -0.0003337968
2   6   8   1   0.0024364703
2   6   8   3   0.0011294589
2   6   9   2   -0.0009253251
2   6   9   4   -0.0003930995
2   7   6   2   -0.0005380743
2   7   6   4   -0.0003227638
2   7   7   1   -0.0000000000
2   7   7   2   -0.2299047823
2   7   7   3   0.0000000000
2   7   7   4   -0.0250608714
2   7   8   1   -0.0286229689
2   7   8   3   -0.0077764296
2   7   8   4   -0.0000000000
2   7   9   2   0.0083587177
2   7   9   3   -0.0000000000
2   7   9   4   0.0070758617
2   8   6   1   0.0024261149
2   8   6   3   0.0011693257
2   8   7   1   -0.0286479649
2   8   7   3   -0.0079152973
2   8   7   4   -0.0000000000
2   8   8   1   -0.0000000000
2   8   8   2   -0.2336459431
2   8   8   3   0.0000000000
2   8   8   4   -0.0259674392
2   8   9   1   0.0086720070
2   8   9   3   -0.0019695163
2   8   10   5   -0.0053377228
2   9   6   2   -0.0009253251
2   9   6   4   -0.0004363896
2   9   7   2   0.0083587177
2   9   7   3   -0.0000000000
2   9   7   4   0.0072175869
2   9   8   1   0.0085910540
2   9   8   3   -0.0018272873
2   9   9   1   -0.0000000000
2   9   9   2   -0.2206435847
2   9   9   3   0.0000000000
2   9   9   4   -0.0214067385
2   10   8   5   -0.0051249370
2   10   10   2   -0.2217130498
2   10   10   3   0.0000000000
2   10   10   4   -0.0201003913
3   6   6   1   -0.0161640897
3   6   6   2   0.0000000000
3   6   6   3   -0.3126845531
3   6   6   4   -0.0000000000
3   6   7   1   -0.0004701263
3   6   7   3   -0.0015242318
3   6   7   4   0.0000000000
3   6   8   2   0.0011693257
3   6   8   3   0.0000000000
3   6   8   4   -0.0004726917
3   6   9   1   0.0012806739
3   6   9   3   0.0024428312
3   6   9   4   0.0000000000
3   6   10   5   0.0022018554
3   7   6   1   -0.0004652479
3   7   6   3   -0.0015242318
3   7   6   4   0.0000000000
3   7   7   1   -0.0094893901
3   7   7   2   0.0000000000
3   7   7   3   -0.2807076251
3   7   8   2   -0.0079152973
3   7   8   3   -0.0000000000
3   7   8   4   0.0127236731
3   7   9   1   -0.0150636089
3   7   9   2   -0.0000000000
3   7   9   3   -0.0217794862
3   7   9   4   -0.0000000000
3   7   10   5   -0.0053764754
3   8   6   2   0.0011294589
3   8   6   3   0.0000000000
3   8   6   4   -0.0005113278
3   8   7   2   -0.0077764296
3   8   7   3   -0.0000000000
3   8   7   4   0.0128343600
3   8   8   1   -0.0122300463
3   8   8   2   0.0000000000
3   8   8   3   -0.2752957920
3   8   8   4   0.0000000000
3   8   9   1   -0.0000000000
3   8   9   2   -0.0018272873
3   8   9   3   -0.0000000000
3   8   9   4   0.0029356220
3   9   6   1   0.0012790402
3   9   6   3   0.0024428312
3   9   6   4   0.0000000000
3   9   7   1   -0.0151275718
3   9   7   2   -0.0000000000
3   9   7   3   -0.0217794862
3   9   7   4   -0.0000000000
3   9   8   1   -0.0000000000
3   9   8   2   -0.0019695163
3   9   8   3   -0.0000000000
3   9   8   4   0.0027397618
3   9   9   1   -0.0159735101
3   9   9   2   0.0000000000
3   9   9   3   -0.2943599053
3   9   9   4   -0.0000000000
3   9   10   5   -0.0077928411
3   10   6   5   0.0022371129
3   10   7   5   -0.0053876245
3   10   9   5   -0.0076839816
3   10   10   1   -0.0121777007
3   10   10   2   0.0000000000
3   10   10   3   -0.2820678422
3   10   10   4   -0.0000000000
4   6   6   1   -0.0000000000
4   6   6   2   -0.0316665237
4   6   6   3   -0.0000000000
4   6   6   4   -0.3149891017
4   6   7   2   -0.0003227638
4   6   7   3   0.0000000000
4   6   7   4   -0.0004098756
4   6   8   1   0.0001957549
4   6   8   3   -0.0005113278
4   6   9   2   -0.0004363896
4   6   9   3   0.0000000000
4   6   9   4   0.0007798571
4   6   10   5   0.0000000000
4   7   6   2   -0.0003337968
4   7   6   3   0.0000000000
4   7   6   4   -0.0004098756
4   7   7   1   -0.0000000000
4   7   7   2   -0.0250608714
4   7   7   4   -0.3044521855
4   7   8   1   -0.0025875516
4   7   8   2   -0.0000000000
4   7   8   3   0.0128343600
4   7   8   4   0.0000000000
4   7   9   1   -0.0000000000
4   7   9   2   0.0072175869
4   7   9   3   -0.0000000000
4   7   9   4   -0.0074421023
4   7   10   5   -0.0000000000
4   8   6   1   0.0001280844
4   8   6   3   -0.0004726917
4   8   7   1   -0.0023532161
4   8   7   2   -0.0000000000
4   8   7   3   0.0127236731
4   8   7   4   0.0000000000
4   8   8   1   -0.0000000000
4   8   8   2   -0.0259674392
4   8   8   3   0.0000000000
4   8   8   4   -0.3061130802
4   8   9   1   0.0077131664
4   8   9   3   0.0027397618
4   8   9   4   0.0000000000
4   8   10   5   0.0000967321
4   9   6   2   -0.0003930995
4   9   6   3   0.0000000000
4   9   6   4   0.0007798571
4   9   7   1   -0.0000000000
4   9   7   2   0.0070758617
4   9   7   3   -0.0000000000
4   9   7   4   -0.0074421023
4   9   8   1   0.0076999047
4   9   8   3   0.0029356220
4   9   8   4   0.0000000000
4   9   9   1   -0.0000000000
4   9   9   2   -0.0214067385
4   9   9   3   -0.0000000000
4   9   9   4   -0.3082623596
4   9   10   5   -0.0000000000
4   10   6   5   0.0000000000
4   10   7   5   -0.0000000000
4   10   8   5   0.0001609511
4   10   9   5   -0.0000000000
4   10   10   1   -0.0000000000
4   10   10   2   -0.0201003913
4   10   10   3   -0.0000000000
4   10   10   4   -0.2960417531
5   6   6   5   -0.4026911463
5   6   7   5   -0.0024143776
5   6   9   5   -0.0006653591
5   6   10   1   0.0042308406
5   6   10   3   0.0022371129
5   6   10   4   0.0000000000
5   7   6   5   -0.0024143776
5   7   7   5   -0.3377925174
5   7   9   5   -0.0096416199
5   7   10   1   -0.0284725056
5   7   10   3   -0.0053876245
5   7   10   4   -0.0000000000
5   8   8   5   -0.3192285734
5   8   10   2   -0.0051249370
5   8   10   4   0.0001609511
5   9   6   5   -0.0006653591
5   9   7   5   -0.0096416199
5   9   9   5   -0.3275337967
5   9   10   1   -0.0040366335
5   9   10   3   -0.0076839816
5   9   10   4   -0.0000000000
5   10   6   1   0.0041683179
5   10   6   3   0.0022018554
5   10   6   4   0.0000000000
5   10   7   1   -0.0285208160
5   10   7   3   -0.0053764754
5   10   7   4   -0.0000000000
5   10   8   2   -0.0053377228
5   10   8   4   0.0000967321
5   10   9   1   -0.0039114102
5   10   9   3   -0.0077928411
5   10   9   4   -0.0000000000
5   10   10   5   -0.3516495554

End AIJB Block
Begin IJKA Block
1   6   1   6   -0.0920189257
1   6   1   7   -0.0000000000
1   6   1   8   -0.0788803634
1   6   1   9   -0.0000000000
1   6   2   6   -0.0149165467
1   6   2   8   -0.0112177946
1   6   2   9   -0.0000000000
1   6   3   7   -0.0062733818
1   6   3   8   0.0000000000
1   6   3   9   -0.0035882532
1   6   4   6   0.0003950859
1   6   4   8   -0.0095339025
1   6   4   9   -0.0000000000
1   6   5   10   -0.0140825740
1   7   1   6   -0.1162109888
1   7   1   7   -0.0000000000
1   7   1   8   -0.0621847643
1   7   1   9   -0.0000000000
1   7   2   6   -0.0018907102
1   7   2   8   -0.0027671371
1   7   2   9   -0.0000000000
1   7   3   7   0.0054872079
1   7   3   8   -0.0000000000
1   7   3   9   0.0024912502
1   7   4   6   -0.0057644941
1   7   4   8   0.0034431589
1   7   4   9   0.0000000000
1   7   5   10   0.0108331019
1   8   1   6   0.0000000000
1   8   1   7   -0.1158641637
1   8   1   8   0.0000000000
1   8   1   9   -0.0443511485
1   8   2   7   -0.0009982872
1   8   2   9   -0.0009393642
1   8   3   6   0.0031443372
1   8   3   8   0.0012436637
1   8   3   9   0.0000000000
1   8   4   7   -0.0004195674
1   8   4   8   -0.0000000000
1   8   4   9   0.0027182402
1   9   1   6   0.0535306688
1   9   1   8   -0.1256311911
1   9   1   9   -0.0000000000
1   9   2   6   -0.0005055000
1   9   2   8   -0.0025168748
1   9   2   9   -0.0000000000
1   9   3   7   0.0017284807
1   9   3   8   -0.0000000000
1   9   3   9   0.0037469489
1   9   4   6   0.0023326064
1   9   4   8   0.0036789632
1   9   4   9   0.0000000000
1   9   5   10   0.0034631917
1   10   1   10   -0.2224306548
1   10   2   10   -0.0027871617
1   10   4   10   -0.0009946212
1   10   5   6   0.0046150810
1   10   5   8   0.0053810654
1   10   5   9   0.0000000000
2   6   1   6   -0.0156979713
2   6   1   8   -0.0117355590
2   6   1   9   -0.0000000000
2   6   2   6   -0.0009348309
2   6   2   8   -0.0049118322
2   6   2   9   -0.0000000000
2   6   3   7   0.0071328336
2   6   3   8   -0.0000000000
2   6   3   9   0.0039187287
2   6   4   6   -0.0056066243
2   6   4   8   0.0050259337
2   6   4   9   0.0000000000
2   6   5   10   0.0136415825
2   7   1   6   -0.0011090714
2   7   1   8   -0.0022941987
2   7   1   9   -0.0000000000
2   7   2   6   -0.0675319083
2   7   2   7   -0.0000000000
2   7   2   8   -0.0205279663
2   7   2   9   -0.0000000000
2   7   3   7   -0.0235031300
2   7   3   9   -0.0019514115
2   7   4   6   0.0119215443
2   7   4   8   -0.0186523899
2   7   4   9   -0.0000000000
2   7   5   10   -0.0345670105
2   8   1   7   -0.0004308961
2   8   1   9   -0.0004517359
2   8   2   7   -0.0694293229
2   8   2   8   0.0000000000
2   8   2   9   -0.0082126896
2   8   3   6   -0.0042014677
2   8   3   8   0.0101440130
2   8   3   9   0.0000000000
2   8   4   7   -0.0073489282
2   8   4   8   0.0000000000
2   8   4   9   -0.0292903742
2   9   1   6   -0.0006714314
2   9   1   8   -0.0019139762
2   9   1   9   -0.0000000000
2   9   2   6   0.0347279346
2   9   2   8   -0.0677547704
2   9   2   9   -0.0000000000
2   9   3   7   -0.0085716671
2   9   3   8   0.0000000000
2   9   3   9   -0.0331364583
2   9   4   6   -0.0001760040
2   9   4   8   -0.0142441264
2   9   4   9   -0.0000000000
2   9   5   10   -0.0093807102
2   10   1   10   -0.0017935487
2   10   2   10   -0.1211300969
2   10   4   10   -0.0105034136
2   10   5   6   -0.0111060185
2   10   5   8   -0.0185444120
2   10   5   9   -0.0000000000
3   6   1   7   -0.0068262727
3   6   1   8   0.0000000000
3   6   1   9   -0.0041558884
3   6   2   7   0.0072988918
3   6   2   8   -0.0000000000
3   6   2   9   0.0041709359
3   6   3   6   -0.0004020408
3   6   3   8   -0.0024229239
3   6   3   9   -0.0000000000
3   6   4   7   0.0011077220
3   6   4   9   0.0010127723
3   7   1   7   0.0055328168
3   7   1   8   -0.0000000000
3   7   1   9   0.0028801220
3   7   2   7   -0.0230084238
3   7   2   8   0.0000000000
3   7   2   9   -0.0025109419
3   7   3   6   -0.0509554917
3   7   3   8   -0.0134879375
3   7   3   9   -0.0000000000
3   7   4   7   -0.0026760466
3   7   4   8   0.0000000000
3   7   4   9   -0.0133672663
3   8   1   6   0.0029644076
3   8   1   8   0.0012825664
3   8   1   9   0.0000000000
3   8   2   6   -0.0043237388
3   8   2   8   0.0094471739
3   8   2   9   0.0000000000
3   8   3   7   -0.0637297602
3   8   3   8   0.0000000000
3   8   3   9   -0.0044893449
3   8   4   6   -0.0006280790
3   8   4   8   -0.0082119573
3   8   4   9   -0.0000000000
3   8   5   10   -0.0071008832
3   9   1   7   0.0016645577
3   9   1   8   -0.0000000000
3   9   1   9   0.0034220224
3   9   2   7   -0.0078117633
3   9   2   8   0.0000000000
3   9   2   9   -0.0307738231
3   9   3   6   0.0240392278
3   9   3   8   -0.0593440667
3   9   3   9   -0.0000000000
3   9   4   7   -0.0050627292
3   9   4   9   0.0000463339
3   10   3   10   -0.0973754408
3   10   5   7   -0.0054943311
3   10   5   8   0.0000000000
3   10   5   9   -0.0040111324
4   6   1   6   0.0006619696
4   6   1   8   -0.0100994507
4   6   1   9   -0.0000000000
4   6   2   6   -0.0057633840
4   6   2   8   0.0050763404
4   6   2   9   0.0000000000
4   6   3   7   0.0010552056
4   6   3   9   0.0009701029
4   6   4   6   -0.0044250086
4   6   4   8   0.0012573842
4   6   5   10   0.0041319097
4   7   1   6   -0.0055594450
4   7   1   8   0.0034517041
4   7   1   9   0.0000000000
4   7   2   6   0.0120334453
4   7   2   8   -0.0178525925
4   7   2   9   -0.0000000000
4   7   3   7   -0.0029653521
4   7   3   8   0.0000000000
4   7   3   9   -0.0135889569
4   7   4   6   -0.0469387172
4   7   4   7   -0.0000000000
4   7   4   8   -0.0307855732
4   7   4   9   -0.0000000000
4   7   5   10   -0.0086248983
4   8   1   7   -0.0003855341
4   8   1   8   -0.0000000000
4   8   1   9   0.0023737864
4   8   2   7   -0.0066226234
4   8   2   8   0.0000000000
4   8   2   9   -0.0271789304
4   8   3   6   -0.0010860757
4   8   3   8   -0.0086431834
4   8   3   9   -0.0000000000
4   8   4   7   -0.0604681784
4   8   4   8   0.0000000000
4   8   4   9   -0.0192788921
4   9   1   6   0.0019813489
4   9   1   8   0.0035309168
4   9   1   9   0.0000000000
4   9   2   6   -0.0005639864
4   9   2   8   -0.0131740892
4   9   2   9   -0.0000000000
4   9   3   7   -0.0051821674
4   9   3   9   -0.0002383421
4   9   4   6   0.0336948952
4   9   4   8   -0.0758064713
4   9   4   9   -0.0000000000
4   9   5   10   -0.0109826756
4   10   1   10   -0.0009169541
4   10   2   10   -0.0095084943
4   10   4   10   -0.1066633157
4   10   5   6   0.0009385731
4   10   5   8   -0.0089519617
4   10   5   9   -0.0000000000
5   6   1   10   -0.0151913624
5   6   2   10   0.0136311918
5   6   4   10   0.0042246363
5   6   5   6   -0.0016988393
5   6   5   8   -0.0017398611
5   6   5   9   -0.0000000000
5   7   1   10   0.0104269823
5   7   2   10   -0.0339880392
5   7   4   10   -0.0084060922
5   7   5   6   -0.0572503566
5   7   5   7   -0.0000000000
5   7   5   8   -0.0304510704
5   7   5   9   -0.0000000000
5   8   3   10   -0.0075877293
5   8   5   7   -0.0620384067
5   8   5   8   0.0000000000
5   8   5   9   -0.0178185500
5   9   1   10   0.0032631015
5   9   2   10   -0.0088104391
5   9   4   10   -0.0113625830
5   9   5   6   0.0295629832
5   9   5   8   -0.0645706577
5   9   5   9   -0.0000000000
5   10   1   6   0.0040440216
5   10   1   8   0.0048490770
5   10   1   9   0.0000000000
5   10   2   6   -0.0115842469
5   10   2   8   -0.0178913398
5   10   2   9   -0.0000000000
5   10   3   7   -0.0060551907
5   10   3   8   0.0000000000
5   10   3   9   -0.0044394821
5   10   4   6   0.0016296787
5   10   4   8   -0.0086733881
5   10   4   9   -0.0000000000
5   10   5   10   -0.1284548718

End IJKA Block
Begin IABC Block
1   6   1   6   0.0003130967
1   6   1   8   -0.0003133008
1   6   2   7   0.0006700516
1   6   2   9   0.0000384450
1   6   3   6   -0.0007890656
1   6   3   8   0.0002440670
1   6   4   7   0.0003607779
1   6   4   9   0.0000076881
1   6   5   10   0.0018378491
1   7   1   7   0.0000191316
1   7   1   9   -0.0000132192
1   7   2   6   0.0006745026
1   7   2   8   0.0003286531
1   7   3   7   -0.0002708555
1   7   3   9   -0.0001236569
1   7   4   6   0.0003640126
1   7   4   8   0.0002059572
1   8   1   6   -0.0003182500
1   8   1   8   -0.0007240380
1   8   2   7   0.0003309833
1   8   2   9   -0.0001277129
1   8   3   6   0.0002463335
1   8   3   8   0.0004440949
1   8   3   9   0.0000000000
1   8   4   7   0.0002065395
1   8   4   9   -0.0000787177
1   8   5   10   0.0009941802
1   9   1   7   -0.0000088620
1   9   1   9   -0.0001939157
1   9   2   6   0.0000453928
1   9   2   8   -0.0001322316
1   9   3   7   -0.0001275267
1   9   3   8   0.0000000000
1   9   3   9   0.0001425698
1   9   4   6   0.0000071221
1   9   4   8   -0.0000824499
1   10   1   10   -0.0004126996
1   10   3   10   -0.0003197553
1   10   5   6   0.0018576663
1   10   5   8   0.0010071277
2   6   1   6   -0.0052374274
2   6   1   8   -0.0001820125
2   6   2   7   0.0007185190
2   6   2   9   0.0009171190
2   6   3   6   -0.0011861070
2   6   3   7   -0.0000000000
2   6   3   8   0.0020658242
2   6   4   7   0.0024950406
2   6   4   9   0.0054270197
2   6   5   10   -0.0005549458
2   7   1   7   -0.0025807744
2   7   1   9   -0.0010497767
2   7   2   6   0.0006566318
2   7   2   8   -0.0007230555
2   7   3   6   -0.0000000000
2   7   3   7   -0.0006729101
2   7   3   8   0.0000000000
2   7   3   9   -0.0016145846
2   7   4   6   0.0024523663
2   7   4   8   -0.0017433450
2   7   4   9   -0.0000000000
2   8   1   6   -0.0000526169
2   8   1   8   -0.0044898145
2   8   1   9   -0.0000000000
2   8   2   7   -0.0007283258
2   8   2   8   -0.0000000000
2   8   2   9   -0.0002996302
2   8   3   6   0.0020822374
2   8   3   7   0.0000000000
2   8   3   8   -0.0013790434
2   8   3   9   -0.0000000000
2   8   4   7   -0.0016906401
2   8   4   8   0.0000000000
2   8   4   9   0.0044850864
2   8   5   10   -0.0030298858
2   9   1   7   -0.0009547253
2   9   1   8   -0.0000000000
2   9   1   9   -0.0041460854
2   9   2   6   0.0009645903
2   9   2   8   -0.0002671023
2   9   3   7   -0.0015559769
2   9   3   8   -0.0000000000
2   9   3   9   0.0010680906
2   9   4   6   0.0057283741
2   9   4   7   -0.0000000000
2   9   4   8   0.0045194440
2   9   4   9   0.0000000000
2   9   5   10   -0.0000000000
2   10   1   10   -0.0118617021
2   10   3   10   -0.0073882451
2   10   4   10   -0.0000000000
2   10   5   6   -0.0007949368
2   10   5   8   -0.0030218210
2   10   5   9   -0.0000000000
3   6   1   7   0.0110881637
3   6   1   9   0.0013321863
3   6   2   6   -0.0036255828
3   6   2   8   -0.0021132193
3   6   2   9   -0.0000000000
3   6   3   6   -0.0000000000
3   6   3   7   0.0077575451
3   6   3   8   0.0000000000
3   6   3   9   -0.0017295266
3   6   4   6   0.0085841909
3   6   4   7   0.0000000000
3   6   4   8   -0.0088709670
3   6   4   9   -0.0000000000
3   7   1   6   0.0109301224
3   7   1   8   0.0015624713
3   7   2   7   -0.0006479738
3   7   2   9   -0.0006737416
3   7   3   6   0.0075936315
3   7   3   7   -0.0000000000
3   7   3   8   0.0027170800
3   7   3   9   -0.0000000000
3   7   4   6   0.0000000000
3   7   4   7   0.0059868799
3   7   4   8   -0.0000000000
3   7   4   9   0.0071020477
3   7   5   10   0.0008810616
3   8   1   7   0.0018470642
3   8   1   8   0.0000000000
3   8   1   9   -0.0061693230
3   8   2   6   -0.0019988980
3   8   2   8   -0.0107722451
3   8   2   9   -0.0000000000
3   8   3   6   0.0000000000
3   8   3   7   0.0029788678
3   8   3   8   -0.0000000000
3   8   3   9   -0.0072071570
3   8   4   6   -0.0085585487
3   8   4   7   -0.0000000000
3   8   4   8   -0.0105288719
3   8   4   9   -0.0000000000
3   9   1   6   0.0016200530
3   9   1   8   -0.0064374120
3   9   1   9   -0.0000000000
3   9   2   6   -0.0000000000
3   9   2   7   -0.0004783442
3   9   2   8   -0.0000000000
3   9   2   9   -0.0092209485
3   9   3   6   -0.0016518726
3   9   3   7   -0.0000000000
3   9   3   8   -0.0075042886
3   9   3   9   -0.0000000000
3   9   4   6   -0.0000000000
3   9   4   7   0.0076644376
3   9   4   8   -0.0000000000
3   9   4   9   -0.0035633150
3   9   5   10   -0.0016858971
3   10   2   10   -0.0163747306
3   10   3   10   0.0000000000
3   10   4   10   -0.0061836244
3   10   5   7   0.0008204726
3   10   5   9   -0.0017495463
4   6   1   6   -0.0025669403
4   6   1   8   0.0066844771
4   6   1   9   0.0000000000
4   6   2   7   -0.0060857084
4   6   2   8   0.0000000000
4   6   2   9   -0.0020446338
4   6   3   6   -0.0081756381
4   6   3   7   0.0000000000
4   6   3   8   0.0015586394
4   6   3   9   0.0000000000
4   6   4   6   -0.0000000000
4   6   4   7   -0.0144166259
4   6   4   8   0.0000000000
4   6   4   9   -0.0000802982
4   6   5   10   -0.0003065968
4   7   1   7   -0.0035329375
4   7   1   8   0.0000000000
4   7   1   9   -0.0041566206
4   7   2   6   -0.0060382125
4   7   2   8   -0.0005350739
4   7   3   6   0.0000000000
4   7   3   7   -0.0078912436
4   7   3   8   0.0000000000
4   7   3   9   -0.0042068834
4   7   4   6   -0.0142805665
4   7   4   7   -0.0000000000
4   7   4   8   -0.0032272990
4   7   4   9   -0.0000000000
4   8   1   6   0.0064034887
4   8   1   7   0.0000000000
4   8   1   8   0.0099962104
4   8   1   9   0.0000000000
4   8   2   6   0.0000000000
4   8   2   7   -0.0006981142
4   8   2   8   -0.0000000000
4   8   2   9   0.0014347086
4   8   3   6   0.0014090837
4   8   3   7   0.0000000000
4   8   3   8   -0.0029569566
4   8   3   9   -0.0000000000
4   8   4   6   0.0000000000
4   8   4   7   -0.0036097079
4   8   4   8   0.0000000000
4   8   4   9   0.0120000902
4   8   5   10   0.0009525960
4   9   1   6   0.0000000000
4   9   1   7   -0.0044335761
4   9   1   8   0.0000000000
4   9   1   9   0.0065834722
4   9   2   6   -0.0022150683
4   9   2   8   0.0016315837
4   9   2   9   0.0000000000
4   9   3   6   0.0000000000
4   9   3   7   -0.0043112641
4   9   3   8   -0.0000000000
4   9   3   9   -0.0059995834
4   9   4   6   -0.0004205148
4   9   4   7   -0.0000000000
4   9   4   8   0.0126094433
4   9   4   9   0.0000000000
4   10   1   10   0.0093386530
4   10   3   10   -0.0148417751
4   10   4   10   -0.0000000000
4   10   5   6   -0.0003920524
4   10   5   8   0.0009967508
5   6   1   10   0.0065842829
5   6   3   10   -0.0041850080
5   6   4   10   -0.0000000000
5   6   5   6   -0.0104985032
5   6   5   8   -0.0030065560
5   7   2   10   0.0005111853
5   7   3   10   0.0000000000
5   7   4   10   -0.0009929648
5   7   5   7   -0.0088496046
5   7   5   8   0.0000000000
5   7   5   9   -0.0045550796
5   8   1   10   -0.0019233205
5   8   2   10   0.0000000000
5   8   3   10   0.0019419689
5   8   4   10   -0.0000000000
5   8   5   6   -0.0030262319
5   8   5   7   0.0000000000
5   8   5   8   -0.0136031440
5   8   5   9   -0.0000000000
5   9   2   10   -0.0006575308
5   9   3   10   -0.0000000000
5   9   4   10   0.0029897362
5   9   5   6   -0.0000000000
5   9   5   7   -0.0044772726
5   9   5   8   -0.0000000000
5   9   5   9   -0.0143742995
5   10   1   6   0.0063527448
5   10   1   8   -0.0019820744
5   10   2   7   0.0004560576
5   10   2   8   0.0000000000
5   10   2   9   -0.0007677634
5   10   3   6   -0.0042801139
5   10   3   7   0.0000000000
5   10   3   8   0.0018563457
5   10   3   9   -0.0000000000
5   10   4   6   -0.0000000000
5   10   4   7   -0.0010683622
5   10   4   8   -0.0000000000
5   10   4   9   0.0026826753
5   10   5   10   -0.0202171119

End IABC Block
