Begin IJ Block
1   1   -2.1872700232
1   3   0.1382303997
2   2   -1.9528627918
3   3   -1.8127127575

End IJ Block
Begin IA Block
1   1   0.0000000000
1   2   0.0715820644
1   3   0.0000000000
2   1   0.2095877972
2   3   0.0472851822
3   1   -0.0000000000
3   2   0.1897793631
3   3   -0.0000000000

End IA Block
Begin AB Block
1   1   -1.4912600426
1   2   -0.0000000000
1   3   0.2948862207
2   2   -1.0004060061
2   3   0.0000000000
3   3   -0.9268681186

End AB Block
Begin IJAB Block
1   4   1   4   0.0545914124
1   4   1   6   -0.0208942254
1   4   2   5   0.0176681759
1   4   2   6   -0.0000000000
1   4   3   4   -0.0208942254
1   4   3   5   -0.0000000000
1   4   3   6   0.0142850060
1   5   1   5   0.0221238004
1   5   1   6   0.0000000000
1   5   2   4   0.0085086157
1   5   2   6   0.0078639212
1   5   3   4   -0.0000000000
1   5   3   5   0.0008963643
1   5   3   6   0.0000000000
1   6   1   4   -0.0071379271
1   6   1   5   -0.0000000000
1   6   1   6   0.0107041421
1   6   2   5   0.0053277071
1   6   2   6   0.0000000000
1   6   3   4   -0.0017653770
1   6   3   5   -0.0000000000
1   6   3   6   0.0045307266
2   4   1   5   0.0085086157
2   4   1   6   -0.0000000000
2   4   2   4   0.0221238004
2   4   2   6   0.0008963643
2   4   3   4   0.0000000000
2   4   3   5   0.0078639212
2   4   3   6   0.0000000000
2   5   1   4   0.0566876087
2   5   1   6   -0.0207579688
2   5   2   5   0.0254970667
2   5   3   4   -0.0207579688
2   5   3   6   0.0219359718
2   6   1   5   0.0271585412
2   6   1   6   0.0000000000
2   6   2   4   -0.0000360022
2   6   2   6   0.0127360178
2   6   3   5   -0.0010675996
2   6   3   6   -0.0000000000
3   4   1   4   -0.0071379271
3   4   1   6   -0.0017653770
3   4   2   4   -0.0000000000
3   4   2   5   0.0053277071
3   4   2   6   -0.0000000000
3   4   3   4   0.0107041421
3   4   3   5   0.0000000000
3   4   3   6   0.0045307266
3   5   1   5   -0.0000360022
3   5   2   4   0.0271585412
3   5   2   6   -0.0010675996
3   5   3   4   0.0000000000
3   5   3   5   0.0127360178
3   5   3   6   -0.0000000000
3   6   1   4   0.0602234969
3   6   1   5   0.0000000000
3   6   1   6   -0.0319105946
3   6   2   4   0.0000000000
3   6   2   5   0.0241609610
3   6   2   6   0.0000000000
3   6   3   4   -0.0319105946
3   6   3   5   0.0000000000
3   6   3   6   0.0278242748

End IJAB Block
Begin IJKL Block
1   4   1   4   0.4083643848
1   4   1   6   -0.0745940811
1   4   2   5   0.1240924041
1   4   3   4   -0.0745940811
1   4   3   6   0.0929240166
1   5   1   5   0.3250857452
1   5   2   4   0.1240924041
1   5   2   6   0.0930952106
1   5   3   5   0.0253808475
1   6   1   4   -0.0745940811
1   6   1   6   0.3363696663
1   6   2   5   0.0930952106
1   6   3   4   0.0929240166
1   6   3   6   -0.0213028030
2   4   1   5   0.1240924041
2   4   2   4   0.3250857452
2   4   2   6   0.0253808475
2   4   3   5   0.0930952106
2   5   1   4   0.1240924041
2   5   1   6   0.0930952106
2   5   2   5   0.3497406191
2   5   3   4   0.0930952106
2   5   3   6   0.1107334222
2   6   1   5   0.0930952106
2   6   2   4   0.0253808475
2   6   2   6   0.3137866629
2   6   3   5   0.1107334222
3   4   1   4   -0.0745940811
3   4   1   6   0.0929240166
3   4   2   5   0.0930952106
3   4   3   4   0.3363696663
3   4   3   6   -0.0213028030
3   5   1   5   0.0253808475
3   5   2   4   0.0930952106
3   5   2   6   0.1107334222
3   5   3   5   0.3137866629
3   6   1   4   0.0929240166
3   6   1   6   -0.0213028030
3   6   2   5   0.1107334222
3   6   3   4   -0.0213028030
3   6   3   6   0.3261496463

End IJKL Block
Begin ABCD Block
1   4   1   4   0.2610291172
1   4   1   5   -0.0000000000
1   4   1   6   -0.0413644815
1   4   2   4   -0.0000000000
1   4   2   5   0.0543821098
1   4   2   6   -0.0000000000
1   4   3   4   -0.0413644815
1   4   3   5   -0.0000000000
1   4   3   6   0.0298206618
1   5   1   4   -0.0000000000
1   5   1   5   0.2036410692
1   5   1   6   0.0000000000
1   5   2   4   0.0543821098
1   5   2   5   -0.0000000000
1   5   2   6   0.0473322579
1   5   3   4   -0.0000000000
1   5   3   5   -0.0046018577
1   5   3   6   0.0000000004
1   6   1   4   -0.0413644815
1   6   1   5   0.0000000000
1   6   1   6   0.1989341220
1   6   2   4   -0.0000000000
1   6   2   5   0.0473322579
1   6   2   6   -0.0000000001
1   6   3   4   0.0298206618
1   6   3   5   0.0000000004
1   6   3   6   -0.0123185880
2   4   1   4   -0.0000000000
2   4   1   5   0.0543821098
2   4   1   6   -0.0000000000
2   4   2   4   0.2036410692
2   4   2   5   -0.0000000000
2   4   2   6   -0.0046018577
2   4   3   4   0.0000000000
2   4   3   5   0.0473322579
2   4   3   6   0.0000000004
2   5   1   4   0.0543821098
2   5   1   5   -0.0000000000
2   5   1   6   0.0473322579
2   5   2   4   -0.0000000000
2   5   2   5   0.1950401707
2   5   2   6   0.0000000003
2   5   3   4   0.0473322579
2   5   3   5   0.0000000003
2   5   3   6   0.0520802427
2   6   1   4   -0.0000000000
2   6   1   5   0.0473322579
2   6   1   6   -0.0000000001
2   6   2   4   -0.0046018577
2   6   2   5   0.0000000003
2   6   2   6   0.1824093400
2   6   3   4   0.0000000004
2   6   3   5   0.0520802427
2   6   3   6   0.0000000019
3   4   1   4   -0.0413644815
3   4   1   5   -0.0000000000
3   4   1   6   0.0298206618
3   4   2   4   0.0000000000
3   4   2   5   0.0473322579
3   4   2   6   0.0000000004
3   4   3   4   0.1989341220
3   4   3   5   -0.0000000001
3   4   3   6   -0.0123185880
3   5   1   4   -0.0000000000
3   5   1   5   -0.0046018577
3   5   1   6   0.0000000004
3   5   2   4   0.0473322579
3   5   2   5   0.0000000003
3   5   2   6   0.0520802427
3   5   3   4   -0.0000000001
3   5   3   5   0.1824093400
3   5   3   6   0.0000000019
3   6   1   4   0.0298206618
3   6   1   5   0.0000000004
3   6   1   6   -0.0123185880
3   6   2   4   0.0000000004
3   6   2   5   0.0520802427
3   6   2   6   0.0000000019
3   6   3   4   -0.0123185880
3   6   3   5   0.0000000019
3   6   3   6   0.1793464741

End ABCD Block
Begin AIJB Block
1   4   1   4   0.0545914124
1   4   1   6   -0.0208942254
1   4   2   5   0.0085086157
1   4   2   6   -0.0000000000
1   4   3   4   -0.0071379271
1   4   3   6   -0.0017653770
1   5   1   5   0.0221238004
1   5   1   6   0.0000000000
1   5   2   4   0.0566876087
1   5   2   6   -0.0207579688
1   5   3   5   -0.0000360022
1   6   1   4   -0.0071379271
1   6   1   5   -0.0000000000
1   6   1   6   0.0107041421
1   6   2   5   0.0271585412
1   6   2   6   0.0000000000
1   6   3   4   0.0602234969
1   6   3   5   0.0000000000
1   6   3   6   -0.0319105946
2   4   1   5   0.0176681759
2   4   1   6   -0.0000000000
2   4   2   4   0.0221238004
2   4   2   6   0.0008963643
2   4   3   4   -0.0000000000
2   4   3   5   0.0053277071
2   4   3   6   -0.0000000000
2   5   1   4   0.0085086157
2   5   1   6   0.0078639212
2   5   2   5   0.0254970667
2   5   3   4   0.0271585412
2   5   3   6   -0.0010675996
2   6   1   5   0.0053277071
2   6   1   6   0.0000000000
2   6   2   4   -0.0000360022
2   6   2   6   0.0127360178
2   6   3   4   0.0000000000
2   6   3   5   0.0241609610
2   6   3   6   0.0000000000
3   4   1   4   -0.0208942254
3   4   1   5   -0.0000000000
3   4   1   6   0.0142850060
3   4   2   4   0.0000000000
3   4   2   5   0.0078639212
3   4   2   6   0.0000000000
3   4   3   4   0.0107041421
3   4   3   5   0.0000000000
3   4   3   6   0.0045307266
3   5   1   4   -0.0000000000
3   5   1   5   0.0008963643
3   5   1   6   0.0000000000
3   5   2   4   -0.0207579688
3   5   2   6   0.0219359718
3   5   3   4   0.0000000000
3   5   3   5   0.0127360178
3   5   3   6   -0.0000000000
3   6   1   4   -0.0017653770
3   6   1   5   -0.0000000000
3   6   1   6   0.0045307266
3   6   2   5   -0.0010675996
3   6   2   6   -0.0000000000
3   6   3   4   -0.0319105946
3   6   3   5   0.0000000000
3   6   3   6   0.0278242748

1   4   4   1   -0.2935186038
1   4   4   2   -0.0000000000
1   4   4   3   0.0720787256
1   4   5   2   -0.0532892721
1   4   5   3   -0.0000000000
1   4   6   1   0.0130805435
1   4   6   2   0.0000000000
1   4   6   3   -0.0160751172
1   5   4   2   -0.0532892721
1   5   4   3   -0.0000000000
1   5   5   1   -0.2781309578
1   5   5   2   0.0000000000
1   5   5   3   0.0542755216
1   5   6   1   -0.0000000000
1   5   6   2   -0.0551137535
1   5   6   3   -0.0000000000
1   6   4   1   0.0130805435
1   6   4   2   0.0000000000
1   6   4   3   -0.0160751172
1   6   5   1   -0.0000000000
1   6   5   2   -0.0551137535
1   6   5   3   -0.0000000000
1   6   6   1   -0.2762898158
1   6   6   2   -0.0000000000
1   6   6   3   0.0578702575
2   4   4   1   -0.0000000000
2   4   4   2   -0.2025212686
2   4   4   3   -0.0000000000
2   4   5   1   -0.0532892721
2   4   5   3   -0.0362846453
2   4   6   1   0.0000000000
2   4   6   2   -0.0096547822
2   4   6   3   0.0000000000
2   5   4   1   -0.0532892721
2   5   4   3   -0.0362846453
2   5   5   1   0.0000000000
2   5   5   2   -0.2125380882
2   5   5   3   0.0000000000
2   5   6   1   -0.0551137535
2   5   6   2   -0.0000000000
2   5   6   3   -0.0405237848
2   6   4   1   0.0000000000
2   6   4   2   -0.0096547822
2   6   4   3   0.0000000000
2   6   5   1   -0.0551137535
2   6   5   2   -0.0000000000
2   6   5   3   -0.0405237848
2   6   6   1   -0.0000000000
2   6   6   2   -0.2058353877
2   6   6   3   0.0000000000
3   4   4   1   0.0720787256
3   4   4   2   -0.0000000000
3   4   4   3   -0.2014390468
3   4   5   1   -0.0000000000
3   4   5   2   -0.0362846453
3   4   5   3   -0.0000000000
3   4   6   1   -0.0160751172
3   4   6   2   0.0000000000
3   4   6   3   -0.0065902060
3   5   4   1   -0.0000000000
3   5   4   2   -0.0362846453
3   5   4   3   -0.0000000000
3   5   5   1   0.0542755216
3   5   5   2   0.0000000000
3   5   5   3   -0.2087063504
3   5   6   1   -0.0000000000
3   5   6   2   -0.0405237848
3   5   6   3   -0.0000000001
3   6   4   1   -0.0160751172
3   6   4   2   0.0000000000
3   6   4   3   -0.0065902060
3   6   5   1   -0.0000000000
3   6   5   2   -0.0405237848
3   6   5   3   -0.0000000001
3   6   6   1   0.0578702575
3   6   6   2   0.0000000000
3   6   6   3   -0.2077370147

End AIJB Block
Begin IJKA Block
1   4   1   5   -0.0098510333
1   4   2   4   -0.0456047726
1   4   2   6   0.0000972222
1   4   3   5   -0.0238251010
1   4   3   6   -0.0000000000
1   5   1   4   -0.0725260375
1   5   1   6   -0.0007220321
1   5   2   5   -0.0393368692
1   5   3   4   0.0439903853
1   5   3   6   -0.0327969553
1   6   1   5   -0.0623814083
1   6   1   6   -0.0000000000
1   6   2   4   0.0605826278
1   6   2   6   -0.0484215399
1   6   3   5   0.0224702032
1   6   3   6   0.0000000000
2   4   1   4   -0.0456047726
2   4   1   6   0.0000972222
2   4   2   5   -0.0336148245
2   4   3   4   0.0050584226
2   4   3   6   -0.0220309520
2   5   1   5   -0.0393368692
2   5   2   4   -0.0217287000
2   5   2   6   -0.0368285504
2   5   3   5   -0.0225779726
2   6   1   4   0.0605826278
2   6   1   6   -0.0484215399
2   6   2   5   -0.0371427034
2   6   2   6   0.0000000000
2   6   3   4   0.0598524910
2   6   3   5   -0.0000000000
2   6   3   6   -0.0438557701
3   4   1   5   -0.0238251010
3   4   1   6   -0.0000000000
3   4   2   4   0.0050584226
3   4   2   6   -0.0220309520
3   4   3   4   -0.0000000000
3   4   3   5   -0.0056840241
3   4   3   6   -0.0000000000
3   5   1   4   0.0439903853
3   5   1   6   -0.0327969553
3   5   2   5   -0.0225779726
3   5   3   4   -0.0142796519
3   5   3   6   -0.0263855578
3   6   1   5   0.0224702032
3   6   1   6   0.0000000000
3   6   2   4   0.0598524910
3   6   2   5   -0.0000000000
3   6   2   6   -0.0438557701
3   6   3   5   -0.0371342133
3   6   3   6   0.0000000000

End IJKA Block
Begin IABC Block
1   4   1   4   0.0000000000
1   4   1   5   -0.0037251767
1   4   1   6   0.0000000000
1   4   2   4   -0.0086594907
1   4   2   5   0.0000000000
1   4   2   6   0.0028204308
1   4   3   4   0.0000000000
1   4   3   5   -0.0032513883
1   4   3   6   0.0000000001
1   5   1   4   -0.0037251767
1   5   1   5   0.0000000000
1   5   1   6   0.0005489421
1   5   2   4   0.0000000000
1   5   2   5   -0.0062339962
1   5   2   6   -0.0000000000
1   5   3   4   -0.0032513883
1   5   3   5   0.0000000000
1   5   3   6   -0.0013917038
1   6   1   4   0.0000000000
1   6   1   5   0.0005489421
1   6   1   6   0.0000000001
1   6   2   4   0.0028204308
1   6   2   5   -0.0000000000
1   6   2   6   -0.0034149961
1   6   3   4   0.0000000001
1   6   3   5   -0.0013917038
1   6   3   6   0.0000000004
2   4   1   4   -0.0177548238
2   4   1   6   0.0149936544
2   4   2   4   0.0000000000
2   4   2   5   -0.0039591341
2   4   2   6   0.0000000000
2   4   3   4   -0.0131685001
2   4   3   5   -0.0000000000
2   4   3   6   0.0054031610
2   5   1   5   0.0020412328
2   5   1   6   -0.0000000000
2   5   2   4   -0.0039591341
2   5   2   5   0.0000000000
2   5   2   6   0.0020561610
2   5   3   4   -0.0000000000
2   5   3   5   -0.0098965793
2   5   3   6   0.0000000000
2   6   1   4   0.0149936544
2   6   1   5   -0.0000000000
2   6   1   6   0.0049931613
2   6   2   4   0.0000000000
2   6   2   5   0.0020561610
2   6   2   6   0.0000000000
2   6   3   4   0.0054031610
2   6   3   5   0.0000000000
2   6   3   6   -0.0121673095
3   4   1   4   -0.0000000000
3   4   1   5   0.0410762735
3   4   1   6   -0.0000000000
3   4   2   4   -0.0197623995
3   4   2   5   0.0000000000
3   4   2   6   0.0179956803
3   4   3   4   -0.0000000001
3   4   3   5   -0.0144758621
3   4   3   6   -0.0000000004
3   5   1   4   0.0410762735
3   5   1   5   -0.0000000000
3   5   1   6   0.0339358678
3   5   2   4   0.0000000000
3   5   2   5   -0.0013116681
3   5   2   6   -0.0000000000
3   5   3   4   -0.0144758621
3   5   3   5   -0.0000000002
3   5   3   6   -0.0078685636
3   6   1   4   -0.0000000000
3   6   1   5   0.0339358678
3   6   1   6   -0.0000000001
3   6   2   4   0.0179956803
3   6   2   5   -0.0000000000
3   6   2   6   -0.0035805686
3   6   3   4   -0.0000000004
3   6   3   5   -0.0078685636
3   6   3   6   -0.0000000020

End IABC Block
