Begin IJ Block
1   1   -33.0216727022
1   2   -0.5829897958
1   4   -0.1842040492
2   2   -7.8742249861
2   4   -0.2137859771
3   3   -6.7716721875
4   4   -6.9004233234
5   5   -7.0057933865

End IJ Block
Begin IA Block
1   1   0.1128908438
1   2   -0.0000000000
1   3   0.0996419079
1   4   0.0000000000
2   1   0.5629331655
2   2   -0.0000000000
2   3   0.2495998174
2   4   0.0000000000
3   1   -0.0000000000
3   2   -0.6175443745
3   3   -0.0000000000
3   4   0.1650834068
4   1   -0.2912608949
4   2   0.0000000000
4   3   0.6408503938
4   4   0.0000000001

End IA Block
Begin AB Block
1   1   -2.5344917007
1   2   0.0000000000
1   3   -0.1271788808
1   4   -0.0000000000
2   2   -2.1331335149
2   3   -0.0000000000
2   4   0.2284800322
3   3   -2.5390093831
3   4   -0.0000000000
4   4   -2.6626463941

End AB Block
Begin IJAB Block
1   6   1   5   0.0044229302
1   6   1   7   0.0016079832
1   6   2   6   0.0020601639
1   6   2   8   -0.0011593710
1   6   3   5   0.0016079832
1   6   3   7   0.0038773315
1   6   3   8   0.0000000000
1   6   4   6   -0.0011593710
1   6   4   7   0.0000000000
1   6   4   8   0.0006442175
1   7   1   5   -0.0006821069
1   7   1   7   0.0012163666
1   7   2   6   -0.0017314588
1   7   2   8   0.0008118479
1   7   3   5   0.0016064329
1   7   3   7   -0.0006944900
1   7   4   5   0.0000000000
1   7   4   6   0.0009524730
1   7   4   8   -0.0005166354
1   8   1   6   0.0000301962
1   8   1   8   0.0005251298
1   8   2   5   0.0011200396
1   8   2   7   0.0005360389
1   8   3   6   -0.0001127218
1   8   3   8   -0.0006056246
1   8   4   5   -0.0006393355
1   8   4   7   -0.0004301770
1   9   1   5   0.0007735577
1   9   1   7   0.0011437168
1   9   2   6   -0.0005418574
1   9   2   8   0.0010855256
1   9   3   5   -0.0005694612
1   9   3   7   -0.0009092611
1   9   4   6   0.0003878298
1   9   4   8   -0.0006291730
2   6   1   5   -0.0006821069
2   6   1   7   0.0016064329
2   6   1   8   0.0000000000
2   6   2   6   -0.0017314588
2   6   2   8   0.0009524730
2   6   3   5   0.0012163666
2   6   3   7   -0.0006944900
2   6   4   6   0.0008118479
2   6   4   8   -0.0005166354
2   7   1   5   0.0177766999
2   7   1   7   0.0032566509
2   7   1   8   0.0000000000
2   7   2   6   0.0071955837
2   7   2   7   0.0000000000
2   7   2   8   -0.0034165437
2   7   3   5   0.0032566509
2   7   3   6   0.0000000000
2   7   3   7   0.0080349928
2   7   3   8   0.0000000000
2   7   4   5   0.0000000000
2   7   4   6   -0.0034165437
2   7   4   7   0.0000000000
2   7   4   8   0.0083329951
2   8   1   6   -0.0128207406
2   8   1   7   -0.0000000000
2   8   1   8   0.0041065766
2   8   2   5   -0.0061984390
2   8   2   7   -0.0019360931
2   8   2   8   -0.0000000000
2   8   3   5   -0.0000000000
2   8   3   6   -0.0055606945
2   8   3   7   -0.0000000000
2   8   3   8   0.0058457919
2   8   4   5   0.0042814808
2   8   4   6   -0.0000000000
2   8   4   7   0.0041610892
2   8   4   8   0.0000000000
2   9   1   5   -0.0101496271
2   9   1   7   0.0079672059
2   9   1   8   0.0000000000
2   9   2   6   0.0011180847
2   9   2   7   0.0000000000
2   9   2   8   -0.0031240353
2   9   3   5   -0.0001413733
2   9   3   7   0.0083964233
2   9   3   8   0.0000000000
2   9   4   6   -0.0009748708
2   9   4   7   0.0000000000
2   9   4   8   -0.0010739306
3   6   1   6   0.0011200396
3   6   1   8   -0.0006393355
3   6   2   5   0.0000301962
3   6   2   7   -0.0001127218
3   6   3   6   0.0005360389
3   6   3   8   -0.0004301770
3   6   4   5   0.0005251298
3   6   4   7   -0.0006056246
3   7   1   6   -0.0061984390
3   7   1   7   -0.0000000000
3   7   1   8   0.0042814808
3   7   2   5   -0.0128207406
3   7   2   7   -0.0055606945
3   7   2   8   -0.0000000000
3   7   3   5   -0.0000000000
3   7   3   6   -0.0019360931
3   7   3   7   -0.0000000000
3   7   3   8   0.0041610892
3   7   4   5   0.0041065766
3   7   4   6   -0.0000000000
3   7   4   7   0.0058457919
3   7   4   8   0.0000000000
3   8   1   5   0.0106309349
3   8   1   7   0.0049999764
3   8   1   8   0.0000000000
3   8   2   6   0.0171738605
3   8   2   7   0.0000000000
3   8   2   8   -0.0090587497
3   8   3   5   0.0049999764
3   8   3   6   0.0000000000
3   8   3   7   0.0081494181
3   8   3   8   -0.0000000000
3   8   4   5   0.0000000000
3   8   4   6   -0.0090587497
3   8   4   7   -0.0000000000
3   8   4   8   0.0208007442
3   9   1   6   0.0033512838
3   9   1   7   0.0000000000
3   9   1   8   -0.0065987275
3   9   2   5   0.0076544174
3   9   2   7   -0.0101855241
3   9   2   8   -0.0000000000
3   9   3   5   0.0000000000
3   9   3   6   -0.0008359007
3   9   3   7   0.0000000000
3   9   3   8   -0.0049893997
3   9   4   5   -0.0075265191
3   9   4   7   0.0013752533
4   6   1   5   0.0007735577
4   6   1   7   -0.0005694612
4   6   2   6   -0.0005418574
4   6   2   8   0.0003878298
4   6   3   5   0.0011437168
4   6   3   7   -0.0009092611
4   6   4   6   0.0010855256
4   6   4   8   -0.0006291730
4   7   1   5   -0.0101496271
4   7   1   7   -0.0001413733
4   7   2   6   0.0011180847
4   7   2   8   -0.0009748708
4   7   3   5   0.0079672059
4   7   3   6   0.0000000000
4   7   3   7   0.0083964233
4   7   3   8   0.0000000000
4   7   4   5   0.0000000000
4   7   4   6   -0.0031240353
4   7   4   7   0.0000000000
4   7   4   8   -0.0010739306
4   8   1   6   0.0076544174
4   8   1   7   0.0000000000
4   8   1   8   -0.0075265191
4   8   2   5   0.0033512838
4   8   2   7   -0.0008359007
4   8   3   5   0.0000000000
4   8   3   6   -0.0101855241
4   8   3   7   0.0000000000
4   8   3   8   0.0013752533
4   8   4   5   -0.0065987275
4   8   4   6   -0.0000000000
4   8   4   7   -0.0049893997
4   9   1   5   0.0108527123
4   9   1   7   -0.0034954012
4   9   1   8   -0.0000000000
4   9   2   6   0.0048945318
4   9   2   7   0.0000000000
4   9   2   8   -0.0060464906
4   9   3   5   -0.0034954012
4   9   3   6   0.0000000000
4   9   3   7   0.0197446686
4   9   3   8   0.0000000000
4   9   4   5   -0.0000000000
4   9   4   6   -0.0060464906
4   9   4   7   0.0000000000
4   9   4   8   0.0179558951
5   10   1   5   0.0084056131
5   10   1   7   0.0018718783
5   10   1   8   0.0000000000
5   10   2   6   0.0032088194
5   10   2   8   -0.0015358376
5   10   3   5   0.0018718783
5   10   3   7   0.0064237423
5   10   3   8   0.0000000000
5   10   4   5   0.0000000000
5   10   4   6   -0.0015358376
5   10   4   7   0.0000000000
5   10   4   8   0.0027272013

End IJAB Block
Begin IJKL Block
1   6   1   6   4.7140753401
1   6   1   7   0.4276993339
1   6   1   9   0.1355765476
1   6   2   6   0.4276993339
1   6   2   7   0.0594752728
1   6   2   9   0.0160523048
1   6   3   8   0.0165817043
1   6   4   6   0.1355765476
1   6   4   7   0.0160523048
1   6   4   9   0.0257901343
1   6   5   10   0.0249154083
1   7   1   6   0.4276993339
1   7   1   7   1.0485256582
1   7   1   9   0.0825347063
1   7   2   6   0.0634408235
1   7   2   7   0.0147300758
1   7   2   9   0.0074099309
1   7   3   8   -0.0229267179
1   7   4   6   0.0159650750
1   7   4   7   0.0145204340
1   7   4   9   -0.0218942599
1   7   5   10   -0.0280195682
1   8   1   8   0.8935692657
1   8   2   8   0.0075910229
1   8   3   6   0.0212763585
1   8   3   7   -0.0237763006
1   8   3   9   -0.0030635203
1   8   4   8   0.0075663085
1   9   1   6   0.1355765476
1   9   1   7   0.0825347063
1   9   1   9   0.9795596998
1   9   2   6   0.0159650750
1   9   2   7   0.0076795579
1   9   2   9   0.0134528694
1   9   3   8   -0.0026598273
1   9   4   6   0.0308451379
1   9   4   7   -0.0225715559
1   9   4   9   -0.0080031602
1   9   5   10   -0.0084306595
1   10   1   10   1.0196469435
1   10   2   10   0.0121381555
1   10   4   10   0.0047958741
1   10   5   6   0.0303839435
1   10   5   7   -0.0283430999
1   10   5   9   -0.0087521772
2   6   1   6   0.4276993339
2   6   1   7   0.0634408235
2   6   1   9   0.0159650750
2   6   2   6   1.0485256582
2   6   2   7   0.0147300758
2   6   2   9   0.0145204340
2   6   3   8   -0.0229267179
2   6   4   6   0.0825347063
2   6   4   7   0.0074099309
2   6   4   9   -0.0218942599
2   6   5   10   -0.0280195682
2   7   1   6   0.0594752728
2   7   1   7   0.0147300758
2   7   1   9   0.0076795579
2   7   2   6   0.0147300758
2   7   2   7   0.7438293024
2   7   2   9   -0.0170631501
2   7   3   8   0.1404657782
2   7   4   6   0.0076795579
2   7   4   7   -0.0170631501
2   7   4   9   0.1121547205
2   7   5   10   0.1144454201
2   8   1   8   0.0075910229
2   8   2   8   0.6749430869
2   8   3   6   -0.0237763006
2   8   3   7   0.1457100086
2   8   3   9   -0.0133545075
2   8   4   8   -0.0116929221
2   9   1   6   0.0160523048
2   9   1   7   0.0074099309
2   9   1   9   0.0134528694
2   9   2   6   0.0145204340
2   9   2   7   -0.0170631501
2   9   2   9   0.6675652214
2   9   3   8   -0.0137625866
2   9   4   6   -0.0225715559
2   9   4   7   0.1171544878
2   9   4   9   0.0618863369
2   9   5   10   0.0269953901
2   10   1   10   0.0121381555
2   10   2   10   0.6935483896
2   10   4   10   0.0304690871
2   10   5   6   -0.0283430999
2   10   5   7   0.1186653786
2   10   5   9   0.0267494839
3   6   1   8   0.0212763585
3   6   2   8   -0.0237763006
3   6   3   6   0.8935692657
3   6   3   7   0.0075910229
3   6   3   9   0.0075663085
3   6   4   8   -0.0030635203
3   7   1   8   -0.0237763006
3   7   2   8   0.1457100086
3   7   3   6   0.0075910229
3   7   3   7   0.6749430869
3   7   3   9   -0.0116929221
3   7   4   8   -0.0133545075
3   8   1   6   0.0165817043
3   8   1   7   -0.0229267179
3   8   1   9   -0.0026598273
3   8   2   6   -0.0229267179
3   8   2   7   0.1404657782
3   8   2   9   -0.0137625866
3   8   3   8   0.6502666302
3   8   4   6   -0.0026598273
3   8   4   7   -0.0137625866
3   8   4   9   0.0290761075
3   8   5   10   0.0207980568
3   9   1   8   -0.0030635203
3   9   2   8   -0.0133545075
3   9   3   6   0.0075663085
3   9   3   7   -0.0116929221
3   9   3   9   0.5984681938
3   9   4   8   0.0356190598
3   10   3   10   0.6107089742
3   10   5   8   0.0271061144
4   6   1   6   0.1355765476
4   6   1   7   0.0159650750
4   6   1   9   0.0308451379
4   6   2   6   0.0825347063
4   6   2   7   0.0076795579
4   6   2   9   -0.0225715559
4   6   3   8   -0.0026598273
4   6   4   6   0.9795596998
4   6   4   7   0.0134528694
4   6   4   9   -0.0080031602
4   6   5   10   -0.0084306595
4   7   1   6   0.0160523048
4   7   1   7   0.0145204340
4   7   1   9   -0.0225715559
4   7   2   6   0.0074099309
4   7   2   7   -0.0170631501
4   7   2   9   0.1171544878
4   7   3   8   -0.0137625866
4   7   4   6   0.0134528694
4   7   4   7   0.6675652214
4   7   4   9   0.0618863369
4   7   5   10   0.0269953901
4   8   1   8   0.0075663085
4   8   2   8   -0.0116929221
4   8   3   6   -0.0030635203
4   8   3   7   -0.0133545075
4   8   3   9   0.0356190598
4   8   4   8   0.5984681938
4   9   1   6   0.0257901343
4   9   1   7   -0.0218942599
4   9   1   9   -0.0080031602
4   9   2   6   -0.0218942599
4   9   2   7   0.1121547205
4   9   2   9   0.0618863369
4   9   3   8   0.0290761075
4   9   4   6   -0.0080031602
4   9   4   7   0.0618863369
4   9   4   9   0.6918481657
4   9   5   10   0.0307877374
4   10   1   10   0.0047958741
4   10   2   10   0.0304690871
4   10   4   10   0.6379839132
4   10   5   6   -0.0087521772
4   10   5   7   0.0267494839
4   10   5   9   0.0366197407
5   6   1   10   0.0303839435
5   6   2   10   -0.0283430999
5   6   4   10   -0.0087521772
5   6   5   6   1.0196469435
5   6   5   7   0.0121381555
5   6   5   9   0.0047958741
5   7   1   10   -0.0283430999
5   7   2   10   0.1186653786
5   7   4   10   0.0267494839
5   7   5   6   0.0121381555
5   7   5   7   0.6935483896
5   7   5   9   0.0304690871
5   8   3   10   0.0271061144
5   8   5   8   0.6107089742
5   9   1   10   -0.0087521772
5   9   2   10   0.0267494839
5   9   4   10   0.0366197407
5   9   5   6   0.0047958741
5   9   5   7   0.0304690871
5   9   5   9   0.6379839132
5   10   1   6   0.0249154083
5   10   1   7   -0.0280195682
5   10   1   9   -0.0084306595
5   10   2   6   -0.0280195682
5   10   2   7   0.1144454201
5   10   2   9   0.0269953901
5   10   3   8   0.0207980568
5   10   4   6   -0.0084306595
5   10   4   7   0.0269953901
5   10   4   9   0.0307877374
5   10   5   10   0.7093953219

End IJKL Block
Begin ABCD Block
1   5   1   5   0.2229080994
1   5   1   6   0.0000000000
1   5   1   7   -0.0119091702
1   5   1   8   -0.0000000000
1   5   2   5   0.0000000000
1   5   2   6   0.0526286702
1   5   2   7   0.0000000000
1   5   2   8   -0.0038123825
1   5   3   5   -0.0119091702
1   5   3   6   0.0000000000
1   5   3   7   0.0264919804
1   5   3   8   -0.0000000000
1   5   4   5   -0.0000000000
1   5   4   6   -0.0038123825
1   5   4   7   -0.0000000000
1   5   4   8   0.0170631928
1   6   1   5   0.0000000000
1   6   1   6   0.2058333224
1   6   1   7   0.0000000000
1   6   1   8   -0.0166950836
1   6   2   5   0.0526266592
1   6   2   6   -0.0000000000
1   6   2   7   0.0033811496
1   6   2   8   0.0000000000
1   6   3   5   0.0000000000
1   6   3   6   -0.0042389166
1   6   3   7   -0.0000000000
1   6   3   8   0.0129817545
1   6   4   5   -0.0038043350
1   6   4   6   -0.0000000000
1   6   4   7   0.0075487276
1   6   4   8   0.0000000000
1   7   1   5   -0.0119091702
1   7   1   6   0.0000000000
1   7   1   7   0.1997708941
1   7   1   8   0.0000000000
1   7   2   5   0.0000000000
1   7   2   6   0.0033781382
1   7   2   7   -0.0000000000
1   7   2   8   0.0223300987
1   7   3   5   0.0264953794
1   7   3   6   -0.0000000000
1   7   3   7   0.0252534844
1   7   3   8   0.0000000000
1   7   4   5   -0.0000000000
1   7   4   6   0.0075437325
1   7   4   7   -0.0000000000
1   7   4   8   0.0159562142
1   8   1   5   -0.0000000000
1   8   1   6   -0.0166950836
1   8   1   7   0.0000000000
1   8   1   8   0.2129475575
1   8   2   5   -0.0038043350
1   8   2   6   0.0000000000
1   8   2   7   0.0223270903
1   8   2   8   0.0000000000
1   8   3   5   -0.0000000000
1   8   3   6   0.0129773905
1   8   3   7   0.0000000000
1   8   3   8   0.0244568937
1   8   4   5   0.0170512234
1   8   4   6   0.0000000000
1   8   4   7   0.0159458367
1   8   4   8   0.0000000000
2   5   1   5   0.0000000000
2   5   1   6   0.0526266592
2   5   1   7   0.0000000000
2   5   1   8   -0.0038043350
2   5   2   5   0.2058333224
2   5   2   6   -0.0000000000
2   5   2   7   -0.0042389166
2   5   2   8   -0.0000000000
2   5   3   5   0.0000000000
2   5   3   6   0.0033811496
2   5   3   7   -0.0000000000
2   5   3   8   0.0075487276
2   5   4   5   -0.0166950836
2   5   4   6   0.0000000000
2   5   4   7   0.0129817545
2   5   4   8   0.0000000000
2   6   1   5   0.0526286702
2   6   1   6   -0.0000000000
2   6   1   7   0.0033781382
2   6   1   8   0.0000000000
2   6   2   5   -0.0000000000
2   6   2   6   0.2110754483
2   6   2   7   0.0000000000
2   6   2   8   -0.0129615378
2   6   3   5   0.0033781382
2   6   3   6   0.0000000000
2   6   3   7   0.0070402021
2   6   3   8   -0.0000000000
2   6   4   5   0.0000000000
2   6   4   6   -0.0129615378
2   6   4   7   -0.0000000000
2   6   4   8   0.0141001013
2   7   1   5   0.0000000000
2   7   1   6   0.0033811496
2   7   1   7   -0.0000000000
2   7   1   8   0.0223270903
2   7   2   5   -0.0042389166
2   7   2   6   0.0000000000
2   7   2   7   0.1794466654
2   7   2   8   -0.0000000000
2   7   3   5   -0.0000000000
2   7   3   6   0.0070467694
2   7   3   7   0.0000000000
2   7   3   8   0.0099757256
2   7   4   5   0.0129773905
2   7   4   6   -0.0000000000
2   7   4   7   0.0043500864
2   7   4   8   0.0000000000
2   8   1   5   -0.0038123825
2   8   1   6   0.0000000000
2   8   1   7   0.0223300987
2   8   1   8   0.0000000000
2   8   2   5   -0.0000000000
2   8   2   6   -0.0129615378
2   8   2   7   -0.0000000000
2   8   2   8   0.1947727513
2   8   3   5   0.0075437325
2   8   3   6   -0.0000000000
2   8   3   7   0.0099836020
2   8   3   8   0.0000000000
2   8   4   5   0.0000000000
2   8   4   6   0.0141063320
2   8   4   7   0.0000000000
2   8   4   8   0.0007065636
3   5   1   5   -0.0119091702
3   5   1   6   0.0000000000
3   5   1   7   0.0264953794
3   5   1   8   -0.0000000000
3   5   2   5   0.0000000000
3   5   2   6   0.0033781382
3   5   2   7   -0.0000000000
3   5   2   8   0.0075437325
3   5   3   5   0.1997708941
3   5   3   6   -0.0000000000
3   5   3   7   0.0252534844
3   5   3   8   -0.0000000000
3   5   4   5   0.0000000000
3   5   4   6   0.0223300987
3   5   4   7   0.0000000000
3   5   4   8   0.0159562142
3   6   1   5   0.0000000000
3   6   1   6   -0.0042389166
3   6   1   7   -0.0000000000
3   6   1   8   0.0129773905
3   6   2   5   0.0033811496
3   6   2   6   0.0000000000
3   6   2   7   0.0070467694
3   6   2   8   -0.0000000000
3   6   3   5   -0.0000000000
3   6   3   6   0.1794466654
3   6   3   7   0.0000000000
3   6   3   8   0.0043500864
3   6   4   5   0.0223270903
3   6   4   6   -0.0000000000
3   6   4   7   0.0099757256
3   6   4   8   0.0000000000
3   7   1   5   0.0264919804
3   7   1   6   -0.0000000000
3   7   1   7   0.0252534844
3   7   1   8   0.0000000000
3   7   2   5   -0.0000000000
3   7   2   6   0.0070402021
3   7   2   7   0.0000000000
3   7   2   8   0.0099836020
3   7   3   5   0.0252534844
3   7   3   6   0.0000000000
3   7   3   7   0.2612704725
3   7   3   8   -0.0000000000
3   7   4   5   0.0000000000
3   7   4   6   0.0099836020
3   7   4   7   -0.0000000000
3   7   4   8   0.0418234699
3   8   1   5   -0.0000000000
3   8   1   6   0.0129817545
3   8   1   7   0.0000000000
3   8   1   8   0.0244568937
3   8   2   5   0.0075487276
3   8   2   6   -0.0000000000
3   8   2   7   0.0099757256
3   8   2   8   0.0000000000
3   8   3   5   -0.0000000000
3   8   3   6   0.0043500864
3   8   3   7   -0.0000000000
3   8   3   8   0.2532775921
3   8   4   5   0.0159458367
3   8   4   6   0.0000000000
3   8   4   7   0.0418349459
3   8   4   8   0.0000000000
4   5   1   5   -0.0000000000
4   5   1   6   -0.0038043350
4   5   1   7   -0.0000000000
4   5   1   8   0.0170512234
4   5   2   5   -0.0166950836
4   5   2   6   0.0000000000
4   5   2   7   0.0129773905
4   5   2   8   0.0000000000
4   5   3   5   0.0000000000
4   5   3   6   0.0223270903
4   5   3   7   0.0000000000
4   5   3   8   0.0159458367
4   5   4   5   0.2129475575
4   5   4   6   0.0000000000
4   5   4   7   0.0244568937
4   5   4   8   0.0000000000
4   6   1   5   -0.0038123825
4   6   1   6   -0.0000000000
4   6   1   7   0.0075437325
4   6   1   8   0.0000000000
4   6   2   5   0.0000000000
4   6   2   6   -0.0129615378
4   6   2   7   -0.0000000000
4   6   2   8   0.0141063320
4   6   3   5   0.0223300987
4   6   3   6   -0.0000000000
4   6   3   7   0.0099836020
4   6   3   8   0.0000000000
4   6   4   5   0.0000000000
4   6   4   6   0.1947727513
4   6   4   7   0.0000000000
4   6   4   8   0.0007065636
4   7   1   5   -0.0000000000
4   7   1   6   0.0075487276
4   7   1   7   -0.0000000000
4   7   1   8   0.0159458367
4   7   2   5   0.0129817545
4   7   2   6   -0.0000000000
4   7   2   7   0.0043500864
4   7   2   8   0.0000000000
4   7   3   5   0.0000000000
4   7   3   6   0.0099757256
4   7   3   7   -0.0000000000
4   7   3   8   0.0418349459
4   7   4   5   0.0244568937
4   7   4   6   0.0000000000
4   7   4   7   0.2532775921
4   7   4   8   0.0000000000
4   8   1   5   0.0170631928
4   8   1   6   0.0000000000
4   8   1   7   0.0159562142
4   8   1   8   0.0000000000
4   8   2   5   0.0000000000
4   8   2   6   0.0141001013
4   8   2   7   0.0000000000
4   8   2   8   0.0007065636
4   8   3   5   0.0159562142
4   8   3   6   0.0000000000
4   8   3   7   0.0418234699
4   8   3   8   0.0000000000
4   8   4   5   0.0000000000
4   8   4   6   0.0007065636
4   8   4   7   0.0000000000
4   8   4   8   0.2731640050

End ABCD Block
Begin AIJB Block
1   6   1   5   0.0040139765
1   6   1   7   0.0014583242
1   6   2   5   -0.0004003507
1   6   2   7   0.0015843899
1   6   2   8   0.0000000000
1   6   3   6   0.0009200544
1   6   3   8   -0.0004456587
1   6   4   5   0.0004929059
1   6   4   7   -0.0005466064
1   7   1   5   -0.0004003507
1   7   1   7   0.0012200385
1   7   2   5   0.0137306978
1   7   2   7   0.0023224717
1   7   2   8   0.0000000000
1   7   3   6   -0.0039309308
1   7   3   7   -0.0000000000
1   7   3   8   0.0022800970
1   7   4   5   -0.0074813582
1   7   4   7   -0.0005754444
1   8   1   6   -0.0001831853
1   8   1   8   0.0006379012
1   8   2   6   -0.0105507008
1   8   2   8   0.0026471103
1   8   3   5   0.0078276516
1   8   3   7   0.0040183282
1   8   3   8   0.0000000000
1   8   4   6   0.0066071864
1   8   4   7   0.0000000000
1   8   4   8   -0.0065275369
1   9   1   5   0.0004929059
1   9   1   7   0.0011993721
1   9   2   5   -0.0074813582
1   9   2   7   0.0076532623
1   9   2   8   0.0000000000
1   9   3   6   0.0025187779
1   9   3   7   0.0000000000
1   9   3   8   -0.0053763373
1   9   4   5   0.0086648086
1   9   4   7   -0.0032836064
1   9   4   8   -0.0000000000
1   10   5   5   0.0061476037
1   10   5   7   0.0010222268
1   10   5   8   0.0000000000
2   6   1   6   0.0018806751
2   6   1   8   -0.0010750820
2   6   2   6   -0.0015735184
2   6   2   8   0.0008738778
2   6   3   5   -0.0001831853
2   6   3   7   -0.0002553144
2   6   4   6   -0.0005192663
2   6   4   8   0.0003856449
2   7   1   6   -0.0015735184
2   7   1   8   0.0007330821
2   7   2   6   0.0055966710
2   7   2   7   0.0000000000
2   7   2   8   -0.0027343228
2   7   3   5   -0.0105507008
2   7   3   7   -0.0045312690
2   7   3   8   -0.0000000000
2   7   4   6   0.0008087559
2   7   4   8   -0.0007876164
2   8   1   5   0.0009200544
2   8   1   7   0.0004098258
2   8   2   5   -0.0039309308
2   8   2   7   -0.0008204630
2   8   3   6   0.0140820791
2   8   3   7   0.0000000000
2   8   3   8   -0.0073564787
2   8   4   5   0.0025187779
2   8   4   7   -0.0001204076
2   9   1   6   -0.0005192663
2   9   1   8   0.0010518533
2   9   2   6   0.0008087559
2   9   2   7   0.0000000000
2   9   2   8   -0.0030097756
2   9   3   5   0.0066071864
2   9   3   7   -0.0094423897
2   9   3   8   -0.0000000000
2   9   4   6   0.0031830657
2   9   4   7   0.0000000000
2   9   4   8   -0.0049767872
2   10   5   6   0.0020189504
2   10   5   8   -0.0010902939
3   6   1   5   0.0014583242
3   6   1   7   0.0035725911
3   6   1   8   0.0000000000
3   6   2   5   0.0012200385
3   6   2   7   -0.0005628158
3   6   3   6   0.0004098258
3   6   3   8   -0.0002927485
3   6   4   5   0.0011993721
3   6   4   7   -0.0006574974
3   7   1   5   0.0015843899
3   7   1   7   -0.0005628158
3   7   2   5   0.0023224717
3   7   2   6   0.0000000000
3   7   2   7   0.0066389602
3   7   3   6   -0.0008204630
3   7   3   7   -0.0000000000
3   7   3   8   0.0025784788
3   7   4   5   0.0076532623
3   7   4   6   0.0000000000
3   7   4   7   0.0069808221
3   7   4   8   0.0000000000
3   8   1   6   -0.0002553144
3   8   1   8   -0.0004888369
3   8   2   5   -0.0000000000
3   8   2   6   -0.0045312690
3   8   2   7   -0.0000000000
3   8   2   8   0.0046702053
3   8   3   5   0.0040183282
3   8   3   6   0.0000000000
3   8   3   7   0.0068859040
3   8   3   8   -0.0000000000
3   8   4   5   0.0000000000
3   8   4   6   -0.0094423897
3   8   4   7   0.0000000000
3   8   4   8   0.0012857095
3   9   1   5   -0.0005466064
3   9   1   7   -0.0006574974
3   9   2   5   -0.0005754444
3   9   2   7   0.0069808221
3   9   2   8   0.0000000000
3   9   3   5   0.0000000000
3   9   3   6   -0.0001204076
3   9   3   7   0.0000000000
3   9   3   8   -0.0052848785
3   9   4   5   -0.0032836064
3   9   4   6   0.0000000000
3   9   4   7   0.0176433209
3   9   4   8   0.0000000000
3   10   5   5   0.0010222268
3   10   5   7   0.0056873806
3   10   5   8   0.0000000000
4   6   1   6   -0.0010750820
4   6   1   7   0.0000000000
4   6   1   8   0.0006397314
4   6   2   6   0.0007330821
4   6   2   8   -0.0004641456
4   6   3   5   0.0006379012
4   6   3   7   -0.0004888369
4   6   4   6   0.0010518533
4   6   4   8   -0.0006664756
4   7   1   5   0.0000000000
4   7   1   6   0.0008738778
4   7   1   8   -0.0004641456
4   7   2   5   0.0000000000
4   7   2   6   -0.0027343228
4   7   2   8   0.0072706209
4   7   3   5   0.0026471103
4   7   3   7   0.0046702053
4   7   3   8   0.0000000000
4   7   4   5   0.0000000000
4   7   4   6   -0.0030097756
4   7   4   7   0.0000000000
4   7   4   8   -0.0004327472
4   8   1   5   -0.0004456587
4   8   1   7   -0.0002927485
4   8   2   5   0.0022800970
4   8   2   6   -0.0000000000
4   8   2   7   0.0025784788
4   8   2   8   0.0000000000
4   8   3   5   0.0000000000
4   8   3   6   -0.0073564787
4   8   3   7   -0.0000000000
4   8   3   8   0.0181506465
4   8   4   5   -0.0053763373
4   8   4   6   -0.0000000000
4   8   4   7   -0.0052848785
4   8   4   8   -0.0000000000
4   9   1   6   0.0003856449
4   9   1   8   -0.0006664756
4   9   2   6   -0.0007876164
4   9   2   7   0.0000000000
4   9   2   8   -0.0004327472
4   9   3   5   -0.0065275369
4   9   3   7   0.0012857095
4   9   3   8   -0.0000000000
4   9   4   5   -0.0000000000
4   9   4   6   -0.0049767872
4   9   4   7   0.0000000000
4   9   4   8   0.0166914853
4   10   5   5   0.0000000000
4   10   5   6   -0.0010902939
4   10   5   7   0.0000000000
4   10   5   8   0.0027645368

1   6   6   1   -0.2839758718
1   6   6   2   0.0000000000
1   6   6   3   -0.0161488703
1   6   6   4   -0.0000000000
1   6   7   1   -0.0006159438
1   6   7   3   -0.0004596276
1   6   8   2   -0.0024263615
1   6   8   4   0.0001282307
1   6   9   1   -0.0030665647
1   6   9   3   0.0012794833
1   6   9   4   0.0000000000
1   7   6   1   -0.0006159438
1   7   6   3   -0.0004666053
1   7   7   1   -0.2695758987
1   7   7   2   0.0000000000
1   7   7   3   -0.0095047052
1   7   7   4   -0.0000000000
1   7   8   2   0.0286367364
1   7   8   4   -0.0023418093
1   7   9   1   0.0175714096
1   7   9   3   -0.0151178694
1   7   9   4   -0.0000000000
1   8   6   2   -0.0024387417
1   8   6   4   0.0001990701
1   8   7   2   0.0286258413
1   8   7   4   -0.0025836556
1   8   8   1   -0.2658279028
1   8   8   3   -0.0122267689
1   8   8   4   -0.0000000000
1   8   9   2   -0.0085797142
1   8   9   3   -0.0000000000
1   8   9   4   0.0076859038
1   9   6   1   -0.0030665647
1   9   6   3   0.0012840969
1   9   6   4   0.0000000000
1   9   7   1   0.0175714096
1   9   7   3   -0.0150750306
1   9   7   4   -0.0000000000
1   9   8   2   -0.0086600554
1   9   8   3   -0.0000000000
1   9   8   4   0.0077003392
1   9   9   1   -0.2557729774
1   9   9   2   0.0000000000
1   9   9   3   -0.0159767181
1   9   9   4   -0.0000000000
1   10   10   1   -0.2593159394
1   10   10   3   -0.0120692286
1   10   10   4   -0.0000000000
2   6   6   1   0.0000000000
2   6   6   2   -0.2431105818
2   6   6   3   -0.0000000000
2   6   6   4   0.0316700529
2   6   7   2   -0.0005353497
2   6   7   4   0.0003321508
2   6   8   1   -0.0024387417
2   6   8   3   -0.0011309443
2   6   9   2   -0.0009258371
2   6   9   4   0.0003936586
2   7   6   2   -0.0005353497
2   7   6   4   0.0003200292
2   7   7   1   0.0000000000
2   7   7   2   -0.2299353435
2   7   7   3   -0.0000000000
2   7   7   4   0.0250570613
2   7   8   1   0.0286258413
2   7   8   3   0.0077785156
2   7   8   4   0.0000000000
2   7   9   2   0.0083502697
2   7   9   3   0.0000000000
2   7   9   4   -0.0070671364
2   8   6   1   -0.0024263615
2   8   6   3   -0.0011704975
2   8   7   1   0.0286367364
2   8   7   3   0.0079064424
2   8   7   4   0.0000000000
2   8   8   2   -0.2336407683
2   8   8   3   -0.0000000000
2   8   8   4   0.0259431595
2   8   9   1   -0.0086600554
2   8   9   3   0.0019704925
2   8   9   4   0.0000000000
2   9   6   2   -0.0009258371
2   9   6   4   0.0004398904
2   9   7   2   0.0083502697
2   9   7   3   0.0000000000
2   9   7   4   -0.0072094874
2   9   8   1   -0.0085797142
2   9   8   3   0.0018355644
2   9   8   4   0.0000000000
2   9   9   1   0.0000000000
2   9   9   2   -0.2206375433
2   9   9   3   -0.0000000000
2   9   9   4   0.0213836561
2   10   10   2   -0.2217035352
2   10   10   3   -0.0000000000
2   10   10   4   0.0200470936
3   6   6   1   -0.0161488703
3   6   6   2   -0.0000000000
3   6   6   3   -0.3128187362
3   6   6   4   -0.0000000000
3   6   7   1   -0.0004666053
3   6   7   3   -0.0015172491
3   6   7   4   0.0000000000
3   6   8   2   -0.0011704975
3   6   8   3   0.0000000000
3   6   8   4   -0.0004731069
3   6   9   1   0.0012840969
3   6   9   3   0.0024477920
3   6   9   4   0.0000000000
3   7   6   1   -0.0004596276
3   7   6   3   -0.0015172491
3   7   6   4   0.0000000000
3   7   7   1   -0.0095047052
3   7   7   2   -0.0000000000
3   7   7   3   -0.2807813344
3   7   8   2   0.0079064424
3   7   8   3   -0.0000000000
3   7   8   4   0.0127204528
3   7   9   1   -0.0150750306
3   7   9   2   0.0000000000
3   7   9   3   -0.0218005084
3   7   9   4   -0.0000000000
3   8   6   2   -0.0011309443
3   8   6   3   0.0000000000
3   8   6   4   -0.0005145838
3   8   7   2   0.0077785156
3   8   7   3   -0.0000000000
3   8   7   4   0.0128267474
3   8   8   1   -0.0122267689
3   8   8   2   -0.0000000000
3   8   8   3   -0.2753144415
3   8   8   4   0.0000000000
3   8   9   1   -0.0000000000
3   8   9   2   0.0018355644
3   8   9   3   -0.0000000000
3   8   9   4   0.0029429056
3   9   6   1   0.0012794833
3   9   6   3   0.0024477920
3   9   6   4   0.0000000000
3   9   7   1   -0.0151178694
3   9   7   2   0.0000000000
3   9   7   3   -0.0218005084
3   9   7   4   -0.0000000000
3   9   8   1   -0.0000000000
3   9   8   2   0.0019704925
3   9   8   3   -0.0000000000
3   9   8   4   0.0027499930
3   9   9   1   -0.0159767181
3   9   9   2   -0.0000000000
3   9   9   3   -0.2943813524
3   9   9   4   -0.0000000000
3   10   10   1   -0.0120692286
3   10   10   2   -0.0000000000
3   10   10   3   -0.2819770630
3   10   10   4   -0.0000000000
4   6   6   1   -0.0000000000
4   6   6   2   0.0316700529
4   6   6   3   -0.0000000000
4   6   6   4   -0.3149836134
4   6   7   2   0.0003200292
4   6   7   3   0.0000000000
4   6   7   4   -0.0004088598
4   6   8   1   0.0001990701
4   6   8   3   -0.0005145838
4   6   9   1   0.0000000000
4   6   9   2   0.0004398904
4   6   9   3   0.0000000000
4   6   9   4   0.0007787851
4   7   6   2   0.0003321508
4   7   6   3   0.0000000000
4   7   6   4   -0.0004088598
4   7   7   1   -0.0000000000
4   7   7   2   0.0250570613
4   7   7   4   -0.3044465823
4   7   8   1   -0.0025836556
4   7   8   2   0.0000000000
4   7   8   3   0.0128267474
4   7   8   4   0.0000000000
4   7   9   1   -0.0000000000
4   7   9   2   -0.0072094874
4   7   9   3   -0.0000000000
4   7   9   4   -0.0074451138
4   8   6   1   0.0001282307
4   8   6   3   -0.0004731069
4   8   7   1   -0.0023418093
4   8   7   2   0.0000000000
4   8   7   3   0.0127204528
4   8   7   4   0.0000000000
4   8   8   1   -0.0000000000
4   8   8   2   0.0259431595
4   8   8   3   0.0000000000
4   8   8   4   -0.3060980836
4   8   9   1   0.0077003392
4   8   9   2   0.0000000000
4   8   9   3   0.0027499930
4   8   9   4   0.0000000000
4   9   6   1   0.0000000000
4   9   6   2   0.0003936586
4   9   6   3   0.0000000000
4   9   6   4   0.0007787851
4   9   7   1   -0.0000000000
4   9   7   2   -0.0070671364
4   9   7   3   -0.0000000000
4   9   7   4   -0.0074451138
4   9   8   1   0.0076859038
4   9   8   2   0.0000000000
4   9   8   3   0.0029429056
4   9   8   4   0.0000000000
4   9   9   1   -0.0000000000
4   9   9   2   0.0213836561
4   9   9   3   -0.0000000000
4   9   9   4   -0.3082442708
4   10   10   1   -0.0000000000
4   10   10   2   0.0200470936
4   10   10   3   -0.0000000000
4   10   10   4   -0.2956298554

End AIJB Block
Begin IJKA Block
1   6   1   5   -0.0918960423
1   6   1   6   0.0000000000
1   6   1   7   -0.0787613626
1   6   1   8   -0.0000000000
1   6   2   5   -0.0148929246
1   6   2   7   -0.0112012525
1   6   2   8   -0.0000000000
1   6   3   6   0.0062520248
1   6   3   7   0.0000000000
1   6   3   8   -0.0035816866
1   6   4   5   0.0003837481
1   6   4   7   -0.0095069397
1   6   4   8   -0.0000000000
1   7   1   5   -0.1124574412
1   7   1   6   0.0000000000
1   7   1   7   -0.0606294788
1   7   1   8   -0.0000000000
1   7   2   5   -0.0017302196
1   7   2   7   -0.0026851789
1   7   2   8   -0.0000000000
1   7   3   6   -0.0054694345
1   7   3   7   -0.0000000000
1   7   3   8   0.0024850499
1   7   4   5   -0.0056941056
1   7   4   7   0.0034543378
1   7   4   8   0.0000000000
1   8   1   5   0.0000000000
1   8   1   6   0.1107867911
1   8   1   7   0.0000000000
1   8   1   8   -0.0427216151
1   8   2   6   0.0008037745
1   8   2   8   -0.0008742246
1   8   3   5   0.0031370321
1   8   3   7   0.0012392140
1   8   3   8   0.0000000000
1   8   4   6   0.0003490992
1   8   4   7   -0.0000000000
1   8   4   8   0.0027426313
1   9   1   5   0.0506819233
1   9   1   7   -0.1204390505
1   9   1   8   -0.0000000000
1   9   2   5   -0.0006072888
1   9   2   7   -0.0023073349
1   9   2   8   -0.0000000000
1   9   3   6   -0.0017249179
1   9   3   7   -0.0000000000
1   9   3   8   0.0037460061
1   9   4   5   0.0022943619
1   9   4   7   0.0037400939
1   9   4   8   0.0000000000
1   10   5   5   0.0045668094
1   10   5   7   0.0053673827
1   10   5   8   0.0000000000
2   6   1   5   -0.0157515645
2   6   1   7   -0.0117697858
2   6   1   8   -0.0000000000
2   6   2   5   -0.0008732196
2   6   2   7   -0.0048518716
2   6   2   8   -0.0000000000
2   6   3   6   -0.0071164438
2   6   3   7   -0.0000000000
2   6   3   8   0.0039135734
2   6   4   5   -0.0055781895
2   6   4   7   0.0050231373
2   6   4   8   0.0000000000
2   7   1   5   -0.0008632151
2   7   1   7   -0.0021686566
2   7   1   8   -0.0000000000
2   7   2   5   -0.0659764392
2   7   2   6   0.0000000000
2   7   2   7   -0.0199436370
2   7   2   8   -0.0000000000
2   7   3   6   0.0234753498
2   7   3   8   -0.0019434648
2   7   4   5   0.0119399375
2   7   4   7   -0.0186267963
2   7   4   8   -0.0000000000
2   8   1   6   0.0001954209
2   8   1   8   -0.0003732379
2   8   2   6   0.0670590303
2   8   2   7   0.0000000000
2   8   2   8   -0.0074751778
2   8   3   5   -0.0042600524
2   8   3   7   0.0101042859
2   8   3   8   0.0000000000
2   8   4   6   0.0072261302
2   8   4   7   0.0000000000
2   8   4   8   -0.0292393119
2   9   1   5   -0.0007788825
2   9   1   7   -0.0016545872
2   9   1   8   -0.0000000000
2   9   2   5   0.0333538695
2   9   2   7   -0.0653601952
2   9   2   8   -0.0000000000
2   9   3   6   0.0085590934
2   9   3   7   0.0000000000
2   9   3   8   -0.0331161425
2   9   4   5   -0.0003240354
2   9   4   7   -0.0141636707
2   9   4   8   -0.0000000000
2   10   5   5   -0.0118635077
2   10   5   7   -0.0191867039
2   10   5   8   -0.0000000000
3   6   1   6   0.0068580442
3   6   1   7   0.0000000000
3   6   1   8   -0.0041748126
3   6   2   6   -0.0073150731
3   6   2   7   -0.0000000000
3   6   2   8   0.0041824604
3   6   3   5   -0.0003887118
3   6   3   7   -0.0024015439
3   6   3   8   -0.0000000000
3   6   4   6   -0.0011156877
3   6   4   8   0.0010175149
3   7   1   6   -0.0055631421
3   7   1   7   -0.0000000000
3   7   1   8   0.0028965844
3   7   2   6   0.0230950838
3   7   2   8   -0.0025715416
3   7   3   5   -0.0493802045
3   7   3   7   -0.0128393344
3   7   3   8   -0.0000000000
3   7   4   6   0.0026946499
3   7   4   7   0.0000000000
3   7   4   8   -0.0133666634
3   8   1   5   0.0029566431
3   8   1   7   0.0012772423
3   8   1   8   0.0000000000
3   8   2   5   -0.0043440476
3   8   2   7   0.0094392540
3   8   2   8   0.0000000000
3   8   3   6   0.0616189245
3   8   3   8   -0.0038570025
3   8   4   5   -0.0006071563
3   8   4   7   -0.0081977336
3   8   4   8   -0.0000000000
3   9   1   6   -0.0016748811
3   9   1   7   -0.0000000000
3   9   1   8   0.0034308487
3   9   2   6   0.0078155427
3   9   2   7   0.0000000000
3   9   2   8   -0.0307562577
3   9   3   5   0.0228468897
3   9   3   7   -0.0571345322
3   9   3   8   -0.0000000000
3   9   4   6   0.0051071929
3   9   4   8   0.0000034784
3   10   5   6   0.0060835407
3   10   5   7   0.0000000000
3   10   5   8   -0.0043244562
4   6   1   5   0.0006671805
4   6   1   7   -0.0101397632
4   6   1   8   -0.0000000000
4   6   2   5   -0.0057584604
4   6   2   7   0.0051048322
4   6   2   8   0.0000000000
4   6   3   6   -0.0010515555
4   6   3   8   0.0009690778
4   6   4   5   -0.0044045460
4   6   4   7   0.0012843558
4   6   4   8   0.0000000000
4   7   1   5   -0.0054997470
4   7   1   7   0.0035227974
4   7   1   8   0.0000000000
4   7   2   5   0.0121455233
4   7   2   7   -0.0179298502
4   7   2   8   -0.0000000000
4   7   3   6   0.0029569513
4   7   3   7   0.0000000000
4   7   3   8   -0.0135736289
4   7   4   5   -0.0452291569
4   7   4   7   -0.0301001868
4   7   4   8   -0.0000000000
4   8   1   6   0.0003072375
4   8   1   7   -0.0000000000
4   8   1   8   0.0024029823
4   8   2   6   0.0064679207
4   8   2   7   0.0000000000
4   8   2   8   -0.0271092358
4   8   3   5   -0.0010633513
4   8   3   7   -0.0086678756
4   8   3   8   -0.0000000000
4   8   4   6   0.0581358086
4   8   4   7   0.0000000000
4   8   4   8   -0.0185602094
4   9   1   5   0.0019294260
4   9   1   7   0.0036190021
4   9   1   8   0.0000000000
4   9   2   5   -0.0006615211
4   9   2   7   -0.0130468863
4   9   2   8   -0.0000000000
4   9   3   6   0.0051957378
4   9   3   8   -0.0002618489
4   9   4   5   0.0323941877
4   9   4   7   -0.0734489593
4   9   4   8   -0.0000000000
4   10   5   5   0.0012204225
4   10   5   7   -0.0098057838
4   10   5   8   -0.0000000000
5   6   5   5   -0.0016756931
5   6   5   7   -0.0017188502
5   6   5   8   -0.0000000000
5   7   5   5   -0.0570664424
5   7   5   6   0.0000000000
5   7   5   7   -0.0305576359
5   7   5   8   -0.0000000000
5   8   5   6   0.0613010812
5   8   5   7   0.0000000000
5   8   5   8   -0.0175880940
5   9   5   5   0.0290825834
5   9   5   7   -0.0640334091
5   9   5   8   -0.0000000000
5   10   1   5   0.0040579513
5   10   1   7   0.0049239688
5   10   1   8   0.0000000000
5   10   2   5   -0.0115363492
5   10   2   7   -0.0180809404
5   10   2   8   -0.0000000000
5   10   3   6   0.0061252452
5   10   3   7   0.0000000000
5   10   3   8   -0.0044251037
5   10   4   5   0.0016836445
5   10   4   7   -0.0088566941
5   10   4   8   -0.0000000000

End IJKA Block
Begin IABC Block
1   5   1   5   0.0003141809
1   5   1   7   -0.0003133697
1   5   2   6   0.0006695881
1   5   2   8   -0.0000384407
1   5   3   5   -0.0007868637
1   5   3   7   0.0002444583
1   5   4   6   -0.0003606163
1   5   4   8   0.0000076901
1   6   1   6   0.0000205417
1   6   1   8   0.0000127015
1   6   2   5   0.0006740714
1   6   2   7   0.0003282454
1   6   3   6   -0.0002696528
1   6   3   8   0.0001225278
1   6   4   5   -0.0003639451
1   6   4   7   -0.0002059471
1   7   1   5   -0.0003169304
1   7   1   7   -0.0007214581
1   7   2   6   0.0003311984
1   7   2   8   0.0001267816
1   7   3   5   0.0002464924
1   7   3   7   0.0004456711
1   7   3   8   0.0000000000
1   7   4   6   -0.0002066631
1   7   4   8   -0.0000784744
1   8   1   6   0.0000078693
1   8   1   8   -0.0001919227
1   8   2   5   -0.0000458041
1   8   2   7   0.0001320171
1   8   3   6   0.0001268727
1   8   3   7   0.0000000000
1   8   3   8   0.0001443645
1   8   4   5   0.0000068810
1   8   4   7   -0.0000828850
2   5   1   5   -0.0049708782
2   5   1   7   -0.0001261828
2   5   2   6   0.0007163322
2   5   2   8   -0.0009190132
2   5   3   5   -0.0010961517
2   5   3   6   0.0000000000
2   5   3   7   0.0020698282
2   5   4   6   -0.0024956573
2   5   4   8   0.0054262410
2   6   1   6   -0.0024432900
2   6   1   8   0.0009825816
2   6   2   5   0.0006623254
2   6   2   7   -0.0007165112
2   6   3   5   0.0000000000
2   6   3   6   -0.0006149136
2   6   3   7   -0.0000000000
2   6   3   8   0.0015891705
2   6   4   5   -0.0024532993
2   6   4   7   0.0017428201
2   6   4   8   0.0000000000
2   7   1   5   -0.0000666596
2   7   1   7   -0.0042747304
2   7   1   8   -0.0000000000
2   7   2   6   -0.0007283141
2   7   2   7   0.0000000000
2   7   2   8   0.0003018351
2   7   3   5   0.0020954665
2   7   3   6   -0.0000000000
2   7   3   7   -0.0012794398
2   7   3   8   -0.0000000000
2   7   4   6   0.0016907486
2   7   4   7   0.0000000000
2   7   4   8   0.0044808053
2   8   1   6   0.0008936617
2   8   1   7   -0.0000000000
2   8   1   8   -0.0038831285
2   8   2   5   -0.0009602624
2   8   2   7   0.0002681278
2   8   3   6   0.0015295463
2   8   3   7   -0.0000000000
2   8   3   8   0.0011763822
2   8   4   5   0.0057395492
2   8   4   6   0.0000000000
2   8   4   7   0.0045264600
2   8   4   8   0.0000000000
3   5   1   6   -0.0110995731
3   5   1   8   0.0013454354
3   5   2   5   0.0033298208
3   5   2   7   0.0020638944
3   5   2   8   0.0000000000
3   5   3   5   -0.0000000000
3   5   3   6   -0.0077482733
3   5   3   7   0.0000000000
3   5   3   8   -0.0017324589
3   5   4   5   0.0086800426
3   5   4   6   -0.0000000000
3   5   4   7   -0.0088515876
3   5   4   8   -0.0000000000
3   6   1   5   -0.0109216330
3   6   1   7   -0.0015607374
3   6   2   6   0.0004602094
3   6   2   8   -0.0005790091
3   6   3   5   -0.0075880697
3   6   3   6   -0.0000000000
3   6   3   7   -0.0027112102
3   6   3   8   0.0000000000
3   6   4   5   -0.0000000000
3   6   4   6   0.0060509370
3   6   4   7   0.0000000000
3   6   4   8   -0.0071307790
3   7   1   6   -0.0018325983
3   7   1   7   0.0000000000
3   7   1   8   -0.0061700696
3   7   2   5   0.0019813884
3   7   2   7   0.0104606572
3   7   2   8   0.0000000000
3   7   3   5   0.0000000000
3   7   3   6   -0.0029843653
3   7   3   7   -0.0000000000
3   7   3   8   -0.0071931820
3   7   4   5   -0.0085510646
3   7   4   6   0.0000000000
3   7   4   7   -0.0104161963
3   7   4   8   -0.0000000000
3   8   1   5   0.0016193364
3   8   1   6   -0.0000000000
3   8   1   7   -0.0064311118
3   8   1   8   -0.0000000000
3   8   2   5   0.0000000000
3   8   2   6   -0.0003967916
3   8   2   7   0.0000000000
3   8   2   8   0.0088684399
3   8   3   5   -0.0016516583
3   8   3   6   0.0000000000
3   8   3   7   -0.0074975942
3   8   3   8   -0.0000000000
3   8   4   5   -0.0000000000
3   8   4   6   -0.0076956450
3   8   4   7   -0.0000000000
3   8   4   8   -0.0034424796
4   5   1   5   -0.0027310416
4   5   1   7   0.0066800383
4   5   1   8   0.0000000000
4   5   2   6   -0.0060781777
4   5   2   7   -0.0000000000
4   5   2   8   0.0020449221
4   5   3   5   -0.0078677439
4   5   3   6   -0.0000000000
4   5   3   7   0.0015971019
4   5   3   8   0.0000000000
4   5   4   5   -0.0000000000
4   5   4   6   0.0144062873
4   5   4   7   0.0000000000
4   5   4   8   -0.0000808571
4   6   1   6   -0.0036324578
4   6   1   7   -0.0000000000
4   6   1   8   0.0042012084
4   6   2   5   -0.0060326817
4   6   2   7   -0.0005306460
4   6   3   5   -0.0000000000
4   6   3   6   -0.0077002158
4   6   3   7   -0.0000000000
4   6   3   8   0.0041137918
4   6   4   5   0.0142704289
4   6   4   6   -0.0000000000
4   6   4   7   0.0032233403
4   6   4   8   0.0000000000
4   7   1   5   0.0063890987
4   7   1   6   -0.0000000000
4   7   1   7   0.0097994317
4   7   1   8   0.0000000000
4   7   2   5   -0.0000000000
4   7   2   6   -0.0006942894
4   7   2   7   0.0000000000
4   7   2   8   -0.0014367844
4   7   3   5   0.0014193638
4   7   3   6   -0.0000000000
4   7   3   7   -0.0026438502
4   7   3   8   -0.0000000000
4   7   4   5   0.0000000000
4   7   4   6   0.0036014303
4   7   4   7   0.0000000000
4   7   4   8   0.0119924552
4   8   1   5   0.0000000000
4   8   1   6   0.0044766541
4   8   1   7   0.0000000000
4   8   1   8   0.0063856443
4   8   2   5   0.0022130594
4   8   2   7   -0.0016257092
4   8   2   8   -0.0000000000
4   8   3   5   0.0000000000
4   8   3   6   0.0042230918
4   8   3   7   -0.0000000000
4   8   3   8   -0.0056420972
4   8   4   5   -0.0004215794
4   8   4   6   0.0000000000
4   8   4   7   0.0126085263
4   8   4   8   0.0000000000

End IABC Block
