Begin IJ Block
1   1   -33.0271975773
1   2   -0.5819703916
1   4   -0.1871122221
2   2   -7.8574375802
2   4   -0.2416100102
3   3   -6.6951105455
4   4   -6.9164495014
5   5   -7.0842606806

End IJ Block
Begin IA Block
1   1   0.1789667728
2   1   0.8447955814
3   2   1.0381114575
4   1   -0.4559525383

End IA Block
Begin AB Block
1   1   -3.3623245279
1   2   0.0000000000
2   2   -3.1532825087

End AB Block
Begin IJAB Block
1   6   1   3   0.0105069182
1   6   1   4   0.0000000000
1   6   2   3   0.0000000000
1   6   2   4   0.0064795061
1   7   1   3   -0.0017914118
1   7   2   4   -0.0056966687
1   8   1   4   0.0001117252
1   8   2   3   -0.0028912096
1   9   1   3   0.0017368724
1   9   2   4   -0.0022043049
2   6   1   3   -0.0017914118
2   6   2   4   -0.0056966687
2   7   1   3   0.0390878512
2   7   2   4   0.0226230153
2   8   1   4   0.0309147655
2   8   2   3   0.0157779271
2   9   1   3   -0.0214428246
2   9   2   4   0.0052375969
3   6   1   4   -0.0028912096
3   6   2   3   0.0001117252
3   7   1   4   0.0157779271
3   7   2   3   0.0309147655
3   8   1   3   0.0235349545
3   8   2   4   0.0490196680
3   9   1   4   -0.0101742734
3   9   2   3   -0.0196072871
4   6   1   3   0.0017368724
4   6   2   4   -0.0022043049
4   7   1   3   -0.0214428246
4   7   2   4   0.0052375969
4   8   1   4   -0.0196072871
4   8   2   3   -0.0101742734
4   9   1   3   0.0214070232
4   9   2   4   0.0169907285
5   10   1   3   0.0159566008
5   10   2   4   0.0090708996

End IJAB Block
Begin IJKL Block
1   6   1   6   4.7389928729
1   6   1   7   0.4316459480
1   6   1   9   0.1398348905
1   6   2   6   0.4316459480
1   6   2   7   0.0616274697
1   6   2   9   0.0170134965
1   6   3   8   0.0169204715
1   6   4   6   0.1398348905
1   6   4   7   0.0170134965
1   6   4   9   0.0272500125
1   6   5   10   0.0272056452
1   7   1   6   0.4316459480
1   7   1   7   1.0467315216
1   7   1   9   0.0884265668
1   7   2   6   0.0638482811
1   7   2   7   0.0146894822
1   7   2   9   0.0078305035
1   7   3   8   -0.0224026047
1   7   4   6   0.0167772190
1   7   4   7   0.0146618869
1   7   4   9   -0.0217712221
1   7   5   10   -0.0288658691
1   8   1   8   0.8786014513
1   8   2   8   0.0066378999
1   8   3   6   0.0197289508
1   8   3   7   -0.0232593798
1   8   3   9   -0.0030768170
1   8   4   8   0.0073874496
1   9   1   6   0.1398348905
1   9   1   7   0.0884265668
1   9   1   9   0.9826141250
1   9   2   6   0.0167772190
1   9   2   7   0.0081080397
1   9   2   9   0.0128706816
1   9   3   8   -0.0026956182
1   9   4   6   0.0299842562
1   9   4   7   -0.0225105792
1   9   4   9   -0.0086788741
1   9   5   10   -0.0090295925
1   10   1   10   1.0352624942
1   10   2   10   0.0114930530
1   10   4   10   0.0045801578
1   10   5   6   0.0299152685
1   10   5   7   -0.0293007731
1   10   5   9   -0.0093711715
2   6   1   6   0.4316459480
2   6   1   7   0.0638482811
2   6   1   9   0.0167772190
2   6   2   6   1.0467315216
2   6   2   7   0.0146894822
2   6   2   9   0.0146618869
2   6   3   8   -0.0224026047
2   6   4   6   0.0884265668
2   6   4   7   0.0078305035
2   6   4   9   -0.0217712221
2   6   5   10   -0.0288658691
2   7   1   6   0.0616274697
2   7   1   7   0.0146894822
2   7   1   9   0.0081080397
2   7   2   6   0.0146894822
2   7   2   7   0.7461031054
2   7   2   9   -0.0167847944
2   7   3   8   0.1447926252
2   7   4   6   0.0081080397
2   7   4   7   -0.0167847944
2   7   4   9   0.1177391625
2   7   5   10   0.1210717405
2   8   1   8   0.0066378999
2   8   2   8   0.6741294505
2   8   3   6   -0.0232593798
2   8   3   7   0.1494859019
2   8   3   9   -0.0154649545
2   8   4   8   -0.0124733254
2   9   1   6   0.0170134965
2   9   1   7   0.0078305035
2   9   1   9   0.0128706816
2   9   2   6   0.0146618869
2   9   2   7   -0.0167847944
2   9   2   9   0.6745594244
2   9   3   8   -0.0161179972
2   9   4   6   -0.0225105792
2   9   4   7   0.1224503200
2   9   4   9   0.0690927118
2   9   5   10   0.0297404409
2   10   1   10   0.0114930530
2   10   2   10   0.7077455700
2   10   4   10   0.0367349258
2   10   5   6   -0.0293007731
2   10   5   7   0.1251534778
2   10   5   9   0.0300346914
3   6   1   8   0.0197289508
3   6   2   8   -0.0232593798
3   6   3   6   0.8786014513
3   6   3   7   0.0066378999
3   6   3   9   0.0073874496
3   6   4   8   -0.0030768170
3   7   1   8   -0.0232593798
3   7   2   8   0.1494859019
3   7   3   6   0.0066378999
3   7   3   7   0.6741294505
3   7   3   9   -0.0124733254
3   7   4   8   -0.0154649545
3   8   1   6   0.0169204715
3   8   1   7   -0.0224026047
3   8   1   9   -0.0026956182
3   8   2   6   -0.0224026047
3   8   2   7   0.1447926252
3   8   2   9   -0.0161179972
3   8   3   8   0.6476628834
3   8   4   6   -0.0026956182
3   8   4   7   -0.0161179972
3   8   4   9   0.0325514809
3   8   5   10   0.0240474706
3   9   1   8   -0.0030768170
3   9   2   8   -0.0154649545
3   9   3   6   0.0073874496
3   9   3   7   -0.0124733254
3   9   3   9   0.5975715565
3   9   4   8   0.0378860450
3   10   3   10   0.6146614967
3   10   5   8   0.0290755056
4   6   1   6   0.1398348905
4   6   1   7   0.0167772190
4   6   1   9   0.0299842562
4   6   2   6   0.0884265668
4   6   2   7   0.0081080397
4   6   2   9   -0.0225105792
4   6   3   8   -0.0026956182
4   6   4   6   0.9826141250
4   6   4   7   0.0128706816
4   6   4   9   -0.0086788741
4   6   5   10   -0.0090295925
4   7   1   6   0.0170134965
4   7   1   7   0.0146618869
4   7   1   9   -0.0225105792
4   7   2   6   0.0078305035
4   7   2   7   -0.0167847944
4   7   2   9   0.1224503200
4   7   3   8   -0.0161179972
4   7   4   6   0.0128706816
4   7   4   7   0.6745594244
4   7   4   9   0.0690927118
4   7   5   10   0.0297404409
4   8   1   8   0.0073874496
4   8   2   8   -0.0124733254
4   8   3   6   -0.0030768170
4   8   3   7   -0.0154649545
4   8   3   9   0.0378860450
4   8   4   8   0.5975715565
4   9   1   6   0.0272500125
4   9   1   7   -0.0217712221
4   9   1   9   -0.0086788741
4   9   2   6   -0.0217712221
4   9   2   7   0.1177391625
4   9   2   9   0.0690927118
4   9   3   8   0.0325514809
4   9   4   6   -0.0086788741
4   9   4   7   0.0690927118
4   9   4   9   0.7103214208
4   9   5   10   0.0363459358
4   10   1   10   0.0045801578
4   10   2   10   0.0367349258
4   10   4   10   0.6544368780
4   10   5   6   -0.0093711715
4   10   5   7   0.0300346914
4   10   5   9   0.0411648761
5   6   1   10   0.0299152685
5   6   2   10   -0.0293007731
5   6   4   10   -0.0093711715
5   6   5   6   1.0352624942
5   6   5   7   0.0114930530
5   6   5   9   0.0045801578
5   7   1   10   -0.0293007731
5   7   2   10   0.1251534778
5   7   4   10   0.0300346914
5   7   5   6   0.0114930530
5   7   5   7   0.7077455700
5   7   5   9   0.0367349258
5   8   3   10   0.0290755056
5   8   5   8   0.6146614967
5   9   1   10   -0.0093711715
5   9   2   10   0.0300346914
5   9   4   10   0.0411648761
5   9   5   6   0.0045801578
5   9   5   7   0.0367349258
5   9   5   9   0.6544368780
5   10   1   6   0.0272056452
5   10   1   7   -0.0288658691
5   10   1   9   -0.0090295925
5   10   2   6   -0.0288658691
5   10   2   7   0.1210717405
5   10   2   9   0.0297404409
5   10   3   8   0.0240474706
5   10   4   6   -0.0090295925
5   10   4   7   0.0297404409
5   10   4   9   0.0363459358
5   10   5   10   0.7411722738

End IJKL Block
Begin ABCD Block
1   3   1   3   0.3009843355
1   3   2   4   0.0739409599
1   4   1   4   0.2890119869
1   4   2   3   0.0739409599
2   3   1   4   0.0739409599
2   3   2   3   0.2890119869
2   4   1   3   0.0739409599
2   4   2   4   0.2954518567

End ABCD Block
Begin AIJB Block
1   6   1   3   0.0100585948
1   6   1   4   0.0000000000
1   6   2   3   -0.0011047770
1   6   3   4   -0.0024402729
1   6   4   3   0.0011948983
1   7   1   3   -0.0011047770
1   7   2   3   0.0330109179
1   7   3   4   0.0110949074
1   7   4   3   -0.0182565524
1   8   1   4   0.0006822795
1   8   2   4   0.0282638843
1   8   3   3   0.0194178935
1   8   4   4   -0.0190133285
1   9   1   3   0.0011948983
1   9   2   3   -0.0182565524
1   9   3   4   -0.0081919296
1   9   4   3   0.0190818572
1   10   5   3   0.0116811584
2   6   1   3   0.0000000000
2   6   1   4   0.0060893200
2   6   2   4   -0.0052571529
2   6   3   3   0.0006822795
2   6   4   4   -0.0021057505
2   7   1   4   -0.0052571529
2   7   2   4   0.0183701232
2   7   3   3   0.0282638843
2   7   4   4   0.0038937846
2   8   1   3   -0.0024402729
2   8   2   3   0.0110949074
2   8   3   4   0.0449626604
2   8   4   3   -0.0081919296
2   9   1   4   -0.0021057505
2   9   2   4   0.0038937846
2   9   3   3   -0.0190133285
2   9   4   4   0.0127392428
2   10   5   4   0.0063352341

1   6   6   1   -0.4091521972
1   6   7   1   -0.0017754724
1   6   8   2   0.0049642460
1   6   9   1   -0.0066527471
1   7   6   1   -0.0017754724
1   7   7   1   -0.3677212899
1   7   8   2   -0.0512833779
1   7   9   1   0.0302658427
1   8   6   2   0.0050110568
1   8   7   2   -0.0511843081
1   8   8   1   -0.3581110684
1   8   9   2   0.0171912898
1   9   6   1   -0.0066527471
1   9   7   1   0.0302658427
1   9   8   2   0.0173703075
1   9   9   1   -0.3412873933
1   10   10   1   -0.3480021806
2   6   6   2   -0.3985298913
2   6   7   2   -0.0020470934
2   6   8   1   0.0050110568
2   6   9   2   -0.0017234340
2   7   6   2   -0.0020470934
2   7   7   2   -0.3464476804
2   7   8   1   -0.0511843081
2   7   9   2   0.0102915288
2   8   6   1   0.0049642460
2   8   7   1   -0.0512833779
2   8   8   2   -0.3502418547
2   8   9   1   0.0173703075
2   9   6   2   -0.0017234340
2   9   7   2   0.0102915288
2   9   8   1   0.0171912898
2   9   9   2   -0.3284224255
2   10   10   2   -0.3301811101

End AIJB Block
Begin IJKA Block
1   6   1   3   -0.1446377459
1   6   2   3   -0.0232114986
1   6   3   4   -0.0110790155
1   6   4   3   0.0008013677
1   7   1   3   -0.1722741817
1   7   2   3   -0.0026874424
1   7   3   4   0.0097088783
1   7   4   3   -0.0091130498
1   8   1   4   -0.1918916085
1   8   2   4   -0.0014253597
1   8   3   3   0.0043740905
1   8   4   4   -0.0001883604
1   9   1   3   0.0817468373
1   9   2   3   -0.0008404588
1   9   3   4   0.0038215745
1   9   4   3   0.0034293653
1   10   5   3   0.0076179480
2   6   1   3   -0.0245635963
2   6   2   3   -0.0011826086
2   6   3   4   0.0129774908
2   6   4   3   -0.0092437734
2   7   1   3   -0.0014340999
2   7   2   3   -0.0979985207
2   7   3   4   -0.0387175688
2   7   4   3   0.0174402486
2   8   1   4   -0.0003932278
2   8   2   4   -0.1095618013
2   8   3   3   -0.0012773405
2   8   4   4   -0.0205891413
2   9   1   3   -0.0011404090
2   9   2   3   0.0508850989
2   9   3   4   -0.0226275123
2   9   4   3   0.0007525959
2   10   5   3   -0.0233901497
3   6   1   4   -0.0123618471
3   6   2   4   0.0132664505
3   6   3   3   -0.0004624384
3   6   4   4   0.0021631208
3   7   1   4   0.0102092319
3   7   2   4   -0.0379024860
3   7   3   3   -0.0692645979
3   7   4   4   -0.0091268465
3   8   1   3   0.0042477677
3   8   2   3   -0.0014713555
3   8   3   4   -0.0944334666
3   8   4   3   -0.0041774841
3   9   1   4   0.0037514839
3   9   2   4   -0.0213993281
3   9   3   3   0.0320746083
3   9   4   4   -0.0082175558
3   10   5   4   -0.0117165646
4   6   1   3   0.0012951144
4   6   2   3   -0.0094838989
4   6   3   4   0.0021087289
4   6   4   3   -0.0073336860
4   7   1   3   -0.0091188968
4   7   2   3   0.0173127861
4   7   3   4   -0.0092962187
4   7   4   3   -0.0670801816
4   8   1   4   -0.0001725878
4   8   2   4   -0.0194811600
4   8   3   3   -0.0043948227
4   8   4   4   -0.0992817585
4   9   1   3   0.0029725324
4   9   2   3   0.0012425236
4   9   3   4   -0.0080644996
4   9   4   3   0.0506635446
4   10   5   3   0.0010378901
5   6   5   3   -0.0025908233
5   7   5   3   -0.0894923029
5   8   5   4   -0.1056540656
5   9   5   3   0.0457952273
5   10   1   3   0.0070619226
5   10   2   3   -0.0216901293
5   10   3   4   -0.0112405790
5   10   4   3   0.0012711636

End IJKA Block
Begin IABC Block
1   3   1   3   0.0010086190
1   3   2   4   0.0025691655
1   4   1   4   -0.0002919485
1   4   2   3   0.0025756730
2   3   1   3   -0.0179280872
2   3   2   4   0.0012347603
2   4   1   4   -0.0127206798
2   4   2   3   0.0009816261
3   3   1   4   0.0227223685
3   3   2   3   -0.0114968879
3   4   1   3   0.0224208793
3   4   2   4   -0.0128834317
4   3   1   3   0.0018226541
4   3   2   4   -0.0168946500
4   4   1   4   -0.0023648581
4   4   2   3   -0.0166458941

End IABC Block
