Begin IJ Block
1   1   -33.0224270816
1   2   -0.5823650080
1   4   0.1838685010
2   2   -7.8703747999
2   4   0.2125040387
3   3   -6.7643130602
4   4   -6.8972036099
5   5   -7.0228517813

End IJ Block
Begin IA Block
1   1   0.1353299342
1   2   0.0000000000
1   3   -0.0000000000
2   1   0.6541699839
2   2   0.0000000000
2   3   -0.0000000000
3   1   0.0000000000
3   2   -0.7495115390
3   3   0.2860860097
4   1   0.3227573974
4   2   0.0000000000
4   3   0.0000000000

End IA Block
Begin AB Block
1   1   -2.7961332622
1   2   -0.0000000000
1   3   -0.0000000000
2   2   -2.4341369548
2   3   0.4682029222
3   3   -3.1894156738

End AB Block
Begin IJAB Block
1   6   1   4   0.0062327939
1   6   2   5   0.0032560981
1   6   2   6   -0.0024342994
1   6   3   5   -0.0024342994
1   6   3   6   0.0018029068
1   7   1   4   -0.0008375481
1   7   2   5   -0.0027206934
1   7   2   6   0.0016926903
1   7   3   5   0.0019914120
1   7   3   6   -0.0013924377
1   8   1   5   0.0000108894
1   8   1   6   0.0009154342
1   8   2   4   0.0016145323
1   8   3   4   -0.0011721219
1   9   1   4   -0.0010570881
1   9   2   5   0.0009323061
1   9   2   6   -0.0020292721
1   9   3   5   -0.0008500614
1   9   3   6   0.0015688036
2   6   1   4   -0.0008375481
2   6   2   5   -0.0027206934
2   6   2   6   0.0019914120
2   6   3   5   0.0016926903
2   6   3   6   -0.0013924377
2   7   1   4   0.0235812810
2   7   2   5   0.0107816103
2   7   2   6   -0.0069152374
2   7   3   5   -0.0069152374
2   7   3   6   0.0168773690
2   8   1   5   -0.0178367669
2   8   1   6   0.0075547072
2   8   2   4   -0.0085888689
2   8   3   4   0.0070659734
2   8   3   5   0.0000000000
2   8   3   6   -0.0000000000
2   9   1   4   0.0128806362
2   9   1   6   0.0000000000
2   9   2   5   -0.0018702433
2   9   2   6   0.0055760151
2   9   3   5   0.0020376085
2   9   3   6   0.0023454307
3   6   1   5   0.0016145323
3   6   1   6   -0.0011721219
3   6   2   4   0.0000108894
3   6   3   4   0.0009154342
3   7   1   5   -0.0085888689
3   7   1   6   0.0070659734
3   7   2   4   -0.0178367669
3   7   2   6   0.0000000000
3   7   3   4   0.0075547072
3   7   3   6   -0.0000000000
3   8   1   4   0.0144590476
3   8   1   6   -0.0000000000
3   8   2   5   0.0245443895
3   8   2   6   -0.0164801518
3   8   3   4   -0.0000000000
3   8   3   5   -0.0164801518
3   8   3   6   0.0381474363
3   9   1   5   -0.0046117534
3   9   1   6   0.0094864496
3   9   2   4   -0.0099033096
3   9   2   6   -0.0000000000
3   9   3   4   0.0109942726
4   6   1   4   -0.0010570881
4   6   2   5   0.0009323061
4   6   2   6   -0.0008500614
4   6   3   5   -0.0020292721
4   6   3   6   0.0015688036
4   7   1   4   0.0128806362
4   7   2   5   -0.0018702433
4   7   2   6   0.0020376085
4   7   3   4   0.0000000000
4   7   3   5   0.0055760151
4   7   3   6   0.0023454307
4   8   1   5   -0.0099033096
4   8   1   6   0.0109942726
4   8   2   4   -0.0046117534
4   8   3   4   0.0094864496
4   8   3   5   -0.0000000000
4   9   1   4   0.0134053131
4   9   1   6   0.0000000000
4   9   2   5   0.0072034402
4   9   2   6   -0.0103976051
4   9   3   4   0.0000000000
4   9   3   5   -0.0103976051
4   9   3   6   0.0302632743
5   10   1   4   0.0104316897
5   10   2   5   0.0045812025
5   10   2   6   -0.0028945341
5   10   3   5   -0.0028945341
5   10   3   6   0.0048735273

End IJAB Block
Begin IJKL Block
1   6   1   6   4.7184337458
1   6   1   7   0.4277275538
1   6   1   9   -0.1355659228
1   6   2   6   0.4277275538
1   6   2   7   0.0593708395
1   6   2   9   -0.0159776101
1   6   3   8   0.0165755007
1   6   4   6   -0.1355659228
1   6   4   7   -0.0159776101
1   6   4   9   0.0257444554
1   6   5   10   0.0250720892
1   7   1   6   0.4277275538
1   7   1   7   1.0476801845
1   7   1   9   -0.0822759990
1   7   2   6   0.0633455935
1   7   2   7   0.0146565204
1   7   2   9   -0.0074139421
1   7   3   8   -0.0228900091
1   7   4   6   -0.0159238770
1   7   4   7   -0.0145049528
1   7   4   9   -0.0218335781
1   7   5   10   -0.0281237611
1   8   1   8   0.8920688868
1   8   2   8   0.0075088013
1   8   3   6   0.0211986681
1   8   3   7   -0.0237224852
1   8   3   9   0.0030644766
1   8   4   8   -0.0075323027
1   9   1   6   -0.1355659228
1   9   1   7   -0.0822759990
1   9   1   9   0.9788342518
1   9   2   6   -0.0159238770
1   9   2   7   -0.0076874184
1   9   2   9   0.0133975348
1   9   3   8   0.0026871398
1   9   4   6   0.0307636206
1   9   4   7   -0.0225284249
1   9   4   9   0.0080325946
1   9   5   10   0.0084659847
1   10   1   10   1.0227788209
1   10   2   10   0.0121151033
1   10   4   10   -0.0047806033
1   10   5   6   0.0305151558
1   10   5   7   -0.0284773333
1   10   5   9   0.0087949775
2   6   1   6   0.4277275538
2   6   1   7   0.0633455935
2   6   1   9   -0.0159238770
2   6   2   6   1.0476801845
2   6   2   7   0.0146565204
2   6   2   9   -0.0145049528
2   6   3   8   -0.0228900091
2   6   4   6   -0.0822759990
2   6   4   7   -0.0074139421
2   6   4   9   -0.0218335781
2   6   5   10   -0.0281237611
2   7   1   6   0.0593708395
2   7   1   7   0.0146565204
2   7   1   9   -0.0076874184
2   7   2   6   0.0146565204
2   7   2   7   0.7436200109
2   7   2   9   0.0174707171
2   7   3   8   0.1409941384
2   7   4   6   -0.0076874184
2   7   4   7   0.0174707171
2   7   4   9   0.1124075322
2   7   5   10   0.1150404365
2   8   1   8   0.0075088013
2   8   2   8   0.6744790006
2   8   3   6   -0.0237224852
2   8   3   7   0.1460118995
2   8   3   9   0.0135408739
2   8   4   8   0.0121020171
2   9   1   6   -0.0159776101
2   9   1   7   -0.0074139421
2   9   1   9   0.0133975348
2   9   2   6   -0.0145049528
2   9   2   7   0.0174707171
2   9   2   9   0.6672623178
2   9   3   8   0.0138899843
2   9   4   6   -0.0225284249
2   9   4   7   0.1172589919
2   9   4   9   -0.0617154206
2   9   5   10   -0.0270361087
2   10   1   10   0.0121151033
2   10   2   10   0.6954649230
2   10   4   10   -0.0305757132
2   10   5   6   -0.0284773333
2   10   5   7   0.1192977785
2   10   5   9   -0.0268315816
3   6   1   8   0.0211986681
3   6   2   8   -0.0237224852
3   6   3   6   0.8920688868
3   6   3   7   0.0075088013
3   6   3   9   -0.0075323027
3   6   4   8   0.0030644766
3   7   1   8   -0.0237224852
3   7   2   8   0.1460118995
3   7   3   6   0.0075088013
3   7   3   7   0.6744790006
3   7   3   9   0.0121020171
3   7   4   8   0.0135408739
3   8   1   6   0.0165755007
3   8   1   7   -0.0228900091
3   8   1   9   0.0026871398
3   8   2   6   -0.0228900091
3   8   2   7   0.1409941384
3   8   2   9   0.0138899843
3   8   3   8   0.6506438638
3   8   4   6   0.0026871398
3   8   4   7   0.0138899843
3   8   4   9   0.0297776992
3   8   5   10   0.0210612849
3   9   1   8   0.0030644766
3   9   2   8   0.0135408739
3   9   3   6   -0.0075323027
3   9   3   7   0.0121020171
3   9   3   9   0.5979473889
3   9   4   8   0.0358580875
3   10   3   10   0.6118880941
3   10   5   8   0.0273647724
4   6   1   6   -0.1355659228
4   6   1   7   -0.0159238770
4   6   1   9   0.0307636206
4   6   2   6   -0.0822759990
4   6   2   7   -0.0076874184
4   6   2   9   -0.0225284249
4   6   3   8   0.0026871398
4   6   4   6   0.9788342518
4   6   4   7   0.0133975348
4   6   4   9   0.0080325946
4   6   5   10   0.0084659847
4   7   1   6   -0.0159776101
4   7   1   7   -0.0145049528
4   7   1   9   -0.0225284249
4   7   2   6   -0.0074139421
4   7   2   7   0.0174707171
4   7   2   9   0.1172589919
4   7   3   8   0.0138899843
4   7   4   6   0.0133975348
4   7   4   7   0.6672623178
4   7   4   9   -0.0617154206
4   7   5   10   -0.0270361087
4   8   1   8   -0.0075323027
4   8   2   8   0.0121020171
4   8   3   6   0.0030644766
4   8   3   7   0.0135408739
4   8   3   9   0.0358580875
4   8   4   8   0.5979473889
4   9   1   6   0.0257444554
4   9   1   7   -0.0218335781
4   9   1   9   0.0080325946
4   9   2   6   -0.0218335781
4   9   2   7   0.1124075322
4   9   2   9   -0.0617154206
4   9   3   8   0.0297776992
4   9   4   6   0.0080325946
4   9   4   7   -0.0617154206
4   9   4   9   0.6922626809
4   9   5   10   0.0310472389
4   10   1   10   -0.0047806033
4   10   2   10   -0.0305757132
4   10   4   10   0.6398324646
4   10   5   6   0.0087949775
4   10   5   7   -0.0268315816
4   10   5   9   0.0369554001
5   6   1   10   0.0305151558
5   6   2   10   -0.0284773333
5   6   4   10   0.0087949775
5   6   5   6   1.0227788209
5   6   5   7   0.0121151033
5   6   5   9   -0.0047806033
5   7   1   10   -0.0284773333
5   7   2   10   0.1192977785
5   7   4   10   -0.0268315816
5   7   5   6   0.0121151033
5   7   5   7   0.6954649230
5   7   5   9   -0.0305757132
5   8   3   10   0.0273647724
5   8   5   8   0.6118880941
5   9   1   10   0.0087949775
5   9   2   10   -0.0268315816
5   9   4   10   0.0369554001
5   9   5   6   -0.0047806033
5   9   5   7   -0.0305757132
5   9   5   9   0.6398324646
5   10   1   6   0.0250720892
5   10   1   7   -0.0281237611
5   10   1   9   0.0084659847
5   10   2   6   -0.0281237611
5   10   2   7   0.1150404365
5   10   2   9   -0.0270361087
5   10   3   8   0.0210612849
5   10   4   6   0.0084659847
5   10   4   7   -0.0270361087
5   10   4   9   0.0310472389
5   10   5   10   0.7141458338

End IJKL Block
Begin ABCD Block
1   4   1   4   0.2449198769
1   4   1   6   0.0000000000
1   4   2   5   0.0602002781
1   4   2   6   -0.0009228497
1   4   3   4   0.0000000000
1   4   3   5   -0.0009228497
1   4   3   6   0.0191387393
1   5   1   5   0.2310169101
1   5   1   6   -0.0199940238
1   5   2   4   0.0601983667
1   5   2   5   0.0000000000
1   5   2   6   -0.0000000000
1   5   3   4   -0.0009112858
1   5   3   5   0.0000000000
1   5   3   6   -0.0000000000
1   6   1   4   0.0000000000
1   6   1   5   -0.0199940238
1   6   1   6   0.2528752761
1   6   2   4   -0.0009112858
1   6   2   5   -0.0000000000
1   6   2   6   -0.0000000000
1   6   3   4   0.0191306891
1   6   3   5   -0.0000000000
1   6   3   6   -0.0000000000
2   4   1   5   0.0601983667
2   4   1   6   -0.0009112858
2   4   2   4   0.2310169101
2   4   2   5   0.0000000000
2   4   2   6   0.0000000000
2   4   3   4   -0.0199940238
2   4   3   5   -0.0000000000
2   4   3   6   -0.0000000000
2   5   1   4   0.0602002781
2   5   1   5   0.0000000000
2   5   1   6   -0.0000000000
2   5   2   4   0.0000000000
2   5   2   5   0.2357947833
2   5   2   6   -0.0158184342
2   5   3   4   -0.0000000000
2   5   3   5   -0.0158184342
2   5   3   6   0.0148010266
2   6   1   4   -0.0009228497
2   6   1   5   -0.0000000000
2   6   1   6   -0.0000000000
2   6   2   4   0.0000000000
2   6   2   5   -0.0158184342
2   6   2   6   0.2318709451
2   6   3   4   -0.0000000000
2   6   3   5   0.0148270350
2   6   3   6   -0.0231203823
3   4   1   4   0.0000000000
3   4   1   5   -0.0009112858
3   4   1   6   0.0191306891
3   4   2   4   -0.0199940238
3   4   2   5   -0.0000000000
3   4   2   6   -0.0000000000
3   4   3   4   0.2528752761
3   4   3   5   -0.0000000000
3   4   3   6   -0.0000000000
3   5   1   4   -0.0009228497
3   5   1   5   0.0000000000
3   5   1   6   -0.0000000000
3   5   2   4   -0.0000000000
3   5   2   5   -0.0158184342
3   5   2   6   0.0148270350
3   5   3   4   -0.0000000000
3   5   3   5   0.2318709451
3   5   3   6   -0.0231203823
3   6   1   4   0.0191387393
3   6   1   5   -0.0000000000
3   6   1   6   -0.0000000000
3   6   2   4   -0.0000000000
3   6   2   5   0.0148010266
3   6   2   6   -0.0231203823
3   6   3   4   -0.0000000000
3   6   3   5   -0.0231203823
3   6   3   6   0.3212610385

End ABCD Block
Begin AIJB Block
1   6   1   4   0.0056760050
1   6   2   4   -0.0004625871
1   6   3   5   0.0013316557
1   6   3   6   -0.0008796498
1   6   4   4   -0.0006862100
1   7   1   4   -0.0004625871
1   7   2   4   0.0186121252
1   7   3   5   -0.0056784978
1   7   3   6   0.0043525867
1   7   4   4   0.0098939516
1   8   1   5   -0.0003154847
1   8   1   6   0.0011120116
1   8   2   5   -0.0150738624
1   8   2   6   0.0056306446
1   8   3   4   0.0109617997
1   8   3   6   -0.0000000000
1   8   4   5   -0.0093486278
1   8   4   6   0.0103782607
1   9   1   4   -0.0006862100
1   9   2   4   0.0098939516
1   9   2   6   0.0000000000
1   9   3   5   -0.0038495925
1   9   3   6   0.0083537814
1   9   4   4   0.0113476783
1   9   4   6   0.0000000000
1   10   5   4   0.0076009762
2   6   1   5   0.0029908649
2   6   1   6   -0.0022596414
2   6   2   5   -0.0024708417
2   6   2   6   0.0018281336
2   6   3   4   -0.0003154847
2   6   4   5   0.0008765871
2   6   4   6   -0.0008243480
2   7   1   5   -0.0024708417
2   7   1   6   0.0015273370
2   7   2   5   0.0086404877
2   7   2   6   -0.0057772767
2   7   3   4   -0.0150738624
2   7   4   5   -0.0014678665
2   7   4   6   0.0015697920
2   8   1   4   0.0013316557
2   8   2   4   -0.0056784978
2   8   3   5   0.0214679774
2   8   3   6   -0.0149039268
2   8   4   4   -0.0038495925
2   9   1   5   0.0008765871
2   9   1   6   -0.0019570070
2   9   2   5   -0.0014678665
2   9   2   6   0.0053257203
2   9   3   4   -0.0093486278
2   9   3   6   -0.0000000000
2   9   4   5   0.0053106326
2   9   4   6   -0.0094325721
2   10   5   5   0.0031091329
2   10   5   6   -0.0022239619
3   6   1   5   -0.0022596414
3   6   1   6   0.0017500202
3   6   2   5   0.0015273370
3   6   2   6   -0.0012421506
3   6   3   4   0.0011120116
3   6   4   5   -0.0019570070
3   6   4   6   0.0016097192
3   7   1   5   0.0018281336
3   7   1   6   -0.0012421506
3   7   2   5   -0.0057772767
3   7   2   6   0.0152378919
3   7   3   4   0.0056306446
3   7   3   6   -0.0000000000
3   7   4   4   0.0000000000
3   7   4   5   0.0053257203
3   7   4   6   0.0013613418
3   8   1   4   -0.0008796498
3   8   2   4   0.0043525867
3   8   2   6   -0.0000000000
3   8   3   4   -0.0000000000
3   8   3   5   -0.0149039268
3   8   3   6   0.0360123101
3   8   4   4   0.0083537814
3   8   4   5   -0.0000000000
3   8   4   6   -0.0000000000
3   9   1   5   -0.0008243480
3   9   1   6   0.0016097192
3   9   2   5   0.0015697920
3   9   2   6   0.0013613418
3   9   3   4   0.0103782607
3   9   3   6   -0.0000000000
3   9   4   4   0.0000000000
3   9   4   5   -0.0094325721
3   9   4   6   0.0299886930
3   10   5   5   -0.0022239619
3   10   5   6   0.0052060377

1   6   6   1   -0.3215438511
1   6   6   2   -0.0000000000
1   6   6   3   -0.0000000000
1   6   7   1   -0.0009408378
1   6   8   2   -0.0031788642
1   6   8   3   0.0004654328
1   6   9   1   0.0038940912
1   7   6   1   -0.0009408378
1   7   7   1   -0.2997968466
1   7   7   2   -0.0000000000
1   7   7   3   -0.0000000000
1   7   8   1   -0.0000000000
1   7   8   2   0.0355602797
1   7   8   3   -0.0040986900
1   7   9   1   -0.0201024945
1   7   9   3   -0.0000000000
1   8   6   2   -0.0031937731
1   8   6   3   0.0005617236
1   8   7   1   -0.0000000000
1   8   7   2   0.0355208207
1   8   7   3   -0.0044196881
1   8   8   1   -0.2948948373
1   8   8   3   -0.0000000000
1   8   9   2   0.0107313687
1   8   9   3   -0.0097910830
1   9   6   1   0.0038940912
1   9   7   1   -0.0201024945
1   9   7   3   -0.0000000000
1   9   8   2   0.0108359591
1   9   8   3   -0.0098219988
1   9   9   1   -0.2830270120
1   10   10   1   -0.2867289653
1   10   10   2   -0.0000000000
1   10   10   3   -0.0000000000
2   6   6   1   -0.0000000000
2   6   6   2   -0.2871543802
2   6   6   3   0.0676606725
2   6   7   2   -0.0009036413
2   6   7   3   0.0008291994
2   6   8   1   -0.0031937731
2   6   9   2   0.0011950368
2   6   9   3   -0.0001111336
2   7   6   2   -0.0009036413
2   7   6   3   0.0008084295
2   7   7   1   -0.0000000000
2   7   7   2   -0.2644620047
2   7   7   3   0.0487875254
2   7   8   1   0.0355208207
2   7   8   3   -0.0000000000
2   7   9   2   -0.0097720677
2   7   9   3   0.0039346436
2   8   6   1   -0.0031788642
2   8   7   1   0.0355602797
2   8   7   3   -0.0000000000
2   8   8   2   -0.2682870658
2   8   8   3   0.0492083362
2   8   9   1   0.0108359591
2   9   6   2   0.0011950368
2   9   6   3   -0.0001917084
2   9   7   2   -0.0097720677
2   9   7   3   0.0041929787
2   9   8   1   0.0107313687
2   9   9   2   -0.2521804852
2   9   9   3   0.0456376650
2   10   10   1   -0.0000000000
2   10   10   2   -0.2537341379
2   10   10   3   0.0420433628
3   6   6   1   -0.0000000000
3   6   6   2   0.0676606725
3   6   6   3   -0.3916206901
3   6   7   2   0.0008084295
3   6   7   3   -0.0007700735
3   6   8   1   0.0005617236
3   6   9   2   -0.0001917084
3   6   9   3   -0.0003274992
3   7   6   2   0.0008291994
3   7   6   3   -0.0007700735
3   7   7   1   -0.0000000000
3   7   7   2   0.0487875254
3   7   7   3   -0.3733134877
3   7   8   1   -0.0044196881
3   7   8   2   -0.0000000000
3   7   8   3   -0.0000000000
3   7   9   1   -0.0000000000
3   7   9   2   0.0041929787
3   7   9   3   -0.0006642351
3   8   6   1   0.0004654328
3   8   7   1   -0.0040986900
3   8   7   2   -0.0000000000
3   8   7   3   -0.0000000000
3   8   8   1   -0.0000000000
3   8   8   2   0.0492083362
3   8   8   3   -0.3767981366
3   8   9   1   -0.0098219988
3   8   9   3   0.0000000000
3   9   6   2   -0.0001111336
3   9   6   3   -0.0003274992
3   9   7   1   -0.0000000000
3   9   7   2   0.0039346436
3   9   7   3   -0.0006642351
3   9   8   1   -0.0097910830
3   9   8   3   0.0000000000
3   9   9   2   0.0456376650
3   9   9   3   -0.3696089431
3   10   10   1   -0.0000000000
3   10   10   2   0.0420433628
3   10   10   3   -0.3544511487

End AIJB Block
Begin IJKA Block
1   6   1   4   -0.1102677632
1   6   1   5   -0.0000000000
1   6   1   6   0.0000000000
1   6   2   4   -0.0177979675
1   6   2   6   0.0000000000
1   6   3   5   0.0078503926
1   6   3   6   -0.0059418785
1   6   4   4   -0.0002433392
1   6   4   6   -0.0000000000
1   7   1   4   -0.1320494758
1   7   1   5   -0.0000000000
1   7   1   6   0.0000000000
1   7   2   4   -0.0021478948
1   7   3   5   -0.0067953380
1   7   3   6   0.0040994908
1   7   4   4   0.0066321073
1   7   4   6   0.0000000000
1   8   1   4   -0.0000000000
1   8   1   5   0.1363097957
1   8   1   6   -0.0725877875
1   8   2   5   0.0010769454
1   8   2   6   -0.0015510146
1   8   3   4   0.0036131996
1   8   4   5   -0.0003800728
1   8   4   6   -0.0037331439
1   9   1   4   -0.0566535426
1   9   1   5   -0.0000000000
1   9   1   6   -0.0000000000
1   9   2   4   0.0007062559
1   9   3   5   0.0023144823
1   9   3   6   -0.0054863905
1   9   4   4   0.0028047783
1   9   4   6   -0.0000000000
1   10   5   4   0.0056466251
1   10   5   6   -0.0000000000
2   6   1   4   -0.0187911334
2   6   1   6   0.0000000000
2   6   2   4   -0.0011541280
2   6   2   6   0.0000000000
2   6   3   5   -0.0089519122
2   6   3   6   0.0065359408
2   6   4   4   0.0064767213
2   6   4   6   0.0000000000
2   7   1   4   -0.0011601861
2   7   2   4   -0.0759125062
2   7   2   5   -0.0000000000
2   7   2   6   0.0000000000
2   7   3   5   0.0281473801
2   7   3   6   -0.0036935691
2   7   4   4   -0.0131920939
2   7   4   6   -0.0000000000
2   8   1   5   0.0003466801
2   8   1   6   -0.0008676067
2   8   2   4   -0.0000000000
2   8   2   5   0.0803167247
2   8   2   6   -0.0151451580
2   8   3   4   -0.0034122467
2   8   3   6   -0.0000000000
2   8   4   5   -0.0106118781
2   8   4   6   0.0417453735
2   9   1   4   0.0008806626
2   9   2   4   -0.0366585291
2   9   2   5   -0.0000000000
2   9   2   6   -0.0000000000
2   9   3   5   -0.0121159765
2   9   3   6   0.0465112491
2   9   4   4   -0.0004737550
2   9   4   6   0.0000000000
2   10   5   4   -0.0153240893
2   10   5   6   0.0000000000
3   6   1   5   0.0086078428
3   6   1   6   -0.0067473255
3   6   2   5   -0.0091683181
3   6   2   6   0.0068304549
3   6   3   4   -0.0004850344
3   6   4   5   0.0013955432
3   6   4   6   -0.0015739564
3   7   1   5   -0.0068579694
3   7   1   6   0.0044916841
3   7   2   5   0.0277860530
3   7   2   6   -0.0044778620
3   7   3   4   -0.0560642879
3   7   3   5   -0.0000000000
3   7   4   5   -0.0040014944
3   7   4   6   0.0192983694
3   8   1   4   0.0033688224
3   8   2   4   -0.0035738820
3   8   2   6   -0.0000000000
3   8   3   5   0.0726379070
3   8   3   6   -0.0080391092
3   8   4   4   0.0016487908
3   8   4   6   -0.0000000000
3   9   1   5   0.0022269931
3   9   1   6   -0.0050383419
3   9   2   5   -0.0112105302
3   9   2   6   0.0435449532
3   9   3   4   -0.0243618752
3   9   3   5   -0.0000000000
3   9   3   6   -0.0000000000
3   9   4   5   0.0061394127
3   9   4   6   0.0003634865
3   10   5   5   0.0074946565
3   10   5   6   -0.0068711009
4   6   1   4   -0.0005214208
4   6   1   6   -0.0000000000
4   6   2   4   0.0066570862
4   6   2   6   0.0000000000
4   6   3   5   0.0013357680
4   6   3   6   -0.0015271758
4   6   4   4   -0.0051609465
4   7   1   4   0.0063755251
4   7   1   6   0.0000000000
4   7   2   4   -0.0132121175
4   7   2   6   -0.0000000000
4   7   3   5   -0.0041438600
4   7   3   6   0.0194251325
4   7   4   4   -0.0528897643
4   7   4   6   0.0000000000
4   8   1   5   -0.0003529118
4   8   1   6   -0.0032767664
4   8   2   5   -0.0096924041
4   8   2   6   0.0389195306
4   8   3   4   0.0019386029
4   8   3   6   -0.0000000000
4   8   4   5   0.0709477084
4   8   4   6   -0.0300204763
4   9   1   4   0.0023877348
4   9   1   6   -0.0000000000
4   9   2   4   -0.0004561317
4   9   2   6   0.0000000000
4   9   3   5   0.0058344145
4   9   3   6   0.0005790039
4   9   4   4   -0.0356990744
4   9   4   5   -0.0000000000
4   9   4   6   -0.0000000000
4   10   5   4   -0.0007918699
4   10   5   6   -0.0000000000
5   6   5   4   -0.0019789921
5   7   5   4   -0.0668011506
5   7   5   5   -0.0000000000
5   7   5   6   0.0000000000
5   8   5   5   0.0743339645
5   8   5   6   -0.0300036455
5   9   5   4   -0.0319764689
5   9   5   5   -0.0000000000
5   9   5   6   -0.0000000000
5   10   1   4   0.0050242522
5   10   1   6   -0.0000000000
5   10   2   4   -0.0147451894
5   10   2   6   0.0000000000
5   10   3   5   0.0074219327
5   10   3   6   -0.0069231335
5   10   4   4   -0.0011493862
5   10   4   6   -0.0000000000

End IJKA Block
Begin IABC Block
1   4   1   4   0.0004027469
1   4   2   5   0.0011169061
1   4   2   6   -0.0001715356
1   4   3   5   -0.0007963674
1   4   3   6   0.0001025915
1   5   1   5   -0.0000323474
1   5   1   6   0.0001935232
1   5   2   4   0.0011237987
1   5   3   4   -0.0008019744
1   6   1   5   0.0001848649
1   6   1   6   -0.0002332261
1   6   2   4   -0.0001850122
1   6   3   4   0.0001008783
2   4   1   4   -0.0076869212
2   4   2   5   0.0008887449
2   4   2   6   -0.0011368182
2   4   3   5   -0.0043456623
2   4   3   6   0.0087118176
2   5   1   5   -0.0045221275
2   5   1   6   0.0031812478
2   5   2   4   0.0007983971
2   5   3   4   -0.0042785833
2   5   3   6   -0.0000000000
2   6   1   5   0.0031046629
2   6   1   6   -0.0079311119
2   6   2   4   -0.0011871415
2   6   3   4   0.0093415807
2   6   3   5   -0.0000000000
2   6   3   6   -0.0000000000
3   4   1   5   -0.0149237823
3   4   1   6   0.0007983831
3   4   2   4   0.0051286552
3   4   3   4   0.0111522295
3   4   3   5   0.0000000000
3   4   3   6   0.0000000000
3   5   1   4   -0.0146243460
3   5   2   5   0.0024213546
3   5   2   6   -0.0041770845
3   5   3   4   0.0000000000
3   5   3   5   0.0084197904
3   5   3   6   -0.0070926507
3   6   1   4   0.0011657538
3   6   1   6   0.0000000000
3   6   2   5   -0.0039871363
3   6   2   6   0.0153706535
3   6   3   4   0.0000000000
3   6   3   5   -0.0080690547
3   6   3   6   0.0057981834
4   4   1   4   0.0020774791
4   4   1   6   0.0000000000
4   4   2   5   0.0089672027
4   4   2   6   -0.0021350492
4   4   3   4   -0.0000000000
4   4   3   5   -0.0209594541
4   4   3   6   0.0014522266
4   5   1   5   0.0043715266
4   5   1   6   -0.0029071986
4   5   2   4   0.0089178495
4   5   3   4   -0.0206704459
4   5   3   5   -0.0000000000
4   5   3   6   0.0000000000
4   6   1   4   0.0000000000
4   6   1   5   -0.0034232582
4   6   1   6   -0.0053999311
4   6   2   4   -0.0024184485
4   6   2   6   -0.0000000000
4   6   3   4   0.0020098369
4   6   3   5   0.0000000000
4   6   3   6   0.0000000000

End IABC Block
