Begin IJ Block
1   1   -33.0247918530
1   2   -0.5807794580
1   4   -0.1865336448
2   2   -7.8590257030
2   4   -0.2391307021
3   3   -6.6907042163
4   4   -6.9236879520
5   5   -7.0911044845

End IJ Block
Begin IA Block
1   1   0.1775114165
2   1   0.8284604139
4   1   -0.4358764284

End IA Block
Begin AB Block
1   1   -3.3664131033

End AB Block
Begin IJAB Block
1   6   1   2   0.0103853662
1   7   1   2   -0.0018550122
1   9   1   2   0.0018298901
2   6   1   2   -0.0018550122
2   7   1   2   0.0399698728
2   9   1   2   -0.0220991455
3   8   1   2   0.0242275739
4   6   1   2   0.0018298901
4   7   1   2   -0.0220991455
4   9   1   2   0.0205206501
5   10   1   2   0.0153758438

End IJAB Block
Begin IJKL Block
1   6   1   6   4.7388808175
1   6   1   7   0.4302467825
1   6   1   9   0.1393991903
1   6   2   6   0.4302467825
1   6   2   7   0.0613454694
1   6   2   9   0.0169789666
1   6   3   8   0.0165373736
1   6   4   6   0.1393991903
1   6   4   7   0.0169789666
1   6   4   9   0.0270539729
1   6   5   10   0.0270502414
1   7   1   6   0.4302467825
1   7   1   7   1.0460025457
1   7   1   9   0.0876929103
1   7   2   6   0.0637520424
1   7   2   7   0.0148142423
1   7   2   9   0.0076821935
1   7   3   8   -0.0218559369
1   7   4   6   0.0166878115
1   7   4   7   0.0146308958
1   7   4   9   -0.0214515474
1   7   5   10   -0.0285398681
1   8   1   8   0.8760321958
1   8   2   8   0.0069024651
1   8   3   6   0.0197125397
1   8   3   7   -0.0230335996
1   8   3   9   -0.0031122117
1   8   4   8   0.0073063749
1   9   1   6   0.1393991903
1   9   1   7   0.0876929103
1   9   1   9   0.9817561742
1   9   2   6   0.0166878115
1   9   2   7   0.0080003108
1   9   2   9   0.0130529554
1   9   3   8   -0.0025776369
1   9   4   6   0.0300077473
1   9   4   7   -0.0224310726
1   9   4   9   -0.0085773125
1   9   5   10   -0.0089269255
1   10   1   10   1.0341460923
1   10   2   10   0.0116928176
1   10   4   10   0.0045496627
1   10   5   6   0.0298632471
1   10   5   7   -0.0291236405
1   10   5   9   -0.0093095537
2   6   1   6   0.4302467825
2   6   1   7   0.0637520424
2   6   1   9   0.0166878115
2   6   2   6   1.0460025457
2   6   2   7   0.0148142423
2   6   2   9   0.0146308958
2   6   3   8   -0.0218559369
2   6   4   6   0.0876929103
2   6   4   7   0.0076821935
2   6   4   9   -0.0214515474
2   6   5   10   -0.0285398681
2   7   1   6   0.0613454694
2   7   1   7   0.0148142423
2   7   1   9   0.0080003108
2   7   2   6   0.0148142423
2   7   2   7   0.7449467720
2   7   2   9   -0.0165798915
2   7   3   8   0.1414266362
2   7   4   6   0.0080003108
2   7   4   7   -0.0165798915
2   7   4   9   0.1155253595
2   7   5   10   0.1192532330
2   8   1   8   0.0069024651
2   8   2   8   0.6715699638
2   8   3   6   -0.0230335996
2   8   3   7   0.1474910721
2   8   3   9   -0.0148948121
2   8   4   8   -0.0119423031
2   9   1   6   0.0169789666
2   9   1   7   0.0076821935
2   9   1   9   0.0130529554
2   9   2   6   0.0146308958
2   9   2   7   -0.0165798915
2   9   2   9   0.6743730247
2   9   3   8   -0.0163740533
2   9   4   6   -0.0224310726
2   9   4   7   0.1216659841
2   9   4   9   0.0685108959
2   9   5   10   0.0295801080
2   10   1   10   0.0116928176
2   10   2   10   0.7074748392
2   10   4   10   0.0363198698
2   10   5   6   -0.0291236405
2   10   5   7   0.1242421926
2   10   5   9   0.0298962628
3   6   1   8   0.0197125397
3   6   2   8   -0.0230335996
3   6   3   6   0.8760321958
3   6   3   7   0.0069024651
3   6   3   9   0.0073063749
3   6   4   8   -0.0031122117
3   7   1   8   -0.0230335996
3   7   2   8   0.1474910721
3   7   3   6   0.0069024651
3   7   3   7   0.6715699638
3   7   3   9   -0.0119423031
3   7   4   8   -0.0148948121
3   8   1   6   0.0165373736
3   8   1   7   -0.0218559369
3   8   1   9   -0.0025776369
3   8   2   6   -0.0218559369
3   8   2   7   0.1414266362
3   8   2   9   -0.0163740533
3   8   3   8   0.6430069744
3   8   4   6   -0.0025776369
3   8   4   7   -0.0163740533
3   8   4   9   0.0299795537
3   8   5   10   0.0223310120
3   9   1   8   -0.0031122117
3   9   2   8   -0.0148948121
3   9   3   6   0.0073063749
3   9   3   7   -0.0119423031
3   9   3   9   0.5972833477
3   9   4   8   0.0368454299
3   10   3   10   0.6152070934
3   10   5   8   0.0286793932
4   6   1   6   0.1393991903
4   6   1   7   0.0166878115
4   6   1   9   0.0300077473
4   6   2   6   0.0876929103
4   6   2   7   0.0080003108
4   6   2   9   -0.0224310726
4   6   3   8   -0.0025776369
4   6   4   6   0.9817561742
4   6   4   7   0.0130529554
4   6   4   9   -0.0085773125
4   6   5   10   -0.0089269255
4   7   1   6   0.0169789666
4   7   1   7   0.0146308958
4   7   1   9   -0.0224310726
4   7   2   6   0.0076821935
4   7   2   7   -0.0165798915
4   7   2   9   0.1216659841
4   7   3   8   -0.0163740533
4   7   4   6   0.0130529554
4   7   4   7   0.6743730247
4   7   4   9   0.0685108959
4   7   5   10   0.0295801080
4   8   1   8   0.0073063749
4   8   2   8   -0.0119423031
4   8   3   6   -0.0031122117
4   8   3   7   -0.0148948121
4   8   3   9   0.0368454299
4   8   4   8   0.5972833477
4   9   1   6   0.0270539729
4   9   1   7   -0.0214515474
4   9   1   9   -0.0085773125
4   9   2   6   -0.0214515474
4   9   2   7   0.1155253595
4   9   2   9   0.0685108959
4   9   3   8   0.0299795537
4   9   4   6   -0.0085773125
4   9   4   7   0.0685108959
4   9   4   9   0.7097892942
4   9   5   10   0.0350022003
4   10   1   10   0.0045496627
4   10   2   10   0.0363198698
4   10   4   10   0.6561333646
4   10   5   6   -0.0093095537
4   10   5   7   0.0298962628
4   10   5   9   0.0408168172
5   6   1   10   0.0298632471
5   6   2   10   -0.0291236405
5   6   4   10   -0.0093095537
5   6   5   6   1.0341460923
5   6   5   7   0.0116928176
5   6   5   9   0.0045496627
5   7   1   10   -0.0291236405
5   7   2   10   0.1242421926
5   7   4   10   0.0298962628
5   7   5   6   0.0116928176
5   7   5   7   0.7074748392
5   7   5   9   0.0363198698
5   8   3   10   0.0286793932
5   8   5   8   0.6152070934
5   9   1   10   -0.0093095537
5   9   2   10   0.0298962628
5   9   4   10   0.0408168172
5   9   5   6   0.0045496627
5   9   5   7   0.0363198698
5   9   5   9   0.6561333646
5   10   1   6   0.0270502414
5   10   1   7   -0.0285398681
5   10   1   9   -0.0089269255
5   10   2   6   -0.0285398681
5   10   2   7   0.1192532330
5   10   2   9   0.0295801080
5   10   3   8   0.0223310120
5   10   4   6   -0.0089269255
5   10   4   7   0.0295801080
5   10   4   9   0.0350022003
5   10   5   10   0.7415567543

End IJKL Block
Begin ABCD Block
1   2   1   2   0.3016773343

End ABCD Block
Begin AIJB Block
1   6   1   2   0.0100914421
1   6   2   2   -0.0011218848
1   6   4   2   0.0011993729
1   7   1   2   -0.0011218848
1   7   2   2   0.0322944193
1   7   4   2   -0.0175206150
1   8   3   2   0.0199578104
1   9   1   2   0.0011993729
1   9   2   2   -0.0175206150
1   9   4   2   0.0185923865
1   10   5   2   0.0116342698

1   6   6   1   -0.4099371009
1   6   7   1   -0.0016880980
1   6   9   1   -0.0065985321
1   7   6   1   -0.0016880980
1   7   7   1   -0.3682138310
1   7   9   1   0.0302705250
1   8   8   1   -0.3586681438
1   9   6   1   -0.0065985321
1   9   7   1   0.0302705250
1   9   9   1   -0.3414110513
1   10   10   1   -0.3478735186

End AIJB Block
Begin IJKA Block
1   6   1   2   -0.1438713623
1   6   2   2   -0.0229747816
1   6   4   2   0.0007430658
1   7   1   2   -0.1697539797
1   7   2   2   -0.0026031789
1   7   4   2   -0.0089556485
1   8   3   2   0.0043566293
1   9   1   2   0.0783429255
1   9   2   2   -0.0008975878
1   9   4   2   0.0033789747
1   10   5   2   0.0075333064
2   6   1   2   -0.0244995835
2   6   2   2   -0.0010290176
2   6   4   2   -0.0091033675
2   7   1   2   -0.0011553626
2   7   2   2   -0.0965114357
2   7   4   2   0.0174586647
2   8   3   2   -0.0029960396
2   9   1   2   -0.0012974644
2   9   2   2   0.0489262804
2   9   4   2   0.0006137258
2   10   5   2   -0.0231297158
3   6   3   2   -0.0003899007
3   7   3   2   -0.0701236681
3   8   1   2   0.0043164445
3   8   2   2   -0.0019943437
3   8   4   2   -0.0039121678
3   9   3   2   0.0324423148
4   6   1   2   0.0013524106
4   6   2   2   -0.0094240771
4   6   4   2   -0.0071813318
4   7   1   2   -0.0090938627
4   7   2   2   0.0178853184
4   7   4   2   -0.0649939854
4   8   3   2   -0.0026630600
4   9   1   2   0.0028758074
4   9   2   2   0.0009127874
4   9   4   2   0.0487447487
4   10   5   2   0.0011630664
5   6   5   2   -0.0024723877
5   7   5   2   -0.0870339443
5   9   5   2   0.0434773977
5   10   1   2   0.0069782533
5   10   2   2   -0.0214770521
5   10   4   2   0.0014479133

End IJKA Block
Begin IABC Block
1   2   1   2   0.0010218627
2   2   1   2   -0.0172867181
4   2   1   2   0.0010834775

End IABC Block
