Begin IJ Block
1   1   -1.6213545432
1   3   -0.0989348270
2   2   -1.4782588409
2   3   -0.0000000000
3   3   -1.4480694500

End IJ Block
Begin IA Block
1   2   0.0568654992
1   4   -0.1008550608
2   1   -0.1333820919
2   2   -0.0000000000
2   3   -0.0549738137
2   4   0.0000000000
2   5   0.0801122965
3   2   -0.1176555944
3   3   0.0000000000
3   4   0.0053191112
3   5   0.0000000000

End IA Block
Begin AB Block
1   1   -1.3441110917
1   2   -0.0000000000
1   3   0.1531855094
1   4   -0.0000000000
1   5   -0.0218282838
2   2   -1.1854317131
2   3   -0.0000000000
2   4   -0.0619894310
2   5   -0.0000000000
3   3   -1.1312957942
3   4   0.0000000000
3   5   -0.1662117350
4   4   -0.8329242653
4   5   -0.0000000000
5   5   -0.7611891694

End AB Block
Begin IJAB Block
1   4   1   6   0.0590940615
1   4   1   8   -0.0231615421
1   4   1   9   0.0000000000
1   4   1   10   -0.0087146929
1   4   2   7   0.0377979374
1   4   2   8   0.0000000000
1   4   2   9   0.0024511143
1   4   2   10   -0.0000000000
1   4   3   6   -0.0231615421
1   4   3   7   0.0000000000
1   4   3   8   0.0464190851
1   4   3   9   -0.0000000000
1   4   3   10   0.0147083395
1   4   4   6   0.0000000000
1   4   4   7   0.0024511143
1   4   4   8   -0.0000000000
1   4   4   9   0.0136116064
1   4   4   10   0.0000000000
1   4   5   6   -0.0087146929
1   4   5   7   -0.0000000000
1   4   5   8   0.0147083395
1   4   5   9   0.0000000000
1   4   5   10   0.0126390603
1   5   1   7   -0.0393759913
1   5   1   8   -0.0000000000
1   5   1   9   0.0024808545
1   5   2   6   -0.0243581303
1   5   2   7   0.0000000000
1   5   2   8   -0.0309958424
1   5   2   10   -0.0094469709
1   5   3   7   -0.0189024296
1   5   3   8   0.0000000000
1   5   3   9   0.0015146031
1   5   3   10   -0.0000000000
1   5   4   6   0.0042467701
1   5   4   8   0.0010397098
1   5   4   9   -0.0000000000
1   5   4   10   -0.0088337006
1   5   5   7   -0.0066656915
1   5   5   8   -0.0000000000
1   5   5   9   -0.0080034057
1   5   5   10   -0.0000000000
1   6   1   6   0.0082391328
1   6   1   8   -0.0499578011
1   6   1   9   0.0000000000
1   6   1   10   -0.0251441419
1   6   2   7   -0.0163631776
1   6   2   8   0.0000000000
1   6   2   9   0.0052877385
1   6   2   10   -0.0000000000
1   6   3   6   -0.0277054105
1   6   3   7   0.0000000000
1   6   3   8   0.0156082311
1   6   3   9   -0.0000000000
1   6   3   10   0.0116846886
1   6   4   6   0.0000000000
1   6   4   7   0.0067639311
1   6   4   8   -0.0000000000
1   6   4   9   0.0026244326
1   6   5   6   -0.0226685941
1   6   5   8   0.0111020518
1   6   5   10   -0.0035567391
2   4   1   7   -0.0243581303
2   4   1   9   0.0042467701
2   4   2   6   -0.0393759913
2   4   2   7   0.0000000000
2   4   2   8   -0.0189024296
2   4   2   10   -0.0066656915
2   4   3   6   -0.0000000000
2   4   3   7   -0.0309958424
2   4   3   8   0.0000000000
2   4   3   9   0.0010397098
2   4   3   10   -0.0000000000
2   4   4   6   0.0024808545
2   4   4   8   0.0015146031
2   4   4   9   -0.0000000000
2   4   4   10   -0.0080034057
2   4   5   7   -0.0094469709
2   4   5   8   -0.0000000000
2   4   5   9   -0.0088337006
2   4   5   10   -0.0000000000
2   5   1   6   0.0580273465
2   5   1   8   0.0122186304
2   5   1   10   0.0165134934
2   5   2   7   0.0605689777
2   5   2   8   -0.0000000000
2   5   2   9   -0.0009888776
2   5   3   6   0.0122186304
2   5   3   7   -0.0000000000
2   5   3   8   0.0316853208
2   5   3   10   0.0024461051
2   5   4   7   -0.0009888776
2   5   4   9   0.0103247547
2   5   4   10   0.0000000000
2   5   5   6   0.0165134934
2   5   5   8   0.0024461051
2   5   5   9   0.0000000000
2   5   5   10   0.0167685254
2   6   1   7   0.0521320832
2   6   1   8   -0.0000000000
2   6   1   9   0.0148587157
2   6   2   6   0.0246527015
2   6   2   8   0.0315109878
2   6   2   10   0.0151554748
2   6   3   6   -0.0000000000
2   6   3   7   0.0138940184
2   6   3   8   0.0000000000
2   6   3   9   -0.0078715453
2   6   3   10   -0.0000000000
2   6   4   6   0.0140668969
2   6   4   8   -0.0071818215
2   6   4   9   0.0000000000
2   6   4   10   0.0086377415
2   6   5   7   0.0127719256
2   6   5   8   -0.0000000000
2   6   5   9   0.0076125272
2   6   5   10   0.0000000000
3   4   1   6   0.0082391328
3   4   1   8   -0.0277054105
3   4   1   9   0.0000000000
3   4   1   10   -0.0226685941
3   4   2   7   -0.0163631776
3   4   2   8   0.0000000000
3   4   2   9   0.0067639311
3   4   3   6   -0.0499578011
3   4   3   7   0.0000000000
3   4   3   8   0.0156082311
3   4   3   9   -0.0000000000
3   4   3   10   0.0111020518
3   4   4   6   0.0000000000
3   4   4   7   0.0052877385
3   4   4   8   -0.0000000000
3   4   4   9   0.0026244326
3   4   5   6   -0.0251441419
3   4   5   7   -0.0000000000
3   4   5   8   0.0116846886
3   4   5   10   -0.0035567391
3   5   1   7   0.0246527015
3   5   1   8   -0.0000000000
3   5   1   9   0.0140668969
3   5   2   6   0.0521320832
3   5   2   8   0.0138940184
3   5   2   10   0.0127719256
3   5   3   6   -0.0000000000
3   5   3   7   0.0315109878
3   5   3   8   0.0000000000
3   5   3   9   -0.0071818215
3   5   3   10   -0.0000000000
3   5   4   6   0.0148587157
3   5   4   8   -0.0078715453
3   5   4   9   0.0000000000
3   5   4   10   0.0076125272
3   5   5   7   0.0151554748
3   5   5   8   -0.0000000000
3   5   5   9   0.0086377415
3   5   5   10   0.0000000000
3   6   1   6   0.0699872905
3   6   1   8   -0.0180758836
3   6   1   9   0.0000000000
3   6   1   10   0.0133327347
3   6   2   7   0.0508191526
3   6   2   9   0.0155362791
3   6   2   10   0.0000000000
3   6   3   6   -0.0180758836
3   6   3   8   0.0460205486
3   6   3   9   -0.0000000000
3   6   3   10   0.0136597907
3   6   4   6   0.0000000000
3   6   4   7   0.0155362791
3   6   4   8   -0.0000000000
3   6   4   9   0.0147660076
3   6   4   10   0.0000000000
3   6   5   6   0.0133327347
3   6   5   7   0.0000000000
3   6   5   8   0.0136597907
3   6   5   9   0.0000000000
3   6   5   10   0.0211856051

End IJAB Block
Begin IJKL Block
1   4   1   4   0.2928022650
1   4   1   6   0.0558520088
1   4   2   5   0.0938615351
1   4   3   4   0.0558520088
1   4   3   6   0.0784282820
1   5   1   5   0.2308156556
1   5   2   4   0.0942320414
1   5   2   6   -0.0756835892
1   5   3   5   -0.0267228429
1   6   1   4   0.0558520088
1   6   1   6   0.2545360718
1   6   2   5   -0.0764966358
1   6   3   4   0.0794309842
1   6   3   6   0.0233418380
2   4   1   5   0.0942320414
2   4   2   4   0.2308156556
2   4   2   6   -0.0267228429
2   4   3   5   -0.0756835892
2   5   1   4   0.0938615351
2   5   1   6   -0.0764966358
2   5   2   5   0.2582721669
2   5   3   4   -0.0764966358
2   5   3   6   0.0876998149
2   6   1   5   -0.0756835892
2   6   2   4   -0.0267228429
2   6   2   6   0.2310864681
2   6   3   5   0.0886686925
2   6   3   6   0.0000000000
3   4   1   4   0.0558520088
3   4   1   6   0.0794309842
3   4   2   5   -0.0764966358
3   4   3   4   0.2545360718
3   4   3   6   0.0233418380
3   5   1   5   -0.0267228429
3   5   2   4   -0.0756835892
3   5   2   6   0.0886686925
3   5   3   5   0.2310864681
3   5   3   6   0.0000000000
3   6   1   4   0.0784282820
3   6   1   6   0.0233418380
3   6   2   5   0.0876998149
3   6   2   6   0.0000000000
3   6   3   4   0.0233418380
3   6   3   5   0.0000000000
3   6   3   6   0.2515103770

End IJKL Block
Begin ABCD Block
1   6   1   6   0.2406479082
1   6   1   7   0.0000000000
1   6   1   8   -0.0303028784
1   6   1   9   0.0000000000
1   6   1   10   0.0055192108
1   6   2   6   0.0000000000
1   6   2   7   0.0761825612
1   6   2   8   0.0000000000
1   6   2   9   0.0100375926
1   6   2   10   0.0000000000
1   6   3   6   -0.0303028784
1   6   3   7   0.0000000000
1   6   3   8   0.0560443562
1   6   3   9   0.0000000000
1   6   3   10   0.0214598292
1   6   4   6   0.0000000000
1   6   4   7   0.0100375926
1   6   4   8   0.0000000000
1   6   4   9   0.0098416914
1   6   4   10   0.0000000000
1   6   5   6   0.0055192108
1   6   5   7   0.0000000000
1   6   5   8   0.0214598292
1   6   5   9   0.0000000000
1   6   5   10   0.0205441693
1   7   1   6   0.0000000000
1   7   1   7   0.2183294162
1   7   1   9   0.0139418202
1   7   1   10   0.0000000000
1   7   2   6   0.0765390620
1   7   2   7   0.0000000000
1   7   2   8   0.0616465628
1   7   2   9   0.0000000000
1   7   2   10   0.0193747632
1   7   3   6   0.0000000000
1   7   3   7   0.0030830998
1   7   3   9   -0.0067288574
1   7   3   10   0.0000000000
1   7   4   6   0.0100242645
1   7   4   7   0.0000000000
1   7   4   8   0.0010801463
1   7   4   9   0.0000000000
1   7   4   10   0.0070466951
1   7   5   6   0.0000000000
1   7   5   7   0.0146343198
1   7   5   8   0.0000000000
1   7   5   9   0.0048023669
1   7   5   10   0.0000000000
1   8   1   6   -0.0303028784
1   8   1   8   0.2269650710
1   8   1   9   -0.0000000000
1   8   1   10   0.0317922443
1   8   2   6   0.0000000000
1   8   2   7   0.0617589195
1   8   2   8   -0.0000000000
1   8   2   9   -0.0116121115
1   8   2   10   0.0000000000
1   8   3   6   0.0563585559
1   8   3   7   0.0000000000
1   8   3   8   -0.0411691812
1   8   3   9   0.0000000000
1   8   3   10   -0.0233335636
1   8   4   6   0.0000000000
1   8   4   7   0.0010467139
1   8   4   8   -0.0000000000
1   8   4   9   -0.0029381638
1   8   4   10   0.0000000000
1   8   5   6   0.0214799284
1   8   5   8   -0.0090532926
1   8   5   9   0.0000000000
1   8   5   10   -0.0035162567
1   9   1   6   0.0000000000
1   9   1   7   0.0139418202
1   9   1   8   -0.0000000000
1   9   1   9   0.1849772936
1   9   1   10   0.0000000000
1   9   2   6   0.0100242645
1   9   2   7   0.0000000000
1   9   2   8   -0.0116253332
1   9   2   9   0.0000000000
1   9   2   10   0.0537571699
1   9   3   6   0.0000000000
1   9   3   7   -0.0067699268
1   9   3   8   0.0000000000
1   9   3   9   -0.0231977996
1   9   3   10   0.0000000000
1   9   4   6   0.0100072658
1   9   4   7   0.0000000000
1   9   4   8   -0.0028748983
1   9   4   9   0.0000000000
1   9   4   10   0.0054913801
1   9   5   6   0.0000000000
1   9   5   7   0.0048875575
1   9   5   8   0.0000000000
1   9   5   9   0.0023080039
1   9   5   10   0.0000000000
1   10   1   6   0.0055192108
1   10   1   7   0.0000000000
1   10   1   8   0.0317922443
1   10   1   9   0.0000000000
1   10   1   10   0.1825852981
1   10   2   6   0.0000000000
1   10   2   7   0.0193600705
1   10   2   8   0.0000000000
1   10   2   9   0.0537444251
1   10   2   10   0.0000000000
1   10   3   6   0.0214799284
1   10   3   7   0.0000000000
1   10   3   8   -0.0233506616
1   10   3   9   0.0000000000
1   10   3   10   0.0008493322
1   10   4   6   0.0000000000
1   10   4   7   0.0071156212
1   10   4   8   0.0000000000
1   10   4   9   0.0054606965
1   10   4   10   0.0000000000
1   10   5   6   0.0208117888
1   10   5   7   0.0000000000
1   10   5   8   -0.0034589129
1   10   5   9   0.0000000000
1   10   5   10   0.0131460717
2   6   1   6   0.0000000000
2   6   1   7   0.0765390620
2   6   1   8   0.0000000000
2   6   1   9   0.0100242645
2   6   1   10   0.0000000000
2   6   2   6   0.2183294162
2   6   2   7   0.0000000000
2   6   2   8   0.0030830998
2   6   2   9   0.0000000000
2   6   2   10   0.0146343198
2   6   3   7   0.0616465628
2   6   3   9   0.0010801463
2   6   3   10   0.0000000000
2   6   4   6   0.0139418202
2   6   4   7   0.0000000000
2   6   4   8   -0.0067288574
2   6   4   9   0.0000000000
2   6   4   10   0.0048023669
2   6   5   6   0.0000000000
2   6   5   7   0.0193747632
2   6   5   8   0.0000000000
2   6   5   9   0.0070466951
2   6   5   10   0.0000000000
2   7   1   6   0.0761825612
2   7   1   7   0.0000000000
2   7   1   8   0.0617589195
2   7   1   9   0.0000000000
2   7   1   10   0.0193600705
2   7   2   6   0.0000000000
2   7   2   7   0.2244500291
2   7   2   8   0.0000000000
2   7   2   9   0.0069037235
2   7   2   10   0.0000000000
2   7   3   6   0.0617589195
2   7   3   7   0.0000000000
2   7   3   8   0.0634834279
2   7   3   9   0.0000000000
2   7   3   10   0.0142703087
2   7   4   6   0.0000000000
2   7   4   7   0.0069037235
2   7   4   8   0.0000000000
2   7   4   9   0.0073923628
2   7   4   10   0.0000000000
2   7   5   6   0.0193600705
2   7   5   7   0.0000000000
2   7   5   8   0.0142703087
2   7   5   9   0.0000000000
2   7   5   10   0.0146901955
2   8   1   6   0.0000000000
2   8   1   7   0.0616465628
2   8   1   8   -0.0000000000
2   8   1   9   -0.0116253332
2   8   1   10   0.0000000000
2   8   2   6   0.0030830998
2   8   2   7   0.0000000000
2   8   2   8   0.2074303920
2   8   2   9   0.0000000000
2   8   2   10   0.0177540080
2   8   3   6   0.0000000000
2   8   3   7   0.0635453021
2   8   3   9   -0.0080959997
2   8   3   10   0.0000000000
2   8   4   6   -0.0067699268
2   8   4   8   0.0084814009
2   8   4   9   -0.0000000000
2   8   4   10   0.0071596305
2   8   5   6   0.0000000000
2   8   5   7   0.0142365382
2   8   5   8   -0.0000000000
2   8   5   9   0.0031403638
2   8   5   10   0.0000000000
2   9   1   6   0.0100375926
2   9   1   7   0.0000000000
2   9   1   8   -0.0116121115
2   9   1   9   0.0000000000
2   9   1   10   0.0537444251
2   9   2   6   0.0000000000
2   9   2   7   0.0069037235
2   9   2   8   0.0000000000
2   9   2   9   0.1726663964
2   9   2   10   0.0000000000
2   9   3   6   0.0010467139
2   9   3   8   -0.0081181617
2   9   3   9   0.0000000000
2   9   3   10   0.0495295766
2   9   4   6   0.0000000000
2   9   4   7   0.0074882811
2   9   4   8   -0.0000000000
2   9   4   9   0.0088045136
2   9   4   10   0.0000000000
2   9   5   6   0.0071156212
2   9   5   7   0.0000000000
2   9   5   8   0.0031815804
2   9   5   9   0.0000000001
2   9   5   10   0.0149883592
2   10   1   6   0.0000000000
2   10   1   7   0.0193747632
2   10   1   8   0.0000000000
2   10   1   9   0.0537571699
2   10   1   10   0.0000000000
2   10   2   6   0.0146343198
2   10   2   7   0.0000000000
2   10   2   8   0.0177540080
2   10   2   9   0.0000000000
2   10   2   10   0.1788430499
2   10   3   7   0.0142365382
2   10   3   8   0.0000000000
2   10   3   9   0.0495173660
2   10   3   10   0.0000000000
2   10   4   6   0.0048875575
2   10   4   7   0.0000000000
2   10   4   8   0.0071864152
2   10   4   9   0.0000000000
2   10   4   10   0.0092781399
2   10   5   6   0.0000000000
2   10   5   7   0.0148380417
2   10   5   8   0.0000000000
2   10   5   9   0.0149982182
2   10   5   10   0.0000000001
3   6   1   6   -0.0303028784
3   6   1   7   0.0000000000
3   6   1   8   0.0563585559
3   6   1   9   0.0000000000
3   6   1   10   0.0214799284
3   6   2   7   0.0617589195
3   6   2   8   0.0000000000
3   6   2   9   0.0010467139
3   6   3   6   0.2269650710
3   6   3   7   -0.0000000000
3   6   3   8   -0.0411691812
3   6   3   9   -0.0000000000
3   6   3   10   -0.0090532926
3   6   4   6   -0.0000000000
3   6   4   7   -0.0116121115
3   6   4   8   0.0000000000
3   6   4   9   -0.0029381638
3   6   4   10   0.0000000000
3   6   5   6   0.0317922443
3   6   5   7   0.0000000000
3   6   5   8   -0.0233335636
3   6   5   9   0.0000000000
3   6   5   10   -0.0035162567
3   7   1   6   0.0000000000
3   7   1   7   0.0030830998
3   7   1   8   0.0000000000
3   7   1   9   -0.0067699268
3   7   1   10   0.0000000000
3   7   2   6   0.0616465628
3   7   2   7   0.0000000000
3   7   2   8   0.0635453021
3   7   2   10   0.0142365382
3   7   3   6   -0.0000000000
3   7   3   7   0.2074303920
3   7   3   9   0.0084814009
3   7   3   10   -0.0000000000
3   7   4   6   -0.0116253332
3   7   4   7   0.0000000000
3   7   4   8   -0.0080959997
3   7   4   9   -0.0000000000
3   7   4   10   0.0031403638
3   7   5   6   0.0000000000
3   7   5   7   0.0177540080
3   7   5   8   0.0000000000
3   7   5   9   0.0071596305
3   7   5   10   0.0000000000
3   8   1   6   0.0560443562
3   8   1   8   -0.0411691812
3   8   1   9   0.0000000000
3   8   1   10   -0.0233506616
3   8   2   7   0.0634834279
3   8   2   9   -0.0081181617
3   8   2   10   0.0000000000
3   8   3   6   -0.0411691812
3   8   3   8   0.2327845837
3   8   3   9   0.0000000000
3   8   3   10   0.0317480125
3   8   4   6   0.0000000000
3   8   4   7   -0.0081181617
3   8   4   8   0.0000000000
3   8   4   9   0.0092072055
3   8   4   10   0.0000000000
3   8   5   6   -0.0233506616
3   8   5   7   0.0000000000
3   8   5   8   0.0317480125
3   8   5   9   0.0000000000
3   8   5   10   0.0164113644
3   9   1   6   0.0000000000
3   9   1   7   -0.0067288574
3   9   1   8   0.0000000000
3   9   1   9   -0.0231977996
3   9   1   10   0.0000000000
3   9   2   6   0.0010801463
3   9   2   7   0.0000000000
3   9   2   8   -0.0080959997
3   9   2   9   0.0000000000
3   9   2   10   0.0495173660
3   9   3   6   -0.0000000000
3   9   3   7   0.0084814009
3   9   3   8   0.0000000000
3   9   3   9   0.1815956913
3   9   3   10   -0.0000000000
3   9   4   6   -0.0028748983
3   9   4   7   -0.0000000000
3   9   4   8   0.0092121450
3   9   4   9   0.0000000000
3   9   4   10   -0.0062626446
3   9   5   6   0.0000000000
3   9   5   7   0.0071864152
3   9   5   8   0.0000000000
3   9   5   9   0.0190439379
3   9   5   10   0.0000000001
3   10   1   6   0.0214598292
3   10   1   7   0.0000000000
3   10   1   8   -0.0233335636
3   10   1   9   0.0000000000
3   10   1   10   0.0008493322
3   10   2   6   0.0000000000
3   10   2   7   0.0142703087
3   10   2   8   0.0000000000
3   10   2   9   0.0495295766
3   10   2   10   0.0000000000
3   10   3   6   -0.0090532926
3   10   3   7   -0.0000000000
3   10   3   8   0.0317480125
3   10   3   9   -0.0000000000
3   10   3   10   0.1697276902
3   10   4   6   0.0000000000
3   10   4   7   0.0031815804
3   10   4   8   0.0000000000
3   10   4   9   -0.0062554855
3   10   4   10   0.0000000000
3   10   5   6   -0.0034589129
3   10   5   7   0.0000000000
3   10   5   8   0.0164401543
3   10   5   9   0.0000000001
3   10   5   10   0.0111004555
4   6   1   6   0.0000000000
4   6   1   7   0.0100242645
4   6   1   8   0.0000000000
4   6   1   9   0.0100072658
4   6   1   10   0.0000000000
4   6   2   6   0.0139418202
4   6   2   7   0.0000000000
4   6   2   8   -0.0067699268
4   6   2   9   0.0000000000
4   6   2   10   0.0048875575
4   6   3   6   -0.0000000000
4   6   3   7   -0.0116253332
4   6   3   8   0.0000000000
4   6   3   9   -0.0028748983
4   6   3   10   0.0000000000
4   6   4   6   0.1849772936
4   6   4   7   0.0000000000
4   6   4   8   -0.0231977996
4   6   4   9   0.0000000000
4   6   4   10   0.0023080039
4   6   5   6   0.0000000000
4   6   5   7   0.0537571699
4   6   5   8   0.0000000000
4   6   5   9   0.0054913801
4   6   5   10   0.0000000000
4   7   1   6   0.0100375926
4   7   1   7   0.0000000000
4   7   1   8   0.0010467139
4   7   1   9   0.0000000000
4   7   1   10   0.0071156212
4   7   2   6   0.0000000000
4   7   2   7   0.0069037235
4   7   2   9   0.0074882811
4   7   2   10   0.0000000000
4   7   3   6   -0.0116121115
4   7   3   7   0.0000000000
4   7   3   8   -0.0081181617
4   7   3   9   -0.0000000000
4   7   3   10   0.0031815804
4   7   4   6   0.0000000000
4   7   4   7   0.1726663964
4   7   4   8   0.0000000000
4   7   4   9   0.0088045136
4   7   4   10   0.0000000001
4   7   5   6   0.0537444251
4   7   5   7   0.0000000000
4   7   5   8   0.0495295766
4   7   5   9   0.0000000000
4   7   5   10   0.0149883592
4   8   1   6   0.0000000000
4   8   1   7   0.0010801463
4   8   1   8   -0.0000000000
4   8   1   9   -0.0028748983
4   8   1   10   0.0000000000
4   8   2   6   -0.0067288574
4   8   2   7   0.0000000000
4   8   2   8   0.0084814009
4   8   2   9   -0.0000000000
4   8   2   10   0.0071864152
4   8   3   6   0.0000000000
4   8   3   7   -0.0080959997
4   8   3   8   0.0000000000
4   8   3   9   0.0092121450
4   8   3   10   0.0000000000
4   8   4   6   -0.0231977996
4   8   4   7   0.0000000000
4   8   4   8   0.1815956913
4   8   4   9   0.0000000000
4   8   4   10   0.0190439379
4   8   5   6   0.0000000000
4   8   5   7   0.0495173660
4   8   5   8   -0.0000000000
4   8   5   9   -0.0062626446
4   8   5   10   0.0000000001
4   9   1   6   0.0098416914
4   9   1   7   0.0000000000
4   9   1   8   -0.0029381638
4   9   1   9   0.0000000000
4   9   1   10   0.0054606965
4   9   2   6   0.0000000000
4   9   2   7   0.0073923628
4   9   2   8   -0.0000000000
4   9   2   9   0.0088045136
4   9   2   10   0.0000000000
4   9   3   6   -0.0029381638
4   9   3   7   -0.0000000000
4   9   3   8   0.0092072055
4   9   3   9   0.0000000000
4   9   3   10   -0.0062554855
4   9   4   6   0.0000000000
4   9   4   7   0.0088045136
4   9   4   8   0.0000000000
4   9   4   9   0.1703368712
4   9   4   10   0.0000000002
4   9   5   6   0.0054606965
4   9   5   7   0.0000000000
4   9   5   8   -0.0062554855
4   9   5   9   0.0000000002
4   9   5   10   0.0541657995
4   10   1   6   0.0000000000
4   10   1   7   0.0070466951
4   10   1   8   0.0000000000
4   10   1   9   0.0054913801
4   10   1   10   0.0000000000
4   10   2   6   0.0048023669
4   10   2   7   0.0000000000
4   10   2   8   0.0071596305
4   10   2   9   0.0000000000
4   10   2   10   0.0092781399
4   10   3   6   0.0000000000
4   10   3   7   0.0031403638
4   10   3   8   0.0000000000
4   10   3   9   -0.0062626446
4   10   3   10   0.0000000000
4   10   4   6   0.0023080039
4   10   4   7   0.0000000001
4   10   4   8   0.0190439379
4   10   4   9   0.0000000002
4   10   4   10   0.1571843985
4   10   5   6   0.0000000000
4   10   5   7   0.0149982182
4   10   5   8   0.0000000001
4   10   5   9   0.0541707506
4   10   5   10   0.0000000003
5   6   1   6   0.0055192108
5   6   1   7   0.0000000000
5   6   1   8   0.0214799284
5   6   1   9   0.0000000000
5   6   1   10   0.0208117888
5   6   2   6   0.0000000000
5   6   2   7   0.0193600705
5   6   2   8   0.0000000000
5   6   2   9   0.0071156212
5   6   2   10   0.0000000000
5   6   3   6   0.0317922443
5   6   3   7   0.0000000000
5   6   3   8   -0.0233506616
5   6   3   9   0.0000000000
5   6   3   10   -0.0034589129
5   6   4   6   0.0000000000
5   6   4   7   0.0537444251
5   6   4   8   0.0000000000
5   6   4   9   0.0054606965
5   6   4   10   0.0000000000
5   6   5   6   0.1825852981
5   6   5   7   0.0000000000
5   6   5   8   0.0008493322
5   6   5   9   0.0000000000
5   6   5   10   0.0131460717
5   7   1   6   0.0000000000
5   7   1   7   0.0146343198
5   7   1   9   0.0048875575
5   7   1   10   0.0000000000
5   7   2   6   0.0193747632
5   7   2   7   0.0000000000
5   7   2   8   0.0142365382
5   7   2   9   0.0000000000
5   7   2   10   0.0148380417
5   7   3   6   0.0000000000
5   7   3   7   0.0177540080
5   7   3   8   0.0000000000
5   7   3   9   0.0071864152
5   7   3   10   0.0000000000
5   7   4   6   0.0537571699
5   7   4   7   0.0000000000
5   7   4   8   0.0495173660
5   7   4   9   0.0000000000
5   7   4   10   0.0149982182
5   7   5   6   0.0000000000
5   7   5   7   0.1788430499
5   7   5   8   0.0000000000
5   7   5   9   0.0092781399
5   7   5   10   0.0000000001
5   8   1   6   0.0214598292
5   8   1   7   0.0000000000
5   8   1   8   -0.0090532926
5   8   1   9   0.0000000000
5   8   1   10   -0.0034589129
5   8   2   6   0.0000000000
5   8   2   7   0.0142703087
5   8   2   8   -0.0000000000
5   8   2   9   0.0031815804
5   8   2   10   0.0000000000
5   8   3   6   -0.0233335636
5   8   3   7   0.0000000000
5   8   3   8   0.0317480125
5   8   3   9   0.0000000000
5   8   3   10   0.0164401543
5   8   4   6   0.0000000000
5   8   4   7   0.0495295766
5   8   4   8   -0.0000000000
5   8   4   9   -0.0062554855
5   8   4   10   0.0000000001
5   8   5   6   0.0008493322
5   8   5   7   0.0000000000
5   8   5   8   0.1697276902
5   8   5   9   0.0000000000
5   8   5   10   0.0111004555
5   9   1   6   0.0000000000
5   9   1   7   0.0048023669
5   9   1   8   0.0000000000
5   9   1   9   0.0023080039
5   9   1   10   0.0000000000
5   9   2   6   0.0070466951
5   9   2   7   0.0000000000
5   9   2   8   0.0031403638
5   9   2   9   0.0000000001
5   9   2   10   0.0149982182
5   9   3   6   0.0000000000
5   9   3   7   0.0071596305
5   9   3   8   0.0000000000
5   9   3   9   0.0190439379
5   9   3   10   0.0000000001
5   9   4   6   0.0054913801
5   9   4   7   0.0000000000
5   9   4   8   -0.0062626446
5   9   4   9   0.0000000002
5   9   4   10   0.0541707506
5   9   5   6   0.0000000000
5   9   5   7   0.0092781399
5   9   5   8   0.0000000000
5   9   5   9   0.1571843985
5   9   5   10   0.0000000003
5   10   1   6   0.0205441693
5   10   1   7   0.0000000000
5   10   1   8   -0.0035162567
5   10   1   9   0.0000000000
5   10   1   10   0.0131460717
5   10   2   6   0.0000000000
5   10   2   7   0.0146901955
5   10   2   8   0.0000000000
5   10   2   9   0.0149883592
5   10   2   10   0.0000000001
5   10   3   6   -0.0035162567
5   10   3   7   0.0000000000
5   10   3   8   0.0164113644
5   10   3   9   0.0000000001
5   10   3   10   0.0111004555
5   10   4   6   0.0000000000
5   10   4   7   0.0149883592
5   10   4   8   0.0000000001
5   10   4   9   0.0541657995
5   10   4   10   0.0000000003
5   10   5   6   0.0131460717
5   10   5   7   0.0000000001
5   10   5   8   0.0111004555
5   10   5   9   0.0000000003
5   10   5   10   0.1677063081

End ABCD Block
Begin AIJB Block
1   4   1   6   0.0616875155
1   4   1   8   -0.0238029134
1   4   1   10   -0.0087358852
1   4   2   7   -0.0243420355
1   4   2   9   0.0033915979
1   4   3   6   0.0103254086
1   4   3   8   -0.0276742189
1   4   3   10   -0.0214023359
1   5   1   7   -0.0383815967
1   5   1   9   0.0014571287
1   5   2   6   0.0568890327
1   5   2   8   0.0123908256
1   5   2   10   0.0155862731
1   5   3   7   0.0228752292
1   5   3   9   0.0151767613
1   6   1   6   0.0103254086
1   6   1   8   -0.0479266035
1   6   1   10   -0.0236431441
1   6   2   7   0.0482680480
1   6   2   9   0.0164122004
1   6   3   6   0.0638515310
1   6   3   8   -0.0169668064
1   6   3   9   0.0000000000
1   6   3   10   0.0124170482
2   4   1   7   0.0358901630
2   4   1   9   0.0030812636
2   4   2   6   -0.0383815967
2   4   2   8   -0.0169237888
2   4   2   10   -0.0058237577
2   4   3   7   -0.0167941923
2   4   3   9   0.0062184766
2   5   1   6   -0.0243420355
2   5   1   8   -0.0273773113
2   5   1   10   -0.0083169940
2   5   2   7   0.0565151831
2   5   2   9   0.0000524416
2   5   3   6   0.0482680480
2   5   3   8   0.0153938060
2   5   3   9   0.0000000000
2   5   3   10   0.0127229964
2   6   1   7   -0.0167941923
2   6   1   9   0.0045203663
2   6   2   6   0.0228752292
2   6   2   8   0.0319875956
2   6   2   10   0.0156235505
2   6   3   7   0.0505941907
2   6   3   9   0.0156812545
2   6   3   10   0.0000000000
3   4   1   6   -0.0238029134
3   4   1   8   0.0422479526
3   4   1   10   0.0136385716
3   4   2   7   -0.0273773113
3   4   2   8   0.0000000000
3   4   2   9   0.0002273211
3   4   3   6   -0.0479266035
3   4   3   8   0.0168727117
3   4   3   9   -0.0000000000
3   4   3   10   0.0114436247
3   5   1   7   -0.0169237888
3   5   1   8   0.0000000000
3   5   1   9   0.0006124457
3   5   2   6   0.0123908256
3   5   2   8   0.0300475004
3   5   2   10   0.0032382815
3   5   3   7   0.0319875956
3   5   3   9   -0.0067899745
3   5   3   10   0.0000000000
3   6   1   6   -0.0276742189
3   6   1   8   0.0168727117
3   6   1   10   0.0115789556
3   6   2   7   0.0153938060
3   6   2   9   -0.0072790668
3   6   2   10   0.0000000000
3   6   3   6   -0.0169668064
3   6   3   8   0.0476838637
3   6   3   9   0.0000000000
3   6   3   10   0.0150760779
4   4   1   7   0.0030812636
4   4   1   9   0.0135682071
4   4   2   6   0.0014571287
4   4   2   8   0.0006124457
4   4   2   9   -0.0000000000
4   4   2   10   -0.0089376260
4   4   3   7   0.0045203663
4   4   3   9   0.0021741148
4   4   3   10   -0.0000000000
4   5   1   6   0.0033915979
4   5   1   8   0.0002273211
4   5   1   9   -0.0000000000
4   5   1   10   -0.0096512709
4   5   2   7   0.0000524416
4   5   2   9   0.0112082905
4   5   2   10   0.0000000000
4   5   3   6   0.0164122004
4   5   3   8   -0.0072790668
4   5   3   9   0.0000000000
4   5   3   10   0.0089503857
4   6   1   7   0.0062184766
4   6   1   8   -0.0000000000
4   6   1   9   0.0021741148
4   6   1   10   -0.0000000000
4   6   2   6   0.0151767613
4   6   2   7   0.0000000000
4   6   2   8   -0.0067899745
4   6   2   9   0.0000000000
4   6   2   10   0.0098132716
4   6   3   6   0.0000000000
4   6   3   7   0.0156812545
4   6   3   8   0.0000000000
4   6   3   9   0.0151566707
4   6   3   10   0.0000000000
5   4   1   6   -0.0087358852
5   4   1   8   0.0136385716
5   4   1   10   0.0120843771
5   4   2   7   -0.0083169940
5   4   2   9   -0.0096512709
5   4   2   10   -0.0000000000
5   4   3   6   -0.0236431441
5   4   3   8   0.0115789556
5   4   3   9   -0.0000000000
5   4   3   10   -0.0040509172
5   5   1   7   -0.0058237577
5   5   1   9   -0.0089376260
5   5   1   10   -0.0000000000
5   5   2   6   0.0155862731
5   5   2   8   0.0032382815
5   5   2   9   0.0000000000
5   5   2   10   0.0174408745
5   5   3   7   0.0156235505
5   5   3   8   0.0000000000
5   5   3   9   0.0098132716
5   5   3   10   0.0000000000
5   6   1   6   -0.0214023359
5   6   1   8   0.0114436247
5   6   1   9   -0.0000000000
5   6   1   10   -0.0040509172
5   6   2   7   0.0127229964
5   6   2   8   0.0000000000
5   6   2   9   0.0089503857
5   6   2   10   0.0000000000
5   6   3   6   0.0124170482
5   6   3   7   0.0000000000
5   6   3   8   0.0150760779
5   6   3   9   0.0000000000
5   6   3   10   0.0222460886

1   4   4   1   -0.2549633885
1   4   4   2   -0.0000000000
1   4   4   3   0.0630917053
1   4   4   5   0.0114596475
1   4   5   2   0.0758297648
1   4   5   4   0.0036552576
1   4   5   5   0.0000000000
1   4   6   1   -0.0208967649
1   4   6   3   0.0644453349
1   4   6   4   0.0000000000
1   4   6   5   0.0319916266
1   5   4   2   0.0754413419
1   5   4   4   0.0036482620
1   5   4   5   0.0000000000
1   5   5   1   -0.2328171536
1   5   5   2   -0.0000000000
1   5   5   3   -0.0047372571
1   5   5   4   -0.0000000000
1   5   5   5   -0.0230182934
1   5   6   2   -0.0802995577
1   5   6   3   -0.0000000000
1   5   6   4   -0.0152468032
1   5   6   5   -0.0000000000
1   6   4   1   -0.0208967649
1   6   4   3   0.0643098693
1   6   4   5   0.0323138715
1   6   5   2   -0.0802214446
1   6   5   3   -0.0000000000
1   6   5   4   -0.0154797209
1   6   5   5   -0.0000000000
1   6   6   1   -0.2441282513
1   6   6   2   -0.0000000000
1   6   6   3   0.0332618017
1   6   6   5   -0.0089205629
2   4   4   1   -0.0000000000
2   4   4   2   -0.2249567953
2   4   4   4   -0.0139817720
2   4   5   1   0.0754413419
2   4   5   2   0.0000000000
2   4   5   3   0.0735028583
2   4   5   4   0.0000000000
2   4   5   5   0.0231657352
2   4   6   2   0.0158216452
2   4   6   4   -0.0062335767
2   4   6   5   0.0000000000
2   5   4   1   0.0758297648
2   5   4   2   0.0000000000
2   5   4   3   0.0733396333
2   5   4   5   0.0232755679
2   5   5   1   -0.0000000000
2   5   5   2   -0.2404520658
2   5   5   4   -0.0083635012
2   5   5   5   -0.0000000000
2   5   6   1   -0.0802214446
2   5   6   2   -0.0000000000
2   5   6   3   -0.0659835429
2   5   6   4   -0.0000000000
2   5   6   5   -0.0243323381
2   6   4   2   0.0158216452
2   6   4   4   -0.0060547472
2   6   4   5   0.0000000000
2   6   5   1   -0.0802995577
2   6   5   2   -0.0000000000
2   6   5   3   -0.0653794578
2   6   5   4   -0.0000000000
2   6   5   5   -0.0244338521
2   6   6   1   -0.0000000000
2   6   6   2   -0.2253297966
2   6   6   4   -0.0181207034
3   4   4   1   0.0630917053
3   4   4   3   -0.2584202659
3   4   4   4   0.0000000000
3   4   4   5   -0.0452799465
3   4   5   2   0.0733396333
3   4   5   4   -0.0064517263
3   4   5   5   0.0000000000
3   4   6   1   0.0643098693
3   4   6   3   -0.0389903427
3   4   6   4   0.0000000000
3   4   6   5   -0.0239684062
3   5   4   2   0.0735028583
3   5   4   4   -0.0063973091
3   5   4   5   0.0000000000
3   5   5   1   -0.0047372571
3   5   5   3   -0.2171937917
3   5   5   5   -0.0202382494
3   5   6   1   -0.0000000000
3   5   6   2   -0.0653794578
3   5   6   3   0.0000000000
3   5   6   4   0.0137250470
3   5   6   5   -0.0000000000
3   6   4   1   0.0644453349
3   6   4   3   -0.0389903427
3   6   4   4   0.0000000000
3   6   4   5   -0.0238265398
3   6   5   1   -0.0000000000
3   6   5   2   -0.0659835429
3   6   5   3   0.0000000000
3   6   5   4   0.0135472778
3   6   5   5   -0.0000000000
3   6   6   1   0.0332618017
3   6   6   3   -0.2354752420
3   6   6   4   0.0000000000
3   6   6   5   -0.0347562765
4   4   4   2   -0.0139817720
4   4   4   3   0.0000000000
4   4   4   4   -0.2012214725
4   4   4   5   -0.0000000000
4   4   5   1   0.0036482620
4   4   5   3   -0.0063973091
4   4   5   4   0.0000000000
4   4   5   5   0.0596466396
4   4   6   2   -0.0060547472
4   4   6   3   0.0000000000
4   4   6   4   -0.0184885575
4   4   6   5   0.0000000000
4   5   4   1   0.0036552576
4   5   4   2   0.0000000000
4   5   4   3   -0.0064517263
4   5   4   4   0.0000000000
4   5   4   5   0.0596600467
4   5   5   1   -0.0000000000
4   5   5   2   -0.0083635012
4   5   5   4   -0.1813944250
4   5   5   5   -0.0000000000
4   5   6   1   -0.0154797209
4   5   6   2   -0.0000000000
4   5   6   3   0.0135472778
4   5   6   4   -0.0000000000
4   5   6   5   -0.0572234555
4   6   4   1   0.0000000000
4   6   4   2   -0.0062335767
4   6   4   3   0.0000000000
4   6   4   4   -0.0184885575
4   6   4   5   0.0000000000
4   6   5   1   -0.0152468032
4   6   5   2   -0.0000000000
4   6   5   3   0.0137250470
4   6   5   4   -0.0000000000
4   6   5   5   -0.0571237756
4   6   6   2   -0.0181207034
4   6   6   3   0.0000000000
4   6   6   4   -0.1906917807
4   6   6   5   -0.0000000000
5   4   4   1   0.0114596475
5   4   4   3   -0.0452799465
5   4   4   4   -0.0000000000
5   4   4   5   -0.1772897857
5   4   5   1   0.0000000000
5   4   5   2   0.0232755679
5   4   5   3   0.0000000000
5   4   5   4   0.0596600467
5   4   5   5   0.0000000000
5   4   6   1   0.0323138715
5   4   6   2   0.0000000000
5   4   6   3   -0.0238265398
5   4   6   4   0.0000000000
5   4   6   5   0.0107996806
5   5   4   1   0.0000000000
5   5   4   2   0.0231657352
5   5   4   3   0.0000000000
5   5   4   4   0.0596466396
5   5   4   5   0.0000000000
5   5   5   1   -0.0230182934
5   5   5   2   -0.0000000000
5   5   5   3   -0.0202382494
5   5   5   4   -0.0000000000
5   5   5   5   -0.1895806731
5   5   6   1   -0.0000000000
5   5   6   2   -0.0244338521
5   5   6   3   -0.0000000000
5   5   6   4   -0.0571237756
5   5   6   5   -0.0000000000
5   6   4   1   0.0319916266
5   6   4   2   0.0000000000
5   6   4   3   -0.0239684062
5   6   4   4   0.0000000000
5   6   4   5   0.0107996806
5   6   5   1   -0.0000000000
5   6   5   2   -0.0243323381
5   6   5   3   -0.0000000000
5   6   5   4   -0.0572234555
5   6   5   5   -0.0000000000
5   6   6   1   -0.0089205629
5   6   6   3   -0.0347562765
5   6   6   4   -0.0000000000
5   6   6   5   -0.1885237282

End AIJB Block
Begin IJKA Block
1   4   1   7   -0.0075322497
1   4   1   8   0.0000000000
1   4   1   9   0.0314665580
1   4   2   6   0.0329363394
1   4   2   8   -0.0008293078
1   4   2   9   -0.0000000000
1   4   2   10   -0.0142114503
1   4   3   7   0.0182964980
1   4   3   8   0.0000000000
1   4   3   9   0.0094032853
1   4   3   10   -0.0000000000
1   5   1   6   0.0473770389
1   5   1   8   0.0097294659
1   5   1   9   -0.0000000000
1   5   1   10   -0.0153662563
1   5   2   7   -0.0244321779
1   5   2   8   0.0000000000
1   5   2   9   0.0175983966
1   5   2   10   0.0000000000
1   5   3   6   0.0377125562
1   5   3   7   0.0000000000
1   5   3   8   -0.0202057977
1   5   3   10   0.0059866279
1   6   1   7   0.0494718140
1   6   1   9   0.0111896830
1   6   1   10   -0.0000000000
1   6   2   6   0.0512656045
1   6   2   7   0.0000000000
1   6   2   8   -0.0366721310
1   6   2   10   0.0082285087
1   6   3   7   0.0386079870
1   6   3   8   0.0000000000
1   6   3   9   0.0255628565
2   4   1   6   0.0323869291
2   4   1   8   -0.0005270326
2   4   1   9   -0.0000000000
2   4   1   10   -0.0143369977
2   4   2   7   -0.0233376683
2   4   2   8   0.0000000000
2   4   2   9   0.0213469525
2   4   2   10   0.0000000000
2   4   3   6   0.0061744470
2   4   3   7   0.0000000000
2   4   3   8   -0.0146492849
2   4   3   10   0.0090972331
2   5   1   7   -0.0246285413
2   5   1   8   0.0000000000
2   5   1   9   0.0178662199
2   5   1   10   0.0000000000
2   5   2   6   0.0049718053
2   5   2   7   -0.0000000000
2   5   2   8   0.0290332563
2   5   2   9   -0.0000000000
2   5   2   10   -0.0234404470
2   5   3   6   -0.0000000000
2   5   3   7   0.0009047954
2   5   3   9   -0.0182132025
2   5   3   10   -0.0000000000
2   6   1   6   0.0503606766
2   6   1   7   0.0000000000
2   6   1   8   -0.0369025666
2   6   1   9   0.0000000000
2   6   1   10   0.0079641283
2   6   2   7   0.0077947680
2   6   2   8   -0.0000000000
2   6   2   9   -0.0151347679
2   6   2   10   -0.0000000000
2   6   3   6   -0.0481561447
2   6   3   8   0.0083320706
2   6   3   9   -0.0000000000
2   6   3   10   -0.0235122723
3   4   1   7   0.0179280325
3   4   1   9   0.0093843372
3   4   1   10   -0.0000000000
3   4   2   6   0.0065013476
3   4   2   7   0.0000000000
3   4   2   8   -0.0148354295
3   4   2   10   0.0098365663
3   4   3   7   0.0071975278
3   4   3   8   0.0000000000
3   4   3   9   0.0289099927
3   5   1   6   0.0370614588
3   5   1   7   0.0000000000
3   5   1   8   -0.0205620732
3   5   1   10   0.0064611539
3   5   2   7   0.0008088002
3   5   2   8   -0.0000000000
3   5   2   9   -0.0178642549
3   5   2   10   -0.0000000000
3   5   3   6   0.0082859210
3   5   3   8   0.0045435374
3   5   3   9   -0.0000000000
3   5   3   10   -0.0250980063
3   6   1   6   0.0000000000
3   6   1   7   0.0384609983
3   6   1   8   0.0000000000
3   6   1   9   0.0253343802
3   6   1   10   0.0000000000
3   6   2   6   -0.0475482119
3   6   2   7   -0.0000000000
3   6   2   8   0.0082370048
3   6   2   9   -0.0000000000
3   6   2   10   -0.0243724508
3   6   3   7   0.0176302766
3   6   3   9   -0.0015400183
3   6   3   10   -0.0000000000

End IJKA Block
Begin IABC Block
1   6   1   7   -0.0020894947
1   6   1   9   0.0147824620
1   6   1   10   0.0000000000
1   6   2   6   -0.0005955154
1   6   2   8   -0.0100417011
1   6   2   10   0.0014892761
1   6   3   7   -0.0087455935
1   6   3   9   -0.0075290112
1   6   3   10   -0.0000000000
1   6   4   6   0.0291377054
1   6   4   7   0.0000000000
1   6   4   8   -0.0105306555
1   6   4   9   0.0000000000
1   6   4   10   -0.0010439440
1   6   5   7   0.0114902940
1   6   5   8   0.0000000000
1   6   5   9   -0.0001320808
1   6   5   10   0.0000000000
1   7   1   6   -0.0025288606
1   7   1   8   -0.0203609430
1   7   1   9   0.0000000000
1   7   1   10   -0.0019001481
1   7   2   7   -0.0160902950
1   7   2   9   0.0091722551
1   7   3   6   -0.0092001333
1   7   3   7   0.0000000000
1   7   3   8   0.0009424951
1   7   3   9   -0.0000000000
1   7   3   10   0.0047717075
1   7   4   6   0.0000000000
1   7   4   7   0.0232583096
1   7   4   9   0.0040818156
1   7   4   10   0.0000000000
1   7   5   6   0.0102226369
1   7   5   7   0.0000000000
1   7   5   8   0.0126424379
1   7   5   9   0.0000000000
1   7   5   10   0.0092584603
1   8   1   7   -0.0201280712
1   8   1   8   -0.0000000000
1   8   1   9   -0.0085307986
1   8   2   6   -0.0103547273
1   8   2   8   -0.0054142201
1   8   2   10   0.0031034206
1   8   3   7   0.0005734021
1   8   3   8   0.0000000000
1   8   3   9   0.0135255146
1   8   4   6   -0.0108950430
1   8   4   8   0.0290384178
1   8   4   10   0.0097723940
1   8   5   6   0.0000000000
1   8   5   7   0.0115738593
1   8   5   8   -0.0000000000
1   8   5   9   0.0052167457
1   8   5   10   0.0000000000
1   9   1   6   0.0151061626
1   9   1   7   0.0000000000
1   9   1   8   -0.0088294118
1   9   1   10   -0.0098291512
1   9   2   7   0.0096419734
1   9   2   9   -0.0015124033
1   9   2   10   -0.0000000000
1   9   3   6   -0.0079553276
1   9   3   8   0.0146016922
1   9   3   9   0.0000000000
1   9   3   10   0.0080994056
1   9   4   6   0.0000000000
1   9   4   7   0.0040933351
1   9   4   8   -0.0000000000
1   9   4   9   0.0095623601
1   9   4   10   0.0000000000
1   9   5   6   -0.0001992565
1   9   5   8   0.0059270327
1   9   5   9   0.0000000000
1   9   5   10   0.0091669663
1   10   1   7   -0.0012022572
1   10   1   8   0.0000000000
1   10   1   9   -0.0098385183
1   10   1   10   0.0000000000
1   10   2   6   0.0011932723
1   10   2   8   0.0040299028
1   10   2   9   -0.0000000000
1   10   2   10   0.0039232416
1   10   3   7   0.0047886587
1   10   3   8   0.0000000000
1   10   3   9   0.0076174180
1   10   3   10   -0.0000000000
1   10   4   6   -0.0011820104
1   10   4   7   0.0000000000
1   10   4   8   0.0099996694
1   10   4   9   0.0000000000
1   10   4   10   0.0119879661
1   10   5   6   0.0000000000
1   10   5   7   0.0094167307
1   10   5   8   0.0000000000
1   10   5   9   0.0088735666
1   10   5   10   0.0000000000
2   6   1   6   0.0149257569
2   6   1   8   -0.0357509514
2   6   1   10   -0.0256835425
2   6   2   7   0.0016651802
2   6   2   9   -0.0093358230
2   6   3   6   0.0007952191
2   6   3   8   0.0129843140
2   6   3   9   -0.0000000000
2   6   3   10   0.0041772193
2   6   4   6   -0.0000000000
2   6   4   7   -0.0181262957
2   6   4   8   -0.0000000000
2   6   4   9   -0.0029448618
2   6   4   10   -0.0000000000
2   6   5   6   -0.0287109288
2   6   5   7   -0.0000000000
2   6   5   8   -0.0027445149
2   6   5   9   -0.0000000000
2   6   5   10   -0.0129548489
2   7   1   7   0.0062753880
2   7   1   9   -0.0060489482
2   7   1   10   -0.0000000000
2   7   2   6   0.0024646755
2   7   2   7   -0.0000000000
2   7   2   8   0.0132100912
2   7   2   10   -0.0057667690
2   7   3   7   0.0204304990
2   7   3   9   -0.0059268166
2   7   4   6   -0.0185627341
2   7   4   7   -0.0000000000
2   7   4   8   -0.0148653382
2   7   4   9   -0.0000000000
2   7   4   10   -0.0091836448
2   7   5   6   -0.0000000000
2   7   5   7   -0.0240836094
2   7   5   8   -0.0000000000
2   7   5   9   -0.0068612106
2   7   5   10   -0.0000000000
2   8   1   6   -0.0342559562
2   8   1   8   0.0336088847
2   8   1   10   0.0136226593
2   8   2   7   0.0138010497
2   8   2   8   -0.0000000000
2   8   2   9   -0.0036956482
2   8   3   6   0.0134278589
2   8   3   8   0.0067018238
2   8   3   9   0.0000000000
2   8   3   10   -0.0030305487
2   8   4   6   -0.0000000000
2   8   4   7   -0.0154383019
2   8   4   8   0.0000000000
2   8   4   9   -0.0005653745
2   8   4   10   -0.0000000000
2   8   5   6   -0.0023049756
2   8   5   8   -0.0154297549
2   8   5   9   -0.0000000000
2   8   5   10   -0.0052515282
2   9   1   7   -0.0061658035
2   9   1   8   -0.0000000000
2   9   1   9   0.0146999495
2   9   1   10   -0.0000000000
2   9   2   6   -0.0099511521
2   9   2   7   -0.0000000000
2   9   2   8   -0.0040442731
2   9   2   9   -0.0000000000
2   9   2   10   -0.0037312409
2   9   3   6   -0.0000000000
2   9   3   7   -0.0069105431
2   9   3   9   0.0040960892
2   9   3   10   -0.0000000000
2   9   4   6   -0.0032101366
2   9   4   7   -0.0000000000
2   9   4   8   -0.0004562306
2   9   4   9   -0.0000000000
2   9   4   10   -0.0083070454
2   9   5   6   -0.0000000000
2   9   5   7   -0.0074428927
2   9   5   8   -0.0000000000
2   9   5   9   -0.0083683998
2   9   5   10   -0.0000000000
2   10   1   6   -0.0249730320
2   10   1   7   -0.0000000000
2   10   1   8   0.0131655722
2   10   1   9   -0.0000000000
2   10   1   10   -0.0126770872
2   10   2   6   -0.0000000000
2   10   2   7   -0.0068299736
2   10   2   8   -0.0000000000
2   10   2   9   -0.0034296181
2   10   2   10   -0.0000000000
2   10   3   6   0.0039772007
2   10   3   7   -0.0000000000
2   10   3   8   -0.0036311983
2   10   3   9   -0.0000000000
2   10   3   10   0.0016745700
2   10   4   6   -0.0000000000
2   10   4   7   -0.0094788693
2   10   4   8   -0.0000000000
2   10   4   9   -0.0082913900
2   10   4   10   -0.0000000000
2   10   5   6   -0.0129993776
2   10   5   7   -0.0000000000
2   10   5   8   -0.0056677379
2   10   5   9   -0.0000000000
2   10   5   10   -0.0170970777
3   6   1   7   -0.0479337497
3   6   1   9   -0.0058027680
3   6   2   6   0.0129530025
3   6   2   7   -0.0000000000
3   6   2   8   -0.0355001764
3   6   2   9   -0.0000000000
3   6   2   10   -0.0226171813
3   6   3   6   -0.0000000000
3   6   3   7   0.0063626054
3   6   3   8   -0.0000000000
3   6   3   9   -0.0098034220
3   6   3   10   -0.0000000000
3   6   4   6   -0.0032237176
3   6   4   7   -0.0000000000
3   6   4   8   -0.0195793898
3   6   4   9   -0.0000000000
3   6   4   10   -0.0167051633
3   6   5   6   -0.0000000000
3   6   5   7   -0.0228431233
3   6   5   8   -0.0000000000
3   6   5   9   -0.0133334653
3   6   5   10   -0.0000000000
3   7   1   6   -0.0456563287
3   7   1   7   -0.0000000000
3   7   1   8   -0.0438727926
3   7   1   10   -0.0231982738
3   7   2   6   -0.0000000000
3   7   2   7   0.0073748873
3   7   2   9   -0.0034228729
3   7   2   10   -0.0000000000
3   7   3   6   0.0069240306
3   7   3   7   -0.0000000000
3   7   3   8   0.0242924444
3   7   3   9   -0.0000000000
3   7   3   10   0.0068824569
3   7   4   6   -0.0000000000
3   7   4   7   -0.0122923509
3   7   4   8   -0.0000000000
3   7   4   9   -0.0006068644
3   7   4   10   -0.0000000000
3   7   5   6   -0.0241931494
3   7   5   7   -0.0000000000
3   7   5   8   -0.0067136604
3   7   5   9   -0.0000000000
3   7   5   10   -0.0111220799
3   8   1   6   -0.0000000000
3   8   1   7   -0.0423961821
3   8   1   8   -0.0000000000
3   8   1   9   -0.0041238125
3   8   1   10   -0.0000000000
3   8   2   6   -0.0334419014
3   8   2   8   0.0348799184
3   8   2   10   0.0138738412
3   8   3   6   -0.0000000000
3   8   3   7   0.0243933356
3   8   3   8   0.0000000000
3   8   3   9   0.0073220636
3   8   3   10   -0.0000000000
3   8   4   6   -0.0212505342
3   8   4   7   -0.0000000000
3   8   4   8   0.0085333085
3   8   4   9   -0.0000000000
3   8   4   10   0.0054694378
3   8   5   6   -0.0000000000
3   8   5   7   -0.0071994822
3   8   5   8   0.0000000000
3   8   5   9   0.0043990083
3   8   5   10   -0.0000000000
3   9   1   6   -0.0057962338
3   9   1   8   -0.0043589918
3   9   1   9   -0.0000000000
3   9   1   10   -0.0471342995
3   9   2   6   -0.0000000000
3   9   2   7   -0.0039322007
3   9   2   8   -0.0000000000
3   9   2   9   0.0169238078
3   9   2   10   -0.0000000000
3   9   3   6   -0.0115890683
3   9   3   7   -0.0000000000
3   9   3   8   0.0074409278
3   9   3   9   -0.0000000000
3   9   3   10   0.0147129310
3   9   4   6   -0.0000000000
3   9   4   7   -0.0004300896
3   9   4   8   -0.0000000000
3   9   4   9   0.0000028750
3   9   4   10   -0.0000000000
3   9   5   6   -0.0142250193
3   9   5   7   -0.0000000000
3   9   5   8   0.0046350584
3   9   5   9   -0.0000000000
3   9   5   10   -0.0081180450
3   10   1   7   -0.0227390093
3   10   1   8   -0.0000000000
3   10   1   9   -0.0467274251
3   10   1   10   -0.0000000000
3   10   2   6   -0.0232877924
3   10   2   7   -0.0000000000
3   10   2   8   0.0133352584
3   10   2   9   -0.0000000000
3   10   2   10   -0.0097313608
3   10   3   6   -0.0000000000
3   10   3   7   0.0059170705
3   10   3   8   -0.0000000000
3   10   3   9   0.0147136783
3   10   3   10   -0.0000000000
3   10   4   6   -0.0171187328
3   10   4   7   -0.0000000000
3   10   4   8   0.0056894406
3   10   4   9   -0.0000000000
3   10   4   10   -0.0075913253
3   10   5   6   -0.0000000000
3   10   5   7   -0.0114353058
3   10   5   8   -0.0000000000
3   10   5   9   -0.0081336392
3   10   5   10   -0.0000000000

End IABC Block
