Number of strings: 3003 3003, CI size = 9018009
String addressing array alpha: 5 15
0 715 1210 1540 1750 1876 1946 1981 1996 2001 2002 2002 2002 2002 2002
0 0 220 385 505 589 645 680 700 710 714 715 715 715 715
0 0 0 55 100 136 164 185 200 210 216 219 220 220 220
0 0 0 0 10 19 27 34 40 45 49 52 54 55 55
0 0 0 0 0 1 2 3 4 5 6 7 8 9 10

Alpha strings 3003 5
1 2 3 4 5
1 2 3 4 6
1 2 3 4 7
1 2 3 4 8
1 2 3 4 9
1 2 3 4 10
1 2 3 4 11
1 2 3 4 12
1 2 3 4 13
1 2 3 4 14
1 2 3 4 15
1 2 3 5 6
1 2 3 5 7
1 2 3 5 8
1 2 3 5 9
1 2 3 5 10
1 2 3 5 11
1 2 3 5 12
1 2 3 5 13
1 2 3 5 14
1 2 3 5 15
1 2 3 6 7
1 2 3 6 8
1 2 3 6 9
1 2 3 6 10
1 2 3 6 11
1 2 3 6 12
1 2 3 6 13
1 2 3 6 14
1 2 3 6 15
1 2 3 7 8
1 2 3 7 9
1 2 3 7 10
1 2 3 7 11
1 2 3 7 12
1 2 3 7 13
1 2 3 7 14
1 2 3 7 15
1 2 3 8 9
1 2 3 8 10
1 2 3 8 11
1 2 3 8 12
1 2 3 8 13
1 2 3 8 14
1 2 3 8 15
1 2 3 9 10
1 2 3 9 11
1 2 3 9 12
1 2 3 9 13
1 2 3 9 14
1 2 3 9 15
1 2 3 10 11
1 2 3 10 12
1 2 3 10 13
1 2 3 10 14
1 2 3 10 15
1 2 3 11 12
1 2 3 11 13
1 2 3 11 14
1 2 3 11 15
1 2 3 12 13
1 2 3 12 14
1 2 3 12 15
1 2 3 13 14
1 2 3 13 15
1 2 3 14 15
1 2 4 5 6
1 2 4 5 7
1 2 4 5 8
1 2 4 5 9
1 2 4 5 10
1 2 4 5 11
1 2 4 5 12
1 2 4 5 13
1 2 4 5 14
1 2 4 5 15
1 2 4 6 7
1 2 4 6 8
1 2 4 6 9
1 2 4 6 10
1 2 4 6 11
1 2 4 6 12
1 2 4 6 13
1 2 4 6 14
1 2 4 6 15
1 2 4 7 8
1 2 4 7 9
1 2 4 7 10
1 2 4 7 11
1 2 4 7 12
1 2 4 7 13
1 2 4 7 14
1 2 4 7 15
1 2 4 8 9
1 2 4 8 10
1 2 4 8 11
1 2 4 8 12
1 2 4 8 13
1 2 4 8 14
1 2 4 8 15
1 2 4 9 10
1 2 4 9 11
1 2 4 9 12
1 2 4 9 13
1 2 4 9 14
1 2 4 9 15
1 2 4 10 11
1 2 4 10 12
1 2 4 10 13
1 2 4 10 14
1 2 4 10 15
1 2 4 11 12
1 2 4 11 13
1 2 4 11 14
1 2 4 11 15
1 2 4 12 13
1 2 4 12 14
1 2 4 12 15
1 2 4 13 14
1 2 4 13 15
1 2 4 14 15
1 2 5 6 7
1 2 5 6 8
1 2 5 6 9
1 2 5 6 10
1 2 5 6 11
1 2 5 6 12
1 2 5 6 13
1 2 5 6 14
1 2 5 6 15
1 2 5 7 8
1 2 5 7 9
1 2 5 7 10
1 2 5 7 11
1 2 5 7 12
1 2 5 7 13
1 2 5 7 14
1 2 5 7 15
1 2 5 8 9
1 2 5 8 10
1 2 5 8 11
1 2 5 8 12
1 2 5 8 13
1 2 5 8 14
1 2 5 8 15
1 2 5 9 10
1 2 5 9 11
1 2 5 9 12
1 2 5 9 13
1 2 5 9 14
1 2 5 9 15
1 2 5 10 11
1 2 5 10 12
1 2 5 10 13
1 2 5 10 14
1 2 5 10 15
1 2 5 11 12
1 2 5 11 13
1 2 5 11 14
1 2 5 11 15
1 2 5 12 13
1 2 5 12 14
1 2 5 12 15
1 2 5 13 14
1 2 5 13 15
1 2 5 14 15
1 2 6 7 8
1 2 6 7 9
1 2 6 7 10
1 2 6 7 11
1 2 6 7 12
1 2 6 7 13
1 2 6 7 14
1 2 6 7 15
1 2 6 8 9
1 2 6 8 10
1 2 6 8 11
1 2 6 8 12
1 2 6 8 13
1 2 6 8 14
1 2 6 8 15
1 2 6 9 10
1 2 6 9 11
1 2 6 9 12
1 2 6 9 13
1 2 6 9 14
1 2 6 9 15
1 2 6 10 11
1 2 6 10 12
1 2 6 10 13
1 2 6 10 14
1 2 6 10 15
1 2 6 11 12
1 2 6 11 13
1 2 6 11 14
1 2 6 11 15
1 2 6 12 13
1 2 6 12 14
1 2 6 12 15
1 2 6 13 14
1 2 6 13 15
1 2 6 14 15
1 2 7 8 9
1 2 7 8 10
1 2 7 8 11
1 2 7 8 12
1 2 7 8 13
1 2 7 8 14
1 2 7 8 15
1 2 7 9 10
1 2 7 9 11
1 2 7 9 12
1 2 7 9 13
1 2 7 9 14
1 2 7 9 15
1 2 7 10 11
1 2 7 10 12
1 2 7 10 13
1 2 7 10 14
1 2 7 10 15
1 2 7 11 12
1 2 7 11 13
1 2 7 11 14
1 2 7 11 15
1 2 7 12 13
1 2 7 12 14
1 2 7 12 15
1 2 7 13 14
1 2 7 13 15
1 2 7 14 15
1 2 8 9 10
1 2 8 9 11
1 2 8 9 12
1 2 8 9 13
1 2 8 9 14
1 2 8 9 15
1 2 8 10 11
1 2 8 10 12
1 2 8 10 13
1 2 8 10 14
1 2 8 10 15
1 2 8 11 12
1 2 8 11 13
1 2 8 11 14
1 2 8 11 15
1 2 8 12 13
1 2 8 12 14
1 2 8 12 15
1 2 8 13 14
1 2 8 13 15
1 2 8 14 15
1 2 9 10 11
1 2 9 10 12
1 2 9 10 13
1 2 9 10 14
1 2 9 10 15
1 2 9 11 12
1 2 9 11 13
1 2 9 11 14
1 2 9 11 15
1 2 9 12 13
1 2 9 12 14
1 2 9 12 15
1 2 9 13 14
1 2 9 13 15
1 2 9 14 15
1 2 10 11 12
1 2 10 11 13
1 2 10 11 14
1 2 10 11 15
1 2 10 12 13
1 2 10 12 14
1 2 10 12 15
1 2 10 13 14
1 2 10 13 15
1 2 10 14 15
1 2 11 12 13
1 2 11 12 14
1 2 11 12 15
1 2 11 13 14
1 2 11 13 15
1 2 11 14 15
1 2 12 13 14
1 2 12 13 15
1 2 12 14 15
1 2 13 14 15
1 3 4 5 6
1 3 4 5 7
1 3 4 5 8
1 3 4 5 9
1 3 4 5 10
1 3 4 5 11
1 3 4 5 12
1 3 4 5 13
1 3 4 5 14
1 3 4 5 15
1 3 4 6 7
1 3 4 6 8
1 3 4 6 9
1 3 4 6 10
1 3 4 6 11
1 3 4 6 12
1 3 4 6 13
1 3 4 6 14
1 3 4 6 15
1 3 4 7 8
1 3 4 7 9
1 3 4 7 10
1 3 4 7 11
1 3 4 7 12
1 3 4 7 13
1 3 4 7 14
1 3 4 7 15
1 3 4 8 9
1 3 4 8 10
1 3 4 8 11
1 3 4 8 12
1 3 4 8 13
1 3 4 8 14
1 3 4 8 15
1 3 4 9 10
1 3 4 9 11
1 3 4 9 12
1 3 4 9 13
1 3 4 9 14
1 3 4 9 15
1 3 4 10 11
1 3 4 10 12
1 3 4 10 13
1 3 4 10 14
1 3 4 10 15
1 3 4 11 12
1 3 4 11 13
1 3 4 11 14
1 3 4 11 15
1 3 4 12 13
1 3 4 12 14
1 3 4 12 15
1 3 4 13 14
1 3 4 13 15
1 3 4 14 15
1 3 5 6 7
1 3 5 6 8
1 3 5 6 9
1 3 5 6 10
1 3 5 6 11
1 3 5 6 12
1 3 5 6 13
1 3 5 6 14
1 3 5 6 15
1 3 5 7 8
1 3 5 7 9
1 3 5 7 10
1 3 5 7 11
1 3 5 7 12
1 3 5 7 13
1 3 5 7 14
1 3 5 7 15
1 3 5 8 9
1 3 5 8 10
1 3 5 8 11
1 3 5 8 12
1 3 5 8 13
1 3 5 8 14
1 3 5 8 15
1 3 5 9 10
1 3 5 9 11
1 3 5 9 12
1 3 5 9 13
1 3 5 9 14
1 3 5 9 15
1 3 5 10 11
1 3 5 10 12
1 3 5 10 13
1 3 5 10 14
1 3 5 10 15
1 3 5 11 12
1 3 5 11 13
1 3 5 11 14
1 3 5 11 15
1 3 5 12 13
1 3 5 12 14
1 3 5 12 15
1 3 5 13 14
1 3 5 13 15
1 3 5 14 15
1 3 6 7 8
1 3 6 7 9
1 3 6 7 10
1 3 6 7 11
1 3 6 7 12
1 3 6 7 13
1 3 6 7 14
1 3 6 7 15
1 3 6 8 9
1 3 6 8 10
1 3 6 8 11
1 3 6 8 12
1 3 6 8 13
1 3 6 8 14
1 3 6 8 15
1 3 6 9 10
1 3 6 9 11
1 3 6 9 12
1 3 6 9 13
1 3 6 9 14
1 3 6 9 15
1 3 6 10 11
1 3 6 10 12
1 3 6 10 13
1 3 6 10 14
1 3 6 10 15
1 3 6 11 12
1 3 6 11 13
1 3 6 11 14
1 3 6 11 15
1 3 6 12 13
1 3 6 12 14
1 3 6 12 15
1 3 6 13 14
1 3 6 13 15
1 3 6 14 15
1 3 7 8 9
1 3 7 8 10
1 3 7 8 11
1 3 7 8 12
1 3 7 8 13
1 3 7 8 14
1 3 7 8 15
1 3 7 9 10
1 3 7 9 11
1 3 7 9 12
1 3 7 9 13
1 3 7 9 14
1 3 7 9 15
1 3 7 10 11
1 3 7 10 12
1 3 7 10 13
1 3 7 10 14
1 3 7 10 15
1 3 7 11 12
1 3 7 11 13
1 3 7 11 14
1 3 7 11 15
1 3 7 12 13
1 3 7 12 14
1 3 7 12 15
1 3 7 13 14
1 3 7 13 15
1 3 7 14 15
1 3 8 9 10
1 3 8 9 11
1 3 8 9 12
1 3 8 9 13
1 3 8 9 14
1 3 8 9 15
1 3 8 10 11
1 3 8 10 12
1 3 8 10 13
1 3 8 10 14
1 3 8 10 15
1 3 8 11 12
1 3 8 11 13
1 3 8 11 14
1 3 8 11 15
1 3 8 12 13
1 3 8 12 14
1 3 8 12 15
1 3 8 13 14
1 3 8 13 15
1 3 8 14 15
1 3 9 10 11
1 3 9 10 12
1 3 9 10 13
1 3 9 10 14
1 3 9 10 15
1 3 9 11 12
1 3 9 11 13
1 3 9 11 14
1 3 9 11 15
1 3 9 12 13
1 3 9 12 14
1 3 9 12 15
1 3 9 13 14
1 3 9 13 15
1 3 9 14 15
1 3 10 11 12
1 3 10 11 13
1 3 10 11 14
1 3 10 11 15
1 3 10 12 13
1 3 10 12 14
1 3 10 12 15
1 3 10 13 14
1 3 10 13 15
1 3 10 14 15
1 3 11 12 13
1 3 11 12 14
1 3 11 12 15
1 3 11 13 14
1 3 11 13 15
1 3 11 14 15
1 3 12 13 14
1 3 12 13 15
1 3 12 14 15
1 3 13 14 15
1 4 5 6 7
1 4 5 6 8
1 4 5 6 9
1 4 5 6 10
1 4 5 6 11
1 4 5 6 12
1 4 5 6 13
1 4 5 6 14
1 4 5 6 15
1 4 5 7 8
1 4 5 7 9
1 4 5 7 10
1 4 5 7 11
1 4 5 7 12
1 4 5 7 13
1 4 5 7 14
1 4 5 7 15
1 4 5 8 9
1 4 5 8 10
1 4 5 8 11
1 4 5 8 12
1 4 5 8 13
1 4 5 8 14
1 4 5 8 15
1 4 5 9 10
1 4 5 9 11
1 4 5 9 12
1 4 5 9 13
1 4 5 9 14
1 4 5 9 15
1 4 5 10 11
1 4 5 10 12
1 4 5 10 13
1 4 5 10 14
1 4 5 10 15
1 4 5 11 12
1 4 5 11 13
1 4 5 11 14
1 4 5 11 15
1 4 5 12 13
1 4 5 12 14
1 4 5 12 15
1 4 5 13 14
1 4 5 13 15
1 4 5 14 15
1 4 6 7 8
1 4 6 7 9
1 4 6 7 10
1 4 6 7 11
1 4 6 7 12
1 4 6 7 13
1 4 6 7 14
1 4 6 7 15
1 4 6 8 9
1 4 6 8 10
1 4 6 8 11
1 4 6 8 12
1 4 6 8 13
1 4 6 8 14
1 4 6 8 15
1 4 6 9 10
1 4 6 9 11
1 4 6 9 12
1 4 6 9 13
1 4 6 9 14
1 4 6 9 15
1 4 6 10 11
1 4 6 10 12
1 4 6 10 13
1 4 6 10 14
1 4 6 10 15
1 4 6 11 12
1 4 6 11 13
1 4 6 11 14
1 4 6 11 15
1 4 6 12 13
1 4 6 12 14
1 4 6 12 15
1 4 6 13 14
1 4 6 13 15
1 4 6 14 15
1 4 7 8 9
1 4 7 8 10
1 4 7 8 11
1 4 7 8 12
1 4 7 8 13
1 4 7 8 14
1 4 7 8 15
1 4 7 9 10
1 4 7 9 11
1 4 7 9 12
1 4 7 9 13
1 4 7 9 14
1 4 7 9 15
1 4 7 10 11
1 4 7 10 12
1 4 7 10 13
1 4 7 10 14
1 4 7 10 15
1 4 7 11 12
1 4 7 11 13
1 4 7 11 14
1 4 7 11 15
1 4 7 12 13
1 4 7 12 14
1 4 7 12 15
1 4 7 13 14
1 4 7 13 15
1 4 7 14 15
1 4 8 9 10
1 4 8 9 11
1 4 8 9 12
1 4 8 9 13
1 4 8 9 14
1 4 8 9 15
1 4 8 10 11
1 4 8 10 12
1 4 8 10 13
1 4 8 10 14
1 4 8 10 15
1 4 8 11 12
1 4 8 11 13
1 4 8 11 14
1 4 8 11 15
1 4 8 12 13
1 4 8 12 14
1 4 8 12 15
1 4 8 13 14
1 4 8 13 15
1 4 8 14 15
1 4 9 10 11
1 4 9 10 12
1 4 9 10 13
1 4 9 10 14
1 4 9 10 15
1 4 9 11 12
1 4 9 11 13
1 4 9 11 14
1 4 9 11 15
1 4 9 12 13
1 4 9 12 14
1 4 9 12 15
1 4 9 13 14
1 4 9 13 15
1 4 9 14 15
1 4 10 11 12
1 4 10 11 13
1 4 10 11 14
1 4 10 11 15
1 4 10 12 13
1 4 10 12 14
1 4 10 12 15
1 4 10 13 14
1 4 10 13 15
1 4 10 14 15
1 4 11 12 13
1 4 11 12 14
1 4 11 12 15
1 4 11 13 14
1 4 11 13 15
1 4 11 14 15
1 4 12 13 14
1 4 12 13 15
1 4 12 14 15
1 4 13 14 15
1 5 6 7 8
1 5 6 7 9
1 5 6 7 10
1 5 6 7 11
1 5 6 7 12
1 5 6 7 13
1 5 6 7 14
1 5 6 7 15
1 5 6 8 9
1 5 6 8 10
1 5 6 8 11
1 5 6 8 12
1 5 6 8 13
1 5 6 8 14
1 5 6 8 15
1 5 6 9 10
1 5 6 9 11
1 5 6 9 12
1 5 6 9 13
1 5 6 9 14
1 5 6 9 15
1 5 6 10 11
1 5 6 10 12
1 5 6 10 13
1 5 6 10 14
1 5 6 10 15
1 5 6 11 12
1 5 6 11 13
1 5 6 11 14
1 5 6 11 15
1 5 6 12 13
1 5 6 12 14
1 5 6 12 15
1 5 6 13 14
1 5 6 13 15
1 5 6 14 15
1 5 7 8 9
1 5 7 8 10
1 5 7 8 11
1 5 7 8 12
1 5 7 8 13
1 5 7 8 14
1 5 7 8 15
1 5 7 9 10
1 5 7 9 11
1 5 7 9 12
1 5 7 9 13
1 5 7 9 14
1 5 7 9 15
1 5 7 10 11
1 5 7 10 12
1 5 7 10 13
1 5 7 10 14
1 5 7 10 15
1 5 7 11 12
1 5 7 11 13
1 5 7 11 14
1 5 7 11 15
1 5 7 12 13
1 5 7 12 14
1 5 7 12 15
1 5 7 13 14
1 5 7 13 15
1 5 7 14 15
1 5 8 9 10
1 5 8 9 11
1 5 8 9 12
1 5 8 9 13
1 5 8 9 14
1 5 8 9 15
1 5 8 10 11
1 5 8 10 12
1 5 8 10 13
1 5 8 10 14
1 5 8 10 15
1 5 8 11 12
1 5 8 11 13
1 5 8 11 14
1 5 8 11 15
1 5 8 12 13
1 5 8 12 14
1 5 8 12 15
1 5 8 13 14
1 5 8 13 15
1 5 8 14 15
1 5 9 10 11
1 5 9 10 12
1 5 9 10 13
1 5 9 10 14
1 5 9 10 15
1 5 9 11 12
1 5 9 11 13
1 5 9 11 14
1 5 9 11 15
1 5 9 12 13
1 5 9 12 14
1 5 9 12 15
1 5 9 13 14
1 5 9 13 15
1 5 9 14 15
1 5 10 11 12
1 5 10 11 13
1 5 10 11 14
1 5 10 11 15
1 5 10 12 13
1 5 10 12 14
1 5 10 12 15
1 5 10 13 14
1 5 10 13 15
1 5 10 14 15
1 5 11 12 13
1 5 11 12 14
1 5 11 12 15
1 5 11 13 14
1 5 11 13 15
1 5 11 14 15
1 5 12 13 14
1 5 12 13 15
1 5 12 14 15
1 5 13 14 15
1 6 7 8 9
1 6 7 8 10
1 6 7 8 11
1 6 7 8 12
1 6 7 8 13
1 6 7 8 14
1 6 7 8 15
1 6 7 9 10
1 6 7 9 11
1 6 7 9 12
1 6 7 9 13
1 6 7 9 14
1 6 7 9 15
1 6 7 10 11
1 6 7 10 12
1 6 7 10 13
1 6 7 10 14
1 6 7 10 15
1 6 7 11 12
1 6 7 11 13
1 6 7 11 14
1 6 7 11 15
1 6 7 12 13
1 6 7 12 14
1 6 7 12 15
1 6 7 13 14
1 6 7 13 15
1 6 7 14 15
1 6 8 9 10
1 6 8 9 11
1 6 8 9 12
1 6 8 9 13
1 6 8 9 14
1 6 8 9 15
1 6 8 10 11
1 6 8 10 12
1 6 8 10 13
1 6 8 10 14
1 6 8 10 15
1 6 8 11 12
1 6 8 11 13
1 6 8 11 14
1 6 8 11 15
1 6 8 12 13
1 6 8 12 14
1 6 8 12 15
1 6 8 13 14
1 6 8 13 15
1 6 8 14 15
1 6 9 10 11
1 6 9 10 12
1 6 9 10 13
1 6 9 10 14
1 6 9 10 15
1 6 9 11 12
1 6 9 11 13
1 6 9 11 14
1 6 9 11 15
1 6 9 12 13
1 6 9 12 14
1 6 9 12 15
1 6 9 13 14
1 6 9 13 15
1 6 9 14 15
1 6 10 11 12
1 6 10 11 13
1 6 10 11 14
1 6 10 11 15
1 6 10 12 13
1 6 10 12 14
1 6 10 12 15
1 6 10 13 14
1 6 10 13 15
1 6 10 14 15
1 6 11 12 13
1 6 11 12 14
1 6 11 12 15
1 6 11 13 14
1 6 11 13 15
1 6 11 14 15
1 6 12 13 14
1 6 12 13 15
1 6 12 14 15
1 6 13 14 15
1 7 8 9 10
1 7 8 9 11
1 7 8 9 12
1 7 8 9 13
1 7 8 9 14
1 7 8 9 15
1 7 8 10 11
1 7 8 10 12
1 7 8 10 13
1 7 8 10 14
1 7 8 10 15
1 7 8 11 12
1 7 8 11 13
1 7 8 11 14
1 7 8 11 15
1 7 8 12 13
1 7 8 12 14
1 7 8 12 15
1 7 8 13 14
1 7 8 13 15
1 7 8 14 15
1 7 9 10 11
1 7 9 10 12
1 7 9 10 13
1 7 9 10 14
1 7 9 10 15
1 7 9 11 12
1 7 9 11 13
1 7 9 11 14
1 7 9 11 15
1 7 9 12 13
1 7 9 12 14
1 7 9 12 15
1 7 9 13 14
1 7 9 13 15
1 7 9 14 15
1 7 10 11 12
1 7 10 11 13
1 7 10 11 14
1 7 10 11 15
1 7 10 12 13
1 7 10 12 14
1 7 10 12 15
1 7 10 13 14
1 7 10 13 15
1 7 10 14 15
1 7 11 12 13
1 7 11 12 14
1 7 11 12 15
1 7 11 13 14
1 7 11 13 15
1 7 11 14 15
1 7 12 13 14
1 7 12 13 15
1 7 12 14 15
1 7 13 14 15
1 8 9 10 11
1 8 9 10 12
1 8 9 10 13
1 8 9 10 14
1 8 9 10 15
1 8 9 11 12
1 8 9 11 13
1 8 9 11 14
1 8 9 11 15
1 8 9 12 13
1 8 9 12 14
1 8 9 12 15
1 8 9 13 14
1 8 9 13 15
1 8 9 14 15
1 8 10 11 12
1 8 10 11 13
1 8 10 11 14
1 8 10 11 15
1 8 10 12 13
1 8 10 12 14
1 8 10 12 15
1 8 10 13 14
1 8 10 13 15
1 8 10 14 15
1 8 11 12 13
1 8 11 12 14
1 8 11 12 15
1 8 11 13 14
1 8 11 13 15
1 8 11 14 15
1 8 12 13 14
1 8 12 13 15
1 8 12 14 15
1 8 13 14 15
1 9 10 11 12
1 9 10 11 13
1 9 10 11 14
1 9 10 11 15
1 9 10 12 13
1 9 10 12 14
1 9 10 12 15
1 9 10 13 14
1 9 10 13 15
1 9 10 14 15
1 9 11 12 13
1 9 11 12 14
1 9 11 12 15
1 9 11 13 14
1 9 11 13 15
1 9 11 14 15
1 9 12 13 14
1 9 12 13 15
1 9 12 14 15
1 9 13 14 15
1 10 11 12 13
1 10 11 12 14
1 10 11 12 15
1 10 11 13 14
1 10 11 13 15
1 10 11 14 15
1 10 12 13 14
1 10 12 13 15
1 10 12 14 15
1 10 13 14 15
1 11 12 13 14
1 11 12 13 15
1 11 12 14 15
1 11 13 14 15
1 12 13 14 15
2 3 4 5 6
2 3 4 5 7
2 3 4 5 8
2 3 4 5 9
2 3 4 5 10
2 3 4 5 11
2 3 4 5 12
2 3 4 5 13
2 3 4 5 14
2 3 4 5 15
2 3 4 6 7
2 3 4 6 8
2 3 4 6 9
2 3 4 6 10
2 3 4 6 11
2 3 4 6 12
2 3 4 6 13
2 3 4 6 14
2 3 4 6 15
2 3 4 7 8
2 3 4 7 9
2 3 4 7 10
2 3 4 7 11
2 3 4 7 12
2 3 4 7 13
2 3 4 7 14
2 3 4 7 15
2 3 4 8 9
2 3 4 8 10
2 3 4 8 11
2 3 4 8 12
2 3 4 8 13
2 3 4 8 14
2 3 4 8 15
2 3 4 9 10
2 3 4 9 11
2 3 4 9 12
2 3 4 9 13
2 3 4 9 14
2 3 4 9 15
2 3 4 10 11
2 3 4 10 12
2 3 4 10 13
2 3 4 10 14
2 3 4 10 15
2 3 4 11 12
2 3 4 11 13
2 3 4 11 14
2 3 4 11 15
2 3 4 12 13
2 3 4 12 14
2 3 4 12 15
2 3 4 13 14
2 3 4 13 15
2 3 4 14 15
2 3 5 6 7
2 3 5 6 8
2 3 5 6 9
2 3 5 6 10
2 3 5 6 11
2 3 5 6 12
2 3 5 6 13
2 3 5 6 14
2 3 5 6 15
2 3 5 7 8
2 3 5 7 9
2 3 5 7 10
2 3 5 7 11
2 3 5 7 12
2 3 5 7 13
2 3 5 7 14
2 3 5 7 15
2 3 5 8 9
2 3 5 8 10
2 3 5 8 11
2 3 5 8 12
2 3 5 8 13
2 3 5 8 14
2 3 5 8 15
2 3 5 9 10
2 3 5 9 11
2 3 5 9 12
2 3 5 9 13
2 3 5 9 14
2 3 5 9 15
2 3 5 10 11
2 3 5 10 12
2 3 5 10 13
2 3 5 10 14
2 3 5 10 15
2 3 5 11 12
2 3 5 11 13
2 3 5 11 14
2 3 5 11 15
2 3 5 12 13
2 3 5 12 14
2 3 5 12 15
2 3 5 13 14
2 3 5 13 15
2 3 5 14 15
2 3 6 7 8
2 3 6 7 9
2 3 6 7 10
2 3 6 7 11
2 3 6 7 12
2 3 6 7 13
2 3 6 7 14
2 3 6 7 15
2 3 6 8 9
2 3 6 8 10
2 3 6 8 11
2 3 6 8 12
2 3 6 8 13
2 3 6 8 14
2 3 6 8 15
2 3 6 9 10
2 3 6 9 11
2 3 6 9 12
2 3 6 9 13
2 3 6 9 14
2 3 6 9 15
2 3 6 10 11
2 3 6 10 12
2 3 6 10 13
2 3 6 10 14
2 3 6 10 15
2 3 6 11 12
2 3 6 11 13
2 3 6 11 14
2 3 6 11 15
2 3 6 12 13
2 3 6 12 14
2 3 6 12 15
2 3 6 13 14
2 3 6 13 15
2 3 6 14 15
2 3 7 8 9
2 3 7 8 10
2 3 7 8 11
2 3 7 8 12
2 3 7 8 13
2 3 7 8 14
2 3 7 8 15
2 3 7 9 10
2 3 7 9 11
2 3 7 9 12
2 3 7 9 13
2 3 7 9 14
2 3 7 9 15
2 3 7 10 11
2 3 7 10 12
2 3 7 10 13
2 3 7 10 14
2 3 7 10 15
2 3 7 11 12
2 3 7 11 13
2 3 7 11 14
2 3 7 11 15
2 3 7 12 13
2 3 7 12 14
2 3 7 12 15
2 3 7 13 14
2 3 7 13 15
2 3 7 14 15
2 3 8 9 10
2 3 8 9 11
2 3 8 9 12
2 3 8 9 13
2 3 8 9 14
2 3 8 9 15
2 3 8 10 11
2 3 8 10 12
2 3 8 10 13
2 3 8 10 14
2 3 8 10 15
2 3 8 11 12
2 3 8 11 13
2 3 8 11 14
2 3 8 11 15
2 3 8 12 13
2 3 8 12 14
2 3 8 12 15
2 3 8 13 14
2 3 8 13 15
2 3 8 14 15
2 3 9 10 11
2 3 9 10 12
2 3 9 10 13
2 3 9 10 14
2 3 9 10 15
2 3 9 11 12
2 3 9 11 13
2 3 9 11 14
2 3 9 11 15
2 3 9 12 13
2 3 9 12 14
2 3 9 12 15
2 3 9 13 14
2 3 9 13 15
2 3 9 14 15
2 3 10 11 12
2 3 10 11 13
2 3 10 11 14
2 3 10 11 15
2 3 10 12 13
2 3 10 12 14
2 3 10 12 15
2 3 10 13 14
2 3 10 13 15
2 3 10 14 15
2 3 11 12 13
2 3 11 12 14
2 3 11 12 15
2 3 11 13 14
2 3 11 13 15
2 3 11 14 15
2 3 12 13 14
2 3 12 13 15
2 3 12 14 15
2 3 13 14 15
2 4 5 6 7
2 4 5 6 8
2 4 5 6 9
2 4 5 6 10
2 4 5 6 11
2 4 5 6 12
2 4 5 6 13
2 4 5 6 14
2 4 5 6 15
2 4 5 7 8
2 4 5 7 9
2 4 5 7 10
2 4 5 7 11
2 4 5 7 12
2 4 5 7 13
2 4 5 7 14
2 4 5 7 15
2 4 5 8 9
2 4 5 8 10
2 4 5 8 11
2 4 5 8 12
2 4 5 8 13
2 4 5 8 14
2 4 5 8 15
2 4 5 9 10
2 4 5 9 11
2 4 5 9 12
2 4 5 9 13
2 4 5 9 14
2 4 5 9 15
2 4 5 10 11
2 4 5 10 12
2 4 5 10 13
2 4 5 10 14
2 4 5 10 15
2 4 5 11 12
2 4 5 11 13
2 4 5 11 14
2 4 5 11 15
2 4 5 12 13
2 4 5 12 14
2 4 5 12 15
2 4 5 13 14
2 4 5 13 15
2 4 5 14 15
2 4 6 7 8
2 4 6 7 9
2 4 6 7 10
2 4 6 7 11
2 4 6 7 12
2 4 6 7 13
2 4 6 7 14
2 4 6 7 15
2 4 6 8 9
2 4 6 8 10
2 4 6 8 11
2 4 6 8 12
2 4 6 8 13
2 4 6 8 14
2 4 6 8 15
2 4 6 9 10
2 4 6 9 11
2 4 6 9 12
2 4 6 9 13
2 4 6 9 14
2 4 6 9 15
2 4 6 10 11
2 4 6 10 12
2 4 6 10 13
2 4 6 10 14
2 4 6 10 15
2 4 6 11 12
2 4 6 11 13
2 4 6 11 14
2 4 6 11 15
2 4 6 12 13
2 4 6 12 14
2 4 6 12 15
2 4 6 13 14
2 4 6 13 15
2 4 6 14 15
2 4 7 8 9
2 4 7 8 10
2 4 7 8 11
2 4 7 8 12
2 4 7 8 13
2 4 7 8 14
2 4 7 8 15
2 4 7 9 10
2 4 7 9 11
2 4 7 9 12
2 4 7 9 13
2 4 7 9 14
2 4 7 9 15
2 4 7 10 11
2 4 7 10 12
2 4 7 10 13
2 4 7 10 14
2 4 7 10 15
2 4 7 11 12
2 4 7 11 13
2 4 7 11 14
2 4 7 11 15
2 4 7 12 13
2 4 7 12 14
2 4 7 12 15
2 4 7 13 14
2 4 7 13 15
2 4 7 14 15
2 4 8 9 10
2 4 8 9 11
2 4 8 9 12
2 4 8 9 13
2 4 8 9 14
2 4 8 9 15
2 4 8 10 11
2 4 8 10 12
2 4 8 10 13
2 4 8 10 14
2 4 8 10 15
2 4 8 11 12
2 4 8 11 13
2 4 8 11 14
2 4 8 11 15
2 4 8 12 13
2 4 8 12 14
2 4 8 12 15
2 4 8 13 14
2 4 8 13 15
2 4 8 14 15
2 4 9 10 11
2 4 9 10 12
2 4 9 10 13
2 4 9 10 14
2 4 9 10 15
2 4 9 11 12
2 4 9 11 13
2 4 9 11 14
2 4 9 11 15
2 4 9 12 13
2 4 9 12 14
2 4 9 12 15
2 4 9 13 14
2 4 9 13 15
2 4 9 14 15
2 4 10 11 12
2 4 10 11 13
2 4 10 11 14
2 4 10 11 15
2 4 10 12 13
2 4 10 12 14
2 4 10 12 15
2 4 10 13 14
2 4 10 13 15
2 4 10 14 15
2 4 11 12 13
2 4 11 12 14
2 4 11 12 15
2 4 11 13 14
2 4 11 13 15
2 4 11 14 15
2 4 12 13 14
2 4 12 13 15
2 4 12 14 15
2 4 13 14 15
2 5 6 7 8
2 5 6 7 9
2 5 6 7 10
2 5 6 7 11
2 5 6 7 12
2 5 6 7 13
2 5 6 7 14
2 5 6 7 15
2 5 6 8 9
2 5 6 8 10
2 5 6 8 11
2 5 6 8 12
2 5 6 8 13
2 5 6 8 14
2 5 6 8 15
2 5 6 9 10
2 5 6 9 11
2 5 6 9 12
2 5 6 9 13
2 5 6 9 14
2 5 6 9 15
2 5 6 10 11
2 5 6 10 12
2 5 6 10 13
2 5 6 10 14
2 5 6 10 15
2 5 6 11 12
2 5 6 11 13
2 5 6 11 14
2 5 6 11 15
2 5 6 12 13
2 5 6 12 14
2 5 6 12 15
2 5 6 13 14
2 5 6 13 15
2 5 6 14 15
2 5 7 8 9
2 5 7 8 10
2 5 7 8 11
2 5 7 8 12
2 5 7 8 13
2 5 7 8 14
2 5 7 8 15
2 5 7 9 10
2 5 7 9 11
2 5 7 9 12
2 5 7 9 13
2 5 7 9 14
2 5 7 9 15
2 5 7 10 11
2 5 7 10 12
2 5 7 10 13
2 5 7 10 14
2 5 7 10 15
2 5 7 11 12
2 5 7 11 13
2 5 7 11 14
2 5 7 11 15
2 5 7 12 13
2 5 7 12 14
2 5 7 12 15
2 5 7 13 14
2 5 7 13 15
2 5 7 14 15
2 5 8 9 10
2 5 8 9 11
2 5 8 9 12
2 5 8 9 13
2 5 8 9 14
2 5 8 9 15
2 5 8 10 11
2 5 8 10 12
2 5 8 10 13
2 5 8 10 14
2 5 8 10 15
2 5 8 11 12
2 5 8 11 13
2 5 8 11 14
2 5 8 11 15
2 5 8 12 13
2 5 8 12 14
2 5 8 12 15
2 5 8 13 14
2 5 8 13 15
2 5 8 14 15
2 5 9 10 11
2 5 9 10 12
2 5 9 10 13
2 5 9 10 14
2 5 9 10 15
2 5 9 11 12
2 5 9 11 13
2 5 9 11 14
2 5 9 11 15
2 5 9 12 13
2 5 9 12 14
2 5 9 12 15
2 5 9 13 14
2 5 9 13 15
2 5 9 14 15
2 5 10 11 12
2 5 10 11 13
2 5 10 11 14
2 5 10 11 15
2 5 10 12 13
2 5 10 12 14
2 5 10 12 15
2 5 10 13 14
2 5 10 13 15
2 5 10 14 15
2 5 11 12 13
2 5 11 12 14
2 5 11 12 15
2 5 11 13 14
2 5 11 13 15
2 5 11 14 15
2 5 12 13 14
2 5 12 13 15
2 5 12 14 15
2 5 13 14 15
2 6 7 8 9
2 6 7 8 10
2 6 7 8 11
2 6 7 8 12
2 6 7 8 13
2 6 7 8 14
2 6 7 8 15
2 6 7 9 10
2 6 7 9 11
2 6 7 9 12
2 6 7 9 13
2 6 7 9 14
2 6 7 9 15
2 6 7 10 11
2 6 7 10 12
2 6 7 10 13
2 6 7 10 14
2 6 7 10 15
2 6 7 11 12
2 6 7 11 13
2 6 7 11 14
2 6 7 11 15
2 6 7 12 13
2 6 7 12 14
2 6 7 12 15
2 6 7 13 14
2 6 7 13 15
2 6 7 14 15
2 6 8 9 10
2 6 8 9 11
2 6 8 9 12
2 6 8 9 13
2 6 8 9 14
2 6 8 9 15
2 6 8 10 11
2 6 8 10 12
2 6 8 10 13
2 6 8 10 14
2 6 8 10 15
2 6 8 11 12
2 6 8 11 13
2 6 8 11 14
2 6 8 11 15
2 6 8 12 13
2 6 8 12 14
2 6 8 12 15
2 6 8 13 14
2 6 8 13 15
2 6 8 14 15
2 6 9 10 11
2 6 9 10 12
2 6 9 10 13
2 6 9 10 14
2 6 9 10 15
2 6 9 11 12
2 6 9 11 13
2 6 9 11 14
2 6 9 11 15
2 6 9 12 13
2 6 9 12 14
2 6 9 12 15
2 6 9 13 14
2 6 9 13 15
2 6 9 14 15
2 6 10 11 12
2 6 10 11 13
2 6 10 11 14
2 6 10 11 15
2 6 10 12 13
2 6 10 12 14
2 6 10 12 15
2 6 10 13 14
2 6 10 13 15
2 6 10 14 15
2 6 11 12 13
2 6 11 12 14
2 6 11 12 15
2 6 11 13 14
2 6 11 13 15
2 6 11 14 15
2 6 12 13 14
2 6 12 13 15
2 6 12 14 15
2 6 13 14 15
2 7 8 9 10
2 7 8 9 11
2 7 8 9 12
2 7 8 9 13
2 7 8 9 14
2 7 8 9 15
2 7 8 10 11
2 7 8 10 12
2 7 8 10 13
2 7 8 10 14
2 7 8 10 15
2 7 8 11 12
2 7 8 11 13
2 7 8 11 14
2 7 8 11 15
2 7 8 12 13
2 7 8 12 14
2 7 8 12 15
2 7 8 13 14
2 7 8 13 15
2 7 8 14 15
2 7 9 10 11
2 7 9 10 12
2 7 9 10 13
2 7 9 10 14
2 7 9 10 15
2 7 9 11 12
2 7 9 11 13
2 7 9 11 14
2 7 9 11 15
2 7 9 12 13
2 7 9 12 14
2 7 9 12 15
2 7 9 13 14
2 7 9 13 15
2 7 9 14 15
2 7 10 11 12
2 7 10 11 13
2 7 10 11 14
2 7 10 11 15
2 7 10 12 13
2 7 10 12 14
2 7 10 12 15
2 7 10 13 14
2 7 10 13 15
2 7 10 14 15
2 7 11 12 13
2 7 11 12 14
2 7 11 12 15
2 7 11 13 14
2 7 11 13 15
2 7 11 14 15
2 7 12 13 14
2 7 12 13 15
2 7 12 14 15
2 7 13 14 15
2 8 9 10 11
2 8 9 10 12
2 8 9 10 13
2 8 9 10 14
2 8 9 10 15
2 8 9 11 12
2 8 9 11 13
2 8 9 11 14
2 8 9 11 15
2 8 9 12 13
2 8 9 12 14
2 8 9 12 15
2 8 9 13 14
2 8 9 13 15
2 8 9 14 15
2 8 10 11 12
2 8 10 11 13
2 8 10 11 14
2 8 10 11 15
2 8 10 12 13
2 8 10 12 14
2 8 10 12 15
2 8 10 13 14
2 8 10 13 15
2 8 10 14 15
2 8 11 12 13
2 8 11 12 14
2 8 11 12 15
2 8 11 13 14
2 8 11 13 15
2 8 11 14 15
2 8 12 13 14
2 8 12 13 15
2 8 12 14 15
2 8 13 14 15
2 9 10 11 12
2 9 10 11 13
2 9 10 11 14
2 9 10 11 15
2 9 10 12 13
2 9 10 12 14
2 9 10 12 15
2 9 10 13 14
2 9 10 13 15
2 9 10 14 15
2 9 11 12 13
2 9 11 12 14
2 9 11 12 15
2 9 11 13 14
2 9 11 13 15
2 9 11 14 15
2 9 12 13 14
2 9 12 13 15
2 9 12 14 15
2 9 13 14 15
2 10 11 12 13
2 10 11 12 14
2 10 11 12 15
2 10 11 13 14
2 10 11 13 15
2 10 11 14 15
2 10 12 13 14
2 10 12 13 15
2 10 12 14 15
2 10 13 14 15
2 11 12 13 14
2 11 12 13 15
2 11 12 14 15
2 11 13 14 15
2 12 13 14 15
3 4 5 6 7
3 4 5 6 8
3 4 5 6 9
3 4 5 6 10
3 4 5 6 11
3 4 5 6 12
3 4 5 6 13
3 4 5 6 14
3 4 5 6 15
3 4 5 7 8
3 4 5 7 9
3 4 5 7 10
3 4 5 7 11
3 4 5 7 12
3 4 5 7 13
3 4 5 7 14
3 4 5 7 15
3 4 5 8 9
3 4 5 8 10
3 4 5 8 11
3 4 5 8 12
3 4 5 8 13
3 4 5 8 14
3 4 5 8 15
3 4 5 9 10
3 4 5 9 11
3 4 5 9 12
3 4 5 9 13
3 4 5 9 14
3 4 5 9 15
3 4 5 10 11
3 4 5 10 12
3 4 5 10 13
3 4 5 10 14
3 4 5 10 15
3 4 5 11 12
3 4 5 11 13
3 4 5 11 14
3 4 5 11 15
3 4 5 12 13
3 4 5 12 14
3 4 5 12 15
3 4 5 13 14
3 4 5 13 15
3 4 5 14 15
3 4 6 7 8
3 4 6 7 9
3 4 6 7 10
3 4 6 7 11
3 4 6 7 12
3 4 6 7 13
3 4 6 7 14
3 4 6 7 15
3 4 6 8 9
3 4 6 8 10
3 4 6 8 11
3 4 6 8 12
3 4 6 8 13
3 4 6 8 14
3 4 6 8 15
3 4 6 9 10
3 4 6 9 11
3 4 6 9 12
3 4 6 9 13
3 4 6 9 14
3 4 6 9 15
3 4 6 10 11
3 4 6 10 12
3 4 6 10 13
3 4 6 10 14
3 4 6 10 15
3 4 6 11 12
3 4 6 11 13
3 4 6 11 14
3 4 6 11 15
3 4 6 12 13
3 4 6 12 14
3 4 6 12 15
3 4 6 13 14
3 4 6 13 15
3 4 6 14 15
3 4 7 8 9
3 4 7 8 10
3 4 7 8 11
3 4 7 8 12
3 4 7 8 13
3 4 7 8 14
3 4 7 8 15
3 4 7 9 10
3 4 7 9 11
3 4 7 9 12
3 4 7 9 13
3 4 7 9 14
3 4 7 9 15
3 4 7 10 11
3 4 7 10 12
3 4 7 10 13
3 4 7 10 14
3 4 7 10 15
3 4 7 11 12
3 4 7 11 13
3 4 7 11 14
3 4 7 11 15
3 4 7 12 13
3 4 7 12 14
3 4 7 12 15
3 4 7 13 14
3 4 7 13 15
3 4 7 14 15
3 4 8 9 10
3 4 8 9 11
3 4 8 9 12
3 4 8 9 13
3 4 8 9 14
3 4 8 9 15
3 4 8 10 11
3 4 8 10 12
3 4 8 10 13
3 4 8 10 14
3 4 8 10 15
3 4 8 11 12
3 4 8 11 13
3 4 8 11 14
3 4 8 11 15
3 4 8 12 13
3 4 8 12 14
3 4 8 12 15
3 4 8 13 14
3 4 8 13 15
3 4 8 14 15
3 4 9 10 11
3 4 9 10 12
3 4 9 10 13
3 4 9 10 14
3 4 9 10 15
3 4 9 11 12
3 4 9 11 13
3 4 9 11 14
3 4 9 11 15
3 4 9 12 13
3 4 9 12 14
3 4 9 12 15
3 4 9 13 14
3 4 9 13 15
3 4 9 14 15
3 4 10 11 12
3 4 10 11 13
3 4 10 11 14
3 4 10 11 15
3 4 10 12 13
3 4 10 12 14
3 4 10 12 15
3 4 10 13 14
3 4 10 13 15
3 4 10 14 15
3 4 11 12 13
3 4 11 12 14
3 4 11 12 15
3 4 11 13 14
3 4 11 13 15
3 4 11 14 15
3 4 12 13 14
3 4 12 13 15
3 4 12 14 15
3 4 13 14 15
3 5 6 7 8
3 5 6 7 9
3 5 6 7 10
3 5 6 7 11
3 5 6 7 12
3 5 6 7 13
3 5 6 7 14
3 5 6 7 15
3 5 6 8 9
3 5 6 8 10
3 5 6 8 11
3 5 6 8 12
3 5 6 8 13
3 5 6 8 14
3 5 6 8 15
3 5 6 9 10
3 5 6 9 11
3 5 6 9 12
3 5 6 9 13
3 5 6 9 14
3 5 6 9 15
3 5 6 10 11
3 5 6 10 12
3 5 6 10 13
3 5 6 10 14
3 5 6 10 15
3 5 6 11 12
3 5 6 11 13
3 5 6 11 14
3 5 6 11 15
3 5 6 12 13
3 5 6 12 14
3 5 6 12 15
3 5 6 13 14
3 5 6 13 15
3 5 6 14 15
3 5 7 8 9
3 5 7 8 10
3 5 7 8 11
3 5 7 8 12
3 5 7 8 13
3 5 7 8 14
3 5 7 8 15
3 5 7 9 10
3 5 7 9 11
3 5 7 9 12
3 5 7 9 13
3 5 7 9 14
3 5 7 9 15
3 5 7 10 11
3 5 7 10 12
3 5 7 10 13
3 5 7 10 14
3 5 7 10 15
3 5 7 11 12
3 5 7 11 13
3 5 7 11 14
3 5 7 11 15
3 5 7 12 13
3 5 7 12 14
3 5 7 12 15
3 5 7 13 14
3 5 7 13 15
3 5 7 14 15
3 5 8 9 10
3 5 8 9 11
3 5 8 9 12
3 5 8 9 13
3 5 8 9 14
3 5 8 9 15
3 5 8 10 11
3 5 8 10 12
3 5 8 10 13
3 5 8 10 14
3 5 8 10 15
3 5 8 11 12
3 5 8 11 13
3 5 8 11 14
3 5 8 11 15
3 5 8 12 13
3 5 8 12 14
3 5 8 12 15
3 5 8 13 14
3 5 8 13 15
3 5 8 14 15
3 5 9 10 11
3 5 9 10 12
3 5 9 10 13
3 5 9 10 14
3 5 9 10 15
3 5 9 11 12
3 5 9 11 13
3 5 9 11 14
3 5 9 11 15
3 5 9 12 13
3 5 9 12 14
3 5 9 12 15
3 5 9 13 14
3 5 9 13 15
3 5 9 14 15
3 5 10 11 12
3 5 10 11 13
3 5 10 11 14
3 5 10 11 15
3 5 10 12 13
3 5 10 12 14
3 5 10 12 15
3 5 10 13 14
3 5 10 13 15
3 5 10 14 15
3 5 11 12 13
3 5 11 12 14
3 5 11 12 15
3 5 11 13 14
3 5 11 13 15
3 5 11 14 15
3 5 12 13 14
3 5 12 13 15
3 5 12 14 15
3 5 13 14 15
3 6 7 8 9
3 6 7 8 10
3 6 7 8 11
3 6 7 8 12
3 6 7 8 13
3 6 7 8 14
3 6 7 8 15
3 6 7 9 10
3 6 7 9 11
3 6 7 9 12
3 6 7 9 13
3 6 7 9 14
3 6 7 9 15
3 6 7 10 11
3 6 7 10 12
3 6 7 10 13
3 6 7 10 14
3 6 7 10 15
3 6 7 11 12
3 6 7 11 13
3 6 7 11 14
3 6 7 11 15
3 6 7 12 13
3 6 7 12 14
3 6 7 12 15
3 6 7 13 14
3 6 7 13 15
3 6 7 14 15
3 6 8 9 10
3 6 8 9 11
3 6 8 9 12
3 6 8 9 13
3 6 8 9 14
3 6 8 9 15
3 6 8 10 11
3 6 8 10 12
3 6 8 10 13
3 6 8 10 14
3 6 8 10 15
3 6 8 11 12
3 6 8 11 13
3 6 8 11 14
3 6 8 11 15
3 6 8 12 13
3 6 8 12 14
3 6 8 12 15
3 6 8 13 14
3 6 8 13 15
3 6 8 14 15
3 6 9 10 11
3 6 9 10 12
3 6 9 10 13
3 6 9 10 14
3 6 9 10 15
3 6 9 11 12
3 6 9 11 13
3 6 9 11 14
3 6 9 11 15
3 6 9 12 13
3 6 9 12 14
3 6 9 12 15
3 6 9 13 14
3 6 9 13 15
3 6 9 14 15
3 6 10 11 12
3 6 10 11 13
3 6 10 11 14
3 6 10 11 15
3 6 10 12 13
3 6 10 12 14
3 6 10 12 15
3 6 10 13 14
3 6 10 13 15
3 6 10 14 15
3 6 11 12 13
3 6 11 12 14
3 6 11 12 15
3 6 11 13 14
3 6 11 13 15
3 6 11 14 15
3 6 12 13 14
3 6 12 13 15
3 6 12 14 15
3 6 13 14 15
3 7 8 9 10
3 7 8 9 11
3 7 8 9 12
3 7 8 9 13
3 7 8 9 14
3 7 8 9 15
3 7 8 10 11
3 7 8 10 12
3 7 8 10 13
3 7 8 10 14
3 7 8 10 15
3 7 8 11 12
3 7 8 11 13
3 7 8 11 14
3 7 8 11 15
3 7 8 12 13
3 7 8 12 14
3 7 8 12 15
3 7 8 13 14
3 7 8 13 15
3 7 8 14 15
3 7 9 10 11
3 7 9 10 12
3 7 9 10 13
3 7 9 10 14
3 7 9 10 15
3 7 9 11 12
3 7 9 11 13
3 7 9 11 14
3 7 9 11 15
3 7 9 12 13
3 7 9 12 14
3 7 9 12 15
3 7 9 13 14
3 7 9 13 15
3 7 9 14 15
3 7 10 11 12
3 7 10 11 13
3 7 10 11 14
3 7 10 11 15
3 7 10 12 13
3 7 10 12 14
3 7 10 12 15
3 7 10 13 14
3 7 10 13 15
3 7 10 14 15
3 7 11 12 13
3 7 11 12 14
3 7 11 12 15
3 7 11 13 14
3 7 11 13 15
3 7 11 14 15
3 7 12 13 14
3 7 12 13 15
3 7 12 14 15
3 7 13 14 15
3 8 9 10 11
3 8 9 10 12
3 8 9 10 13
3 8 9 10 14
3 8 9 10 15
3 8 9 11 12
3 8 9 11 13
3 8 9 11 14
3 8 9 11 15
3 8 9 12 13
3 8 9 12 14
3 8 9 12 15
3 8 9 13 14
3 8 9 13 15
3 8 9 14 15
3 8 10 11 12
3 8 10 11 13
3 8 10 11 14
3 8 10 11 15
3 8 10 12 13
3 8 10 12 14
3 8 10 12 15
3 8 10 13 14
3 8 10 13 15
3 8 10 14 15
3 8 11 12 13
3 8 11 12 14
3 8 11 12 15
3 8 11 13 14
3 8 11 13 15
3 8 11 14 15
3 8 12 13 14
3 8 12 13 15
3 8 12 14 15
3 8 13 14 15
3 9 10 11 12
3 9 10 11 13
3 9 10 11 14
3 9 10 11 15
3 9 10 12 13
3 9 10 12 14
3 9 10 12 15
3 9 10 13 14
3 9 10 13 15
3 9 10 14 15
3 9 11 12 13
3 9 11 12 14
3 9 11 12 15
3 9 11 13 14
3 9 11 13 15
3 9 11 14 15
3 9 12 13 14
3 9 12 13 15
3 9 12 14 15
3 9 13 14 15
3 10 11 12 13
3 10 11 12 14
3 10 11 12 15
3 10 11 13 14
3 10 11 13 15
3 10 11 14 15
3 10 12 13 14
3 10 12 13 15
3 10 12 14 15
3 10 13 14 15
3 11 12 13 14
3 11 12 13 15
3 11 12 14 15
3 11 13 14 15
3 12 13 14 15
4 5 6 7 8
4 5 6 7 9
4 5 6 7 10
4 5 6 7 11
4 5 6 7 12
4 5 6 7 13
4 5 6 7 14
4 5 6 7 15
4 5 6 8 9
4 5 6 8 10
4 5 6 8 11
4 5 6 8 12
4 5 6 8 13
4 5 6 8 14
4 5 6 8 15
4 5 6 9 10
4 5 6 9 11
4 5 6 9 12
4 5 6 9 13
4 5 6 9 14
4 5 6 9 15
4 5 6 10 11
4 5 6 10 12
4 5 6 10 13
4 5 6 10 14
4 5 6 10 15
4 5 6 11 12
4 5 6 11 13
4 5 6 11 14
4 5 6 11 15
4 5 6 12 13
4 5 6 12 14
4 5 6 12 15
4 5 6 13 14
4 5 6 13 15
4 5 6 14 15
4 5 7 8 9
4 5 7 8 10
4 5 7 8 11
4 5 7 8 12
4 5 7 8 13
4 5 7 8 14
4 5 7 8 15
4 5 7 9 10
4 5 7 9 11
4 5 7 9 12
4 5 7 9 13
4 5 7 9 14
4 5 7 9 15
4 5 7 10 11
4 5 7 10 12
4 5 7 10 13
4 5 7 10 14
4 5 7 10 15
4 5 7 11 12
4 5 7 11 13
4 5 7 11 14
4 5 7 11 15
4 5 7 12 13
4 5 7 12 14
4 5 7 12 15
4 5 7 13 14
4 5 7 13 15
4 5 7 14 15
4 5 8 9 10
4 5 8 9 11
4 5 8 9 12
4 5 8 9 13
4 5 8 9 14
4 5 8 9 15
4 5 8 10 11
4 5 8 10 12
4 5 8 10 13
4 5 8 10 14
4 5 8 10 15
4 5 8 11 12
4 5 8 11 13
4 5 8 11 14
4 5 8 11 15
4 5 8 12 13
4 5 8 12 14
4 5 8 12 15
4 5 8 13 14
4 5 8 13 15
4 5 8 14 15
4 5 9 10 11
4 5 9 10 12
4 5 9 10 13
4 5 9 10 14
4 5 9 10 15
4 5 9 11 12
4 5 9 11 13
4 5 9 11 14
4 5 9 11 15
4 5 9 12 13
4 5 9 12 14
4 5 9 12 15
4 5 9 13 14
4 5 9 13 15
4 5 9 14 15
4 5 10 11 12
4 5 10 11 13
4 5 10 11 14
4 5 10 11 15
4 5 10 12 13
4 5 10 12 14
4 5 10 12 15
4 5 10 13 14
4 5 10 13 15
4 5 10 14 15
4 5 11 12 13
4 5 11 12 14
4 5 11 12 15
4 5 11 13 14
4 5 11 13 15
4 5 11 14 15
4 5 12 13 14
4 5 12 13 15
4 5 12 14 15
4 5 13 14 15
4 6 7 8 9
4 6 7 8 10
4 6 7 8 11
4 6 7 8 12
4 6 7 8 13
4 6 7 8 14
4 6 7 8 15
4 6 7 9 10
4 6 7 9 11
4 6 7 9 12
4 6 7 9 13
4 6 7 9 14
4 6 7 9 15
4 6 7 10 11
4 6 7 10 12
4 6 7 10 13
4 6 7 10 14
4 6 7 10 15
4 6 7 11 12
4 6 7 11 13
4 6 7 11 14
4 6 7 11 15
4 6 7 12 13
4 6 7 12 14
4 6 7 12 15
4 6 7 13 14
4 6 7 13 15
4 6 7 14 15
4 6 8 9 10
4 6 8 9 11
4 6 8 9 12
4 6 8 9 13
4 6 8 9 14
4 6 8 9 15
4 6 8 10 11
4 6 8 10 12
4 6 8 10 13
4 6 8 10 14
4 6 8 10 15
4 6 8 11 12
4 6 8 11 13
4 6 8 11 14
4 6 8 11 15
4 6 8 12 13
4 6 8 12 14
4 6 8 12 15
4 6 8 13 14
4 6 8 13 15
4 6 8 14 15
4 6 9 10 11
4 6 9 10 12
4 6 9 10 13
4 6 9 10 14
4 6 9 10 15
4 6 9 11 12
4 6 9 11 13
4 6 9 11 14
4 6 9 11 15
4 6 9 12 13
4 6 9 12 14
4 6 9 12 15
4 6 9 13 14
4 6 9 13 15
4 6 9 14 15
4 6 10 11 12
4 6 10 11 13
4 6 10 11 14
4 6 10 11 15
4 6 10 12 13
4 6 10 12 14
4 6 10 12 15
4 6 10 13 14
4 6 10 13 15
4 6 10 14 15
4 6 11 12 13
4 6 11 12 14
4 6 11 12 15
4 6 11 13 14
4 6 11 13 15
4 6 11 14 15
4 6 12 13 14
4 6 12 13 15
4 6 12 14 15
4 6 13 14 15
4 7 8 9 10
4 7 8 9 11
4 7 8 9 12
4 7 8 9 13
4 7 8 9 14
4 7 8 9 15
4 7 8 10 11
4 7 8 10 12
4 7 8 10 13
4 7 8 10 14
4 7 8 10 15
4 7 8 11 12
4 7 8 11 13
4 7 8 11 14
4 7 8 11 15
4 7 8 12 13
4 7 8 12 14
4 7 8 12 15
4 7 8 13 14
4 7 8 13 15
4 7 8 14 15
4 7 9 10 11
4 7 9 10 12
4 7 9 10 13
4 7 9 10 14
4 7 9 10 15
4 7 9 11 12
4 7 9 11 13
4 7 9 11 14
4 7 9 11 15
4 7 9 12 13
4 7 9 12 14
4 7 9 12 15
4 7 9 13 14
4 7 9 13 15
4 7 9 14 15
4 7 10 11 12
4 7 10 11 13
4 7 10 11 14
4 7 10 11 15
4 7 10 12 13
4 7 10 12 14
4 7 10 12 15
4 7 10 13 14
4 7 10 13 15
4 7 10 14 15
4 7 11 12 13
4 7 11 12 14
4 7 11 12 15
4 7 11 13 14
4 7 11 13 15
4 7 11 14 15
4 7 12 13 14
4 7 12 13 15
4 7 12 14 15
4 7 13 14 15
4 8 9 10 11
4 8 9 10 12
4 8 9 10 13
4 8 9 10 14
4 8 9 10 15
4 8 9 11 12
4 8 9 11 13
4 8 9 11 14
4 8 9 11 15
4 8 9 12 13
4 8 9 12 14
4 8 9 12 15
4 8 9 13 14
4 8 9 13 15
4 8 9 14 15
4 8 10 11 12
4 8 10 11 13
4 8 10 11 14
4 8 10 11 15
4 8 10 12 13
4 8 10 12 14
4 8 10 12 15
4 8 10 13 14
4 8 10 13 15
4 8 10 14 15
4 8 11 12 13
4 8 11 12 14
4 8 11 12 15
4 8 11 13 14
4 8 11 13 15
4 8 11 14 15
4 8 12 13 14
4 8 12 13 15
4 8 12 14 15
4 8 13 14 15
4 9 10 11 12
4 9 10 11 13
4 9 10 11 14
4 9 10 11 15
4 9 10 12 13
4 9 10 12 14
4 9 10 12 15
4 9 10 13 14
4 9 10 13 15
4 9 10 14 15
4 9 11 12 13
4 9 11 12 14
4 9 11 12 15
4 9 11 13 14
4 9 11 13 15
4 9 11 14 15
4 9 12 13 14
4 9 12 13 15
4 9 12 14 15
4 9 13 14 15
4 10 11 12 13
4 10 11 12 14
4 10 11 12 15
4 10 11 13 14
4 10 11 13 15
4 10 11 14 15
4 10 12 13 14
4 10 12 13 15
4 10 12 14 15
4 10 13 14 15
4 11 12 13 14
4 11 12 13 15
4 11 12 14 15
4 11 13 14 15
4 12 13 14 15
5 6 7 8 9
5 6 7 8 10
5 6 7 8 11
5 6 7 8 12
5 6 7 8 13
5 6 7 8 14
5 6 7 8 15
5 6 7 9 10
5 6 7 9 11
5 6 7 9 12
5 6 7 9 13
5 6 7 9 14
5 6 7 9 15
5 6 7 10 11
5 6 7 10 12
5 6 7 10 13
5 6 7 10 14
5 6 7 10 15
5 6 7 11 12
5 6 7 11 13
5 6 7 11 14
5 6 7 11 15
5 6 7 12 13
5 6 7 12 14
5 6 7 12 15
5 6 7 13 14
5 6 7 13 15
5 6 7 14 15
5 6 8 9 10
5 6 8 9 11
5 6 8 9 12
5 6 8 9 13
5 6 8 9 14
5 6 8 9 15
5 6 8 10 11
5 6 8 10 12
5 6 8 10 13
5 6 8 10 14
5 6 8 10 15
5 6 8 11 12
5 6 8 11 13
5 6 8 11 14
5 6 8 11 15
5 6 8 12 13
5 6 8 12 14
5 6 8 12 15
5 6 8 13 14
5 6 8 13 15
5 6 8 14 15
5 6 9 10 11
5 6 9 10 12
5 6 9 10 13
5 6 9 10 14
5 6 9 10 15
5 6 9 11 12
5 6 9 11 13
5 6 9 11 14
5 6 9 11 15
5 6 9 12 13
5 6 9 12 14
5 6 9 12 15
5 6 9 13 14
5 6 9 13 15
5 6 9 14 15
5 6 10 11 12
5 6 10 11 13
5 6 10 11 14
5 6 10 11 15
5 6 10 12 13
5 6 10 12 14
5 6 10 12 15
5 6 10 13 14
5 6 10 13 15
5 6 10 14 15
5 6 11 12 13
5 6 11 12 14
5 6 11 12 15
5 6 11 13 14
5 6 11 13 15
5 6 11 14 15
5 6 12 13 14
5 6 12 13 15
5 6 12 14 15
5 6 13 14 15
5 7 8 9 10
5 7 8 9 11
5 7 8 9 12
5 7 8 9 13
5 7 8 9 14
5 7 8 9 15
5 7 8 10 11
5 7 8 10 12
5 7 8 10 13
5 7 8 10 14
5 7 8 10 15
5 7 8 11 12
5 7 8 11 13
5 7 8 11 14
5 7 8 11 15
5 7 8 12 13
5 7 8 12 14
5 7 8 12 15
5 7 8 13 14
5 7 8 13 15
5 7 8 14 15
5 7 9 10 11
5 7 9 10 12
5 7 9 10 13
5 7 9 10 14
5 7 9 10 15
5 7 9 11 12
5 7 9 11 13
5 7 9 11 14
5 7 9 11 15
5 7 9 12 13
5 7 9 12 14
5 7 9 12 15
5 7 9 13 14
5 7 9 13 15
5 7 9 14 15
5 7 10 11 12
5 7 10 11 13
5 7 10 11 14
5 7 10 11 15
5 7 10 12 13
5 7 10 12 14
5 7 10 12 15
5 7 10 13 14
5 7 10 13 15
5 7 10 14 15
5 7 11 12 13
5 7 11 12 14
5 7 11 12 15
5 7 11 13 14
5 7 11 13 15
5 7 11 14 15
5 7 12 13 14
5 7 12 13 15
5 7 12 14 15
5 7 13 14 15
5 8 9 10 11
5 8 9 10 12
5 8 9 10 13
5 8 9 10 14
5 8 9 10 15
5 8 9 11 12
5 8 9 11 13
5 8 9 11 14
5 8 9 11 15
5 8 9 12 13
5 8 9 12 14
5 8 9 12 15
5 8 9 13 14
5 8 9 13 15
5 8 9 14 15
5 8 10 11 12
5 8 10 11 13
5 8 10 11 14
5 8 10 11 15
5 8 10 12 13
5 8 10 12 14
5 8 10 12 15
5 8 10 13 14
5 8 10 13 15
5 8 10 14 15
5 8 11 12 13
5 8 11 12 14
5 8 11 12 15
5 8 11 13 14
5 8 11 13 15
5 8 11 14 15
5 8 12 13 14
5 8 12 13 15
5 8 12 14 15
5 8 13 14 15
5 9 10 11 12
5 9 10 11 13
5 9 10 11 14
5 9 10 11 15
5 9 10 12 13
5 9 10 12 14
5 9 10 12 15
5 9 10 13 14
5 9 10 13 15
5 9 10 14 15
5 9 11 12 13
5 9 11 12 14
5 9 11 12 15
5 9 11 13 14
5 9 11 13 15
5 9 11 14 15
5 9 12 13 14
5 9 12 13 15
5 9 12 14 15
5 9 13 14 15
5 10 11 12 13
5 10 11 12 14
5 10 11 12 15
5 10 11 13 14
5 10 11 13 15
5 10 11 14 15
5 10 12 13 14
5 10 12 13 15
5 10 12 14 15
5 10 13 14 15
5 11 12 13 14
5 11 12 13 15
5 11 12 14 15
5 11 13 14 15
5 12 13 14 15
6 7 8 9 10
6 7 8 9 11
6 7 8 9 12
6 7 8 9 13
6 7 8 9 14
6 7 8 9 15
6 7 8 10 11
6 7 8 10 12
6 7 8 10 13
6 7 8 10 14
6 7 8 10 15
6 7 8 11 12
6 7 8 11 13
6 7 8 11 14
6 7 8 11 15
6 7 8 12 13
6 7 8 12 14
6 7 8 12 15
6 7 8 13 14
6 7 8 13 15
6 7 8 14 15
6 7 9 10 11
6 7 9 10 12
6 7 9 10 13
6 7 9 10 14
6 7 9 10 15
6 7 9 11 12
6 7 9 11 13
6 7 9 11 14
6 7 9 11 15
6 7 9 12 13
6 7 9 12 14
6 7 9 12 15
6 7 9 13 14
6 7 9 13 15
6 7 9 14 15
6 7 10 11 12
6 7 10 11 13
6 7 10 11 14
6 7 10 11 15
6 7 10 12 13
6 7 10 12 14
6 7 10 12 15
6 7 10 13 14
6 7 10 13 15
6 7 10 14 15
6 7 11 12 13
6 7 11 12 14
6 7 11 12 15
6 7 11 13 14
6 7 11 13 15
6 7 11 14 15
6 7 12 13 14
6 7 12 13 15
6 7 12 14 15
6 7 13 14 15
6 8 9 10 11
6 8 9 10 12
6 8 9 10 13
6 8 9 10 14
6 8 9 10 15
6 8 9 11 12
6 8 9 11 13
6 8 9 11 14
6 8 9 11 15
6 8 9 12 13
6 8 9 12 14
6 8 9 12 15
6 8 9 13 14
6 8 9 13 15
6 8 9 14 15
6 8 10 11 12
6 8 10 11 13
6 8 10 11 14
6 8 10 11 15
6 8 10 12 13
6 8 10 12 14
6 8 10 12 15
6 8 10 13 14
6 8 10 13 15
6 8 10 14 15
6 8 11 12 13
6 8 11 12 14
6 8 11 12 15
6 8 11 13 14
6 8 11 13 15
6 8 11 14 15
6 8 12 13 14
6 8 12 13 15
6 8 12 14 15
6 8 13 14 15
6 9 10 11 12
6 9 10 11 13
6 9 10 11 14
6 9 10 11 15
6 9 10 12 13
6 9 10 12 14
6 9 10 12 15
6 9 10 13 14
6 9 10 13 15
6 9 10 14 15
6 9 11 12 13
6 9 11 12 14
6 9 11 12 15
6 9 11 13 14
6 9 11 13 15
6 9 11 14 15
6 9 12 13 14
6 9 12 13 15
6 9 12 14 15
6 9 13 14 15
6 10 11 12 13
6 10 11 12 14
6 10 11 12 15
6 10 11 13 14
6 10 11 13 15
6 10 11 14 15
6 10 12 13 14
6 10 12 13 15
6 10 12 14 15
6 10 13 14 15
6 11 12 13 14
6 11 12 13 15
6 11 12 14 15
6 11 13 14 15
6 12 13 14 15
7 8 9 10 11
7 8 9 10 12
7 8 9 10 13
7 8 9 10 14
7 8 9 10 15
7 8 9 11 12
7 8 9 11 13
7 8 9 11 14
7 8 9 11 15
7 8 9 12 13
7 8 9 12 14
7 8 9 12 15
7 8 9 13 14
7 8 9 13 15
7 8 9 14 15
7 8 10 11 12
7 8 10 11 13
7 8 10 11 14
7 8 10 11 15
7 8 10 12 13
7 8 10 12 14
7 8 10 12 15
7 8 10 13 14
7 8 10 13 15
7 8 10 14 15
7 8 11 12 13
7 8 11 12 14
7 8 11 12 15
7 8 11 13 14
7 8 11 13 15
7 8 11 14 15
7 8 12 13 14
7 8 12 13 15
7 8 12 14 15
7 8 13 14 15
7 9 10 11 12
7 9 10 11 13
7 9 10 11 14
7 9 10 11 15
7 9 10 12 13
7 9 10 12 14
7 9 10 12 15
7 9 10 13 14
7 9 10 13 15
7 9 10 14 15
7 9 11 12 13
7 9 11 12 14
7 9 11 12 15
7 9 11 13 14
7 9 11 13 15
7 9 11 14 15
7 9 12 13 14
7 9 12 13 15
7 9 12 14 15
7 9 13 14 15
7 10 11 12 13
7 10 11 12 14
7 10 11 12 15
7 10 11 13 14
7 10 11 13 15
7 10 11 14 15
7 10 12 13 14
7 10 12 13 15
7 10 12 14 15
7 10 13 14 15
7 11 12 13 14
7 11 12 13 15
7 11 12 14 15
7 11 13 14 15
7 12 13 14 15
8 9 10 11 12
8 9 10 11 13
8 9 10 11 14
8 9 10 11 15
8 9 10 12 13
8 9 10 12 14
8 9 10 12 15
8 9 10 13 14
8 9 10 13 15
8 9 10 14 15
8 9 11 12 13
8 9 11 12 14
8 9 11 12 15
8 9 11 13 14
8 9 11 13 15
8 9 11 14 15
8 9 12 13 14
8 9 12 13 15
8 9 12 14 15
8 9 13 14 15
8 10 11 12 13
8 10 11 12 14
8 10 11 12 15
8 10 11 13 14
8 10 11 13 15
8 10 11 14 15
8 10 12 13 14
8 10 12 13 15
8 10 12 14 15
8 10 13 14 15
8 11 12 13 14
8 11 12 13 15
8 11 12 14 15
8 11 13 14 15
8 12 13 14 15
9 10 11 12 13
9 10 11 12 14
9 10 11 12 15
9 10 11 13 14
9 10 11 13 15
9 10 11 14 15
9 10 12 13 14
9 10 12 13 15
9 10 12 14 15
9 10 13 14 15
9 11 12 13 14
9 11 12 13 15
9 11 12 14 15
9 11 13 14 15
9 12 13 14 15
10 11 12 13 14
10 11 12 13 15
10 11 12 14 15
10 11 13 14 15
10 12 13 14 15
11 12 13 14 15

Is hamiltonian hermitian? 1
Implicit Hamiltonian constructed
E(core)= 9.189534427600
H(1,1) + E(core) energy = -76.335035274700
Davidson: iter=0 dim=0 root=0 eigenvalue=-85.524569702300
Davidson: iter=1 dim=1 root=0 eigenvalue=-85.568689065642
Davidson: iter=2 dim=2 root=0 eigenvalue=-85.573335850136
Davidson: iter=3 dim=3 root=0 eigenvalue=-85.573538399342
Davidson: iter=4 dim=4 root=0 eigenvalue=-85.573554441707
Davidson: iter=5 dim=5 root=0 eigenvalue=-85.573555316135
Davidson: iter=6 dim=6 root=0 eigenvalue=-85.573555401798
Davidson: iter=7 dim=7 root=0 eigenvalue=-85.573555407777
Davidson: iter=8 dim=8 root=0 eigenvalue=-85.573555408370
Davidson: iter=9 dim=9 root=0 eigenvalue=-85.573555408421
Davidson: iter=10 dim=10 root=0 eigenvalue=-85.573555408425
Davidson: iter=11 dim=11 root=0 eigenvalue=-85.573555408425
root no. 0 converged
Davidson converged in 11 iterations.
E(core)= 9.189534427600
E(0)= -76.384020980825
FCI Excitation energies = 1
0.000000000000

Vacuum coefficients in CI state 0 = -0.988329515014
Eigenvector 0 in string basis
0: -0.988329515014 seniority 0 ... 5
1 2 3 4 5
 | 5
1 2 3 4 5

Seniority vectors for all roots (nroots/seniority)
1 6
0.982209674120 0.003768847874 -0.977081425170 0.134814042926 1.000009852426 0.000000000078

Calculating transition densities
Root 0 MO occupations numbers (density matrix diagonal)
15
1.999996530961 1.995309213582 1.983970176995 1.986769805566 1.987050407454 0.004218989820 0.004050108689 0.004667194511 0.003987981774 0.007584430062 0.010394244756 0.002475269451 0.006824258789 0.001311915838 0.001389471798
Transition densities done:
Trandens between roots 0 0
15 15
1.999996530961 0.000026654566 0.000000000000 0.000028047988 0.000000000000 0.000221951571 0.000000000000 0.000000000000 -0.000186985496 0.000146801157 0.000000000000 0.000143755572 0.000000000000 0.000000000000 0.000000000000
0.000026654566 1.995309213582 0.000000000000 0.003933186892 0.000000000000 -0.000467608857 0.000000000000 0.000000000000 -0.006237205669 -0.003885323789 0.000000000000 -0.001903100035 0.000000000000 0.000000000000 0.000000000000
0.000000000000 0.000000000000 1.983970176995 0.000000000000 0.000000000000 0.000000000000 0.002713893947 -0.000741531247 0.000000000000 0.000000000000 0.000000000000 0.000000000000 0.008876542845 0.000000000000 0.000000000000
0.000028047988 0.003933186892 0.000000000000 1.986769805566 0.000000000000 -0.003793149828 0.000000000000 0.000000000000 -0.003668362919 -0.000086521341 0.000000000000 -0.006338877551 0.000000000000 0.000000000000 0.000000000000
0.000000000000 0.000000000000 0.000000000000 0.000000000000 1.987050407454 0.000000000000 0.000000000000 0.000000000000 0.000000000000 0.000000000000 -0.010010955906 0.000000000000 0.000000000000 0.000000000000 0.008480216416
0.000221951571 -0.000467608857 0.000000000000 -0.003793149828 0.000000000000 0.004218989820 0.000000000000 0.000000000000 0.001014455284 0.005092177124 0.000000000000 0.002445132516 0.000000000000 0.000000000000 0.000000000000
0.000000000000 0.000000000000 0.002713893947 0.000000000000 0.000000000000 0.000000000000 0.004050108689 0.003441642482 0.000000000000 0.000000000000 0.000000000000 0.000000000000 0.005213407497 0.000000000000 0.000000000000
0.000000000000 0.000000000000 -0.000741531247 0.000000000000 0.000000000000 0.000000000000 0.003441642482 0.004667194511 0.000000000000 0.000000000000 0.000000000000 0.000000000000 0.004410842071 0.000000000000 0.000000000000
-0.000186985496 -0.006237205669 0.000000000000 -0.003668362919 0.000000000000 0.001014455284 0.000000000000 0.000000000000 0.003987981774 0.001988143490 0.000000000000 0.001329847893 0.000000000000 0.000000000000 0.000000000000
0.000146801157 -0.003885323789 0.000000000000 -0.000086521341 0.000000000000 0.005092177124 0.000000000000 0.000000000000 0.001988143490 0.007584430062 0.000000000000 0.002690793510 0.000000000000 0.000000000000 0.000000000000
0.000000000000 0.000000000000 0.000000000000 0.000000000000 -0.010010955906 0.000000000000 0.000000000000 0.000000000000 0.000000000000 0.000000000000 0.010394244756 0.000000000000 0.000000000000 0.000000000000 -0.002290281253
0.000143755572 -0.001903100035 0.000000000000 -0.006338877551 0.000000000000 0.002445132516 0.000000000000 0.000000000000 0.001329847893 0.002690793510 0.000000000000 0.002475269451 0.000000000000 0.000000000000 0.000000000000
0.000000000000 0.000000000000 0.008876542845 0.000000000000 0.000000000000 0.000000000000 0.005213407497 0.004410842071 0.000000000000 0.000000000000 0.000000000000 0.000000000000 0.006824258789 0.000000000000 0.000000000000
0.000000000000 0.000000000000 0.000000000000 0.000000000000 0.000000000000 0.000000000000 0.000000000000 0.000000000000 0.000000000000 0.000000000000 0.000000000000 0.000000000000 0.000000000000 0.001311915838 0.000000000000
0.000000000000 0.000000000000 0.000000000000 0.000000000000 0.008480216416 0.000000000000 0.000000000000 0.000000000000 0.000000000000 0.000000000000 -0.002290281253 0.000000000000 0.000000000000 0.000000000000 0.001389471798

State 0 :
Natural orbital occupations
15
1.999997004256 1.996886737152 1.987137420911 1.985255257095 1.984014072043 0.014111521366 0.013221356181 0.010873990485 0.003416165354 0.001349692099 0.001311915838 0.001303779628 0.000822712612 0.000261921549 0.000036453475
Natural orbitals (in MO basis)
15 15
-0.999936256404 0.011238188217 -0.000000000000 -0.001074435637 -0.000000000000 0.000000000000 -0.000113303895 -0.000000000000 -0.000124214596 0.000000000000 0.000000000000 -0.000059421420 -0.000000000000 -0.000006735381 0.000000000000
-0.010071087805 -0.930983082026 0.000000000000 -0.364903362143 0.000000000000 0.000000000000 0.002699144200 0.000000000000 -0.002603607705 0.000000000000 0.000000000000 -0.000521305211 -0.000000000000 -0.000523982370 0.000000000000
0.000000000000 -0.000000000000 -0.000000000000 -0.000000000000 -0.999988889366 0.003599844690 -0.000000000000 0.000000000000 0.000000000000 0.002589591082 -0.000000000000 0.000000000000 0.000000000000 0.000000000000 0.001598837114
-0.005101308418 -0.364860050713 0.000000000000 0.931039103669 0.000000000000 0.000000000000 0.002612703390 0.000000000000 -0.001535519614 -0.000000000000 -0.000000000000 0.002827769456 0.000000000000 0.000356602691 -0.000000000000
-0.000000000000 -0.000000000000 -0.999978007964 -0.000000000000 0.000000000000 -0.000000000000 0.000000000000 -0.005916045065 -0.000000000000 -0.000000000000 -0.000000000000 0.000000000000 -0.002997331989 -0.000000000000 -0.000000000000
-0.000099274503 0.000923310910 -0.000000000000 -0.001698499378 -0.000000000000 0.000000000000 0.533043560942 -0.000000000000 0.259618412952 -0.000000000000 -0.000000000001 0.229309437898 -0.000000000000 0.771930227563 -0.000000000000
0.000000000000 -0.000000000000 -0.000000000000 -0.000000000000 -0.001381862098 -0.526102838046 0.000000000000 0.000000000000 -0.000000000000 -0.294775058777 0.000000000000 -0.000000000000 -0.000000000000 0.000000000000 0.797697661386
-0.000000000000 0.000000000000 -0.000000000000 0.000000000000 0.000362216695 -0.509872293752 0.000000000000 0.000000000000 0.000000000000 0.860052011539 -0.000000000001 0.000000000000 0.000000000000 0.000000000000 -0.018456714506
0.000134384593 0.003587942195 -0.000000000000 -0.000576954817 -0.000000000000 0.000000000000 0.261478469776 -0.000000000000 -0.941871411511 0.000000000000 0.000000000001 -0.121627493495 0.000000000000 0.172339149882 -0.000000000000
-0.000053996787 0.001843738266 -0.000000000000 0.000667546851 -0.000000000000 0.000000000000 0.731685427715 -0.000000000000 0.190922923152 0.000000000000 0.000000000002 -0.501322904102 -0.000000000000 -0.420542946918 0.000000000000
0.000000000000 -0.000000000000 0.005069211711 -0.000000000000 0.000000000000 -0.000000000000 0.000000000000 -0.973237895296 0.000000000000 -0.000000000000 -0.000000000000 -0.000000000000 0.229743992855 0.000000000000 0.000000000000
-0.000046283789 0.002054823136 -0.000000000000 -0.002627913257 -0.000000000000 0.000000000000 0.334837098326 -0.000000000000 -0.094951615184 -0.000000000000 -0.000000000004 0.825403542983 -0.000000000000 -0.444484160821 0.000000000000
-0.000000000000 0.000000000000 -0.000000000000 -0.000000000000 -0.004492260020 -0.680612289767 0.000000000000 0.000000000000 0.000000000000 -0.416427059866 0.000000000000 -0.000000000000 0.000000000000 -0.000000000000 -0.602772954295
0.000000000000 -0.000000000000 0.000000000000 -0.000000000000 -0.000000000000 -0.000000000000 0.000000000000 -0.000000000000 -0.000000000000 -0.000000000001 -1.000000000000 -0.000000000005 -0.000000000000 0.000000000000 0.000000000000
0.000000000000 -0.000000000000 -0.004276292892 0.000000000000 0.000000000000 0.000000000000 -0.000000000000 0.229723746206 -0.000000000000 -0.000000000000 -0.000000000000 -0.000000000000 0.973246481498 0.000000000000 0.000000000000

