Begin IJ Block
1   1   -21.7780451120
1   2   0.0000000000
1   3   0.3933299583
1   4   0.0000000000
1   6   -0.0400774046
2   2   -21.7787014783
2   3   0.0000000000
2   4   -0.3379627681
2   6   -0.0000000000
2   7   0.0000000000
3   3   -7.9507260208
3   4   -0.0000000000
3   5   -0.0000000000
3   6   -0.9869704922
3   7   -0.0000000000
4   4   -6.7115647331
4   6   -0.0000000000
4   7   0.0000000000
5   5   -6.6691255437
5   6   0.0000000000
5   7   -0.0000000000
6   6   -7.2188005893
6   7   0.0000000000
7   7   -6.2217655198
8   8   -6.8445365624

End IJ Block
Begin IA Block
1   1   0.1104807822
2   1   -0.0000000000
2   3   -0.1202960390
3   1   -0.3361907514
3   3   0.0000000001
4   1   0.0000000000
4   3   -0.5923506678
5   1   0.0000000000
5   3   -0.0000000000
6   1   0.4821940808
6   3   -0.0000000002
7   1   -0.0000000000
7   3   -0.0000000000
8   2   0.0000000004

End IA Block
Begin AB Block
1   1   -3.2796013965
1   3   0.0000000009
2   2   -5.2716540683
3   3   -2.9935224029

End AB Block
Begin IJAB Block
1   9   1   4   0.0026009693
1   9   1   6   0.0000000000
1   9   2   5   0.0055114574
1   9   3   4   0.0000000000
1   9   3   6   0.0028370341
1   10   1   4   0.0000000000
1   10   1   6   -0.0026189215
1   10   2   5   -0.0000000000
1   10   3   4   -0.0025986131
1   10   3   6   0.0000000000
1   11   1   4   0.0000923102
1   11   1   6   0.0000000000
1   11   2   5   0.0052553853
1   11   3   4   0.0000000000
1   11   3   6   -0.0002748858
1   12   1   6   0.0000827502
1   12   2   5   -0.0000000000
1   12   3   4   0.0001282572
1   12   3   6   0.0000000000
1   14   1   4   -0.0005904202
1   14   2   5   -0.0009268638
1   14   3   4   -0.0000000000
1   14   3   6   -0.0002924624
1   16   1   5   0.0000000000
1   16   2   4   0.0000000000
1   16   2   6   0.0022348088
1   16   3   5   0.0004132346
2   9   1   4   0.0000000000
2   9   1   6   -0.0025986131
2   9   2   5   -0.0000000000
2   9   3   4   -0.0026189215
2   9   3   6   0.0000000000
2   10   1   4   0.0025666441
2   10   1   6   0.0000000000
2   10   2   5   0.0056587788
2   10   3   4   0.0000000000
2   10   3   6   0.0028488024
2   11   1   6   0.0001427444
2   11   2   5   0.0000000000
2   11   3   4   0.0001507013
2   11   3   6   -0.0000000000
2   12   1   4   -0.0006302119
2   12   1   6   -0.0000000000
2   12   2   5   -0.0055652931
2   12   3   4   -0.0000000000
2   12   3   6   0.0001595009
2   14   1   6   0.0005822876
2   14   3   4   0.0002368198
2   14   3   6   0.0000000000
2   16   1   5   -0.0007115419
2   16   2   4   -0.0016494318
2   16   2   6   0.0000000000
2   16   3   5   -0.0000000000
3   9   1   4   0.0000923102
3   9   1   6   0.0000000000
3   9   2   5   0.0052553853
3   9   3   4   0.0000000000
3   9   3   6   -0.0002748858
3   10   1   6   0.0001507013
3   10   2   5   0.0000000000
3   10   3   4   0.0001427444
3   10   3   6   -0.0000000000
3   11   1   4   0.0057655644
3   11   1   6   0.0000000002
3   11   2   5   0.0250043615
3   11   3   4   0.0000000002
3   11   3   6   0.0064100286
3   12   1   4   0.0000000000
3   12   1   6   0.0071517395
3   12   2   5   0.0000000001
3   12   3   4   0.0073091114
3   12   3   6   -0.0000000001
3   13   1   4   0.0000000000
3   13   1   6   -0.0000000000
3   13   2   5   -0.0000000000
3   13   3   4   0.0000000000
3   13   3   6   0.0000000000
3   14   1   4   -0.0072684140
3   14   1   6   -0.0000000001
3   14   2   5   -0.0075373239
3   14   3   4   -0.0000000001
3   14   3   6   -0.0034469780
3   15   1   4   0.0000000000
3   15   1   6   0.0000000000
3   15   3   4   0.0000000000
3   15   3   6   0.0000000000
3   16   1   5   0.0000000001
3   16   2   4   0.0000000002
3   16   2   6   0.0090680575
3   16   3   5   0.0157964405
4   9   1   6   0.0001282572
4   9   2   5   -0.0000000000
4   9   3   4   0.0000827502
4   9   3   6   0.0000000000
4   10   1   4   -0.0006302119
4   10   1   6   -0.0000000000
4   10   2   5   -0.0055652931
4   10   3   4   -0.0000000000
4   10   3   6   0.0001595009
4   11   1   4   0.0000000000
4   11   1   6   0.0073091114
4   11   2   5   0.0000000001
4   11   3   4   0.0071517395
4   11   3   6   -0.0000000001
4   12   1   4   0.0133516988
4   12   1   6   0.0000000004
4   12   2   5   0.0331757726
4   12   3   4   0.0000000004
4   12   3   6   0.0117859616
4   13   1   4   -0.0000000000
4   13   1   6   -0.0000000000
4   13   3   4   -0.0000000000
4   13   3   6   -0.0000000000
4   14   1   4   -0.0000000001
4   14   1   6   -0.0061047870
4   14   2   5   -0.0000000002
4   14   3   4   -0.0092263366
4   14   3   6   0.0000000000
4   15   1   4   -0.0000000000
4   15   1   6   -0.0000000000
4   15   2   5   0.0000000000
4   15   3   4   -0.0000000000
4   15   3   6   0.0000000000
4   16   1   5   0.0176882094
4   16   2   4   0.0057787286
4   16   2   6   0.0000000003
4   16   3   5   0.0000000001
5   11   1   4   0.0000000000
5   11   1   6   0.0000000000
5   11   2   5   -0.0000000000
5   11   3   4   -0.0000000000
5   11   3   6   0.0000000000
5   12   1   4   -0.0000000000
5   12   1   6   -0.0000000000
5   12   3   4   -0.0000000000
5   12   3   6   -0.0000000000
5   13   1   4   0.0081980216
5   13   1   6   0.0000000001
5   13   2   5   0.0100660046
5   13   3   4   0.0000000001
5   13   3   6   0.0049103385
5   14   1   4   -0.0000000000
5   14   1   6   0.0000000000
5   14   2   5   0.0000000000
5   14   3   4   -0.0000000000
5   14   3   6   0.0000000000
5   15   1   4   -0.0000000000
5   15   1   6   -0.0055453250
5   15   2   5   -0.0000000001
5   15   3   4   -0.0046246525
5   15   3   6   0.0000000001
5   16   2   4   -0.0000000000
5   16   3   5   -0.0000000000
6   9   1   4   -0.0005904202
6   9   1   6   -0.0000000000
6   9   2   5   -0.0009268638
6   9   3   6   -0.0002924624
6   10   1   6   0.0002368198
6   10   3   4   0.0005822876
6   10   3   6   0.0000000000
6   11   1   4   -0.0072684140
6   11   1   6   -0.0000000001
6   11   2   5   -0.0075373239
6   11   3   4   -0.0000000001
6   11   3   6   -0.0034469780
6   12   1   4   -0.0000000001
6   12   1   6   -0.0092263366
6   12   2   5   -0.0000000002
6   12   3   4   -0.0061047870
6   12   3   6   0.0000000000
6   13   1   4   -0.0000000000
6   13   1   6   -0.0000000000
6   13   2   5   0.0000000000
6   13   3   4   0.0000000000
6   13   3   6   0.0000000000
6   14   1   4   0.0102238979
6   14   1   6   0.0000000002
6   14   2   5   0.0137686146
6   14   3   4   0.0000000002
6   14   3   6   0.0062559343
6   15   1   4   -0.0000000000
6   15   1   6   -0.0000000000
6   15   2   5   -0.0000000000
6   15   3   4   -0.0000000000
6   15   3   6   -0.0000000000
6   16   1   5   -0.0000000000
6   16   2   4   -0.0000000000
6   16   2   6   -0.0015670626
6   16   3   5   -0.0000431579
7   11   1   4   0.0000000000
7   11   1   6   0.0000000000
7   11   3   4   0.0000000000
7   11   3   6   0.0000000000
7   12   1   4   -0.0000000000
7   12   1   6   -0.0000000000
7   12   2   5   0.0000000000
7   12   3   4   -0.0000000000
7   12   3   6   0.0000000000
7   13   1   4   -0.0000000000
7   13   1   6   -0.0046246525
7   13   2   5   -0.0000000001
7   13   3   4   -0.0055453250
7   13   3   6   0.0000000001
7   14   1   4   -0.0000000000
7   14   1   6   -0.0000000000
7   14   2   5   -0.0000000000
7   14   3   4   -0.0000000000
7   14   3   6   -0.0000000000
7   15   1   4   0.0063919109
7   15   1   6   0.0000000002
7   15   2   5   0.0111811040
7   15   3   4   0.0000000002
7   15   3   6   0.0066081181
7   16   1   5   -0.0000000000
7   16   2   6   -0.0000000000
7   16   3   5   -0.0000000000
8   9   1   5   0.0000000000
8   9   2   4   0.0000000000
8   9   2   6   0.0004132346
8   9   3   5   0.0022348088
8   10   1   5   -0.0016494318
8   10   2   4   -0.0007115419
8   10   2   6   -0.0000000000
8   10   3   5   0.0000000000
8   11   1   5   0.0000000002
8   11   2   4   0.0000000001
8   11   2   6   0.0157964405
8   11   3   5   0.0090680575
8   12   1   5   0.0057787286
8   12   2   4   0.0176882094
8   12   2   6   0.0000000001
8   12   3   5   0.0000000003
8   13   1   5   -0.0000000000
8   13   2   6   -0.0000000000
8   14   1   5   -0.0000000000
8   14   2   4   -0.0000000000
8   14   2   6   -0.0000431579
8   14   3   5   -0.0015670626
8   15   2   4   -0.0000000000
8   15   2   6   -0.0000000000
8   15   3   5   -0.0000000000
8   16   1   4   0.0034219683
8   16   1   6   0.0000000020
8   16   2   5   0.0751484422
8   16   3   4   0.0000000020
8   16   3   6   0.0037293188

End IJAB Block
Begin IJKL Block
1   9   1   9   1.9375527377
1   9   1   10   -0.0000000000
1   9   1   11   -0.1611546824
1   9   1   12   -0.0000000000
1   9   1   14   -0.0039090062
1   9   2   9   -0.0000000000
1   9   2   10   1.5429457108
1   9   2   11   0.0000000000
1   9   2   12   0.1226496481
1   9   2   14   0.0000000000
1   9   3   9   -0.1611546824
1   9   3   10   0.0000000000
1   9   3   11   0.0230091367
1   9   3   14   0.0038618796
1   9   4   9   -0.0000000000
1   9   4   10   0.1226496481
1   9   4   12   0.0141353899
1   9   5   13   0.0045365889
1   9   6   9   -0.0039090062
1   9   6   10   0.0000000000
1   9   6   11   0.0038618796
1   9   6   14   0.0079713657
1   9   7   15   0.0035846379
1   9   8   16   0.0060348173
1   10   1   9   -0.0000000000
1   10   1   10   1.9381514071
1   10   1   11   0.0000000000
1   10   1   12   0.1277348303
1   10   1   14   0.0000000000
1   10   2   9   1.5429797978
1   10   2   10   0.0000000000
1   10   2   11   -0.1654128984
1   10   2   12   0.0000000000
1   10   2   14   -0.0166841636
1   10   3   9   0.0000000000
1   10   3   10   -0.1612368217
1   10   3   12   -0.0162620819
1   10   4   9   0.1226419960
1   10   4   10   0.0000000000
1   10   4   11   -0.0163756316
1   10   4   14   0.0016199419
1   10   5   15   0.0042330550
1   10   6   9   0.0000000000
1   10   6   10   -0.0039353661
1   10   6   12   0.0019538950
1   10   7   13   0.0040332123
1   11   1   9   -0.1611546824
1   11   1   10   0.0000000000
1   11   1   11   0.6213746031
1   11   1   12   0.0000000000
1   11   1   14   0.1152338806
1   11   2   9   0.0000000000
1   11   2   10   -0.1654284020
1   11   2   12   -0.1678661421
1   11   2   14   -0.0000000000
1   11   3   9   0.0252261017
1   11   3   11   -0.0031910126
1   11   3   14   0.0028690441
1   11   4   10   -0.0176357137
1   11   4   12   -0.0010979864
1   11   5   13   0.0093323584
1   11   6   9   0.0046200233
1   11   6   11   0.0119673434
1   11   6   14   0.0150007883
1   11   7   15   0.0057229377
1   11   8   16   0.0106088566
1   12   1   9   -0.0000000000
1   12   1   10   0.1277348303
1   12   1   11   0.0000000000
1   12   1   12   0.4983072201
1   12   2   9   0.1226419960
1   12   2   10   0.0000000000
1   12   2   11   -0.1678745996
1   12   2   14   0.1325705996
1   12   3   10   -0.0175316609
1   12   3   12   -0.0062114879
1   12   4   9   0.0160070484
1   12   4   11   -0.0009491774
1   12   4   14   -0.0028473116
1   12   5   15   -0.0084815921
1   12   6   10   0.0029810807
1   12   6   12   -0.0055733849
1   12   7   13   -0.0064371362
1   12   8   16   -0.0000000000
1   13   1   13   0.4906635924
1   13   1   15   -0.0000000000
1   13   2   15   0.1725537131
1   13   3   13   -0.0021332138
1   13   4   15   -0.0005407590
1   13   5   9   0.0063609079
1   13   5   11   0.0096306596
1   13   5   14   -0.0018346502
1   13   6   13   0.0018354945
1   13   7   10   0.0057128668
1   13   7   12   -0.0065759130
1   14   1   9   -0.0039090062
1   14   1   10   0.0000000000
1   14   1   11   0.1152338806
1   14   1   14   0.5739818826
1   14   2   9   0.0000000000
1   14   2   10   -0.0166891890
1   14   2   11   -0.0000000000
1   14   2   12   0.1325750511
1   14   3   9   0.0046200233
1   14   3   11   0.0028782351
1   14   3   14   -0.0025321916
1   14   4   10   0.0026524939
1   14   4   12   -0.0029725341
1   14   5   13   -0.0019172723
1   14   6   9   0.0107676176
1   14   6   11   0.0152492068
1   14   6   14   0.0062002208
1   14   7   15   -0.0029920680
1   14   8   16   0.0018090721
1   15   1   13   -0.0000000000
1   15   1   15   0.4550573108
1   15   2   13   0.1725522934
1   15   3   15   -0.0027160468
1   15   4   13   -0.0005427592
1   15   5   10   0.0059154105
1   15   5   12   -0.0086360665
1   15   6   15   -0.0012521875
1   15   7   9   0.0053858279
1   15   7   11   0.0060027142
1   15   7   14   -0.0029919218
1   16   1   16   0.5441692273
1   16   2   16   0.0000000000
1   16   3   16   -0.0023622981
1   16   6   16   0.0058691684
1   16   8   9   0.0089007999
1   16   8   10   0.0000000000
1   16   8   11   0.0113672431
1   16   8   12   -0.0000000000
1   16   8   14   0.0017989663
2   9   1   9   -0.0000000000
2   9   1   10   1.5429797978
2   9   1   11   0.0000000000
2   9   1   12   0.1226419960
2   9   1   14   0.0000000000
2   9   2   9   1.9381514071
2   9   2   10   0.0000000000
2   9   2   11   -0.1612368217
2   9   2   12   0.0000000000
2   9   2   14   -0.0039353661
2   9   3   9   0.0000000000
2   9   3   10   -0.1654128984
2   9   3   12   -0.0163756316
2   9   4   9   0.1277348303
2   9   4   10   0.0000000000
2   9   4   11   -0.0162620819
2   9   4   14   0.0019538950
2   9   5   15   0.0040332123
2   9   6   9   0.0000000000
2   9   6   10   -0.0166841636
2   9   6   12   0.0016199419
2   9   7   13   0.0042330550
2   10   1   9   1.5429457108
2   10   1   10   0.0000000000
2   10   1   11   -0.1654284020
2   10   1   12   0.0000000000
2   10   1   14   -0.0166891890
2   10   2   9   0.0000000000
2   10   2   10   1.9386860843
2   10   2   11   -0.0000000000
2   10   2   12   0.1277926230
2   10   2   14   0.0000000000
2   10   3   9   -0.1654284020
2   10   3   10   -0.0000000000
2   10   3   11   0.0229317151
2   10   3   14   0.0035813353
2   10   4   9   0.0000000000
2   10   4   10   0.1277926230
2   10   4   12   0.0142712381
2   10   5   13   0.0042906618
2   10   6   9   -0.0166891890
2   10   6   10   0.0000000000
2   10   6   11   0.0035813353
2   10   6   14   0.0071118644
2   10   7   15   0.0037476650
2   10   8   16   0.0056594412
2   11   1   9   0.0000000000
2   11   1   10   -0.1654128984
2   11   1   12   -0.1678745996
2   11   1   14   -0.0000000000
2   11   2   9   -0.1612368217
2   11   2   10   -0.0000000000
2   11   2   11   0.6213397837
2   11   2   12   -0.0000000000
2   11   2   14   0.1151644931
2   11   3   10   0.0251717327
2   11   3   12   0.0064569717
2   11   4   9   -0.0175316609
2   11   4   11   0.0102311249
2   11   4   14   0.0073641907
2   11   5   15   0.0061786367
2   11   6   10   0.0043581957
2   11   6   12   0.0063304181
2   11   7   13   0.0084789730
2   11   8   16   0.0000000000
2   12   1   9   0.1226496481
2   12   1   10   0.0000000000
2   12   1   11   -0.1678661421
2   12   1   14   0.1325750511
2   12   2   9   0.0000000000
2   12   2   10   0.1277926230
2   12   2   11   -0.0000000000
2   12   2   12   0.4983399020
2   12   2   14   0.0000000000
2   12   3   9   -0.0176357137
2   12   3   11   0.0066082458
2   12   3   14   -0.0044991933
2   12   4   10   0.0161395685
2   12   4   12   0.0014319830
2   12   5   13   -0.0067514465
2   12   6   9   0.0026524939
2   12   6   11   0.0064801312
2   12   6   14   -0.0100163293
2   12   7   15   -0.0078702765
2   12   8   16   -0.0055198100
2   13   1   15   0.1725522934
2   13   2   13   0.4906614045
2   13   2   15   0.0000000000
2   13   3   15   -0.0045855395
2   13   4   13   0.0028972598
2   13   5   10   0.0061061562
2   13   5   12   -0.0068924321
2   13   6   15   -0.0062723602
2   13   7   9   0.0059154105
2   13   7   11   0.0086735414
2   13   7   14   -0.0019889721
2   14   1   9   0.0000000000
2   14   1   10   -0.0166841636
2   14   1   11   -0.0000000000
2   14   1   12   0.1325705996
2   14   2   9   -0.0039353661
2   14   2   10   0.0000000000
2   14   2   11   0.1151644931
2   14   2   12   0.0000000000
2   14   2   14   0.5739425600
2   14   3   10   0.0043581957
2   14   3   12   -0.0045699553
2   14   4   9   0.0029810807
2   14   4   11   0.0074536547
2   14   4   14   0.0061022094
2   14   5   15   -0.0029660751
2   14   6   10   0.0099255386
2   14   6   12   -0.0101864481
2   14   7   13   -0.0020033114
2   15   1   13   0.1725537131
2   15   2   13   0.0000000000
2   15   2   15   0.4550693618
2   15   3   13   -0.0045895591
2   15   4   15   0.0013589904
2   15   5   9   0.0057128668
2   15   5   11   0.0063548060
2   15   5   14   -0.0030125421
2   15   6   13   -0.0063503127
2   15   7   10   0.0055461921
2   15   7   12   -0.0080787508
2   16   1   16   0.0000000000
2   16   2   16   0.5441453069
2   16   4   16   0.0056861247
2   16   8   9   0.0000000000
2   16   8   10   0.0085266893
2   16   8   11   0.0000000000
2   16   8   12   -0.0060974264
3   9   1   9   -0.1611546824
3   9   1   10   0.0000000000
3   9   1   11   0.0252261017
3   9   1   14   0.0046200233
3   9   2   9   0.0000000000
3   9   2   10   -0.1654284020
3   9   2   12   -0.0176357137
3   9   3   9   0.6213746031
3   9   3   11   -0.0031910126
3   9   3   14   0.0119673434
3   9   4   9   0.0000000000
3   9   4   10   -0.1678661421
3   9   4   12   -0.0010979864
3   9   5   13   0.0093323584
3   9   6   9   0.1152338806
3   9   6   10   -0.0000000000
3   9   6   11   0.0028690441
3   9   6   14   0.0150007883
3   9   7   15   0.0057229377
3   9   8   16   0.0106088566
3   10   1   9   0.0000000000
3   10   1   10   -0.1612368217
3   10   1   12   -0.0175316609
3   10   2   9   -0.1654128984
3   10   2   10   -0.0000000000
3   10   2   11   0.0251717327
3   10   2   14   0.0043581957
3   10   3   10   0.6213397837
3   10   3   12   0.0102311249
3   10   4   9   -0.1678745996
3   10   4   10   -0.0000000000
3   10   4   11   0.0064569717
3   10   4   14   0.0063304181
3   10   5   15   0.0084789730
3   10   6   9   -0.0000000000
3   10   6   10   0.1151644931
3   10   6   12   0.0073641907
3   10   7   13   0.0061786367
3   10   8   16   0.0000000000
3   11   1   9   0.0230091367
3   11   1   11   -0.0031910126
3   11   1   14   0.0028782351
3   11   2   10   0.0229317151
3   11   2   12   0.0066082458
3   11   3   9   -0.0031910126
3   11   3   11   0.5160362030
3   11   3   12   0.0000000000
3   11   3   14   0.1020603544
3   11   4   10   0.0066082458
3   11   4   11   0.0000000000
3   11   4   12   0.0833182030
3   11   4   14   -0.0000000000
3   11   5   13   0.0678915408
3   11   5   15   -0.0000000000
3   11   6   9   0.0028782351
3   11   6   11   0.1020603544
3   11   6   12   -0.0000000000
3   11   6   14   0.0832153228
3   11   7   13   -0.0000000000
3   11   7   15   0.0356092896
3   11   8   16   0.0597753676
3   12   1   10   -0.0162620819
3   12   1   12   -0.0062114879
3   12   2   9   -0.0163756316
3   12   2   11   0.0064569717
3   12   2   14   -0.0045699553
3   12   3   10   0.0102311249
3   12   3   11   0.0000000000
3   12   3   12   0.4003063611
3   12   3   14   -0.0000000000
3   12   3   15   -0.0000000000
3   12   4   9   -0.0009491774
3   12   4   11   0.0852581037
3   12   4   12   0.0000000000
3   12   4   14   -0.0857793430
3   12   5   13   0.0000000000
3   12   5   15   -0.0672105873
3   12   6   10   0.0074536547
3   12   6   12   0.0033498364
3   12   7   13   -0.0448973839
3   12   7   15   0.0000000000
3   12   8   16   0.0000000000
3   13   1   13   -0.0021332138
3   13   2   15   -0.0045895591
3   13   3   13   0.4236516507
3   13   4   15   -0.1010551600
3   13   5   9   0.0096306596
3   13   5   11   0.0707624451
3   13   5   12   0.0000000000
3   13   5   14   -0.0213209513
3   13   6   13   0.0345111093
3   13   7   10   0.0063548060
3   13   7   12   -0.0456508197
3   14   1   9   0.0038618796
3   14   1   11   0.0028690441
3   14   1   14   -0.0025321916
3   14   2   10   0.0035813353
3   14   2   12   -0.0044991933
3   14   3   9   0.0119673434
3   14   3   11   0.1020603544
3   14   3   12   -0.0000000000
3   14   3   14   0.4704188485
3   14   4   10   0.0064801312
3   14   4   12   -0.0873278794
3   14   4   14   0.0000000000
3   14   5   13   -0.0225633622
3   14   5   15   0.0000000000
3   14   6   9   0.0152492068
3   14   6   11   0.0863025944
3   14   6   12   -0.0000000000
3   14   6   14   0.0669328544
3   14   6   15   0.0000000000
3   14   7   15   -0.0306017118
3   14   8   16   0.0129019318
3   15   1   15   -0.0027160468
3   15   2   13   -0.0045855395
3   15   3   12   -0.0000000000
3   15   3   15   0.3912693307
3   15   4   13   -0.1013017747
3   15   5   10   0.0086735414
3   15   5   12   -0.0682261597
3   15   5   14   0.0000000000
3   15   6   15   0.0115519642
3   15   7   9   0.0060027142
3   15   7   11   0.0383732532
3   15   7   14   -0.0297332233
3   16   1   16   -0.0023622981
3   16   3   16   0.4535894326
3   16   4   16   -0.0000000000
3   16   6   16   0.0692826786
3   16   8   9   0.0113672431
3   16   8   10   0.0000000000
3   16   8   11   0.0635939660
3   16   8   12   -0.0000000000
3   16   8   14   0.0129982789
4   9   1   9   -0.0000000000
4   9   1   10   0.1226419960
4   9   1   12   0.0160070484
4   9   2   9   0.1277348303
4   9   2   10   0.0000000000
4   9   2   11   -0.0175316609
4   9   2   14   0.0029810807
4   9   3   9   0.0000000000
4   9   3   10   -0.1678745996
4   9   3   12   -0.0009491774
4   9   4   9   0.4983072201
4   9   4   11   -0.0062114879
4   9   4   14   -0.0055733849
4   9   5   15   -0.0064371362
4   9   6   10   0.1325705996
4   9   6   12   -0.0028473116
4   9   7   13   -0.0084815921
4   9   8   16   -0.0000000000
4   10   1   9   0.1226496481
4   10   1   10   0.0000000000
4   10   1   11   -0.0176357137
4   10   1   14   0.0026524939
4   10   2   9   0.0000000000
4   10   2   10   0.1277926230
4   10   2   12   0.0161395685
4   10   3   9   -0.1678661421
4   10   3   10   -0.0000000000
4   10   3   11   0.0066082458
4   10   3   14   0.0064801312
4   10   4   10   0.4983399020
4   10   4   12   0.0014319830
4   10   5   13   -0.0067514465
4   10   6   9   0.1325750511
4   10   6   10   0.0000000000
4   10   6   11   -0.0044991933
4   10   6   14   -0.0100163293
4   10   7   15   -0.0078702765
4   10   8   16   -0.0055198100
4   11   1   10   -0.0163756316
4   11   1   12   -0.0009491774
4   11   2   9   -0.0162620819
4   11   2   11   0.0102311249
4   11   2   14   0.0074536547
4   11   3   10   0.0064569717
4   11   3   11   0.0000000000
4   11   3   12   0.0852581037
4   11   4   9   -0.0062114879
4   11   4   11   0.4003063611
4   11   4   12   0.0000000000
4   11   4   14   0.0033498364
4   11   5   13   0.0000000000
4   11   5   15   -0.0448973839
4   11   6   10   -0.0045699553
4   11   6   11   -0.0000000000
4   11   6   12   -0.0857793430
4   11   7   11   -0.0000000000
4   11   7   13   -0.0672105873
4   11   7   15   0.0000000000
4   11   8   16   0.0000000000
4   12   1   9   0.0141353899
4   12   1   11   -0.0010979864
4   12   1   14   -0.0029725341
4   12   2   10   0.0142712381
4   12   2   12   0.0014319830
4   12   3   9   -0.0010979864
4   12   3   11   0.0833182030
4   12   3   12   0.0000000000
4   12   3   14   -0.0873278794
4   12   4   10   0.0014319830
4   12   4   11   0.0000000000
4   12   4   12   0.4019500105
4   12   4   14   -0.0000000000
4   12   5   13   0.0551907836
4   12   5   15   -0.0000000000
4   12   6   9   -0.0029725341
4   12   6   11   -0.0873278794
4   12   6   12   -0.0000000000
4   12   6   14   0.1005864155
4   12   7   13   -0.0000000000
4   12   7   15   0.0803578651
4   12   8   16   0.0180539501
4   13   1   15   -0.0005427592
4   13   2   13   0.0028972598
4   13   3   15   -0.1013017747
4   13   4   13   0.3825453814
4   13   5   10   -0.0068924321
4   13   5   11   0.0000000000
4   13   5   12   0.0572783537
4   13   6   13   0.0000000000
4   13   6   15   0.1024017781
4   13   7   9   -0.0086360665
4   13   7   11   -0.0682261597
4   13   7   12   -0.0000000000
4   13   7   14   0.0397570048
4   14   1   10   0.0016199419
4   14   1   12   -0.0028473116
4   14   2   9   0.0019538950
4   14   2   11   0.0073641907
4   14   2   14   0.0061022094
4   14   3   10   0.0063304181
4   14   3   11   -0.0000000000
4   14   3   12   -0.0857793430
4   14   3   14   0.0000000000
4   14   4   9   -0.0055733849
4   14   4   11   0.0033498364
4   14   4   12   -0.0000000000
4   14   4   14   0.4009954023
4   14   5   13   -0.0000000000
4   14   5   15   0.0390204273
4   14   6   10   -0.0101864481
4   14   6   11   -0.0000000000
4   14   6   12   0.1022767390
4   14   6   14   -0.0000000000
4   14   7   13   0.0384405155
4   14   7   14   -0.0000000000
4   14   7   15   -0.0000000000
4   14   8   16   -0.0000000000
4   15   1   13   -0.0005407590
4   15   2   15   0.0013589904
4   15   3   13   -0.1010551600
4   15   4   15   0.3790778221
4   15   5   9   -0.0065759130
4   15   5   11   -0.0456508197
4   15   5   12   -0.0000000000
4   15   5   14   0.0407328139
4   15   6   13   0.1028913256
4   15   6   15   0.0000000000
4   15   7   10   -0.0080787508
4   15   7   12   0.0826843902
4   16   2   16   0.0056861247
4   16   3   16   -0.0000000000
4   16   4   16   0.3709849738
4   16   6   16   0.0000000000
4   16   8   9   -0.0000000000
4   16   8   10   -0.0060974264
4   16   8   11   -0.0000000000
4   16   8   12   0.0220203820
5   9   1   13   0.0063609079
5   9   2   15   0.0057128668
5   9   3   13   0.0096306596
5   9   4   15   -0.0065759130
5   9   5   9   0.4906635924
5   9   5   11   -0.0021332138
5   9   5   14   0.0018354945
5   9   6   13   -0.0018346502
5   9   7   9   -0.0000000000
5   9   7   10   0.1725537131
5   9   7   12   -0.0005407590
5   10   1   15   0.0059154105
5   10   2   13   0.0061061562
5   10   3   15   0.0086735414
5   10   4   13   -0.0068924321
5   10   5   10   0.4906614045
5   10   5   12   0.0028972598
5   10   6   15   -0.0019889721
5   10   7   9   0.1725522934
5   10   7   10   0.0000000000
5   10   7   11   -0.0045855395
5   10   7   14   -0.0062723602
5   11   1   13   0.0096306596
5   11   2   15   0.0063548060
5   11   3   13   0.0707624451
5   11   4   13   0.0000000000
5   11   4   15   -0.0456508197
5   11   5   9   -0.0021332138
5   11   5   11   0.4236516507
5   11   5   14   0.0345111093
5   11   6   13   -0.0213209513
5   11   7   10   -0.0045895591
5   11   7   12   -0.1010551600
5   12   1   15   -0.0086360665
5   12   2   13   -0.0068924321
5   12   3   13   0.0000000000
5   12   3   15   -0.0682261597
5   12   4   13   0.0572783537
5   12   4   15   -0.0000000000
5   12   5   10   0.0028972598
5   12   5   12   0.3825453814
5   12   5   14   0.0000000000
5   12   6   15   0.0397570048
5   12   7   9   -0.0005427592
5   12   7   11   -0.1013017747
5   12   7   14   0.1024017781
5   13   1   9   0.0045365889
5   13   1   11   0.0093323584
5   13   1   14   -0.0019172723
5   13   2   10   0.0042906618
5   13   2   12   -0.0067514465
5   13   3   9   0.0093323584
5   13   3   11   0.0678915408
5   13   3   12   0.0000000000
5   13   3   14   -0.0225633622
5   13   4   10   -0.0067514465
5   13   4   11   0.0000000000
5   13   4   12   0.0551907836
5   13   4   14   -0.0000000000
5   13   5   13   0.3948959560
5   13   6   9   -0.0019172723
5   13   6   11   -0.0225633622
5   13   6   12   -0.0000000000
5   13   6   14   0.0250433756
5   13   7   15   0.1291480062
5   13   8   16   0.0077564758
5   14   1   13   -0.0018346502
5   14   2   15   -0.0030125421
5   14   3   13   -0.0213209513
5   14   3   15   0.0000000000
5   14   4   15   0.0407328139
5   14   5   9   0.0018354945
5   14   5   11   0.0345111093
5   14   5   12   0.0000000000
5   14   5   14   0.3985694490
5   14   6   13   0.0293023302
5   14   6   14   -0.0000000000
5   14   7   10   -0.0063503127
5   14   7   12   0.1028913256
5   15   1   10   0.0042330550
5   15   1   12   -0.0084815921
5   15   2   9   0.0040332123
5   15   2   11   0.0061786367
5   15   2   14   -0.0029660751
5   15   3   10   0.0084789730
5   15   3   11   -0.0000000000
5   15   3   12   -0.0672105873
5   15   3   14   0.0000000000
5   15   4   9   -0.0064371362
5   15   4   11   -0.0448973839
5   15   4   12   -0.0000000000
5   15   4   14   0.0390204273
5   15   5   15   0.3801373516
5   15   6   10   -0.0020033114
5   15   6   12   0.0384405155
5   15   6   14   -0.0000000000
5   15   7   13   0.1303199852
5   15   8   16   -0.0000000000
5   16   5   16   0.3781094083
5   16   6   16   -0.0000000000
5   16   7   16   0.0000000000
5   16   8   13   0.0115564860
6   9   1   9   -0.0039090062
6   9   1   10   0.0000000000
6   9   1   11   0.0046200233
6   9   1   14   0.0107676176
6   9   2   9   0.0000000000
6   9   2   10   -0.0166891890
6   9   2   12   0.0026524939
6   9   3   9   0.1152338806
6   9   3   10   -0.0000000000
6   9   3   11   0.0028782351
6   9   3   14   0.0152492068
6   9   4   10   0.1325750511
6   9   4   12   -0.0029725341
6   9   5   13   -0.0019172723
6   9   6   9   0.5739818826
6   9   6   11   -0.0025321916
6   9   6   14   0.0062002208
6   9   7   15   -0.0029920680
6   9   8   16   0.0018090721
6   10   1   9   0.0000000000
6   10   1   10   -0.0039353661
6   10   1   12   0.0029810807
6   10   2   9   -0.0166841636
6   10   2   10   0.0000000000
6   10   2   11   0.0043581957
6   10   2   14   0.0099255386
6   10   3   9   -0.0000000000
6   10   3   10   0.1151644931
6   10   3   12   0.0074536547
6   10   4   9   0.1325705996
6   10   4   10   0.0000000000
6   10   4   11   -0.0045699553
6   10   4   14   -0.0101864481
6   10   5   15   -0.0020033114
6   10   6   10   0.5739425600
6   10   6   12   0.0061022094
6   10   7   13   -0.0029660751
6   11   1   9   0.0038618796
6   11   1   11   0.0119673434
6   11   1   14   0.0152492068
6   11   2   10   0.0035813353
6   11   2   12   0.0064801312
6   11   3   9   0.0028690441
6   11   3   11   0.1020603544
6   11   3   14   0.0863025944
6   11   4   10   -0.0044991933
6   11   4   11   -0.0000000000
6   11   4   12   -0.0873278794
6   11   4   14   -0.0000000000
6   11   5   13   -0.0225633622
6   11   6   9   -0.0025321916
6   11   6   11   0.4704188485
6   11   6   12   0.0000000000
6   11   6   14   0.0669328544
6   11   7   13   0.0000000000
6   11   7   14   0.0000000000
6   11   7   15   -0.0306017118
6   11   8   16   0.0129019318
6   12   1   10   0.0019538950
6   12   1   12   -0.0055733849
6   12   2   9   0.0016199419
6   12   2   11   0.0063304181
6   12   2   14   -0.0101864481
6   12   3   10   0.0073641907
6   12   3   11   -0.0000000000
6   12   3   12   0.0033498364
6   12   3   14   -0.0000000000
6   12   4   9   -0.0028473116
6   12   4   11   -0.0857793430
6   12   4   12   -0.0000000000
6   12   4   14   0.1022767390
6   12   5   13   -0.0000000000
6   12   5   15   0.0384405155
6   12   6   10   0.0061022094
6   12   6   11   0.0000000000
6   12   6   12   0.4009954023
6   12   6   14   -0.0000000000
6   12   6   15   -0.0000000000
6   12   7   13   0.0390204273
6   12   7   15   -0.0000000000
6   12   8   16   -0.0000000000
6   13   1   13   0.0018354945
6   13   2   15   -0.0063503127
6   13   3   13   0.0345111093
6   13   4   13   0.0000000000
6   13   4   15   0.1028913256
6   13   5   9   -0.0018346502
6   13   5   11   -0.0213209513
6   13   5   14   0.0293023302
6   13   6   13   0.3985694490
6   13   6   14   -0.0000000000
6   13   7   10   -0.0030125421
6   13   7   11   0.0000000000
6   13   7   12   0.0407328139
6   14   1   9   0.0079713657
6   14   1   11   0.0150007883
6   14   1   14   0.0062002208
6   14   2   10   0.0071118644
6   14   2   12   -0.0100163293
6   14   3   9   0.0150007883
6   14   3   11   0.0832153228
6   14   3   14   0.0669328544
6   14   4   10   -0.0100163293
6   14   4   12   0.1005864155
6   14   4   14   -0.0000000000
6   14   5   13   0.0250433756
6   14   5   14   -0.0000000000
6   14   5   15   -0.0000000000
6   14   6   9   0.0062002208
6   14   6   11   0.0669328544
6   14   6   12   -0.0000000000
6   14   6   13   -0.0000000000
6   14   6   14   0.4534471102
6   14   7   13   -0.0000000000
6   14   7   15   0.0305271282
6   14   8   16   0.0111775482
6   15   1   15   -0.0012521875
6   15   2   13   -0.0062723602
6   15   3   14   0.0000000000
6   15   3   15   0.0115519642
6   15   4   13   0.1024017781
6   15   4   15   0.0000000000
6   15   5   10   -0.0019889721
6   15   5   12   0.0397570048
6   15   6   12   -0.0000000000
6   15   6   15   0.3803535715
6   15   7   9   -0.0029919218
6   15   7   11   -0.0297332233
6   15   7   14   0.0342831485
6   16   1   16   0.0058691684
6   16   3   16   0.0692826786
6   16   4   16   0.0000000000
6   16   5   16   -0.0000000000
6   16   6   16   0.4117311980
6   16   8   9   0.0017989663
6   16   8   11   0.0129982789
6   16   8   14   0.0152862176
7   9   1   15   0.0053858279
7   9   2   13   0.0059154105
7   9   3   15   0.0060027142
7   9   4   13   -0.0086360665
7   9   5   9   -0.0000000000
7   9   5   10   0.1725522934
7   9   5   12   -0.0005427592
7   9   6   15   -0.0029919218
7   9   7   9   0.4550573108
7   9   7   11   -0.0027160468
7   9   7   14   -0.0012521875
7   10   1   13   0.0057128668
7   10   2   15   0.0055461921
7   10   3   13   0.0063548060
7   10   4   15   -0.0080787508
7   10   5   9   0.1725537131
7   10   5   10   0.0000000000
7   10   5   11   -0.0045895591
7   10   5   14   -0.0063503127
7   10   6   13   -0.0030125421
7   10   7   10   0.4550693618
7   10   7   12   0.0013589904
7   11   1   15   0.0060027142
7   11   2   13   0.0086735414
7   11   3   15   0.0383732532
7   11   4   11   -0.0000000000
7   11   4   13   -0.0682261597
7   11   5   10   -0.0045855395
7   11   5   12   -0.1013017747
7   11   6   13   0.0000000000
7   11   6   15   -0.0297332233
7   11   7   9   -0.0027160468
7   11   7   11   0.3912693307
7   11   7   14   0.0115519642
7   12   1   13   -0.0065759130
7   12   2   15   -0.0080787508
7   12   3   13   -0.0456508197
7   12   4   13   -0.0000000000
7   12   4   15   0.0826843902
7   12   5   9   -0.0005407590
7   12   5   11   -0.1010551600
7   12   5   14   0.1028913256
7   12   6   13   0.0407328139
7   12   7   10   0.0013589904
7   12   7   12   0.3790778221
7   12   7   14   0.0000000000
7   13   1   10   0.0040332123
7   13   1   12   -0.0064371362
7   13   2   9   0.0042330550
7   13   2   11   0.0084789730
7   13   2   14   -0.0020033114
7   13   3   10   0.0061786367
7   13   3   11   -0.0000000000
7   13   3   12   -0.0448973839
7   13   4   9   -0.0084815921
7   13   4   11   -0.0672105873
7   13   4   12   -0.0000000000
7   13   4   14   0.0384405155
7   13   5   15   0.1303199852
7   13   6   10   -0.0029660751
7   13   6   11   0.0000000000
7   13   6   12   0.0390204273
7   13   6   14   -0.0000000000
7   13   7   13   0.3801373516
7   13   8   16   -0.0000000000
7   14   1   15   -0.0029919218
7   14   2   13   -0.0019889721
7   14   3   15   -0.0297332233
7   14   4   13   0.0397570048
7   14   4   14   -0.0000000000
7   14   5   10   -0.0062723602
7   14   5   12   0.1024017781
7   14   6   11   0.0000000000
7   14   6   15   0.0342831485
7   14   7   9   -0.0012521875
7   14   7   11   0.0115519642
7   14   7   12   0.0000000000
7   14   7   14   0.3803535715
7   15   1   9   0.0035846379
7   15   1   11   0.0057229377
7   15   1   14   -0.0029920680
7   15   2   10   0.0037476650
7   15   2   12   -0.0078702765
7   15   3   9   0.0057229377
7   15   3   11   0.0356092896
7   15   3   12   0.0000000000
7   15   3   14   -0.0306017118
7   15   4   10   -0.0078702765
7   15   4   11   0.0000000000
7   15   4   12   0.0803578651
7   15   4   14   -0.0000000000
7   15   5   13   0.1291480062
7   15   6   9   -0.0029920680
7   15   6   11   -0.0306017118
7   15   6   12   -0.0000000000
7   15   6   14   0.0305271282
7   15   7   15   0.3739115953
7   15   8   16   0.0035657174
7   16   5   16   0.0000000000
7   16   7   16   0.3535945750
7   16   8   15   0.0073463745
8   9   1   16   0.0089007999
8   9   2   16   0.0000000000
8   9   3   16   0.0113672431
8   9   4   16   -0.0000000000
8   9   6   16   0.0017989663
8   9   8   9   0.5441692273
8   9   8   10   0.0000000000
8   9   8   11   -0.0023622981
8   9   8   14   0.0058691684
8   10   1   16   0.0000000000
8   10   2   16   0.0085266893
8   10   3   16   0.0000000000
8   10   4   16   -0.0060974264
8   10   8   9   0.0000000000
8   10   8   10   0.5441453069
8   10   8   12   0.0056861247
8   11   1   16   0.0113672431
8   11   2   16   0.0000000000
8   11   3   16   0.0635939660
8   11   4   16   -0.0000000000
8   11   6   16   0.0129982789
8   11   8   9   -0.0023622981
8   11   8   11   0.4535894326
8   11   8   12   -0.0000000000
8   11   8   14   0.0692826786
8   12   1   16   -0.0000000000
8   12   2   16   -0.0060974264
8   12   3   16   -0.0000000000
8   12   4   16   0.0220203820
8   12   8   10   0.0056861247
8   12   8   11   -0.0000000000
8   12   8   12   0.3709849738
8   12   8   14   0.0000000000
8   13   5   16   0.0115564860
8   13   8   13   0.3781094083
8   13   8   14   -0.0000000000
8   13   8   15   0.0000000000
8   14   1   16   0.0017989663
8   14   3   16   0.0129982789
8   14   6   16   0.0152862176
8   14   8   9   0.0058691684
8   14   8   11   0.0692826786
8   14   8   12   0.0000000000
8   14   8   13   -0.0000000000
8   14   8   14   0.4117311980
8   15   7   16   0.0073463745
8   15   8   13   0.0000000000
8   15   8   15   0.3535945750
8   16   1   9   0.0060348173
8   16   1   11   0.0106088566
8   16   1   12   -0.0000000000
8   16   1   14   0.0018090721
8   16   2   10   0.0056594412
8   16   2   11   0.0000000000
8   16   2   12   -0.0055198100
8   16   3   9   0.0106088566
8   16   3   10   0.0000000000
8   16   3   11   0.0597753676
8   16   3   12   0.0000000000
8   16   3   14   0.0129019318
8   16   4   9   -0.0000000000
8   16   4   10   -0.0055198100
8   16   4   11   0.0000000000
8   16   4   12   0.0180539501
8   16   4   14   -0.0000000000
8   16   5   13   0.0077564758
8   16   5   15   -0.0000000000
8   16   6   9   0.0018090721
8   16   6   11   0.0129019318
8   16   6   12   -0.0000000000
8   16   6   14   0.0111775482
8   16   7   13   -0.0000000000
8   16   7   15   0.0035657174
8   16   8   16   0.4286663279

End IJKL Block
Begin ABCD Block
1   4   1   4   0.1885937775
1   4   1   6   0.0000000077
1   4   2   5   0.0039455298
1   4   3   4   0.0000000077
1   4   3   6   0.0372257373
1   5   1   5   0.1949081180
1   5   2   4   0.0039129977
1   5   2   6   0.0000000180
1   5   3   5   0.0000000007
1   6   1   4   0.0000000077
1   6   1   6   0.1689707022
1   6   2   5   0.0000000178
1   6   3   4   0.0372183031
1   6   3   6   -0.0000000064
2   4   1   5   0.0039129977
2   4   2   4   0.1949081180
2   4   2   6   0.0000000007
2   4   3   5   0.0000000180
2   5   1   4   0.0039455298
2   5   1   6   0.0000000178
2   5   2   5   0.3047080591
2   5   3   4   0.0000000178
2   5   3   6   0.0056024011
2   6   1   5   0.0000000180
2   6   2   4   0.0000000007
2   6   2   6   0.1855513808
2   6   3   5   0.0055978215
3   4   1   4   0.0000000077
3   4   1   6   0.0372183031
3   4   2   5   0.0000000178
3   4   3   4   0.1689707022
3   4   3   6   -0.0000000064
3   5   1   5   0.0000000007
3   5   2   4   0.0000000180
3   5   2   6   0.0055978215
3   5   3   5   0.1855513808
3   6   1   4   0.0372257373
3   6   1   6   -0.0000000064
3   6   2   5   0.0056024011
3   6   3   4   -0.0000000064
3   6   3   6   0.1784982225

End ABCD Block
Begin AIJB Block
1   9   1   4   0.0022829086
1   9   2   6   -0.0022692136
1   9   3   4   0.0000474686
1   9   4   6   0.0000378301
1   9   6   4   -0.0004160346
1   10   1   6   -0.0022878977
1   10   2   4   0.0022498925
1   10   3   6   0.0001681918
1   10   4   4   -0.0004756472
1   10   6   6   0.0001194451
1   10   8   5   -0.0013869202
1   11   1   4   0.0000474686
1   11   2   6   0.0001553698
1   11   3   4   0.0044554146
1   11   4   4   -0.0000000000
1   11   4   6   0.0057663913
1   11   5   4   -0.0000000000
1   11   5   6   0.0000000000
1   11   6   4   -0.0055348660
1   11   6   6   0.0000000000
1   11   7   4   -0.0000000000
1   11   8   5   0.0000000000
1   12   1   6   -0.0000235341
1   12   2   4   -0.0004756472
1   12   3   4   -0.0000000000
1   12   3   6   0.0053705551
1   12   4   4   0.0104397566
1   12   4   6   -0.0000000000
1   12   5   4   -0.0000000000
1   12   6   6   -0.0076205437
1   12   7   4   -0.0000000000
1   12   7   6   0.0000000000
1   12   8   5   0.0036732483
1   13   3   4   -0.0000000000
1   13   3   6   -0.0000000000
1   13   4   4   -0.0000000000
1   13   4   6   -0.0000000000
1   13   5   4   0.0064626046
1   13   5   6   -0.0000000000
1   13   6   6   -0.0000000000
1   13   7   4   -0.0000000000
1   13   7   6   -0.0034973407
1   13   8   5   -0.0000000000
1   14   1   4   -0.0004160346
1   14   2   6   0.0004423938
1   14   3   4   -0.0055348660
1   14   3   6   0.0000000000
1   14   4   6   -0.0046259863
1   14   5   6   0.0000000000
1   14   6   4   0.0084560154
1   14   6   6   -0.0000000000
1   14   7   4   -0.0000000000
1   14   7   6   0.0000000000
1   15   3   4   -0.0000000000
1   15   3   6   0.0000000000
1   15   4   4   -0.0000000000
1   15   4   6   -0.0000000000
1   15   5   4   -0.0000000000
1   15   5   6   -0.0043265116
1   15   6   4   -0.0000000000
1   15   6   6   -0.0000000000
1   15   7   4   0.0047871382
1   15   7   6   0.0000000000
1   15   8   5   0.0000000000
1   16   2   5   -0.0004967795
1   16   3   5   -0.0000000000
1   16   4   5   0.0163872689
1   16   6   5   0.0000000000
1   16   7   5   -0.0000000000
1   16   8   4   0.0028189885
1   16   8   6   0.0000000004
2   9   1   5   0.0050208546
2   9   3   5   0.0045718237
2   9   6   5   -0.0009999781
2   9   8   6   0.0001179211
2   10   2   5   0.0051691368
2   10   4   5   -0.0051163795
2   10   8   4   -0.0004967795
2   11   1   5   0.0045718237
2   11   3   5   0.0211443742
2   11   4   5   0.0000000000
2   11   6   5   -0.0075291165
2   11   8   4   -0.0000000000
2   11   8   6   0.0133455134
2   12   2   5   -0.0051163795
2   12   3   5   0.0000000000
2   12   4   5   0.0303931928
2   12   8   4   0.0163872689
2   12   8   6   -0.0000000000
2   13   5   5   0.0089382605
2   13   8   6   -0.0000000000
2   14   1   5   -0.0009999781
2   14   3   5   -0.0075291165
2   14   6   5   0.0117261052
2   14   8   4   0.0000000000
2   14   8   6   -0.0005827682
2   15   7   5   0.0098047694
2   15   8   4   -0.0000000000
2   15   8   6   -0.0000000000
2   16   1   6   0.0018020544
2   16   2   4   -0.0013869202
2   16   2   6   0.0000000000
2   16   3   4   0.0000000000
2   16   3   6   0.0059604579
2   16   4   4   0.0036732483
2   16   4   6   0.0000000001
2   16   5   4   -0.0000000000
2   16   5   6   0.0000000000
2   16   6   6   -0.0010146332
2   16   7   4   0.0000000000
2   16   8   5   0.0715072707
3   9   1   6   0.0024739665
3   9   2   4   -0.0022878977
3   9   3   6   -0.0003024817
3   9   4   4   -0.0000235341
3   9   6   6   -0.0001935227
3   9   8   5   0.0018020544
3   10   1   4   -0.0022692136
3   10   2   6   0.0024855199
3   10   3   4   0.0001553698
3   10   4   6   0.0002180159
3   10   6   4   0.0004423938
3   10   8   5   0.0000000000
3   11   1   6   -0.0003024817
3   11   2   4   0.0001681918
3   11   3   6   0.0047473375
3   11   4   4   0.0053705551
3   11   4   6   -0.0000000000
3   11   5   4   -0.0000000000
3   11   6   4   0.0000000000
3   11   6   6   -0.0024593147
3   11   7   4   0.0000000000
3   11   7   6   -0.0000000000
3   11   8   5   0.0059604579
3   12   1   4   0.0000378301
3   12   2   6   0.0002180159
3   12   3   4   0.0057663913
3   12   3   6   -0.0000000000
3   12   4   4   -0.0000000000
3   12   4   6   0.0092535475
3   12   5   4   -0.0000000000
3   12   5   6   0.0000000000
3   12   6   4   -0.0046259863
3   12   6   6   0.0000000000
3   12   7   4   -0.0000000000
3   12   7   6   0.0000000000
3   12   8   5   0.0000000001
3   13   3   4   0.0000000000
3   13   4   6   0.0000000000
3   13   5   4   -0.0000000000
3   13   5   6   0.0036037242
3   13   6   4   0.0000000000
3   13   6   6   0.0000000000
3   13   7   4   -0.0043265116
3   13   8   5   0.0000000000
3   14   1   6   -0.0001935227
3   14   2   4   0.0001194451
3   14   3   4   0.0000000000
3   14   3   6   -0.0024593147
3   14   4   4   -0.0076205437
3   14   4   6   0.0000000000
3   14   5   4   -0.0000000000
3   14   5   6   0.0000000000
3   14   6   4   -0.0000000000
3   14   6   6   0.0049900234
3   14   7   4   -0.0000000000
3   14   7   6   -0.0000000000
3   14   8   5   -0.0010146332
3   15   3   6   -0.0000000000
3   15   4   4   0.0000000000
3   15   4   6   0.0000000000
3   15   5   4   -0.0034973407
3   15   6   4   0.0000000000
3   15   6   6   -0.0000000000
3   15   7   4   0.0000000000
3   15   7   6   0.0051140861
3   16   1   5   0.0001179211
3   16   3   5   0.0133455134
3   16   4   5   -0.0000000000
3   16   5   5   -0.0000000000
3   16   6   5   -0.0005827682
3   16   7   5   -0.0000000000
3   16   8   4   0.0000000004
3   16   8   6   0.0027347793

1   9   9   1   -0.2268018347
1   9   10   1   0.0000000000
1   9   10   3   0.0395877745
1   9   11   1   0.0008637052
1   9   11   3   0.0000000000
1   9   12   1   0.0000000000
1   9   12   3   -0.0004678522
1   9   13   3   0.0000000000
1   9   14   1   0.0008057027
1   9   14   3   0.0000000000
1   9   15   3   0.0000000000
1   10   9   1   0.0000000000
1   10   9   3   0.0395876869
1   10   10   1   -0.2268068144
1   10   10   3   0.0000000000
1   10   11   1   -0.0000000000
1   10   11   3   -0.0013078190
1   10   12   1   -0.0001804706
1   10   12   3   -0.0000000000
1   10   14   1   0.0000000000
1   10   14   3   -0.0023154540
1   10   15   3   0.0000000000
1   10   16   2   0.0016441418
1   11   9   1   0.0008637052
1   11   9   3   0.0000000000
1   11   10   1   -0.0000000000
1   11   10   3   -0.0013067547
1   11   11   1   -0.2145119824
1   11   11   3   0.0000000000
1   11   12   1   0.0000000000
1   11   12   3   -0.0294621510
1   11   13   1   0.0000000000
1   11   13   3   -0.0000000000
1   11   14   1   -0.0014525572
1   11   14   3   -0.0000000000
1   11   15   1   -0.0000000000
1   11   15   3   -0.0000000000
1   11   16   2   -0.0000000000
1   12   9   1   0.0000000000
1   12   9   3   -0.0004654543
1   12   10   1   -0.0001804706
1   12   10   3   -0.0000000000
1   12   11   1   0.0000000000
1   12   11   3   -0.0294662202
1   12   12   1   -0.2127298567
1   12   12   3   0.0000000000
1   12   13   1   0.0000000000
1   12   13   3   0.0000000000
1   12   14   1   -0.0000000001
1   12   14   3   0.0352124845
1   12   15   1   0.0000000000
1   12   15   3   -0.0000000000
1   12   16   2   -0.0040891113
1   13   9   3   0.0000000000
1   13   11   1   0.0000000000
1   13   11   3   -0.0000000000
1   13   12   1   0.0000000000
1   13   12   3   0.0000000000
1   13   13   1   -0.2147461374
1   13   13   3   0.0000000000
1   13   14   1   -0.0000000000
1   13   14   3   -0.0000000000
1   13   15   1   -0.0000000000
1   13   15   3   0.0382797269
1   13   16   2   0.0000000000
1   14   9   1   0.0008057027
1   14   9   3   0.0000000000
1   14   10   1   0.0000000000
1   14   10   3   -0.0023216282
1   14   11   1   -0.0014525572
1   14   11   3   -0.0000000000
1   14   12   1   -0.0000000001
1   14   12   3   0.0352341076
1   14   13   1   -0.0000000000
1   14   13   3   -0.0000000000
1   14   14   1   -0.2128171671
1   14   14   3   0.0000000001
1   14   15   1   -0.0000000000
1   14   15   3   -0.0000000000
1   14   16   2   0.0000000000
1   15   9   3   0.0000000000
1   15   10   3   0.0000000000
1   15   11   1   -0.0000000000
1   15   11   3   -0.0000000000
1   15   12   1   0.0000000000
1   15   12   3   -0.0000000000
1   15   13   1   -0.0000000000
1   15   13   3   0.0383201328
1   15   14   1   -0.0000000000
1   15   14   3   -0.0000000000
1   15   15   1   -0.2127747959
1   15   15   3   -0.0000000000
1   15   16   2   0.0000000000
1   16   10   2   0.0016081853
1   16   11   2   -0.0000000000
1   16   12   2   -0.0039772293
1   16   13   2   0.0000000000
1   16   14   2   0.0000000000
1   16   15   2   0.0000000000
1   16   16   1   -0.2077290910
1   16   16   3   0.0000000002
2   9   9   2   -0.4062554218
2   9   11   2   0.0021243353
2   9   14   2   0.0000377368
2   9   16   3   -0.0019595261
2   10   10   2   -0.4062711952
2   10   12   2   -0.0016030950
2   10   16   1   0.0016081853
2   10   16   3   -0.0000000000
2   11   9   2   0.0021243353
2   11   11   2   -0.3504762033
2   11   12   2   0.0000000000
2   11   14   2   -0.0223616853
2   11   16   1   -0.0000000000
2   11   16   3   -0.0058832088
2   12   10   2   -0.0016030950
2   12   11   2   0.0000000000
2   12   12   2   -0.3260304315
2   12   14   2   -0.0000000000
2   12   16   1   -0.0039772293
2   12   16   3   -0.0000000001
2   13   13   2   -0.3163049880
2   13   15   2   -0.0000000000
2   13   16   1   0.0000000000
2   13   16   3   0.0000000000
2   14   9   2   0.0000377368
2   14   11   2   -0.0223616853
2   14   12   2   -0.0000000000
2   14   14   2   -0.3367808579
2   14   16   1   0.0000000000
2   14   16   3   -0.0011773412
2   15   13   2   -0.0000000000
2   15   15   2   -0.3074611874
2   15   16   1   0.0000000000
2   15   16   3   -0.0000000000
2   16   9   3   -0.0019580760
2   16   10   1   0.0016441418
2   16   10   3   -0.0000000000
2   16   11   1   -0.0000000000
2   16   11   3   -0.0059723540
2   16   12   1   -0.0040891113
2   16   12   3   -0.0000000001
2   16   13   1   0.0000000000
2   16   13   3   0.0000000000
2   16   14   1   0.0000000000
2   16   14   3   -0.0014892274
2   16   15   1   0.0000000000
2   16   15   3   -0.0000000000
2   16   16   2   -0.3510259364
3   9   9   3   -0.2078101166
3   9   10   1   0.0395876869
3   9   10   3   -0.0000000000
3   9   11   1   0.0000000000
3   9   11   3   0.0008642426
3   9   12   1   -0.0004654543
3   9   12   3   0.0000000000
3   9   13   1   0.0000000000
3   9   13   3   0.0000000000
3   9   14   1   0.0000000000
3   9   14   3   0.0007948767
3   9   15   1   0.0000000000
3   9   16   2   -0.0019580760
3   10   9   1   0.0395877745
3   10   9   3   -0.0000000000
3   10   10   1   0.0000000000
3   10   10   3   -0.2078149087
3   10   11   1   -0.0013067547
3   10   11   3   -0.0000000000
3   10   12   1   -0.0000000000
3   10   12   3   -0.0001883383
3   10   14   1   -0.0023216282
3   10   14   3   -0.0000000000
3   10   15   1   0.0000000000
3   10   16   2   -0.0000000000
3   11   9   1   0.0000000000
3   11   9   3   0.0008642426
3   11   10   1   -0.0013078190
3   11   10   3   -0.0000000000
3   11   11   1   0.0000000000
3   11   11   3   -0.1954181808
3   11   12   1   -0.0294662202
3   11   12   3   0.0000000000
3   11   13   1   -0.0000000000
3   11   13   3   -0.0000000000
3   11   14   1   -0.0000000000
3   11   14   3   0.0023525885
3   11   15   1   -0.0000000000
3   11   15   3   -0.0000000000
3   11   16   2   -0.0059723540
3   12   9   1   -0.0004678522
3   12   9   3   0.0000000000
3   12   10   1   -0.0000000000
3   12   10   3   -0.0001883383
3   12   11   1   -0.0294621510
3   12   11   3   0.0000000000
3   12   12   1   0.0000000000
3   12   12   3   -0.1999862138
3   12   13   1   0.0000000000
3   12   13   3   0.0000000000
3   12   14   1   0.0352341076
3   12   14   3   -0.0000000000
3   12   15   1   -0.0000000000
3   12   15   3   0.0000000000
3   12   16   2   -0.0000000001
3   13   9   1   0.0000000000
3   13   9   3   0.0000000000
3   13   11   1   -0.0000000000
3   13   11   3   -0.0000000000
3   13   12   1   0.0000000000
3   13   12   3   0.0000000000
3   13   13   1   0.0000000000
3   13   13   3   -0.1953322751
3   13   14   1   -0.0000000000
3   13   14   3   -0.0000000000
3   13   15   1   0.0383201328
3   13   15   3   -0.0000000000
3   13   16   2   0.0000000000
3   14   9   1   0.0000000000
3   14   9   3   0.0007948767
3   14   10   1   -0.0023154540
3   14   10   3   -0.0000000000
3   14   11   1   -0.0000000000
3   14   11   3   0.0023525885
3   14   12   1   0.0352124845
3   14   12   3   -0.0000000000
3   14   13   1   -0.0000000000
3   14   13   3   -0.0000000000
3   14   14   1   0.0000000001
3   14   14   3   -0.1997736402
3   14   15   1   -0.0000000000
3   14   15   3   -0.0000000000
3   14   16   2   -0.0014892274
3   15   9   1   0.0000000000
3   15   10   1   0.0000000000
3   15   11   1   -0.0000000000
3   15   11   3   -0.0000000000
3   15   12   1   -0.0000000000
3   15   12   3   0.0000000000
3   15   13   1   0.0382797269
3   15   13   3   -0.0000000000
3   15   14   1   -0.0000000000
3   15   14   3   -0.0000000000
3   15   15   1   -0.0000000000
3   15   15   3   -0.1971707122
3   15   16   2   -0.0000000000
3   16   9   2   -0.0019595261
3   16   10   2   -0.0000000000
3   16   11   2   -0.0058832088
3   16   12   2   -0.0000000001
3   16   13   2   0.0000000000
3   16   14   2   -0.0011773412
3   16   15   2   -0.0000000000
3   16   16   1   0.0000000002
3   16   16   3   -0.1902002099

End AIJB Block
Begin IJKA Block
1   9   1   4   -0.0437157837
1   9   2   4   0.0000000000
1   9   2   6   0.0488821850
1   9   3   4   0.0059886353
1   9   4   6   0.0064518977
1   9   6   4   -0.0019998979
1   9   8   5   -0.0000000000
1   10   1   4   0.0000000000
1   10   1   6   0.0502455479
1   10   2   4   -0.0411738895
1   10   2   6   0.0000000000
1   10   3   6   -0.0074792265
1   10   4   4   -0.0060457682
1   10   4   6   0.0000000000
1   10   6   6   0.0007037942
1   10   8   5   -0.0065498911
1   11   1   4   0.0398348640
1   11   1   6   -0.0000000000
1   11   2   4   0.0000000000
1   11   2   6   -0.0418167550
1   11   3   4   -0.0016391318
1   11   4   6   -0.0007142368
1   11   6   4   -0.0015616394
1   12   1   6   0.0642487877
1   12   2   4   -0.0483746123
1   12   2   6   0.0000000000
1   12   3   6   -0.0016389759
1   12   4   4   0.0004923823
1   12   6   6   -0.0012774160
1   12   8   5   0.0067114128
1   13   1   6   0.0000000000
1   13   2   6   0.0000000000
1   13   5   4   0.0008524907
1   13   7   6   -0.0017159691
1   14   1   4   -0.0491573012
1   14   1   6   0.0000000000
1   14   2   4   -0.0000000000
1   14   2   6   0.0109389778
1   14   3   4   0.0009986618
1   14   4   6   -0.0007270724
1   14   6   4   0.0021557769
1   15   1   4   0.0000000000
1   15   2   4   0.0000000000
1   15   5   6   -0.0017059493
1   15   7   4   0.0012293013
1   16   1   5   -0.0000000000
1   16   2   5   -0.1188606182
1   16   3   5   0.0000000000
1   16   4   5   0.0007497271
1   16   8   4   0.0017093974
1   16   8   6   0.0000000000
2   9   1   4   0.0000000000
2   9   1   6   0.0488839809
2   9   2   4   -0.0437280650
2   9   2   6   0.0000000000
2   9   3   6   -0.0075054144
2   9   4   4   -0.0061132191
2   9   4   6   0.0000000000
2   9   6   6   0.0006132854
2   9   8   5   -0.0063150353
2   10   1   4   -0.0411709487
2   10   1   6   0.0000000000
2   10   2   6   0.0502709840
2   10   3   4   0.0060474481
2   10   4   6   0.0064907707
2   10   6   4   -0.0018274992
2   10   8   5   -0.0000000000
2   11   1   4   0.0000000000
2   11   1   6   -0.0418043916
2   11   2   4   0.0398404180
2   11   2   6   -0.0000000000
2   11   3   6   0.0018143556
2   11   4   4   0.0003147126
2   11   6   6   0.0010929626
2   11   8   5   -0.0060505701
2   12   1   4   -0.0483616874
2   12   1   6   0.0000000000
2   12   2   4   -0.0000000000
2   12   2   6   0.0642468855
2   12   3   4   0.0022177585
2   12   4   6   0.0004961972
2   12   6   4   0.0034879306
2   13   1   6   0.0000000000
2   13   2   6   0.0000000000
2   13   5   6   -0.0018101836
2   13   7   4   0.0008634474
2   14   1   4   -0.0000000000
2   14   1   6   0.0109375017
2   14   2   4   -0.0491556720
2   14   2   6   0.0000000000
2   14   3   6   -0.0006876296
2   14   4   4   0.0005696139
2   14   6   6   -0.0020157601
2   14   8   5   0.0009330943
2   15   1   4   0.0000000000
2   15   2   4   0.0000000000
2   15   5   4   0.0012689076
2   15   7   6   -0.0015931482
2   16   1   5   -0.1188073170
2   16   2   5   -0.0000000000
2   16   3   5   0.0024389425
2   16   6   5   0.0038292177
2   16   8   6   -0.0023198434
3   9   1   4   0.0062224914
3   9   2   6   -0.0078412993
3   9   3   4   -0.0042668608
3   9   4   6   -0.0004989275
3   9   6   4   -0.0038661118
3   10   1   6   -0.0078137537
3   10   2   4   0.0062730048
3   10   3   6   0.0031465817
3   10   4   4   -0.0003006315
3   10   6   6   0.0021980770
3   10   8   5   -0.0087002859
3   11   1   4   -0.0013778711
3   11   2   6   0.0013594892
3   11   3   4   0.0197951398
3   11   3   6   -0.0000000000
3   11   4   6   0.0154185611
3   11   6   4   -0.0015577491
3   11   6   6   -0.0000000000
3   11   7   4   0.0000000000
3   11   8   5   0.0000000000
3   12   1   6   -0.0012632939
3   12   2   4   0.0017500331
3   12   3   4   -0.0000000000
3   12   3   6   0.0394622165
3   12   4   4   0.0215414400
3   12   4   6   -0.0000000000
3   12   5   6   0.0000000000
3   12   6   4   -0.0000000000
3   12   6   6   0.0044178802
3   12   7   4   -0.0000000000
3   12   8   5   0.0348913170
3   13   3   6   0.0000000000
3   13   5   4   -0.0034467985
3   13   5   6   -0.0000000000
3   13   7   6   -0.0051004873
3   14   1   4   0.0007034405
3   14   2   6   -0.0005434566
3   14   3   4   -0.0296634217
3   14   3   6   0.0000000000
3   14   4   4   0.0000000000
3   14   4   6   -0.0026763121
3   14   5   4   -0.0000000000
3   14   6   4   0.0016139130
3   14   6   6   0.0000000000
3   14   8   5   -0.0000000000
3   15   3   4   0.0000000000
3   15   5   4   0.0000000000
3   15   5   6   -0.0045997193
3   15   6   6   0.0000000000
3   15   7   4   0.0017628869
3   16   1   5   0.0000000000
3   16   2   5   0.0013833544
3   16   3   5   -0.0000000000
3   16   4   5   0.0630543340
3   16   6   5   -0.0000000000
3   16   8   4   0.0037052006
3   16   8   6   0.0000000001
4   9   1   6   0.0067848431
4   9   2   4   -0.0064910386
4   9   3   6   -0.0005168868
4   9   4   4   0.0004093414
4   9   6   6   -0.0008653773
4   9   8   5   0.0051645176
4   10   1   4   -0.0064216987
4   10   2   6   0.0068198115
4   10   3   4   -0.0003362320
4   10   4   6   0.0005130291
4   10   6   4   0.0021567297
4   11   1   6   -0.0005050365
4   11   2   4   0.0000582091
4   11   3   4   -0.0000000000
4   11   3   6   0.0151833002
4   11   4   4   0.0232143400
4   11   4   6   -0.0000000000
4   11   5   6   0.0000000000
4   11   6   4   -0.0000000000
4   11   6   6   -0.0121535624
4   11   7   4   -0.0000000000
4   11   8   5   0.0211644643
4   12   1   4   0.0006509212
4   12   2   6   0.0002617151
4   12   3   4   0.0211225684
4   12   3   6   -0.0000000000
4   12   4   4   0.0000000000
4   12   4   6   0.0349078088
4   12   5   4   0.0000000000
4   12   5   6   0.0000000000
4   12   6   4   -0.0239012095
4   12   6   6   0.0000000000
4   12   7   4   0.0000000000
4   12   8   5   0.0000000000
4   13   4   6   0.0000000000
4   13   5   6   0.0053605180
4   13   7   4   0.0026721797
4   13   7   6   0.0000000000
4   14   1   6   -0.0007422867
4   14   2   4   0.0006193525
4   14   3   4   0.0000000000
4   14   3   6   -0.0027380247
4   14   4   4   -0.0336989440
4   14   4   6   0.0000000000
4   14   5   6   -0.0000000000
4   14   6   6   0.0034551062
4   14   7   4   0.0000000000
4   14   8   5   -0.0093245665
4   15   4   4   0.0000000000
4   15   5   4   -0.0021973815
4   15   7   4   0.0000000000
4   15   7   6   0.0026748657
4   16   1   5   0.0007735618
4   16   3   5   0.0610839317
4   16   4   5   -0.0000000000
4   16   6   5   -0.0571321214
4   16   8   4   0.0000000000
4   16   8   6   0.0060100458
5   9   5   4   -0.0009672232
5   9   7   6   -0.0001352891
5   10   5   6   0.0007575198
5   10   7   4   0.0007667150
5   11   5   4   0.0163741585
5   11   5   6   -0.0000000000
5   11   7   6   -0.0162596158
5   12   3   6   0.0000000000
5   12   5   4   -0.0000000000
5   12   5   6   0.0323793364
5   12   6   6   -0.0000000000
5   12   7   4   -0.0206038115
5   12   7   6   0.0000000000
5   13   1   4   0.0008899786
5   13   2   6   -0.0017211360
5   13   3   4   -0.0031359342
5   13   4   4   0.0000000000
5   13   4   6   0.0051127354
5   13   5   6   0.0000000000
5   13   6   4   0.0010207508
5   13   6   6   -0.0000000000
5   13   7   6   0.0000000000
5   13   8   5   0.0000000000
5   14   3   6   0.0000000000
5   14   5   4   -0.0253300867
5   14   5   6   0.0000000000
5   14   6   6   0.0000000000
5   14   7   4   -0.0000000000
5   14   7   6   0.0007701651
5   15   1   6   -0.0016120587
5   15   2   4   0.0012388059
5   15   3   6   -0.0044146802
5   15   4   4   -0.0021095546
5   15   5   6   -0.0000000000
5   15   6   4   0.0000000000
5   15   6   6   -0.0008044643
5   15   7   4   0.0000000000
5   15   7   6   0.0000000000
5   15   8   5   -0.0086773958
5   16   5   5   -0.0000000000
5   16   7   5   -0.0667387106
5   16   8   6   -0.0000000000
6   9   1   4   -0.0021427021
6   9   2   6   0.0007212690
6   9   3   4   -0.0038852994
6   9   4   6   -0.0008863756
6   9   6   4   -0.0021343769
6   10   1   6   0.0008081792
6   10   2   4   -0.0019791438
6   10   3   6   0.0022349671
6   10   4   4   0.0021921176
6   10   6   6   0.0017937828
6   10   8   5   -0.0010986963
6   11   1   4   -0.0016220773
6   11   2   6   0.0010174087
6   11   3   4   -0.0016411870
6   11   3   6   -0.0000000000
6   11   4   6   -0.0120462586
6   11   5   4   -0.0000000000
6   11   6   4   0.0218953641
6   11   6   6   -0.0000000000
6   11   8   5   -0.0000000000
6   12   1   6   -0.0013066559
6   12   2   4   0.0032148082
6   12   3   6   0.0038466336
6   12   4   4   -0.0234342426
6   12   4   6   0.0000000000
6   12   5   4   -0.0000000000
6   12   5   6   -0.0000000000
6   12   6   6   0.0361096113
6   12   8   5   -0.0030736619
6   13   5   4   0.0007282302
6   13   6   6   0.0000000000
6   13   7   4   0.0000000000
6   13   7   6   0.0012791207
6   14   1   4   0.0019921343
6   14   2   6   -0.0018558351
6   14   3   4   0.0016192916
6   14   3   6   0.0000000000
6   14   4   4   -0.0000000000
6   14   4   6   0.0033992114
6   14   5   4   0.0000000000
6   14   5   6   0.0000000000
6   14   6   4   -0.0338439277
6   14   6   6   0.0000000000
6   14   7   4   0.0000000000
6   14   7   6   0.0000000000
6   14   8   5   0.0000000000
6   15   3   6   0.0000000000
6   15   4   4   0.0000000000
6   15   5   4   -0.0000000000
6   15   5   6   -0.0005299453
6   15   6   6   0.0000000000
6   15   7   4   -0.0005708808
6   16   2   5   0.0029390959
6   16   3   5   -0.0000000000
6   16   4   5   -0.0552813342
6   16   6   5   -0.0000000000
6   16   8   4   -0.0010529273
6   16   8   6   -0.0000000000
7   9   5   6   -0.0001347247
7   9   7   4   -0.0002007001
7   10   5   4   0.0007791037
7   10   7   6   0.0003511487
7   11   5   4   0.0000000000
7   11   5   6   -0.0161936844
7   11   6   6   0.0000000000
7   11   7   4   0.0166829572
7   11   7   6   -0.0000000000
7   12   5   4   -0.0204692793
7   12   5   6   0.0000000000
7   12   7   6   0.0293051040
7   13   1   6   -0.0016071654
7   13   2   4   0.0008838448
7   13   3   6   -0.0049600796
7   13   4   4   0.0024095495
7   13   4   6   0.0000000000
7   13   5   4   -0.0000000000
7   13   5   6   -0.0000000000
7   13   6   4   0.0000000000
7   13   6   6   0.0011166765
7   13   7   4   0.0000000000
7   13   8   5   -0.0070487146
7   14   5   4   -0.0000000000
7   14   5   6   0.0009529066
7   14   6   4   -0.0000000000
7   14   7   4   -0.0248947916
7   14   7   6   0.0000000000
7   15   1   4   0.0012036529
7   15   2   6   -0.0015267459
7   15   3   4   0.0018472867
7   15   3   6   0.0000000000
7   15   4   6   0.0025855709
7   15   5   4   0.0000000000
7   15   5   6   0.0000000000
7   15   6   4   -0.0005216506
7   15   6   6   -0.0000000000
7   15   7   4   0.0000000000
7   15   8   5   0.0000000000
7   16   5   5   -0.0654410710
7   16   7   5   -0.0000000000
8   9   2   5   -0.0072937124
8   9   4   5   0.0054434521
8   9   8   4   -0.0020341814
8   9   8   6   0.0000000000
8   10   1   5   -0.0074879329
8   10   3   5   -0.0089637534
8   10   6   5   -0.0010543207
8   10   8   6   0.0014836198
8   11   2   5   -0.0061619965
8   11   3   5   0.0000000000
8   11   4   5   0.0206257667
8   11   8   4   0.0190815871
8   11   8   6   0.0000000000
8   12   1   5   0.0061986787
8   12   3   5   0.0324994182
8   12   4   5   -0.0000000000
8   12   6   5   -0.0033227759
8   12   8   4   -0.0000000000
8   12   8   6   0.0356713586
8   13   7   5   -0.0065948125
8   13   8   4   -0.0000000000
8   14   2   5   0.0007627937
8   14   3   5   0.0000000000
8   14   4   5   -0.0090450517
8   14   6   5   0.0000000000
8   14   8   4   -0.0265968022
8   14   8   6   0.0000000000
8   15   5   5   -0.0081602405
8   15   8   4   0.0000000000
8   15   8   6   0.0000000000
8   16   1   4   0.0013851619
8   16   2   6   -0.0018833170
8   16   3   4   0.0030225831
8   16   3   6   0.0000000000
8   16   4   4   0.0000000000
8   16   4   6   0.0050744309
8   16   5   4   0.0000000000
8   16   6   4   -0.0009163112
8   16   6   6   -0.0000000000
8   16   7   4   0.0000000000
8   16   7   6   -0.0000000000
8   16   8   5   -0.0000000000

End IJKA Block
Begin IABC Block
1   4   1   4   0.0000336637
1   4   1   6   -0.0000000000
1   4   2   5   0.0012649408
1   4   3   4   -0.0000000000
1   4   3   6   0.0000790802
1   5   1   5   -0.0003502832
1   5   2   4   0.0012579251
1   5   2   6   -0.0000000000
1   6   1   4   -0.0000000000
1   6   1   6   0.0000203247
1   6   2   5   -0.0000000000
1   6   3   4   0.0000788799
2   4   1   4   0.0000000000
2   4   1   6   -0.0003519380
2   4   2   5   0.0000000000
2   4   3   4   0.0000811424
2   4   3   6   -0.0000000000
2   5   2   4   0.0000000000
2   5   2   6   -0.0014728113
2   5   3   5   0.0004034003
2   6   1   4   -0.0003537813
2   6   1   6   -0.0000000000
2   6   2   5   -0.0014701125
2   6   3   4   -0.0000000000
2   6   3   6   0.0000985496
3   4   1   4   0.0014768734
3   4   1   6   0.0000000001
3   4   2   5   0.0030291239
3   4   3   4   -0.0000000001
3   4   3   6   0.0012069711
3   5   1   5   0.0148670681
3   5   2   4   0.0029168117
3   5   2   6   0.0000000005
3   5   3   5   -0.0000000000
3   6   1   4   0.0000000001
3   6   1   6   0.0028113262
3   6   2   5   0.0000000003
3   6   3   4   0.0012296533
3   6   3   6   -0.0000000001
4   4   1   4   -0.0000000000
4   4   1   6   0.0021326817
4   4   2   5   0.0000000003
4   4   3   4   0.0056520342
4   4   3   6   -0.0000000003
4   5   1   5   -0.0000000000
4   5   2   4   0.0000000003
4   5   2   6   0.0022034550
4   5   3   5   0.0241976367
4   6   1   4   0.0021729539
4   6   1   6   -0.0000000001
4   6   2   5   0.0023574743
4   6   3   4   -0.0000000004
4   6   3   6   0.0016114681
5   4   1   4   0.0000000001
5   4   1   6   0.0000000002
5   4   2   5   0.0000000000
5   4   3   4   -0.0000000001
5   4   3   6   0.0000000006
5   5   1   5   -0.0000000000
5   5   2   4   0.0000000000
5   5   2   6   -0.0000000000
5   5   3   5   -0.0000000000
5   6   1   4   0.0000000002
5   6   1   6   0.0000000001
5   6   2   5   -0.0000000000
5   6   3   4   0.0000000006
5   6   3   6   0.0000000003
6   4   1   4   -0.0040200451
6   4   1   6   0.0000000001
6   4   2   5   -0.0012483112
6   4   3   4   -0.0000000006
6   4   3   6   0.0064583211
6   5   1   5   -0.0210325718
6   5   2   4   -0.0010914402
6   5   2   6   -0.0000000001
6   5   3   5   -0.0000000000
6   6   1   4   0.0000000001
6   6   1   6   -0.0032125870
6   6   2   5   -0.0000000001
6   6   3   4   0.0065453460
6   6   3   6   -0.0000000002
7   4   1   4   -0.0000000000
7   4   1   6   0.0000000002
7   4   2   5   0.0000000000
7   4   3   4   -0.0000000004
7   4   3   6   0.0000000001
7   5   2   4   0.0000000000
7   5   2   6   -0.0000000000
7   5   3   5   -0.0000000000
7   6   1   4   0.0000000002
7   6   1   6   0.0000000001
7   6   2   5   -0.0000000000
7   6   3   4   0.0000000001
7   6   3   6   -0.0000000000
8   4   1   5   0.0000000008
8   4   2   4   -0.0000000002
8   4   2   6   0.0237595269
8   4   3   5   0.0024993435
8   5   1   4   0.0000000009
8   5   1   6   0.0031016741
8   5   2   5   -0.0000000000
8   5   3   4   0.0027191584
8   5   3   6   0.0000000071
8   6   1   5   0.0029852440
8   6   2   4   0.0239561879
8   6   2   6   -0.0000000006
8   6   3   5   0.0000000064

End IABC Block
