Begin IJ Block
1   1   -33.0258227456
1   2   -0.5831840123
1   4   -0.1857751050
2   2   -7.8656245695
2   4   -0.2274672046
3   3   -6.7427758550
4   4   -6.9112778119
5   5   -7.0415518267

End IJ Block
Begin IA Block
1   1   0.1550738238
1   3   -0.0000000000
1   4   0.1469747254
1   5   0.0127274527
2   1   0.7626221873
2   3   -0.0000000000
2   4   0.5442483754
2   5   -0.2113753959
3   2   -0.9193940276
3   3   -0.4106813309
3   4   -0.0000000000
3   5   -0.0000000000
4   1   -0.3936724015
4   3   -0.0000000000
4   4   -0.2652918331
4   5   1.2681557236

End IA Block
Begin AB Block
1   1   -3.0216763535
1   3   0.0000000000
1   4   -0.7455640282
1   5   0.5882845489
2   2   -2.7122603687
2   3   -0.6825502083
2   4   -0.0000000000
2   5   -0.0000000000
3   3   -3.6006412618
3   4   -0.0000000000
3   5   -0.0000000000
4   4   -3.5563243127
4   5   0.2472211432
5   5   -3.6832575501

End AB Block
Begin IJAB Block
1   6   1   6   0.0079447365
1   6   1   9   0.0077898046
1   6   1   10   -0.0046238252
1   6   2   7   0.0045784434
1   6   2   8   0.0038070828
1   6   3   7   0.0038070828
1   6   3   8   0.0031374320
1   6   4   6   0.0077898046
1   6   4   9   0.0076273096
1   6   4   10   -0.0051252353
1   6   5   6   -0.0046238252
1   6   5   9   -0.0051252353
1   6   5   10   0.0134728245
1   7   1   6   -0.0009157700
1   7   1   9   -0.0007619267
1   7   1   10   0.0034479738
1   7   2   7   -0.0038662938
1   7   2   8   -0.0027315425
1   7   3   7   -0.0031964388
1   7   3   8   -0.0024963780
1   7   4   6   -0.0010744910
1   7   4   9   -0.0010987377
1   7   4   10   0.0036411533
1   7   5   6   0.0048987399
1   7   5   9   0.0045716652
1   7   5   10   -0.0094468125
1   8   1   7   -0.0002047908
1   8   1   8   -0.0014848337
1   8   2   6   0.0020464613
1   8   2   9   -0.0000128620
1   8   2   10   -0.0004194197
1   8   3   6   0.0015825222
1   8   3   9   0.0000011748
1   8   3   10   -0.0000164978
1   8   4   7   -0.0004445831
1   8   4   8   -0.0016698360
1   8   5   7   -0.0001497542
1   8   5   8   0.0031620937
1   9   1   6   0.0011558590
1   9   1   9   0.0010925138
1   9   1   10   0.0016765243
1   9   2   7   -0.0014487569
1   9   2   8   -0.0031686619
1   9   3   7   -0.0014390483
1   9   3   8   -0.0027674025
1   9   4   6   0.0012383335
1   9   4   9   0.0012504981
1   9   4   10   0.0017175772
1   9   5   6   -0.0025740265
1   9   5   9   -0.0027326689
1   9   5   10   -0.0025771170
2   6   1   6   -0.0009157700
2   6   1   9   -0.0010744910
2   6   1   10   0.0048987399
2   6   2   7   -0.0038662938
2   6   2   8   -0.0031964388
2   6   3   7   -0.0027315425
2   6   3   8   -0.0024963780
2   6   4   6   -0.0007619267
2   6   4   9   -0.0010987377
2   6   4   10   0.0045716652
2   6   5   6   0.0034479738
2   6   5   9   0.0036411533
2   6   5   10   -0.0094468125
2   7   1   6   0.0269208001
2   7   1   9   0.0233849505
2   7   1   10   -0.0167494735
2   7   2   7   0.0146465259
2   7   2   8   0.0107392704
2   7   3   7   0.0107392704
2   7   3   8   0.0261908375
2   7   4   6   0.0233849505
2   7   4   9   0.0360132160
2   7   4   10   -0.0126150601
2   7   5   6   -0.0167494735
2   7   5   9   -0.0126150601
2   7   5   10   0.0270464539
2   8   1   7   -0.0224892561
2   8   1   8   -0.0096954660
2   8   2   6   -0.0099381607
2   8   2   9   -0.0019043081
2   8   2   10   0.0035727132
2   8   3   6   -0.0079251997
2   8   3   9   -0.0172316257
2   8   3   10   0.0019075794
2   8   4   7   -0.0149750027
2   8   4   8   -0.0169421225
2   8   5   7   0.0067604200
2   8   5   8   -0.0007454867
2   9   1   6   -0.0131982028
2   9   1   9   -0.0122020351
2   9   1   10   0.0281400979
2   9   2   7   0.0028456168
2   9   2   8   0.0085011758
2   9   3   7   0.0030790136
2   9   3   8   -0.0032543108
2   9   4   6   -0.0123142593
2   9   4   9   -0.0205724920
2   9   4   10   0.0214180160
2   9   5   6   0.0130471215
2   9   5   9   0.0096101041
2   9   5   10   -0.0021423902
3   6   1   7   0.0020464613
3   6   1   8   0.0015825222
3   6   2   6   -0.0002047908
3   6   2   9   -0.0004445831
3   6   2   10   -0.0001497542
3   6   3   6   -0.0014848337
3   6   3   9   -0.0016698360
3   6   3   10   0.0031620937
3   6   4   7   -0.0000128620
3   6   4   8   0.0000011748
3   6   5   7   -0.0004194197
3   6   5   8   -0.0000164978
3   7   1   7   -0.0099381607
3   7   1   8   -0.0079251997
3   7   2   6   -0.0224892561
3   7   2   9   -0.0149750027
3   7   2   10   0.0067604200
3   7   3   6   -0.0096954660
3   7   3   9   -0.0169421225
3   7   3   10   -0.0007454867
3   7   4   7   -0.0019043081
3   7   4   8   -0.0172316257
3   7   5   7   0.0035727132
3   7   5   8   0.0019075794
3   8   1   6   0.0158039708
3   8   1   9   0.0200139931
3   8   1   10   -0.0055473181
3   8   2   7   0.0341682534
3   8   2   8   0.0246309842
3   8   3   7   0.0246309842
3   8   3   8   0.0551379551
3   8   4   6   0.0200139931
3   8   4   9   0.0569995990
3   8   4   10   -0.0040565236
3   8   5   6   -0.0055473181
3   8   5   9   -0.0040565236
3   8   5   10   0.0101964605
3   9   1   7   0.0051304222
3   9   1   8   0.0103171055
3   9   2   6   0.0121525256
3   9   2   9   0.0099826304
3   9   2   10   -0.0308514352
3   9   3   6   0.0130703053
3   9   3   9   0.0161724065
3   9   3   10   -0.0214782716
3   9   4   7   0.0109368318
3   9   4   8   0.0344307159
3   9   5   7   -0.0063199010
3   9   5   8   -0.0051633599
4   6   1   6   0.0011558590
4   6   1   9   0.0012383335
4   6   1   10   -0.0025740265
4   6   2   7   -0.0014487569
4   6   2   8   -0.0014390483
4   6   3   7   -0.0031686619
4   6   3   8   -0.0027674025
4   6   4   6   0.0010925138
4   6   4   9   0.0012504981
4   6   4   10   -0.0027326689
4   6   5   6   0.0016765243
4   6   5   9   0.0017175772
4   6   5   10   -0.0025771170
4   7   1   6   -0.0131982028
4   7   1   9   -0.0123142593
4   7   1   10   0.0130471215
4   7   2   7   0.0028456168
4   7   2   8   0.0030790136
4   7   3   7   0.0085011758
4   7   3   8   -0.0032543108
4   7   4   6   -0.0122020351
4   7   4   9   -0.0205724920
4   7   4   10   0.0096101041
4   7   5   6   0.0281400979
4   7   5   9   0.0214180160
4   7   5   10   -0.0021423902
4   8   1   7   0.0121525256
4   8   1   8   0.0130703053
4   8   2   6   0.0051304222
4   8   2   9   0.0109368318
4   8   2   10   -0.0063199010
4   8   3   6   0.0103171055
4   8   3   9   0.0344307159
4   8   3   10   -0.0051633599
4   8   4   7   0.0099826304
4   8   4   8   0.0161724065
4   8   5   7   -0.0308514352
4   8   5   8   -0.0214782716
4   9   1   6   0.0144585562
4   9   1   9   0.0101881293
4   9   1   10   -0.0147696710
4   9   2   7   0.0096389642
4   9   2   8   0.0153784466
4   9   3   7   0.0153784466
4   9   3   8   0.0435081010
4   9   4   6   0.0101881293
4   9   4   9   0.0173642588
4   9   4   10   -0.0130319770
4   9   5   6   -0.0147696710
4   9   5   9   -0.0130319770
4   9   5   10   0.0632270424
5   10   1   6   0.0115606766
5   10   1   9   0.0083119281
5   10   1   10   -0.0039925539
5   10   2   7   0.0062149714
5   10   2   8   0.0047840657
5   10   3   7   0.0047840657
5   10   3   8   0.0077060475
5   10   4   6   0.0083119281
5   10   4   9   0.0212412182
5   10   4   10   0.0025845229
5   10   5   6   -0.0039925539
5   10   5   9   0.0025845229
5   10   5   10   0.0125429286

End IJAB Block
Begin IJKL Block
1   6   1   6   4.7302735954
1   6   1   7   0.4309723192
1   6   1   9   0.1378355683
1   6   2   6   0.4309723192
1   6   2   7   0.0602372758
1   6   2   9   0.0161077627
1   6   3   8   0.0174093618
1   6   4   6   0.1378355683
1   6   4   7   0.0161077627
1   6   4   9   0.0272567455
1   6   5   10   0.0263217684
1   7   1   6   0.4309723192
1   7   1   7   1.0477187379
1   7   1   9   0.0856235896
1   7   2   6   0.0636733066
1   7   2   7   0.0144604576
1   7   2   9   0.0076654158
1   7   3   8   -0.0231463601
1   7   4   6   0.0163744376
1   7   4   7   0.0145921305
1   7   4   9   -0.0224826819
1   7   5   10   -0.0287423579
1   8   1   8   0.8895932181
1   8   2   8   0.0070497743
1   8   3   6   0.0208632505
1   8   3   7   -0.0237186209
1   8   3   9   -0.0030901097
1   8   4   8   0.0075041536
1   9   1   6   0.1378355683
1   9   1   7   0.0856235896
1   9   1   9   0.9839341297
1   9   2   6   0.0163744376
1   9   2   7   0.0078217767
1   9   2   9   0.0130852133
1   9   3   8   -0.0027785651
1   9   4   6   0.0309680150
1   9   4   7   -0.0228061313
1   9   4   9   -0.0084281606
1   9   5   10   -0.0087423347
1   10   1   10   1.0288112896
1   10   2   10   0.0117045487
1   10   4   10   0.0047714050
1   10   5   6   0.0307118079
1   10   5   7   -0.0289907555
1   10   5   9   -0.0090220489
2   6   1   6   0.4309723192
2   6   1   7   0.0636733066
2   6   1   9   0.0163744376
2   6   2   6   1.0477187379
2   6   2   7   0.0144604576
2   6   2   9   0.0145921305
2   6   3   8   -0.0231463601
2   6   4   6   0.0856235896
2   6   4   7   0.0076654158
2   6   4   9   -0.0224826819
2   6   5   10   -0.0287423579
2   7   1   6   0.0602372758
2   7   1   7   0.0144604576
2   7   1   9   0.0078217767
2   7   2   6   0.0144604576
2   7   2   7   0.7458174800
2   7   2   9   -0.0173868353
2   7   3   8   0.1448386531
2   7   4   6   0.0078217767
2   7   4   7   -0.0173868353
2   7   4   9   0.1170958180
2   7   5   10   0.1188018749
2   8   1   8   0.0070497743
2   8   2   8   0.6752447796
2   8   3   6   -0.0237186209
2   8   3   7   0.1476905630
2   8   3   9   -0.0145671586
2   8   4   8   -0.0120895725
2   9   1   6   0.0161077627
2   9   1   7   0.0076654158
2   9   1   9   0.0130852133
2   9   2   6   0.0145921305
2   9   2   7   -0.0173868353
2   9   2   9   0.6718049399
2   9   3   8   -0.0150295370
2   9   4   6   -0.0228061313
2   9   4   7   0.1202482998
2   9   4   9   0.0637051721
2   9   5   10   0.0274491401
2   10   1   10   0.0117045487
2   10   2   10   0.6999006229
2   10   4   10   0.0330303997
2   10   5   6   -0.0289907555
2   10   5   7   0.1219719244
2   10   5   9   0.0277029271
3   6   1   8   0.0208632505
3   6   2   8   -0.0237186209
3   6   3   6   0.8895932181
3   6   3   7   0.0070497743
3   6   3   9   0.0075041536
3   6   4   8   -0.0030901097
3   7   1   8   -0.0237186209
3   7   2   8   0.1476905630
3   7   3   6   0.0070497743
3   7   3   7   0.6752447796
3   7   3   9   -0.0120895725
3   7   4   8   -0.0145671586
3   8   1   6   0.0174093618
3   8   1   7   -0.0231463601
3   8   1   9   -0.0027785651
3   8   2   6   -0.0231463601
3   8   2   7   0.1448386531
3   8   2   9   -0.0150295370
3   8   3   8   0.6527726081
3   8   4   6   -0.0027785651
3   8   4   7   -0.0150295370
3   8   4   9   0.0333896446
3   8   5   10   0.0235330621
3   9   1   8   -0.0030901097
3   9   2   8   -0.0145671586
3   9   3   6   0.0075041536
3   9   3   7   -0.0120895725
3   9   3   9   0.5995121671
3   9   4   8   0.0377592695
3   10   3   10   0.6117524031
3   10   5   8   0.0281337116
4   6   1   6   0.1378355683
4   6   1   7   0.0163744376
4   6   1   9   0.0309680150
4   6   2   6   0.0856235896
4   6   2   7   0.0078217767
4   6   2   9   -0.0228061313
4   6   3   8   -0.0027785651
4   6   4   6   0.9839341297
4   6   4   7   0.0130852133
4   6   4   9   -0.0084281606
4   6   5   10   -0.0087423347
4   7   1   6   0.0161077627
4   7   1   7   0.0145921305
4   7   1   9   -0.0228061313
4   7   2   6   0.0076654158
4   7   2   7   -0.0173868353
4   7   2   9   0.1202482998
4   7   3   8   -0.0150295370
4   7   4   6   0.0130852133
4   7   4   7   0.6718049399
4   7   4   9   0.0637051721
4   7   5   10   0.0274491401
4   8   1   8   0.0075041536
4   8   2   8   -0.0120895725
4   8   3   6   -0.0030901097
4   8   3   7   -0.0145671586
4   8   3   9   0.0377592695
4   8   4   8   0.5995121671
4   9   1   6   0.0272567455
4   9   1   7   -0.0224826819
4   9   1   9   -0.0084281606
4   9   2   6   -0.0224826819
4   9   2   7   0.1170958180
4   9   2   9   0.0637051721
4   9   3   8   0.0333896446
4   9   4   6   -0.0084281606
4   9   4   7   0.0637051721
4   9   4   9   0.7022041153
4   9   5   10   0.0337746484
4   10   1   10   0.0047714050
4   10   2   10   0.0330303997
4   10   4   10   0.6436609574
4   10   5   6   -0.0090220489
4   10   5   7   0.0277029271
4   10   5   9   0.0383872637
5   6   1   10   0.0307118079
5   6   2   10   -0.0289907555
5   6   4   10   -0.0090220489
5   6   5   6   1.0288112896
5   6   5   7   0.0117045487
5   6   5   9   0.0047714050
5   7   1   10   -0.0289907555
5   7   2   10   0.1219719244
5   7   4   10   0.0277029271
5   7   5   6   0.0117045487
5   7   5   7   0.6999006229
5   7   5   9   0.0330303997
5   8   3   10   0.0281337116
5   8   5   8   0.6117524031
5   9   1   10   -0.0090220489
5   9   2   10   0.0277029271
5   9   4   10   0.0383872637
5   9   5   6   0.0047714050
5   9   5   7   0.0330303997
5   9   5   9   0.6436609574
5   10   1   6   0.0263217684
5   10   1   7   -0.0287423579
5   10   1   9   -0.0087423347
5   10   2   6   -0.0287423579
5   10   2   7   0.1188018749
5   10   2   9   0.0274491401
5   10   3   8   0.0235330621
5   10   4   6   -0.0087423347
5   10   4   7   0.0274491401
5   10   4   9   0.0337746484
5   10   5   10   0.7217268046

End IJKL Block
Begin ABCD Block
1   6   1   6   0.2662831115
1   6   1   9   0.0210220908
1   6   1   10   -0.0322476540
1   6   2   7   0.0656745629
1   6   2   8   0.0000160918
1   6   3   7   0.0000160918
1   6   3   8   0.0174509106
1   6   4   6   0.0210220908
1   6   4   9   0.0296164401
1   6   4   10   -0.0053532314
1   6   5   6   -0.0322476540
1   6   5   9   -0.0053532314
1   6   5   10   0.0335093960
1   7   1   7   0.2533277313
1   7   1   8   0.0242202204
1   7   2   6   0.0656745629
1   7   2   9   0.0101162327
1   7   2   10   -0.0023815949
1   7   3   6   0.0000160918
1   7   3   9   0.0069709153
1   7   3   10   -0.0083531123
1   7   4   7   0.0233081551
1   7   4   8   0.0124711799
1   7   5   7   -0.0245477173
1   7   5   8   -0.0152264044
1   8   1   7   0.0242202204
1   8   1   8   0.2838496673
1   8   2   6   0.0000160918
1   8   2   9   0.0363022240
1   8   2   10   -0.0314009037
1   8   3   6   0.0174509106
1   8   3   9   0.0151764411
1   8   3   10   0.0023760505
1   8   4   7   0.0124711799
1   8   4   8   0.0495284187
1   8   5   7   -0.0152264044
1   8   5   8   -0.0281519429
1   8   5   10   -0.0000000000
1   9   1   6   0.0210220908
1   9   1   9   0.3001217537
1   9   1   10   -0.0054769296
1   9   2   7   0.0101162327
1   9   2   8   0.0363022240
1   9   3   7   0.0069709153
1   9   3   8   0.0151764411
1   9   4   6   0.0296164401
1   9   4   9   0.0567521775
1   9   4   10   -0.0124078179
1   9   5   6   -0.0053532314
1   9   5   9   -0.0503860465
1   9   5   10   0.0074658461
1   10   1   6   -0.0322476540
1   10   1   9   -0.0054769296
1   10   1   10   0.2654854022
1   10   2   7   -0.0023815949
1   10   2   8   -0.0314009037
1   10   3   7   -0.0083531123
1   10   3   8   0.0023760505
1   10   3   10   -0.0000000000
1   10   4   6   -0.0053532314
1   10   4   9   -0.0124078179
1   10   4   10   0.0352565662
1   10   5   6   0.0335093960
1   10   5   8   -0.0000000000
1   10   5   9   0.0074658461
1   10   5   10   -0.0158727881
2   6   1   7   0.0656745629
2   6   1   8   0.0000160918
2   6   2   6   0.2533277313
2   6   2   9   0.0233081551
2   6   2   10   -0.0245477173
2   6   3   6   0.0242202204
2   6   3   9   0.0124711799
2   6   3   10   -0.0152264044
2   6   4   7   0.0101162327
2   6   4   8   0.0069709153
2   6   5   7   -0.0023815949
2   6   5   8   -0.0083531123
2   7   1   6   0.0656745629
2   7   1   9   0.0101162327
2   7   1   10   -0.0023815949
2   7   2   7   0.2585412502
2   7   2   8   0.0194238180
2   7   3   7   0.0194238180
2   7   3   8   0.0182590852
2   7   4   6   0.0101162327
2   7   4   9   0.0120435639
2   7   4   10   -0.0040619693
2   7   5   6   -0.0023815949
2   7   5   9   -0.0040619693
2   7   5   10   0.0063588186
2   8   1   6   0.0000160918
2   8   1   9   0.0363022240
2   8   1   10   -0.0314009037
2   8   2   7   0.0194238180
2   8   2   8   0.2657637714
2   8   3   7   0.0182590852
2   8   3   8   0.0432181293
2   8   4   6   0.0069709153
2   8   4   9   0.0179572517
2   8   4   10   -0.0086904443
2   8   5   6   -0.0083531123
2   8   5   9   -0.0085386507
2   8   5   10   0.0024712429
2   9   1   7   0.0101162327
2   9   1   8   0.0363022240
2   9   2   6   0.0233081551
2   9   2   9   0.2806818422
2   9   2   10   -0.0092773603
2   9   3   6   0.0124711799
2   9   3   9   0.0467993691
2   9   3   10   -0.0058813335
2   9   4   7   0.0120435639
2   9   4   8   0.0179572517
2   9   5   7   -0.0040619693
2   9   5   8   -0.0085386507
2   10   1   7   -0.0023815949
2   10   1   8   -0.0314009037
2   10   2   6   -0.0245477173
2   10   2   9   -0.0092773603
2   10   2   10   0.2402841566
2   10   3   6   -0.0152264044
2   10   3   9   -0.0058813335
2   10   3   10   0.0336059311
2   10   4   7   -0.0040619693
2   10   4   8   -0.0086904443
2   10   5   7   0.0063588186
2   10   5   8   0.0024712429
3   6   1   7   0.0000160918
3   6   1   8   0.0174509106
3   6   2   6   0.0242202204
3   6   2   9   0.0124711799
3   6   2   10   -0.0152264044
3   6   3   6   0.2838496673
3   6   3   9   0.0495284187
3   6   3   10   -0.0281519429
3   6   4   7   0.0363022240
3   6   4   8   0.0151764411
3   6   5   7   -0.0314009037
3   6   5   8   0.0023760505
3   6   5   10   -0.0000000000
3   7   1   6   0.0000160918
3   7   1   9   0.0069709153
3   7   1   10   -0.0083531123
3   7   2   7   0.0194238180
3   7   2   8   0.0182590852
3   7   3   7   0.2657637714
3   7   3   8   0.0432181293
3   7   4   6   0.0363022240
3   7   4   9   0.0179572517
3   7   4   10   -0.0085386507
3   7   5   6   -0.0314009037
3   7   5   9   -0.0086904443
3   7   5   10   0.0024712429
3   8   1   6   0.0174509106
3   8   1   9   0.0151764411
3   8   1   10   0.0023760505
3   8   2   7   0.0182590852
3   8   2   8   0.0432181293
3   8   3   7   0.0432181293
3   8   3   8   0.3735488563
3   8   3   10   0.0000000000
3   8   4   6   0.0151764411
3   8   4   9   0.0508452483
3   8   4   10   -0.0234905973
3   8   5   6   0.0023760505
3   8   5   8   0.0000000000
3   8   5   9   -0.0234905973
3   8   5   10   0.0320915049
3   9   1   7   0.0069709153
3   9   1   8   0.0151764411
3   9   2   6   0.0124711799
3   9   2   9   0.0467993691
3   9   2   10   -0.0058813335
3   9   3   6   0.0495284187
3   9   3   9   0.3643120206
3   9   3   10   -0.0104013344
3   9   4   7   0.0179572517
3   9   4   8   0.0508452483
3   9   5   7   -0.0086904443
3   9   5   8   -0.0234905973
3   9   5   10   -0.0000000000
3   10   1   7   -0.0083531123
3   10   1   8   0.0023760505
3   10   1   10   -0.0000000000
3   10   2   6   -0.0152264044
3   10   2   9   -0.0058813335
3   10   2   10   0.0336059311
3   10   3   6   -0.0281519429
3   10   3   8   0.0000000000
3   10   3   9   -0.0104013344
3   10   3   10   0.3292348902
3   10   4   7   -0.0085386507
3   10   4   8   -0.0234905973
3   10   4   10   -0.0000000000
3   10   5   6   -0.0000000000
3   10   5   7   0.0024712429
3   10   5   8   0.0320915049
3   10   5   9   -0.0000000000
3   10   5   10   -0.0000000000
4   6   1   6   0.0210220908
4   6   1   9   0.0296164401
4   6   1   10   -0.0053532314
4   6   2   7   0.0101162327
4   6   2   8   0.0069709153
4   6   3   7   0.0363022240
4   6   3   8   0.0151764411
4   6   4   6   0.3001217537
4   6   4   9   0.0567521775
4   6   4   10   -0.0503860465
4   6   5   6   -0.0054769296
4   6   5   9   -0.0124078179
4   6   5   10   0.0074658461
4   7   1   7   0.0233081551
4   7   1   8   0.0124711799
4   7   2   6   0.0101162327
4   7   2   9   0.0120435639
4   7   2   10   -0.0040619693
4   7   3   6   0.0363022240
4   7   3   9   0.0179572517
4   7   3   10   -0.0085386507
4   7   4   7   0.2806818422
4   7   4   8   0.0467993691
4   7   5   7   -0.0092773603
4   7   5   8   -0.0058813335
4   8   1   7   0.0124711799
4   8   1   8   0.0495284187
4   8   2   6   0.0069709153
4   8   2   9   0.0179572517
4   8   2   10   -0.0086904443
4   8   3   6   0.0151764411
4   8   3   9   0.0508452483
4   8   3   10   -0.0234905973
4   8   4   7   0.0467993691
4   8   4   8   0.3643120206
4   8   5   7   -0.0058813335
4   8   5   8   -0.0104013344
4   8   5   10   -0.0000000000
4   9   1   6   0.0296164401
4   9   1   9   0.0567521775
4   9   1   10   -0.0124078179
4   9   2   7   0.0120435639
4   9   2   8   0.0179572517
4   9   3   7   0.0179572517
4   9   3   8   0.0508452483
4   9   4   6   0.0567521775
4   9   4   9   0.4098455237
4   9   4   10   -0.0150194521
4   9   5   6   -0.0124078179
4   9   5   9   -0.0150194521
4   9   5   10   0.0143217221
4   10   1   6   -0.0053532314
4   10   1   9   -0.0124078179
4   10   1   10   0.0352565662
4   10   2   7   -0.0040619693
4   10   2   8   -0.0086904443
4   10   3   7   -0.0085386507
4   10   3   8   -0.0234905973
4   10   3   10   -0.0000000000
4   10   4   6   -0.0503860465
4   10   4   9   -0.0150194521
4   10   4   10   0.3121142804
4   10   5   6   0.0074658461
4   10   5   8   -0.0000000000
4   10   5   9   0.0143217221
4   10   5   10   0.0009114537
5   6   1   6   -0.0322476540
5   6   1   9   -0.0053532314
5   6   1   10   0.0335093960
5   6   2   7   -0.0023815949
5   6   2   8   -0.0083531123
5   6   3   7   -0.0314009037
5   6   3   8   0.0023760505
5   6   3   10   -0.0000000000
5   6   4   6   -0.0054769296
5   6   4   9   -0.0124078179
5   6   4   10   0.0074658461
5   6   5   6   0.2654854022
5   6   5   8   -0.0000000000
5   6   5   9   0.0352565662
5   6   5   10   -0.0158727881
5   7   1   7   -0.0245477173
5   7   1   8   -0.0152264044
5   7   2   6   -0.0023815949
5   7   2   9   -0.0040619693
5   7   2   10   0.0063588186
5   7   3   6   -0.0314009037
5   7   3   9   -0.0086904443
5   7   3   10   0.0024712429
5   7   4   7   -0.0092773603
5   7   4   8   -0.0058813335
5   7   5   7   0.2402841566
5   7   5   8   0.0336059311
5   8   1   7   -0.0152264044
5   8   1   8   -0.0281519429
5   8   1   10   -0.0000000000
5   8   2   6   -0.0083531123
5   8   2   9   -0.0085386507
5   8   2   10   0.0024712429
5   8   3   6   0.0023760505
5   8   3   8   0.0000000000
5   8   3   9   -0.0234905973
5   8   3   10   0.0320915049
5   8   4   7   -0.0058813335
5   8   4   8   -0.0104013344
5   8   4   10   -0.0000000000
5   8   5   6   -0.0000000000
5   8   5   7   0.0336059311
5   8   5   8   0.3292348902
5   8   5   9   -0.0000000000
5   8   5   10   -0.0000000000
5   9   1   6   -0.0053532314
5   9   1   9   -0.0503860465
5   9   1   10   0.0074658461
5   9   2   7   -0.0040619693
5   9   2   8   -0.0085386507
5   9   3   7   -0.0086904443
5   9   3   8   -0.0234905973
5   9   3   10   -0.0000000000
5   9   4   6   -0.0124078179
5   9   4   9   -0.0150194521
5   9   4   10   0.0143217221
5   9   5   6   0.0352565662
5   9   5   8   -0.0000000000
5   9   5   9   0.3121142804
5   9   5   10   0.0009114537
5   10   1   6   0.0335093960
5   10   1   8   -0.0000000000
5   10   1   9   0.0074658461
5   10   1   10   -0.0158727881
5   10   2   7   0.0063588186
5   10   2   8   0.0024712429
5   10   3   6   -0.0000000000
5   10   3   7   0.0024712429
5   10   3   8   0.0320915049
5   10   3   9   -0.0000000000
5   10   3   10   -0.0000000000
5   10   4   6   0.0074658461
5   10   4   8   -0.0000000000
5   10   4   9   0.0143217221
5   10   4   10   0.0009114537
5   10   5   6   -0.0158727881
5   10   5   8   -0.0000000000
5   10   5   9   0.0009114537
5   10   5   10   0.3571410784

End ABCD Block
Begin AIJB Block
1   6   1   6   0.0072891889
1   6   1   9   0.0071387999
1   6   1   10   -0.0043421035
1   6   2   6   -0.0005629830
1   6   2   9   -0.0007530972
1   6   2   10   0.0045150355
1   6   3   7   0.0017680751
1   6   3   8   0.0013509963
1   6   4   6   0.0008523519
1   6   4   9   0.0009237362
1   6   4   10   -0.0022821995
1   7   1   6   -0.0005629830
1   7   1   9   -0.0004718652
1   7   1   10   0.0030673329
1   7   2   6   0.0243474160
1   7   2   9   0.0214234534
1   7   2   10   -0.0157635832
1   7   3   7   -0.0074064519
1   7   3   8   -0.0065428657
1   7   4   6   -0.0131137530
1   7   4   9   -0.0120632413
1   7   4   10   0.0115732540
1   8   1   7   -0.0005283571
1   8   1   8   -0.0016920594
1   8   2   7   -0.0209286657
1   8   2   8   -0.0091681867
1   8   3   6   0.0140742898
1   8   3   9   0.0193611277
1   8   3   10   -0.0050143359
1   8   4   7   0.0131924317
1   8   4   8   0.0139311116
1   9   1   6   0.0008523519
1   9   1   9   0.0008179460
1   9   1   10   0.0020160681
1   9   2   6   -0.0131137530
1   9   2   9   -0.0117453226
1   9   2   10   0.0279239097
1   9   3   7   0.0052400608
1   9   3   8   0.0106174002
1   9   4   6   0.0140669247
1   9   4   9   0.0099499372
1   9   4   10   -0.0168972407
1   10   5   6   0.0091307955
1   10   5   9   0.0065369912
1   10   5   10   -0.0035770056
2   6   1   7   0.0042379338
2   6   1   8   0.0035338620
2   6   2   7   -0.0035094021
2   6   2   8   -0.0029253522
2   6   3   6   -0.0005283571
2   6   3   9   -0.0006930504
2   6   3   10   -0.0000757186
2   6   4   7   -0.0013313716
2   6   4   8   -0.0013289064
2   7   1   7   -0.0035094021
2   7   1   8   -0.0024560816
2   7   2   7   0.0119247469
2   7   2   8   0.0090258824
2   7   3   6   -0.0209286657
2   7   3   9   -0.0150995735
2   7   3   10   0.0069516965
2   7   4   7   0.0024191401
2   7   4   8   0.0024552562
2   8   1   6   0.0017680751
2   8   1   9   -0.0001837028
2   8   1   10   -0.0003945906
2   8   2   6   -0.0074064519
2   8   2   9   -0.0005360746
2   8   2   10   0.0034987452
2   8   3   7   0.0312259054
2   8   3   8   0.0238853948
2   8   4   6   0.0052400608
2   8   4   9   0.0106036903
2   8   4   10   -0.0049297677
2   9   1   7   -0.0013313716
2   9   1   8   -0.0030015704
2   9   2   7   0.0024191401
2   9   2   8   0.0081623552
2   9   3   6   0.0131924317
2   9   3   9   0.0102164043
2   9   3   10   -0.0316728082
2   9   4   7   0.0075593324
2   9   4   8   0.0140341576
2   10   5   7   0.0041943298
2   10   5   8   0.0035359073
3   6   1   7   0.0035338620
3   6   1   8   0.0029670995
3   6   2   7   -0.0024560816
3   6   2   8   -0.0022039461
3   6   3   6   -0.0016920594
3   6   3   9   -0.0018724442
3   6   3   10   0.0031665380
3   6   4   7   -0.0030015704
3   6   4   8   -0.0026959530
3   7   1   7   -0.0029253522
3   7   1   8   -0.0022039461
3   7   2   7   0.0090258824
3   7   2   8   0.0236039870
3   7   3   6   -0.0091681867
3   7   3   9   -0.0169887149
3   7   3   10   -0.0006164462
3   7   4   7   0.0081623552
3   7   4   8   -0.0029747906
3   8   1   6   0.0013509963
3   8   1   9   -0.0002271487
3   8   1   10   -0.0000366229
3   8   2   6   -0.0065428657
3   8   2   9   -0.0160633027
3   8   2   10   0.0023931222
3   8   3   7   0.0238853948
3   8   3   8   0.0546808250
3   8   4   6   0.0106174002
3   8   4   9   0.0348481796
3   8   4   10   -0.0038530468
3   9   1   7   -0.0013289064
3   9   1   8   -0.0026959530
3   9   2   7   0.0024552562
3   9   2   8   -0.0029747906
3   9   3   6   0.0139311116
3   9   3   9   0.0165712754
3   9   3   10   -0.0224088862
3   9   4   7   0.0140341576
3   9   4   8   0.0423997484
3   10   5   7   0.0035359073
3   10   5   8   0.0073831864
4   6   1   6   0.0071387999
4   6   1   9   0.0070400053
4   6   1   10   -0.0047991848
4   6   2   6   -0.0004718652
4   6   2   9   -0.0007700194
4   6   2   10   0.0041962901
4   6   3   7   -0.0001837028
4   6   3   8   -0.0002271487
4   6   4   6   0.0008179460
4   6   4   9   0.0009092650
4   6   4   10   -0.0024926022
4   7   1   6   -0.0007530972
4   7   1   9   -0.0007700194
4   7   1   10   0.0032864094
4   7   2   6   0.0214234534
4   7   2   9   0.0333650917
4   7   2   10   -0.0115809973
4   7   3   7   -0.0005360746
4   7   3   8   -0.0160633027
4   7   4   6   -0.0117453226
4   7   4   9   -0.0193942309
4   7   4   10   0.0088618246
4   8   1   7   -0.0006930504
4   8   1   8   -0.0018724442
4   8   2   7   -0.0150995735
4   8   2   8   -0.0169887149
4   8   3   6   0.0193611277
4   8   3   9   0.0566567883
4   8   3   10   -0.0033640258
4   8   4   7   0.0102164043
4   8   4   8   0.0165712754
4   9   1   6   0.0009237362
4   9   1   9   0.0009092650
4   9   1   10   0.0019900851
4   9   2   6   -0.0120632413
4   9   2   9   -0.0193942309
4   9   2   10   0.0223660042
4   9   3   7   0.0106036903
4   9   3   8   0.0348481796
4   9   4   6   0.0099499372
4   9   4   9   0.0171507944
4   9   4   10   -0.0132035180
4   10   5   6   0.0065369912
4   10   5   9   0.0204874984
4   10   5   10   0.0040414298
5   6   1   6   -0.0043421035
5   6   1   9   -0.0047991848
5   6   1   10   0.0126329068
5   6   2   6   0.0030673329
5   6   2   9   0.0032864094
5   6   2   10   -0.0086251672
5   6   3   7   -0.0003945906
5   6   3   8   -0.0000366229
5   6   4   6   0.0020160681
5   6   4   9   0.0019900851
5   6   4   10   -0.0022944916
5   7   1   6   0.0045150355
5   7   1   9   0.0041962901
5   7   1   10   -0.0086251672
5   7   2   6   -0.0157635832
5   7   2   9   -0.0115809973
5   7   2   10   0.0244226267
5   7   3   7   0.0034987452
5   7   3   8   0.0023931222
5   7   4   6   0.0279239097
5   7   4   9   0.0223660042
5   7   4   10   -0.0037113538
5   8   1   7   -0.0000757186
5   8   1   8   0.0031665380
5   8   2   7   0.0069516965
5   8   2   8   -0.0006164462
5   8   3   6   -0.0050143359
5   8   3   9   -0.0033640258
5   8   3   10   0.0093655753
5   8   4   7   -0.0316728082
5   8   4   8   -0.0224088862
5   9   1   6   -0.0022821995
5   9   1   9   -0.0024926022
5   9   1   10   -0.0022944916
5   9   2   6   0.0115732540
5   9   2   9   0.0088618246
5   9   2   10   -0.0037113538
5   9   3   7   -0.0049297677
5   9   3   8   -0.0038530468
5   9   4   6   -0.0168972407
5   9   4   9   -0.0132035180
5   9   4   10   0.0635001065
5   10   5   6   -0.0035770056
5   10   5   9   0.0040414298
5   10   5   10   0.0128237456

1   6   6   1   -0.3550785893
1   6   6   4   -0.1143326274
1   6   6   5   0.0942362886
1   6   7   1   -0.0013104891
1   6   7   4   -0.0014976058
1   6   7   5   0.0007044159
1   6   8   2   -0.0039030741
1   6   8   3   -0.0009173439
1   6   9   1   -0.0049139320
1   6   9   4   -0.0037593972
1   6   9   5   0.0060891845
1   7   6   1   -0.0013104891
1   7   6   4   -0.0014864556
1   7   6   5   0.0006833555
1   7   7   1   -0.3263102305
1   7   7   4   -0.0798832976
1   7   7   5   0.0684451282
1   7   8   2   0.0413713111
1   7   8   3   0.0063940770
1   7   9   1   0.0233024256
1   7   9   4   0.0085541939
1   7   9   5   -0.0331283490
1   8   6   2   -0.0039112448
1   8   6   3   -0.0009842019
1   8   7   2   0.0413128753
1   8   7   3   0.0064913881
1   8   8   1   -0.3201133744
1   8   8   4   -0.0790644435
1   8   8   5   0.0580370240
1   8   9   2   -0.0125505063
1   8   9   3   -0.0103694048
1   9   6   1   -0.0049139320
1   9   6   4   -0.0037691523
1   9   6   5   0.0061207478
1   9   7   1   0.0233024256
1   9   7   4   0.0085746846
1   9   7   5   -0.0329989640
1   9   8   2   -0.0126793992
1   9   8   3   -0.0104851449
1   9   9   1   -0.3061441765
1   9   9   4   -0.0660414744
1   9   9   5   0.0449341241
1   10   10   1   -0.3112604399
1   10   10   4   -0.0678464409
1   10   10   5   0.0537429573
2   6   6   2   -0.3295319076
2   6   6   3   -0.1023389056
2   6   6   4   -0.0000000000
2   6   7   2   -0.0013857999
2   6   7   3   -0.0013975782
2   6   8   1   -0.0039112448
2   6   8   4   -0.0017347039
2   6   8   5   0.0002555159
2   6   9   2   -0.0014262114
2   6   9   3   0.0001693317
2   7   6   2   -0.0013857999
2   7   6   3   -0.0013880516
2   7   7   2   -0.2960725959
2   7   7   3   -0.0696958357
2   7   8   1   0.0413128753
2   7   8   4   0.0165055434
2   7   8   5   -0.0067845973
2   7   9   2   0.0100799227
2   7   9   3   -0.0000242933
2   8   6   1   -0.0039030741
2   8   6   4   -0.0017896693
2   8   6   5   0.0001927917
2   8   7   1   0.0413713111
2   8   7   4   0.0166415212
2   8   7   5   -0.0067821407
2   8   8   2   -0.3001329333
2   8   8   3   -0.0691584856
2   8   9   1   -0.0126793992
2   8   9   4   -0.0078393142
2   8   9   5   0.0090859890
2   9   6   2   -0.0014262114
2   9   6   3   0.0001217361
2   9   7   2   0.0100799227
2   9   7   3   0.0001461997
2   9   8   1   -0.0125505063
2   9   8   4   -0.0079300232
2   9   8   5   0.0087381604
2   9   9   2   -0.2812689398
2   9   9   3   -0.0669221830
2   10   10   2   -0.2836492731
2   10   10   3   -0.0625098862
3   6   6   2   -0.1023389056
3   6   6   3   -0.4572808806
3   6   7   2   -0.0013880516
3   6   7   3   -0.0011684568
3   6   8   1   -0.0009842019
3   6   8   4   -0.0026898754
3   6   8   5   0.0006894743
3   6   9   2   0.0001217361
3   6   9   3   -0.0001117945
3   7   6   2   -0.0013975782
3   7   6   3   -0.0011684568
3   7   7   2   -0.0696958357
3   7   7   3   -0.4295299215
3   7   8   1   0.0064913881
3   7   8   4   0.0454617406
3   7   8   5   -0.0259202466
3   7   9   2   0.0001461997
3   7   9   3   0.0082193377
3   8   6   1   -0.0009173439
3   8   6   4   -0.0026663717
3   8   6   5   0.0005353316
3   8   7   1   0.0063940770
3   8   7   4   0.0453034402
3   8   7   5   -0.0257505542
3   8   8   2   -0.0691584856
3   8   8   3   -0.4339714182
3   8   8   5   -0.0000000000
3   8   9   1   -0.0104851449
3   8   9   4   -0.0252951900
3   8   9   5   0.0098323668
3   9   6   2   0.0001693317
3   9   6   3   -0.0001117945
3   9   7   2   -0.0000242933
3   9   7   3   0.0082193377
3   9   8   1   -0.0103694048
3   9   8   4   -0.0257954355
3   9   8   5   0.0094023415
3   9   9   2   -0.0669221830
3   9   9   3   -0.4187866462
3   10   10   2   -0.0625098862
3   10   10   3   -0.4018229683
4   6   6   1   -0.1143326274
4   6   6   2   -0.0000000000
4   6   6   4   -0.4614286639
4   6   6   5   0.0608490378
4   6   7   1   -0.0014864556
4   6   7   4   -0.0009747298
4   6   7   5   0.0011258398
4   6   8   2   -0.0017896693
4   6   8   3   -0.0026663717
4   6   9   1   -0.0037691523
4   6   9   4   -0.0068904537
4   6   9   5   0.0045111186
4   7   6   1   -0.0014976058
4   7   6   4   -0.0009747298
4   7   6   5   0.0011206763
4   7   7   1   -0.0798832976
4   7   7   4   -0.4406858895
4   7   7   5   0.0263203297
4   7   8   2   0.0166415212
4   7   8   3   0.0453034402
4   7   8   4   0.0000000000
4   7   9   1   0.0085746846
4   7   9   4   0.0450656376
4   7   9   5   -0.0143004892
4   8   6   2   -0.0017347039
4   8   6   3   -0.0026898754
4   8   7   2   0.0165055434
4   8   7   3   0.0454617406
4   8   7   4   0.0000000000
4   8   8   1   -0.0790644435
4   8   8   4   -0.4468123737
4   8   8   5   0.0225077992
4   8   9   2   -0.0079300232
4   8   9   3   -0.0257954355
4   9   6   1   -0.0037593972
4   9   6   4   -0.0068904537
4   9   6   5   0.0045410503
4   9   7   1   0.0085541939
4   9   7   4   0.0450656376
4   9   7   5   -0.0142091210
4   9   8   2   -0.0078393142
4   9   8   3   -0.0252951900
4   9   9   1   -0.0660414744
4   9   9   4   -0.3955616969
4   9   9   5   0.0164262938
4   10   10   1   -0.0678464409
4   10   10   4   -0.4055903410
4   10   10   5   0.0135991579
5   6   6   1   0.0942362886
5   6   6   4   0.0608490378
5   6   6   5   -0.5483988475
5   6   7   1   0.0006833555
5   6   7   4   0.0011206763
5   6   7   5   -0.0048507568
5   6   8   2   0.0001927917
5   6   8   3   0.0005353316
5   6   9   1   0.0061207478
5   6   9   4   0.0045410503
5   6   9   5   -0.0006528021
5   7   6   1   0.0007044159
5   7   6   4   0.0011258398
5   7   6   5   -0.0048507568
5   7   7   1   0.0684451282
5   7   7   4   0.0263203297
5   7   7   5   -0.4299683839
5   7   8   2   -0.0067821407
5   7   8   3   -0.0257505542
5   7   9   1   -0.0329989640
5   7   9   4   -0.0142091210
5   7   9   5   -0.0173466936
5   8   6   2   0.0002555159
5   8   6   3   0.0006894743
5   8   7   2   -0.0067845973
5   8   7   3   -0.0259202466
5   8   8   1   0.0580370240
5   8   8   3   -0.0000000000
5   8   8   4   0.0225077992
5   8   8   5   -0.4004968494
5   8   9   2   0.0087381604
5   8   9   3   0.0094023415
5   9   6   1   0.0060891845
5   9   6   4   0.0045111186
5   9   6   5   -0.0006528021
5   9   7   1   -0.0331283490
5   9   7   4   -0.0143004892
5   9   7   5   -0.0173466936
5   9   8   2   0.0090859890
5   9   8   3   0.0098323668
5   9   9   1   0.0449341241
5   9   9   4   0.0164262938
5   9   9   5   -0.4410861533
5   10   10   1   0.0537429573
5   10   10   4   0.0135991579
5   10   10   5   -0.4228497088

End AIJB Block
Begin IJKA Block
1   6   1   6   -0.1262058221
1   6   1   8   0.0000000000
1   6   1   9   -0.1198402022
1   6   1   10   -0.0055435754
1   6   2   6   -0.0204486904
1   6   2   9   -0.0194659711
1   6   2   10   0.0020223662
1   6   3   7   0.0094154857
1   6   3   8   0.0078501497
1   6   4   6   0.0000160645
1   6   4   9   0.0010061574
1   6   4   10   -0.0178193419
1   7   1   6   -0.1546714140
1   7   1   9   -0.1279054339
1   7   1   10   0.0384234996
1   7   2   6   -0.0027479263
1   7   2   9   -0.0028763864
1   7   2   10   -0.0015317677
1   7   3   7   -0.0081338787
1   7   3   8   -0.0055421598
1   7   4   6   -0.0077969080
1   7   4   9   -0.0073047697
1   7   4   10   0.0128077823
1   8   1   7   0.1698341311
1   8   1   8   0.1031110968
1   8   1   9   0.0000000000
1   8   2   7   0.0016607259
1   8   2   8   0.0023319594
1   8   3   6   0.0040084118
1   8   3   9   -0.0007144523
1   8   3   10   -0.0011142062
1   8   4   7   0.0004565921
1   8   4   8   -0.0045400666
1   9   1   6   0.0697912958
1   9   1   9   0.0575274060
1   9   1   10   -0.2600562813
1   9   2   6   -0.0006136261
1   9   2   9   -0.0002160041
1   9   2   10   -0.0045538086
1   9   3   7   -0.0029723927
1   9   3   8   -0.0070056899
1   9   4   6   0.0031581309
1   9   4   9   0.0036219350
1   9   4   10   0.0023986837
1   10   5   6   0.0065898354
1   10   5   9   0.0101704505
1   10   5   10   0.0022688481
2   6   1   6   -0.0213129943
2   6   1   9   -0.0201856719
2   6   1   10   0.0019479114
2   6   2   6   -0.0015807688
2   6   2   9   -0.0012203108
2   6   2   10   -0.0070900825
2   6   3   7   -0.0107718268
2   6   3   8   -0.0088113270
2   6   4   6   -0.0075196642
2   6   4   9   -0.0078651163
2   6   4   10   0.0170438810
2   7   1   6   -0.0019118326
2   7   1   9   -0.0021386839
2   7   1   10   -0.0015754418
2   7   2   6   -0.0864390572
2   7   2   9   -0.0552096640
2   7   2   10   0.0334331824
2   7   3   7   0.0324797968
2   7   3   8   0.0038935043
2   7   4   6   0.0132735850
2   7   4   9   0.0075154219
2   7   4   10   -0.0345854244
2   8   1   7   0.0010541433
2   8   1   8   0.0017114495
2   8   2   7   0.0962911642
2   8   2   8   0.0223803599
2   8   3   6   -0.0027690337
2   8   3   9   0.0482890804
2   8   3   10   0.0076691938
2   8   4   7   0.0150711738
2   8   4   8   0.0528060290
2   9   1   6   -0.0006655424
2   9   1   9   -0.0003314852
2   9   1   10   -0.0037188236
2   9   2   6   0.0430290035
2   9   2   9   0.0256058796
2   9   2   10   -0.1241946807
2   9   3   7   0.0161958296
2   9   3   8   0.0584688797
2   9   4   6   0.0016901514
2   9   4   9   -0.0018552159
2   9   4   10   -0.0225742070
2   10   5   6   -0.0182193866
2   10   5   9   -0.0427631541
2   10   5   10   -0.0120048679
3   6   1   7   0.0101185002
3   6   1   8   0.0085585866
3   6   2   7   -0.0108647704
3   6   2   8   -0.0089490378
3   6   3   6   -0.0005293848
3   6   3   9   -0.0009363081
3   6   3   10   -0.0037002026
3   6   4   7   -0.0017036301
3   6   4   8   -0.0020656382
3   7   1   7   -0.0080414186
3   7   1   8   -0.0056965550
3   7   2   7   0.0315744731
3   7   2   8   0.0037998791
3   7   3   6   -0.0651219273
3   7   3   9   -0.0201002524
3   7   3   10   0.0229579254
3   7   4   7   0.0057863617
3   7   4   8   0.0252904308
3   8   1   6   0.0038258438
3   8   1   9   -0.0004474903
3   8   1   10   -0.0010065592
3   8   2   6   -0.0018617743
3   8   2   9   0.0482926868
3   8   2   10   0.0074978580
3   8   3   7   0.0856283494
3   8   3   8   0.0111389443
3   8   4   6   -0.0031746133
3   8   4   9   -0.0171615721
3   8   4   10   -0.0048712255
3   9   1   7   -0.0028067217
3   9   1   8   -0.0064281665
3   9   2   7   0.0159151661
3   9   2   8   0.0570588511
3   9   3   6   0.0290771086
3   9   3   9   0.0063125241
3   9   3   10   -0.0965642510
3   9   4   7   0.0054168256
3   9   4   8   -0.0031148295
3   10   5   7   0.0088011557
3   10   5   8   0.0088344000
4   6   1   6   0.0000354572
4   6   1   9   0.0012119019
4   6   1   10   -0.0188832483
4   6   2   6   -0.0075438193
4   6   2   9   -0.0079133031
4   6   2   10   0.0170139550
4   6   3   7   -0.0016750763
4   6   3   8   -0.0019987132
4   6   4   6   -0.0059280245
4   6   4   9   -0.0059429301
4   6   4   10   0.0087279533
4   7   1   6   -0.0073277398
4   7   1   9   -0.0069788689
4   7   1   10   0.0122572823
4   7   2   6   0.0128878154
4   7   2   9   0.0073719843
4   7   2   10   -0.0337744556
4   7   3   7   0.0056878743
4   7   3   8   0.0251095285
4   7   4   6   -0.0593556396
4   7   4   9   -0.0392478334
4   7   4   10   -0.0008468991
4   8   1   7   0.0004784116
4   8   1   8   -0.0040288237
4   8   2   7   0.0146186345
4   8   2   8   0.0509130929
4   8   3   6   -0.0028774938
4   8   3   9   -0.0165437546
4   8   3   10   -0.0054228685
4   8   4   7   0.0838153519
4   8   4   8   0.0388415181
4   9   1   6   0.0028236543
4   9   1   9   0.0032511239
4   9   1   10   0.0022781835
4   9   2   6   0.0011570898
4   9   2   9   -0.0019381021
4   9   2   10   -0.0220969513
4   9   3   7   0.0056924988
4   9   3   8   -0.0028320569
4   9   4   6   0.0411496971
4   9   4   9   0.0247943033
4   9   4   10   -0.1308433953
4   10   5   6   0.0004470094
4   10   5   9   -0.0049706518
4   10   5   10   -0.0139122664
5   6   5   6   -0.0023267751
5   6   5   9   -0.0016950064
5   6   5   10   -0.0007459105
5   7   5   6   -0.0786037211
5   7   5   9   -0.0652793376
5   7   5   10   0.0129704559
5   8   5   7   0.0917855069
5   8   5   8   0.0428421026
5   9   5   6   0.0391015207
5   9   5   9   0.0230506167
5   9   5   10   -0.1219209155
5   10   1   6   0.0060535047
5   10   1   9   0.0092690807
5   10   1   10   0.0022440203
5   10   2   6   -0.0170691525
5   10   2   9   -0.0396787079
5   10   2   10   -0.0110745181
5   10   3   7   0.0082171743
5   10   3   8   0.0083409313
5   10   4   6   0.0000618622
5   10   4   9   -0.0041404022
5   10   4   10   -0.0126133614

End IJKA Block
Begin IABC Block
1   6   1   6   0.0005553067
1   6   1   9   0.0002826709
1   6   1   10   -0.0010351854
1   6   2   7   0.0016397784
1   6   2   8   0.0003969709
1   6   3   7   0.0013084484
1   6   3   8   0.0002837634
1   6   4   6   0.0006632372
1   6   4   9   0.0003688505
1   6   4   10   -0.0011693695
1   6   5   6   -0.0029236061
1   6   5   9   -0.0021862491
1   6   5   10   0.0038139651
1   7   1   7   -0.0001295865
1   7   1   8   -0.0004436283
1   7   2   6   0.0016438095
1   7   2   9   0.0007406885
1   7   2   10   -0.0000622476
1   7   3   6   0.0013095917
1   7   3   9   0.0005649592
1   7   3   10   0.0000787888
1   7   4   7   -0.0001824044
1   7   4   8   -0.0005006840
1   7   5   7   -0.0006729748
1   7   5   8   0.0003350500
1   8   1   7   -0.0004360896
1   8   1   8   -0.0003029268
1   8   2   6   0.0004076229
1   8   2   9   0.0011125446
1   8   2   10   -0.0002279816
1   8   3   6   0.0002782191
1   8   3   9   0.0008288706
1   8   3   10   -0.0000976337
1   8   4   7   -0.0004958822
1   8   4   8   -0.0003942490
1   8   5   7   0.0003204393
1   8   5   8   0.0001085677
1   9   1   6   0.0002825230
1   9   1   9   0.0010735757
1   9   1   10   -0.0005826509
1   9   2   7   0.0007456835
1   9   2   8   0.0011079167
1   9   3   7   0.0005673653
1   9   3   8   0.0008337046
1   9   4   6   0.0003562117
1   9   4   9   0.0011767827
1   9   4   10   -0.0006755543
1   9   5   6   -0.0021860941
1   9   5   9   -0.0042391449
1   9   5   10   0.0027544306
1   10   1   6   -0.0010434383
1   10   1   9   -0.0005911701
1   10   1   10   -0.0013057042
1   10   2   7   -0.0000544835
1   10   2   8   -0.0002085592
1   10   3   7   0.0000884085
1   10   3   8   -0.0000812017
1   10   4   6   -0.0011793311
1   10   4   9   -0.0006892271
1   10   4   10   -0.0012224029
1   10   5   6   0.0038208319
1   10   5   9   0.0027695106
1   10   5   10   0.0003955320
2   6   1   6   -0.0109357560
2   6   1   9   -0.0104557933
2   6   1   10   0.0112476207
2   6   2   7   0.0009216079
2   6   2   8   0.0009566904
2   6   3   7   0.0066006225
2   6   3   8   0.0104116967
2   6   4   6   -0.0050926661
2   6   4   9   0.0017523639
2   6   4   10   0.0100063176
2   6   5   6   0.0045221660
2   6   5   9   0.0087565774
2   6   5   10   -0.0035770952
2   7   1   7   -0.0072483156
2   7   1   8   -0.0063154654
2   7   2   6   0.0008058040
2   7   2   9   -0.0000086446
2   7   2   10   -0.0004128245
2   7   3   6   0.0065656702
2   7   3   9   0.0053163065
2   7   3   10   -0.0058474226
2   7   4   7   0.0015105570
2   7   4   8   -0.0007399866
2   7   5   7   -0.0001721889
2   7   5   8   -0.0017637221
2   8   1   7   -0.0063556251
2   8   1   8   -0.0143833240
2   8   2   6   0.0009011323
2   8   2   9   0.0016083182
2   8   2   10   -0.0020109498
2   8   3   6   0.0109577223
2   8   3   9   0.0207598295
2   8   3   10   -0.0053112418
2   8   4   7   -0.0005859284
2   8   4   8   0.0085931861
2   8   5   7   -0.0020333554
2   8   5   8   0.0020765205
2   9   1   6   -0.0104776545
2   9   1   9   -0.0181156219
2   9   1   10   0.0080909903
2   9   2   7   0.0000681761
2   9   2   8   0.0017185183
2   9   3   7   0.0056273595
2   9   3   8   0.0206872264
2   9   4   6   0.0023496336
2   9   4   9   0.0100543416
2   9   4   10   0.0020569479
2   9   5   6   0.0088058597
2   9   5   9   0.0076100326
2   9   5   10   -0.0075474043
2   10   1   6   0.0110281169
2   10   1   9   0.0080773277
2   10   1   10   -0.0257649118
2   10   2   7   -0.0005168209
2   10   2   8   -0.0020122107
2   10   3   7   -0.0059767337
2   10   3   8   -0.0050279934
2   10   4   6   0.0100158218
2   10   4   9   0.0023958742
2   10   4   10   -0.0194338410
2   10   5   6   -0.0037437776
2   10   5   9   -0.0076678708
2   10   5   10   0.0078976039
3   6   1   7   -0.0186055622
3   6   1   8   -0.0004855210
3   6   2   6   0.0079167855
3   6   2   9   0.0081148440
3   6   2   10   -0.0041849374
3   6   3   6   -0.0133226579
3   6   3   9   -0.0047888384
3   6   3   10   0.0183802098
3   6   4   7   -0.0321568279
3   6   4   8   -0.0076720663
3   6   5   7   0.0019723076
3   6   5   8   0.0056689135
3   7   1   6   -0.0184329784
3   7   1   9   -0.0052155425
3   7   1   10   0.0007339407
3   7   2   7   0.0058194613
3   7   2   8   0.0100700565
3   7   3   7   -0.0088081049
3   7   3   8   -0.0041023217
3   7   4   6   -0.0319227531
3   7   4   9   -0.0158445144
3   7   4   10   0.0047731819
3   7   5   6   0.0021149093
3   7   5   9   0.0012680288
3   7   5   10   -0.0006373632
3   8   1   6   -0.0007876457
3   8   1   9   -0.0156503435
3   8   1   10   0.0144407458
3   8   2   7   0.0098878384
3   8   2   8   0.0246350495
3   8   3   7   -0.0052122666
3   8   3   8   -0.0158102471
3   8   4   6   -0.0084649164
3   8   4   9   -0.0446455186
3   8   4   10   0.0253173254
3   8   5   6   0.0061926231
3   8   5   9   0.0059991098
3   8   5   10   0.0010412717
3   9   1   7   -0.0057133225
3   9   1   8   -0.0154210948
3   9   2   6   0.0079565907
3   9   2   9   0.0157918927
3   9   2   10   -0.0019042264
3   9   3   6   -0.0050832279
3   9   3   9   -0.0391602392
3   9   3   10   0.0077920562
3   9   4   7   -0.0173298050
3   9   4   8   -0.0444945513
3   9   4   9   -0.0000000000
3   9   5   7   0.0012058036
3   9   5   8   0.0055518525
3   10   1   7   0.0005384991
3   10   1   8   0.0136507267
3   10   2   6   -0.0040863882
3   10   2   9   -0.0020799085
3   10   2   10   0.0368610641
3   10   3   6   0.0180956293
3   10   3   9   0.0073404765
3   10   3   10   0.0168592717
3   10   4   7   0.0043341647
3   10   4   8   0.0238916319
3   10   5   7   -0.0007063334
3   10   5   8   0.0011641734
4   6   1   6   -0.0011122677
4   6   1   9   0.0068544550
4   6   1   10   0.0036840322
4   6   2   7   -0.0120910157
4   6   2   8   -0.0017737750
4   6   3   7   -0.0261752412
4   6   3   8   -0.0033365731
4   6   4   6   0.0009982403
4   6   4   9   -0.0040559688
4   6   4   10   -0.0030144185
4   6   5   6   -0.0142759975
4   6   5   9   -0.0152347883
4   6   5   10   0.0140416227
4   7   1   7   -0.0040109549
4   7   1   8   -0.0004150372
4   7   2   6   -0.0121523539
4   7   2   9   -0.0029080118
4   7   2   10   0.0001932678
4   7   3   6   -0.0262004170
4   7   3   9   -0.0094725678
4   7   3   10   0.0031078079
4   7   4   7   -0.0043064632
4   7   4   8   -0.0016058785
4   7   5   7   -0.0152092480
4   7   5   8   -0.0114448789
4   8   1   7   -0.0006310269
4   8   1   8   0.0063157713
4   8   2   6   -0.0020703186
4   8   2   9   -0.0090564881
4   8   2   10   0.0066448492
4   8   3   6   -0.0039161139
4   8   3   9   -0.0300070200
4   8   3   10   0.0239686233
4   8   4   7   -0.0018264907
4   8   4   8   -0.0095126394
4   8   5   7   -0.0114895345
4   8   5   8   -0.0248768354
4   9   1   6   0.0068183590
4   9   1   9   -0.0003853853
4   9   1   10   -0.0026698510
4   9   2   7   -0.0030976544
4   9   2   8   -0.0090848475
4   9   3   7   -0.0099765006
4   9   3   8   -0.0300221379
4   9   4   6   -0.0043033215
4   9   4   9   -0.0142420402
4   9   4   10   0.0015124713
4   9   5   6   -0.0152301935
4   9   5   9   -0.0274339206
4   9   5   10   0.0114111210
4   10   1   6   0.0035222961
4   10   1   9   -0.0027598664
4   10   1   10   0.0224946224
4   10   2   7   0.0000481098
4   10   2   8   0.0062502474
4   10   3   7   0.0027321473
4   10   3   8   0.0225348323
4   10   4   6   -0.0030365926
4   10   4   9   0.0010308235
4   10   4   10   0.0144803474
4   10   5   6   0.0136724268
4   10   5   9   0.0112002010
4   10   5   10   -0.0405838020

End IABC Block
