Number of strings: 2002 2002, CI size = 4008004
String addressing array alpha: 5 14
0 495 825 1035 1161 1231 1266 1281 1286 1287 1287 1287 1287 1287
0 0 165 285 369 425 460 480 490 494 495 495 495 495
0 0 0 45 81 109 130 145 155 161 164 165 165 165
0 0 0 0 9 17 24 30 35 39 42 44 45 45
0 0 0 0 0 1 2 3 4 5 6 7 8 9

Alpha strings 2002 5
1 2 3 4 5
1 2 3 4 6
1 2 3 4 7
1 2 3 4 8
1 2 3 4 9
1 2 3 4 10
1 2 3 4 11
1 2 3 4 12
1 2 3 4 13
1 2 3 4 14
1 2 3 5 6
1 2 3 5 7
1 2 3 5 8
1 2 3 5 9
1 2 3 5 10
1 2 3 5 11
1 2 3 5 12
1 2 3 5 13
1 2 3 5 14
1 2 3 6 7
1 2 3 6 8
1 2 3 6 9
1 2 3 6 10
1 2 3 6 11
1 2 3 6 12
1 2 3 6 13
1 2 3 6 14
1 2 3 7 8
1 2 3 7 9
1 2 3 7 10
1 2 3 7 11
1 2 3 7 12
1 2 3 7 13
1 2 3 7 14
1 2 3 8 9
1 2 3 8 10
1 2 3 8 11
1 2 3 8 12
1 2 3 8 13
1 2 3 8 14
1 2 3 9 10
1 2 3 9 11
1 2 3 9 12
1 2 3 9 13
1 2 3 9 14
1 2 3 10 11
1 2 3 10 12
1 2 3 10 13
1 2 3 10 14
1 2 3 11 12
1 2 3 11 13
1 2 3 11 14
1 2 3 12 13
1 2 3 12 14
1 2 3 13 14
1 2 4 5 6
1 2 4 5 7
1 2 4 5 8
1 2 4 5 9
1 2 4 5 10
1 2 4 5 11
1 2 4 5 12
1 2 4 5 13
1 2 4 5 14
1 2 4 6 7
1 2 4 6 8
1 2 4 6 9
1 2 4 6 10
1 2 4 6 11
1 2 4 6 12
1 2 4 6 13
1 2 4 6 14
1 2 4 7 8
1 2 4 7 9
1 2 4 7 10
1 2 4 7 11
1 2 4 7 12
1 2 4 7 13
1 2 4 7 14
1 2 4 8 9
1 2 4 8 10
1 2 4 8 11
1 2 4 8 12
1 2 4 8 13
1 2 4 8 14
1 2 4 9 10
1 2 4 9 11
1 2 4 9 12
1 2 4 9 13
1 2 4 9 14
1 2 4 10 11
1 2 4 10 12
1 2 4 10 13
1 2 4 10 14
1 2 4 11 12
1 2 4 11 13
1 2 4 11 14
1 2 4 12 13
1 2 4 12 14
1 2 4 13 14
1 2 5 6 7
1 2 5 6 8
1 2 5 6 9
1 2 5 6 10
1 2 5 6 11
1 2 5 6 12
1 2 5 6 13
1 2 5 6 14
1 2 5 7 8
1 2 5 7 9
1 2 5 7 10
1 2 5 7 11
1 2 5 7 12
1 2 5 7 13
1 2 5 7 14
1 2 5 8 9
1 2 5 8 10
1 2 5 8 11
1 2 5 8 12
1 2 5 8 13
1 2 5 8 14
1 2 5 9 10
1 2 5 9 11
1 2 5 9 12
1 2 5 9 13
1 2 5 9 14
1 2 5 10 11
1 2 5 10 12
1 2 5 10 13
1 2 5 10 14
1 2 5 11 12
1 2 5 11 13
1 2 5 11 14
1 2 5 12 13
1 2 5 12 14
1 2 5 13 14
1 2 6 7 8
1 2 6 7 9
1 2 6 7 10
1 2 6 7 11
1 2 6 7 12
1 2 6 7 13
1 2 6 7 14
1 2 6 8 9
1 2 6 8 10
1 2 6 8 11
1 2 6 8 12
1 2 6 8 13
1 2 6 8 14
1 2 6 9 10
1 2 6 9 11
1 2 6 9 12
1 2 6 9 13
1 2 6 9 14
1 2 6 10 11
1 2 6 10 12
1 2 6 10 13
1 2 6 10 14
1 2 6 11 12
1 2 6 11 13
1 2 6 11 14
1 2 6 12 13
1 2 6 12 14
1 2 6 13 14
1 2 7 8 9
1 2 7 8 10
1 2 7 8 11
1 2 7 8 12
1 2 7 8 13
1 2 7 8 14
1 2 7 9 10
1 2 7 9 11
1 2 7 9 12
1 2 7 9 13
1 2 7 9 14
1 2 7 10 11
1 2 7 10 12
1 2 7 10 13
1 2 7 10 14
1 2 7 11 12
1 2 7 11 13
1 2 7 11 14
1 2 7 12 13
1 2 7 12 14
1 2 7 13 14
1 2 8 9 10
1 2 8 9 11
1 2 8 9 12
1 2 8 9 13
1 2 8 9 14
1 2 8 10 11
1 2 8 10 12
1 2 8 10 13
1 2 8 10 14
1 2 8 11 12
1 2 8 11 13
1 2 8 11 14
1 2 8 12 13
1 2 8 12 14
1 2 8 13 14
1 2 9 10 11
1 2 9 10 12
1 2 9 10 13
1 2 9 10 14
1 2 9 11 12
1 2 9 11 13
1 2 9 11 14
1 2 9 12 13
1 2 9 12 14
1 2 9 13 14
1 2 10 11 12
1 2 10 11 13
1 2 10 11 14
1 2 10 12 13
1 2 10 12 14
1 2 10 13 14
1 2 11 12 13
1 2 11 12 14
1 2 11 13 14
1 2 12 13 14
1 3 4 5 6
1 3 4 5 7
1 3 4 5 8
1 3 4 5 9
1 3 4 5 10
1 3 4 5 11
1 3 4 5 12
1 3 4 5 13
1 3 4 5 14
1 3 4 6 7
1 3 4 6 8
1 3 4 6 9
1 3 4 6 10
1 3 4 6 11
1 3 4 6 12
1 3 4 6 13
1 3 4 6 14
1 3 4 7 8
1 3 4 7 9
1 3 4 7 10
1 3 4 7 11
1 3 4 7 12
1 3 4 7 13
1 3 4 7 14
1 3 4 8 9
1 3 4 8 10
1 3 4 8 11
1 3 4 8 12
1 3 4 8 13
1 3 4 8 14
1 3 4 9 10
1 3 4 9 11
1 3 4 9 12
1 3 4 9 13
1 3 4 9 14
1 3 4 10 11
1 3 4 10 12
1 3 4 10 13
1 3 4 10 14
1 3 4 11 12
1 3 4 11 13
1 3 4 11 14
1 3 4 12 13
1 3 4 12 14
1 3 4 13 14
1 3 5 6 7
1 3 5 6 8
1 3 5 6 9
1 3 5 6 10
1 3 5 6 11
1 3 5 6 12
1 3 5 6 13
1 3 5 6 14
1 3 5 7 8
1 3 5 7 9
1 3 5 7 10
1 3 5 7 11
1 3 5 7 12
1 3 5 7 13
1 3 5 7 14
1 3 5 8 9
1 3 5 8 10
1 3 5 8 11
1 3 5 8 12
1 3 5 8 13
1 3 5 8 14
1 3 5 9 10
1 3 5 9 11
1 3 5 9 12
1 3 5 9 13
1 3 5 9 14
1 3 5 10 11
1 3 5 10 12
1 3 5 10 13
1 3 5 10 14
1 3 5 11 12
1 3 5 11 13
1 3 5 11 14
1 3 5 12 13
1 3 5 12 14
1 3 5 13 14
1 3 6 7 8
1 3 6 7 9
1 3 6 7 10
1 3 6 7 11
1 3 6 7 12
1 3 6 7 13
1 3 6 7 14
1 3 6 8 9
1 3 6 8 10
1 3 6 8 11
1 3 6 8 12
1 3 6 8 13
1 3 6 8 14
1 3 6 9 10
1 3 6 9 11
1 3 6 9 12
1 3 6 9 13
1 3 6 9 14
1 3 6 10 11
1 3 6 10 12
1 3 6 10 13
1 3 6 10 14
1 3 6 11 12
1 3 6 11 13
1 3 6 11 14
1 3 6 12 13
1 3 6 12 14
1 3 6 13 14
1 3 7 8 9
1 3 7 8 10
1 3 7 8 11
1 3 7 8 12
1 3 7 8 13
1 3 7 8 14
1 3 7 9 10
1 3 7 9 11
1 3 7 9 12
1 3 7 9 13
1 3 7 9 14
1 3 7 10 11
1 3 7 10 12
1 3 7 10 13
1 3 7 10 14
1 3 7 11 12
1 3 7 11 13
1 3 7 11 14
1 3 7 12 13
1 3 7 12 14
1 3 7 13 14
1 3 8 9 10
1 3 8 9 11
1 3 8 9 12
1 3 8 9 13
1 3 8 9 14
1 3 8 10 11
1 3 8 10 12
1 3 8 10 13
1 3 8 10 14
1 3 8 11 12
1 3 8 11 13
1 3 8 11 14
1 3 8 12 13
1 3 8 12 14
1 3 8 13 14
1 3 9 10 11
1 3 9 10 12
1 3 9 10 13
1 3 9 10 14
1 3 9 11 12
1 3 9 11 13
1 3 9 11 14
1 3 9 12 13
1 3 9 12 14
1 3 9 13 14
1 3 10 11 12
1 3 10 11 13
1 3 10 11 14
1 3 10 12 13
1 3 10 12 14
1 3 10 13 14
1 3 11 12 13
1 3 11 12 14
1 3 11 13 14
1 3 12 13 14
1 4 5 6 7
1 4 5 6 8
1 4 5 6 9
1 4 5 6 10
1 4 5 6 11
1 4 5 6 12
1 4 5 6 13
1 4 5 6 14
1 4 5 7 8
1 4 5 7 9
1 4 5 7 10
1 4 5 7 11
1 4 5 7 12
1 4 5 7 13
1 4 5 7 14
1 4 5 8 9
1 4 5 8 10
1 4 5 8 11
1 4 5 8 12
1 4 5 8 13
1 4 5 8 14
1 4 5 9 10
1 4 5 9 11
1 4 5 9 12
1 4 5 9 13
1 4 5 9 14
1 4 5 10 11
1 4 5 10 12
1 4 5 10 13
1 4 5 10 14
1 4 5 11 12
1 4 5 11 13
1 4 5 11 14
1 4 5 12 13
1 4 5 12 14
1 4 5 13 14
1 4 6 7 8
1 4 6 7 9
1 4 6 7 10
1 4 6 7 11
1 4 6 7 12
1 4 6 7 13
1 4 6 7 14
1 4 6 8 9
1 4 6 8 10
1 4 6 8 11
1 4 6 8 12
1 4 6 8 13
1 4 6 8 14
1 4 6 9 10
1 4 6 9 11
1 4 6 9 12
1 4 6 9 13
1 4 6 9 14
1 4 6 10 11
1 4 6 10 12
1 4 6 10 13
1 4 6 10 14
1 4 6 11 12
1 4 6 11 13
1 4 6 11 14
1 4 6 12 13
1 4 6 12 14
1 4 6 13 14
1 4 7 8 9
1 4 7 8 10
1 4 7 8 11
1 4 7 8 12
1 4 7 8 13
1 4 7 8 14
1 4 7 9 10
1 4 7 9 11
1 4 7 9 12
1 4 7 9 13
1 4 7 9 14
1 4 7 10 11
1 4 7 10 12
1 4 7 10 13
1 4 7 10 14
1 4 7 11 12
1 4 7 11 13
1 4 7 11 14
1 4 7 12 13
1 4 7 12 14
1 4 7 13 14
1 4 8 9 10
1 4 8 9 11
1 4 8 9 12
1 4 8 9 13
1 4 8 9 14
1 4 8 10 11
1 4 8 10 12
1 4 8 10 13
1 4 8 10 14
1 4 8 11 12
1 4 8 11 13
1 4 8 11 14
1 4 8 12 13
1 4 8 12 14
1 4 8 13 14
1 4 9 10 11
1 4 9 10 12
1 4 9 10 13
1 4 9 10 14
1 4 9 11 12
1 4 9 11 13
1 4 9 11 14
1 4 9 12 13
1 4 9 12 14
1 4 9 13 14
1 4 10 11 12
1 4 10 11 13
1 4 10 11 14
1 4 10 12 13
1 4 10 12 14
1 4 10 13 14
1 4 11 12 13
1 4 11 12 14
1 4 11 13 14
1 4 12 13 14
1 5 6 7 8
1 5 6 7 9
1 5 6 7 10
1 5 6 7 11
1 5 6 7 12
1 5 6 7 13
1 5 6 7 14
1 5 6 8 9
1 5 6 8 10
1 5 6 8 11
1 5 6 8 12
1 5 6 8 13
1 5 6 8 14
1 5 6 9 10
1 5 6 9 11
1 5 6 9 12
1 5 6 9 13
1 5 6 9 14
1 5 6 10 11
1 5 6 10 12
1 5 6 10 13
1 5 6 10 14
1 5 6 11 12
1 5 6 11 13
1 5 6 11 14
1 5 6 12 13
1 5 6 12 14
1 5 6 13 14
1 5 7 8 9
1 5 7 8 10
1 5 7 8 11
1 5 7 8 12
1 5 7 8 13
1 5 7 8 14
1 5 7 9 10
1 5 7 9 11
1 5 7 9 12
1 5 7 9 13
1 5 7 9 14
1 5 7 10 11
1 5 7 10 12
1 5 7 10 13
1 5 7 10 14
1 5 7 11 12
1 5 7 11 13
1 5 7 11 14
1 5 7 12 13
1 5 7 12 14
1 5 7 13 14
1 5 8 9 10
1 5 8 9 11
1 5 8 9 12
1 5 8 9 13
1 5 8 9 14
1 5 8 10 11
1 5 8 10 12
1 5 8 10 13
1 5 8 10 14
1 5 8 11 12
1 5 8 11 13
1 5 8 11 14
1 5 8 12 13
1 5 8 12 14
1 5 8 13 14
1 5 9 10 11
1 5 9 10 12
1 5 9 10 13
1 5 9 10 14
1 5 9 11 12
1 5 9 11 13
1 5 9 11 14
1 5 9 12 13
1 5 9 12 14
1 5 9 13 14
1 5 10 11 12
1 5 10 11 13
1 5 10 11 14
1 5 10 12 13
1 5 10 12 14
1 5 10 13 14
1 5 11 12 13
1 5 11 12 14
1 5 11 13 14
1 5 12 13 14
1 6 7 8 9
1 6 7 8 10
1 6 7 8 11
1 6 7 8 12
1 6 7 8 13
1 6 7 8 14
1 6 7 9 10
1 6 7 9 11
1 6 7 9 12
1 6 7 9 13
1 6 7 9 14
1 6 7 10 11
1 6 7 10 12
1 6 7 10 13
1 6 7 10 14
1 6 7 11 12
1 6 7 11 13
1 6 7 11 14
1 6 7 12 13
1 6 7 12 14
1 6 7 13 14
1 6 8 9 10
1 6 8 9 11
1 6 8 9 12
1 6 8 9 13
1 6 8 9 14
1 6 8 10 11
1 6 8 10 12
1 6 8 10 13
1 6 8 10 14
1 6 8 11 12
1 6 8 11 13
1 6 8 11 14
1 6 8 12 13
1 6 8 12 14
1 6 8 13 14
1 6 9 10 11
1 6 9 10 12
1 6 9 10 13
1 6 9 10 14
1 6 9 11 12
1 6 9 11 13
1 6 9 11 14
1 6 9 12 13
1 6 9 12 14
1 6 9 13 14
1 6 10 11 12
1 6 10 11 13
1 6 10 11 14
1 6 10 12 13
1 6 10 12 14
1 6 10 13 14
1 6 11 12 13
1 6 11 12 14
1 6 11 13 14
1 6 12 13 14
1 7 8 9 10
1 7 8 9 11
1 7 8 9 12
1 7 8 9 13
1 7 8 9 14
1 7 8 10 11
1 7 8 10 12
1 7 8 10 13
1 7 8 10 14
1 7 8 11 12
1 7 8 11 13
1 7 8 11 14
1 7 8 12 13
1 7 8 12 14
1 7 8 13 14
1 7 9 10 11
1 7 9 10 12
1 7 9 10 13
1 7 9 10 14
1 7 9 11 12
1 7 9 11 13
1 7 9 11 14
1 7 9 12 13
1 7 9 12 14
1 7 9 13 14
1 7 10 11 12
1 7 10 11 13
1 7 10 11 14
1 7 10 12 13
1 7 10 12 14
1 7 10 13 14
1 7 11 12 13
1 7 11 12 14
1 7 11 13 14
1 7 12 13 14
1 8 9 10 11
1 8 9 10 12
1 8 9 10 13
1 8 9 10 14
1 8 9 11 12
1 8 9 11 13
1 8 9 11 14
1 8 9 12 13
1 8 9 12 14
1 8 9 13 14
1 8 10 11 12
1 8 10 11 13
1 8 10 11 14
1 8 10 12 13
1 8 10 12 14
1 8 10 13 14
1 8 11 12 13
1 8 11 12 14
1 8 11 13 14
1 8 12 13 14
1 9 10 11 12
1 9 10 11 13
1 9 10 11 14
1 9 10 12 13
1 9 10 12 14
1 9 10 13 14
1 9 11 12 13
1 9 11 12 14
1 9 11 13 14
1 9 12 13 14
1 10 11 12 13
1 10 11 12 14
1 10 11 13 14
1 10 12 13 14
1 11 12 13 14
2 3 4 5 6
2 3 4 5 7
2 3 4 5 8
2 3 4 5 9
2 3 4 5 10
2 3 4 5 11
2 3 4 5 12
2 3 4 5 13
2 3 4 5 14
2 3 4 6 7
2 3 4 6 8
2 3 4 6 9
2 3 4 6 10
2 3 4 6 11
2 3 4 6 12
2 3 4 6 13
2 3 4 6 14
2 3 4 7 8
2 3 4 7 9
2 3 4 7 10
2 3 4 7 11
2 3 4 7 12
2 3 4 7 13
2 3 4 7 14
2 3 4 8 9
2 3 4 8 10
2 3 4 8 11
2 3 4 8 12
2 3 4 8 13
2 3 4 8 14
2 3 4 9 10
2 3 4 9 11
2 3 4 9 12
2 3 4 9 13
2 3 4 9 14
2 3 4 10 11
2 3 4 10 12
2 3 4 10 13
2 3 4 10 14
2 3 4 11 12
2 3 4 11 13
2 3 4 11 14
2 3 4 12 13
2 3 4 12 14
2 3 4 13 14
2 3 5 6 7
2 3 5 6 8
2 3 5 6 9
2 3 5 6 10
2 3 5 6 11
2 3 5 6 12
2 3 5 6 13
2 3 5 6 14
2 3 5 7 8
2 3 5 7 9
2 3 5 7 10
2 3 5 7 11
2 3 5 7 12
2 3 5 7 13
2 3 5 7 14
2 3 5 8 9
2 3 5 8 10
2 3 5 8 11
2 3 5 8 12
2 3 5 8 13
2 3 5 8 14
2 3 5 9 10
2 3 5 9 11
2 3 5 9 12
2 3 5 9 13
2 3 5 9 14
2 3 5 10 11
2 3 5 10 12
2 3 5 10 13
2 3 5 10 14
2 3 5 11 12
2 3 5 11 13
2 3 5 11 14
2 3 5 12 13
2 3 5 12 14
2 3 5 13 14
2 3 6 7 8
2 3 6 7 9
2 3 6 7 10
2 3 6 7 11
2 3 6 7 12
2 3 6 7 13
2 3 6 7 14
2 3 6 8 9
2 3 6 8 10
2 3 6 8 11
2 3 6 8 12
2 3 6 8 13
2 3 6 8 14
2 3 6 9 10
2 3 6 9 11
2 3 6 9 12
2 3 6 9 13
2 3 6 9 14
2 3 6 10 11
2 3 6 10 12
2 3 6 10 13
2 3 6 10 14
2 3 6 11 12
2 3 6 11 13
2 3 6 11 14
2 3 6 12 13
2 3 6 12 14
2 3 6 13 14
2 3 7 8 9
2 3 7 8 10
2 3 7 8 11
2 3 7 8 12
2 3 7 8 13
2 3 7 8 14
2 3 7 9 10
2 3 7 9 11
2 3 7 9 12
2 3 7 9 13
2 3 7 9 14
2 3 7 10 11
2 3 7 10 12
2 3 7 10 13
2 3 7 10 14
2 3 7 11 12
2 3 7 11 13
2 3 7 11 14
2 3 7 12 13
2 3 7 12 14
2 3 7 13 14
2 3 8 9 10
2 3 8 9 11
2 3 8 9 12
2 3 8 9 13
2 3 8 9 14
2 3 8 10 11
2 3 8 10 12
2 3 8 10 13
2 3 8 10 14
2 3 8 11 12
2 3 8 11 13
2 3 8 11 14
2 3 8 12 13
2 3 8 12 14
2 3 8 13 14
2 3 9 10 11
2 3 9 10 12
2 3 9 10 13
2 3 9 10 14
2 3 9 11 12
2 3 9 11 13
2 3 9 11 14
2 3 9 12 13
2 3 9 12 14
2 3 9 13 14
2 3 10 11 12
2 3 10 11 13
2 3 10 11 14
2 3 10 12 13
2 3 10 12 14
2 3 10 13 14
2 3 11 12 13
2 3 11 12 14
2 3 11 13 14
2 3 12 13 14
2 4 5 6 7
2 4 5 6 8
2 4 5 6 9
2 4 5 6 10
2 4 5 6 11
2 4 5 6 12
2 4 5 6 13
2 4 5 6 14
2 4 5 7 8
2 4 5 7 9
2 4 5 7 10
2 4 5 7 11
2 4 5 7 12
2 4 5 7 13
2 4 5 7 14
2 4 5 8 9
2 4 5 8 10
2 4 5 8 11
2 4 5 8 12
2 4 5 8 13
2 4 5 8 14
2 4 5 9 10
2 4 5 9 11
2 4 5 9 12
2 4 5 9 13
2 4 5 9 14
2 4 5 10 11
2 4 5 10 12
2 4 5 10 13
2 4 5 10 14
2 4 5 11 12
2 4 5 11 13
2 4 5 11 14
2 4 5 12 13
2 4 5 12 14
2 4 5 13 14
2 4 6 7 8
2 4 6 7 9
2 4 6 7 10
2 4 6 7 11
2 4 6 7 12
2 4 6 7 13
2 4 6 7 14
2 4 6 8 9
2 4 6 8 10
2 4 6 8 11
2 4 6 8 12
2 4 6 8 13
2 4 6 8 14
2 4 6 9 10
2 4 6 9 11
2 4 6 9 12
2 4 6 9 13
2 4 6 9 14
2 4 6 10 11
2 4 6 10 12
2 4 6 10 13
2 4 6 10 14
2 4 6 11 12
2 4 6 11 13
2 4 6 11 14
2 4 6 12 13
2 4 6 12 14
2 4 6 13 14
2 4 7 8 9
2 4 7 8 10
2 4 7 8 11
2 4 7 8 12
2 4 7 8 13
2 4 7 8 14
2 4 7 9 10
2 4 7 9 11
2 4 7 9 12
2 4 7 9 13
2 4 7 9 14
2 4 7 10 11
2 4 7 10 12
2 4 7 10 13
2 4 7 10 14
2 4 7 11 12
2 4 7 11 13
2 4 7 11 14
2 4 7 12 13
2 4 7 12 14
2 4 7 13 14
2 4 8 9 10
2 4 8 9 11
2 4 8 9 12
2 4 8 9 13
2 4 8 9 14
2 4 8 10 11
2 4 8 10 12
2 4 8 10 13
2 4 8 10 14
2 4 8 11 12
2 4 8 11 13
2 4 8 11 14
2 4 8 12 13
2 4 8 12 14
2 4 8 13 14
2 4 9 10 11
2 4 9 10 12
2 4 9 10 13
2 4 9 10 14
2 4 9 11 12
2 4 9 11 13
2 4 9 11 14
2 4 9 12 13
2 4 9 12 14
2 4 9 13 14
2 4 10 11 12
2 4 10 11 13
2 4 10 11 14
2 4 10 12 13
2 4 10 12 14
2 4 10 13 14
2 4 11 12 13
2 4 11 12 14
2 4 11 13 14
2 4 12 13 14
2 5 6 7 8
2 5 6 7 9
2 5 6 7 10
2 5 6 7 11
2 5 6 7 12
2 5 6 7 13
2 5 6 7 14
2 5 6 8 9
2 5 6 8 10
2 5 6 8 11
2 5 6 8 12
2 5 6 8 13
2 5 6 8 14
2 5 6 9 10
2 5 6 9 11
2 5 6 9 12
2 5 6 9 13
2 5 6 9 14
2 5 6 10 11
2 5 6 10 12
2 5 6 10 13
2 5 6 10 14
2 5 6 11 12
2 5 6 11 13
2 5 6 11 14
2 5 6 12 13
2 5 6 12 14
2 5 6 13 14
2 5 7 8 9
2 5 7 8 10
2 5 7 8 11
2 5 7 8 12
2 5 7 8 13
2 5 7 8 14
2 5 7 9 10
2 5 7 9 11
2 5 7 9 12
2 5 7 9 13
2 5 7 9 14
2 5 7 10 11
2 5 7 10 12
2 5 7 10 13
2 5 7 10 14
2 5 7 11 12
2 5 7 11 13
2 5 7 11 14
2 5 7 12 13
2 5 7 12 14
2 5 7 13 14
2 5 8 9 10
2 5 8 9 11
2 5 8 9 12
2 5 8 9 13
2 5 8 9 14
2 5 8 10 11
2 5 8 10 12
2 5 8 10 13
2 5 8 10 14
2 5 8 11 12
2 5 8 11 13
2 5 8 11 14
2 5 8 12 13
2 5 8 12 14
2 5 8 13 14
2 5 9 10 11
2 5 9 10 12
2 5 9 10 13
2 5 9 10 14
2 5 9 11 12
2 5 9 11 13
2 5 9 11 14
2 5 9 12 13
2 5 9 12 14
2 5 9 13 14
2 5 10 11 12
2 5 10 11 13
2 5 10 11 14
2 5 10 12 13
2 5 10 12 14
2 5 10 13 14
2 5 11 12 13
2 5 11 12 14
2 5 11 13 14
2 5 12 13 14
2 6 7 8 9
2 6 7 8 10
2 6 7 8 11
2 6 7 8 12
2 6 7 8 13
2 6 7 8 14
2 6 7 9 10
2 6 7 9 11
2 6 7 9 12
2 6 7 9 13
2 6 7 9 14
2 6 7 10 11
2 6 7 10 12
2 6 7 10 13
2 6 7 10 14
2 6 7 11 12
2 6 7 11 13
2 6 7 11 14
2 6 7 12 13
2 6 7 12 14
2 6 7 13 14
2 6 8 9 10
2 6 8 9 11
2 6 8 9 12
2 6 8 9 13
2 6 8 9 14
2 6 8 10 11
2 6 8 10 12
2 6 8 10 13
2 6 8 10 14
2 6 8 11 12
2 6 8 11 13
2 6 8 11 14
2 6 8 12 13
2 6 8 12 14
2 6 8 13 14
2 6 9 10 11
2 6 9 10 12
2 6 9 10 13
2 6 9 10 14
2 6 9 11 12
2 6 9 11 13
2 6 9 11 14
2 6 9 12 13
2 6 9 12 14
2 6 9 13 14
2 6 10 11 12
2 6 10 11 13
2 6 10 11 14
2 6 10 12 13
2 6 10 12 14
2 6 10 13 14
2 6 11 12 13
2 6 11 12 14
2 6 11 13 14
2 6 12 13 14
2 7 8 9 10
2 7 8 9 11
2 7 8 9 12
2 7 8 9 13
2 7 8 9 14
2 7 8 10 11
2 7 8 10 12
2 7 8 10 13
2 7 8 10 14
2 7 8 11 12
2 7 8 11 13
2 7 8 11 14
2 7 8 12 13
2 7 8 12 14
2 7 8 13 14
2 7 9 10 11
2 7 9 10 12
2 7 9 10 13
2 7 9 10 14
2 7 9 11 12
2 7 9 11 13
2 7 9 11 14
2 7 9 12 13
2 7 9 12 14
2 7 9 13 14
2 7 10 11 12
2 7 10 11 13
2 7 10 11 14
2 7 10 12 13
2 7 10 12 14
2 7 10 13 14
2 7 11 12 13
2 7 11 12 14
2 7 11 13 14
2 7 12 13 14
2 8 9 10 11
2 8 9 10 12
2 8 9 10 13
2 8 9 10 14
2 8 9 11 12
2 8 9 11 13
2 8 9 11 14
2 8 9 12 13
2 8 9 12 14
2 8 9 13 14
2 8 10 11 12
2 8 10 11 13
2 8 10 11 14
2 8 10 12 13
2 8 10 12 14
2 8 10 13 14
2 8 11 12 13
2 8 11 12 14
2 8 11 13 14
2 8 12 13 14
2 9 10 11 12
2 9 10 11 13
2 9 10 11 14
2 9 10 12 13
2 9 10 12 14
2 9 10 13 14
2 9 11 12 13
2 9 11 12 14
2 9 11 13 14
2 9 12 13 14
2 10 11 12 13
2 10 11 12 14
2 10 11 13 14
2 10 12 13 14
2 11 12 13 14
3 4 5 6 7
3 4 5 6 8
3 4 5 6 9
3 4 5 6 10
3 4 5 6 11
3 4 5 6 12
3 4 5 6 13
3 4 5 6 14
3 4 5 7 8
3 4 5 7 9
3 4 5 7 10
3 4 5 7 11
3 4 5 7 12
3 4 5 7 13
3 4 5 7 14
3 4 5 8 9
3 4 5 8 10
3 4 5 8 11
3 4 5 8 12
3 4 5 8 13
3 4 5 8 14
3 4 5 9 10
3 4 5 9 11
3 4 5 9 12
3 4 5 9 13
3 4 5 9 14
3 4 5 10 11
3 4 5 10 12
3 4 5 10 13
3 4 5 10 14
3 4 5 11 12
3 4 5 11 13
3 4 5 11 14
3 4 5 12 13
3 4 5 12 14
3 4 5 13 14
3 4 6 7 8
3 4 6 7 9
3 4 6 7 10
3 4 6 7 11
3 4 6 7 12
3 4 6 7 13
3 4 6 7 14
3 4 6 8 9
3 4 6 8 10
3 4 6 8 11
3 4 6 8 12
3 4 6 8 13
3 4 6 8 14
3 4 6 9 10
3 4 6 9 11
3 4 6 9 12
3 4 6 9 13
3 4 6 9 14
3 4 6 10 11
3 4 6 10 12
3 4 6 10 13
3 4 6 10 14
3 4 6 11 12
3 4 6 11 13
3 4 6 11 14
3 4 6 12 13
3 4 6 12 14
3 4 6 13 14
3 4 7 8 9
3 4 7 8 10
3 4 7 8 11
3 4 7 8 12
3 4 7 8 13
3 4 7 8 14
3 4 7 9 10
3 4 7 9 11
3 4 7 9 12
3 4 7 9 13
3 4 7 9 14
3 4 7 10 11
3 4 7 10 12
3 4 7 10 13
3 4 7 10 14
3 4 7 11 12
3 4 7 11 13
3 4 7 11 14
3 4 7 12 13
3 4 7 12 14
3 4 7 13 14
3 4 8 9 10
3 4 8 9 11
3 4 8 9 12
3 4 8 9 13
3 4 8 9 14
3 4 8 10 11
3 4 8 10 12
3 4 8 10 13
3 4 8 10 14
3 4 8 11 12
3 4 8 11 13
3 4 8 11 14
3 4 8 12 13
3 4 8 12 14
3 4 8 13 14
3 4 9 10 11
3 4 9 10 12
3 4 9 10 13
3 4 9 10 14
3 4 9 11 12
3 4 9 11 13
3 4 9 11 14
3 4 9 12 13
3 4 9 12 14
3 4 9 13 14
3 4 10 11 12
3 4 10 11 13
3 4 10 11 14
3 4 10 12 13
3 4 10 12 14
3 4 10 13 14
3 4 11 12 13
3 4 11 12 14
3 4 11 13 14
3 4 12 13 14
3 5 6 7 8
3 5 6 7 9
3 5 6 7 10
3 5 6 7 11
3 5 6 7 12
3 5 6 7 13
3 5 6 7 14
3 5 6 8 9
3 5 6 8 10
3 5 6 8 11
3 5 6 8 12
3 5 6 8 13
3 5 6 8 14
3 5 6 9 10
3 5 6 9 11
3 5 6 9 12
3 5 6 9 13
3 5 6 9 14
3 5 6 10 11
3 5 6 10 12
3 5 6 10 13
3 5 6 10 14
3 5 6 11 12
3 5 6 11 13
3 5 6 11 14
3 5 6 12 13
3 5 6 12 14
3 5 6 13 14
3 5 7 8 9
3 5 7 8 10
3 5 7 8 11
3 5 7 8 12
3 5 7 8 13
3 5 7 8 14
3 5 7 9 10
3 5 7 9 11
3 5 7 9 12
3 5 7 9 13
3 5 7 9 14
3 5 7 10 11
3 5 7 10 12
3 5 7 10 13
3 5 7 10 14
3 5 7 11 12
3 5 7 11 13
3 5 7 11 14
3 5 7 12 13
3 5 7 12 14
3 5 7 13 14
3 5 8 9 10
3 5 8 9 11
3 5 8 9 12
3 5 8 9 13
3 5 8 9 14
3 5 8 10 11
3 5 8 10 12
3 5 8 10 13
3 5 8 10 14
3 5 8 11 12
3 5 8 11 13
3 5 8 11 14
3 5 8 12 13
3 5 8 12 14
3 5 8 13 14
3 5 9 10 11
3 5 9 10 12
3 5 9 10 13
3 5 9 10 14
3 5 9 11 12
3 5 9 11 13
3 5 9 11 14
3 5 9 12 13
3 5 9 12 14
3 5 9 13 14
3 5 10 11 12
3 5 10 11 13
3 5 10 11 14
3 5 10 12 13
3 5 10 12 14
3 5 10 13 14
3 5 11 12 13
3 5 11 12 14
3 5 11 13 14
3 5 12 13 14
3 6 7 8 9
3 6 7 8 10
3 6 7 8 11
3 6 7 8 12
3 6 7 8 13
3 6 7 8 14
3 6 7 9 10
3 6 7 9 11
3 6 7 9 12
3 6 7 9 13
3 6 7 9 14
3 6 7 10 11
3 6 7 10 12
3 6 7 10 13
3 6 7 10 14
3 6 7 11 12
3 6 7 11 13
3 6 7 11 14
3 6 7 12 13
3 6 7 12 14
3 6 7 13 14
3 6 8 9 10
3 6 8 9 11
3 6 8 9 12
3 6 8 9 13
3 6 8 9 14
3 6 8 10 11
3 6 8 10 12
3 6 8 10 13
3 6 8 10 14
3 6 8 11 12
3 6 8 11 13
3 6 8 11 14
3 6 8 12 13
3 6 8 12 14
3 6 8 13 14
3 6 9 10 11
3 6 9 10 12
3 6 9 10 13
3 6 9 10 14
3 6 9 11 12
3 6 9 11 13
3 6 9 11 14
3 6 9 12 13
3 6 9 12 14
3 6 9 13 14
3 6 10 11 12
3 6 10 11 13
3 6 10 11 14
3 6 10 12 13
3 6 10 12 14
3 6 10 13 14
3 6 11 12 13
3 6 11 12 14
3 6 11 13 14
3 6 12 13 14
3 7 8 9 10
3 7 8 9 11
3 7 8 9 12
3 7 8 9 13
3 7 8 9 14
3 7 8 10 11
3 7 8 10 12
3 7 8 10 13
3 7 8 10 14
3 7 8 11 12
3 7 8 11 13
3 7 8 11 14
3 7 8 12 13
3 7 8 12 14
3 7 8 13 14
3 7 9 10 11
3 7 9 10 12
3 7 9 10 13
3 7 9 10 14
3 7 9 11 12
3 7 9 11 13
3 7 9 11 14
3 7 9 12 13
3 7 9 12 14
3 7 9 13 14
3 7 10 11 12
3 7 10 11 13
3 7 10 11 14
3 7 10 12 13
3 7 10 12 14
3 7 10 13 14
3 7 11 12 13
3 7 11 12 14
3 7 11 13 14
3 7 12 13 14
3 8 9 10 11
3 8 9 10 12
3 8 9 10 13
3 8 9 10 14
3 8 9 11 12
3 8 9 11 13
3 8 9 11 14
3 8 9 12 13
3 8 9 12 14
3 8 9 13 14
3 8 10 11 12
3 8 10 11 13
3 8 10 11 14
3 8 10 12 13
3 8 10 12 14
3 8 10 13 14
3 8 11 12 13
3 8 11 12 14
3 8 11 13 14
3 8 12 13 14
3 9 10 11 12
3 9 10 11 13
3 9 10 11 14
3 9 10 12 13
3 9 10 12 14
3 9 10 13 14
3 9 11 12 13
3 9 11 12 14
3 9 11 13 14
3 9 12 13 14
3 10 11 12 13
3 10 11 12 14
3 10 11 13 14
3 10 12 13 14
3 11 12 13 14
4 5 6 7 8
4 5 6 7 9
4 5 6 7 10
4 5 6 7 11
4 5 6 7 12
4 5 6 7 13
4 5 6 7 14
4 5 6 8 9
4 5 6 8 10
4 5 6 8 11
4 5 6 8 12
4 5 6 8 13
4 5 6 8 14
4 5 6 9 10
4 5 6 9 11
4 5 6 9 12
4 5 6 9 13
4 5 6 9 14
4 5 6 10 11
4 5 6 10 12
4 5 6 10 13
4 5 6 10 14
4 5 6 11 12
4 5 6 11 13
4 5 6 11 14
4 5 6 12 13
4 5 6 12 14
4 5 6 13 14
4 5 7 8 9
4 5 7 8 10
4 5 7 8 11
4 5 7 8 12
4 5 7 8 13
4 5 7 8 14
4 5 7 9 10
4 5 7 9 11
4 5 7 9 12
4 5 7 9 13
4 5 7 9 14
4 5 7 10 11
4 5 7 10 12
4 5 7 10 13
4 5 7 10 14
4 5 7 11 12
4 5 7 11 13
4 5 7 11 14
4 5 7 12 13
4 5 7 12 14
4 5 7 13 14
4 5 8 9 10
4 5 8 9 11
4 5 8 9 12
4 5 8 9 13
4 5 8 9 14
4 5 8 10 11
4 5 8 10 12
4 5 8 10 13
4 5 8 10 14
4 5 8 11 12
4 5 8 11 13
4 5 8 11 14
4 5 8 12 13
4 5 8 12 14
4 5 8 13 14
4 5 9 10 11
4 5 9 10 12
4 5 9 10 13
4 5 9 10 14
4 5 9 11 12
4 5 9 11 13
4 5 9 11 14
4 5 9 12 13
4 5 9 12 14
4 5 9 13 14
4 5 10 11 12
4 5 10 11 13
4 5 10 11 14
4 5 10 12 13
4 5 10 12 14
4 5 10 13 14
4 5 11 12 13
4 5 11 12 14
4 5 11 13 14
4 5 12 13 14
4 6 7 8 9
4 6 7 8 10
4 6 7 8 11
4 6 7 8 12
4 6 7 8 13
4 6 7 8 14
4 6 7 9 10
4 6 7 9 11
4 6 7 9 12
4 6 7 9 13
4 6 7 9 14
4 6 7 10 11
4 6 7 10 12
4 6 7 10 13
4 6 7 10 14
4 6 7 11 12
4 6 7 11 13
4 6 7 11 14
4 6 7 12 13
4 6 7 12 14
4 6 7 13 14
4 6 8 9 10
4 6 8 9 11
4 6 8 9 12
4 6 8 9 13
4 6 8 9 14
4 6 8 10 11
4 6 8 10 12
4 6 8 10 13
4 6 8 10 14
4 6 8 11 12
4 6 8 11 13
4 6 8 11 14
4 6 8 12 13
4 6 8 12 14
4 6 8 13 14
4 6 9 10 11
4 6 9 10 12
4 6 9 10 13
4 6 9 10 14
4 6 9 11 12
4 6 9 11 13
4 6 9 11 14
4 6 9 12 13
4 6 9 12 14
4 6 9 13 14
4 6 10 11 12
4 6 10 11 13
4 6 10 11 14
4 6 10 12 13
4 6 10 12 14
4 6 10 13 14
4 6 11 12 13
4 6 11 12 14
4 6 11 13 14
4 6 12 13 14
4 7 8 9 10
4 7 8 9 11
4 7 8 9 12
4 7 8 9 13
4 7 8 9 14
4 7 8 10 11
4 7 8 10 12
4 7 8 10 13
4 7 8 10 14
4 7 8 11 12
4 7 8 11 13
4 7 8 11 14
4 7 8 12 13
4 7 8 12 14
4 7 8 13 14
4 7 9 10 11
4 7 9 10 12
4 7 9 10 13
4 7 9 10 14
4 7 9 11 12
4 7 9 11 13
4 7 9 11 14
4 7 9 12 13
4 7 9 12 14
4 7 9 13 14
4 7 10 11 12
4 7 10 11 13
4 7 10 11 14
4 7 10 12 13
4 7 10 12 14
4 7 10 13 14
4 7 11 12 13
4 7 11 12 14
4 7 11 13 14
4 7 12 13 14
4 8 9 10 11
4 8 9 10 12
4 8 9 10 13
4 8 9 10 14
4 8 9 11 12
4 8 9 11 13
4 8 9 11 14
4 8 9 12 13
4 8 9 12 14
4 8 9 13 14
4 8 10 11 12
4 8 10 11 13
4 8 10 11 14
4 8 10 12 13
4 8 10 12 14
4 8 10 13 14
4 8 11 12 13
4 8 11 12 14
4 8 11 13 14
4 8 12 13 14
4 9 10 11 12
4 9 10 11 13
4 9 10 11 14
4 9 10 12 13
4 9 10 12 14
4 9 10 13 14
4 9 11 12 13
4 9 11 12 14
4 9 11 13 14
4 9 12 13 14
4 10 11 12 13
4 10 11 12 14
4 10 11 13 14
4 10 12 13 14
4 11 12 13 14
5 6 7 8 9
5 6 7 8 10
5 6 7 8 11
5 6 7 8 12
5 6 7 8 13
5 6 7 8 14
5 6 7 9 10
5 6 7 9 11
5 6 7 9 12
5 6 7 9 13
5 6 7 9 14
5 6 7 10 11
5 6 7 10 12
5 6 7 10 13
5 6 7 10 14
5 6 7 11 12
5 6 7 11 13
5 6 7 11 14
5 6 7 12 13
5 6 7 12 14
5 6 7 13 14
5 6 8 9 10
5 6 8 9 11
5 6 8 9 12
5 6 8 9 13
5 6 8 9 14
5 6 8 10 11
5 6 8 10 12
5 6 8 10 13
5 6 8 10 14
5 6 8 11 12
5 6 8 11 13
5 6 8 11 14
5 6 8 12 13
5 6 8 12 14
5 6 8 13 14
5 6 9 10 11
5 6 9 10 12
5 6 9 10 13
5 6 9 10 14
5 6 9 11 12
5 6 9 11 13
5 6 9 11 14
5 6 9 12 13
5 6 9 12 14
5 6 9 13 14
5 6 10 11 12
5 6 10 11 13
5 6 10 11 14
5 6 10 12 13
5 6 10 12 14
5 6 10 13 14
5 6 11 12 13
5 6 11 12 14
5 6 11 13 14
5 6 12 13 14
5 7 8 9 10
5 7 8 9 11
5 7 8 9 12
5 7 8 9 13
5 7 8 9 14
5 7 8 10 11
5 7 8 10 12
5 7 8 10 13
5 7 8 10 14
5 7 8 11 12
5 7 8 11 13
5 7 8 11 14
5 7 8 12 13
5 7 8 12 14
5 7 8 13 14
5 7 9 10 11
5 7 9 10 12
5 7 9 10 13
5 7 9 10 14
5 7 9 11 12
5 7 9 11 13
5 7 9 11 14
5 7 9 12 13
5 7 9 12 14
5 7 9 13 14
5 7 10 11 12
5 7 10 11 13
5 7 10 11 14
5 7 10 12 13
5 7 10 12 14
5 7 10 13 14
5 7 11 12 13
5 7 11 12 14
5 7 11 13 14
5 7 12 13 14
5 8 9 10 11
5 8 9 10 12
5 8 9 10 13
5 8 9 10 14
5 8 9 11 12
5 8 9 11 13
5 8 9 11 14
5 8 9 12 13
5 8 9 12 14
5 8 9 13 14
5 8 10 11 12
5 8 10 11 13
5 8 10 11 14
5 8 10 12 13
5 8 10 12 14
5 8 10 13 14
5 8 11 12 13
5 8 11 12 14
5 8 11 13 14
5 8 12 13 14
5 9 10 11 12
5 9 10 11 13
5 9 10 11 14
5 9 10 12 13
5 9 10 12 14
5 9 10 13 14
5 9 11 12 13
5 9 11 12 14
5 9 11 13 14
5 9 12 13 14
5 10 11 12 13
5 10 11 12 14
5 10 11 13 14
5 10 12 13 14
5 11 12 13 14
6 7 8 9 10
6 7 8 9 11
6 7 8 9 12
6 7 8 9 13
6 7 8 9 14
6 7 8 10 11
6 7 8 10 12
6 7 8 10 13
6 7 8 10 14
6 7 8 11 12
6 7 8 11 13
6 7 8 11 14
6 7 8 12 13
6 7 8 12 14
6 7 8 13 14
6 7 9 10 11
6 7 9 10 12
6 7 9 10 13
6 7 9 10 14
6 7 9 11 12
6 7 9 11 13
6 7 9 11 14
6 7 9 12 13
6 7 9 12 14
6 7 9 13 14
6 7 10 11 12
6 7 10 11 13
6 7 10 11 14
6 7 10 12 13
6 7 10 12 14
6 7 10 13 14
6 7 11 12 13
6 7 11 12 14
6 7 11 13 14
6 7 12 13 14
6 8 9 10 11
6 8 9 10 12
6 8 9 10 13
6 8 9 10 14
6 8 9 11 12
6 8 9 11 13
6 8 9 11 14
6 8 9 12 13
6 8 9 12 14
6 8 9 13 14
6 8 10 11 12
6 8 10 11 13
6 8 10 11 14
6 8 10 12 13
6 8 10 12 14
6 8 10 13 14
6 8 11 12 13
6 8 11 12 14
6 8 11 13 14
6 8 12 13 14
6 9 10 11 12
6 9 10 11 13
6 9 10 11 14
6 9 10 12 13
6 9 10 12 14
6 9 10 13 14
6 9 11 12 13
6 9 11 12 14
6 9 11 13 14
6 9 12 13 14
6 10 11 12 13
6 10 11 12 14
6 10 11 13 14
6 10 12 13 14
6 11 12 13 14
7 8 9 10 11
7 8 9 10 12
7 8 9 10 13
7 8 9 10 14
7 8 9 11 12
7 8 9 11 13
7 8 9 11 14
7 8 9 12 13
7 8 9 12 14
7 8 9 13 14
7 8 10 11 12
7 8 10 11 13
7 8 10 11 14
7 8 10 12 13
7 8 10 12 14
7 8 10 13 14
7 8 11 12 13
7 8 11 12 14
7 8 11 13 14
7 8 12 13 14
7 9 10 11 12
7 9 10 11 13
7 9 10 11 14
7 9 10 12 13
7 9 10 12 14
7 9 10 13 14
7 9 11 12 13
7 9 11 12 14
7 9 11 13 14
7 9 12 13 14
7 10 11 12 13
7 10 11 12 14
7 10 11 13 14
7 10 12 13 14
7 11 12 13 14
8 9 10 11 12
8 9 10 11 13
8 9 10 11 14
8 9 10 12 13
8 9 10 12 14
8 9 10 13 14
8 9 11 12 13
8 9 11 12 14
8 9 11 13 14
8 9 12 13 14
8 10 11 12 13
8 10 11 12 14
8 10 11 13 14
8 10 12 13 14
8 11 12 13 14
9 10 11 12 13
9 10 11 12 14
9 10 11 13 14
9 10 12 13 14
9 11 12 13 14
10 11 12 13 14

Is hamiltonian hermitian? 1
Implicit Hamiltonian constructed
E(core)= 9.189534427600
H(1,1) + E(core) energy = -76.358384557600
Davidson: iter=0 dim=0 root=0 eigenvalue=-85.547918985200
Davidson: iter=1 dim=1 root=0 eigenvalue=-85.574791017401
Davidson: iter=2 dim=2 root=0 eigenvalue=-85.577637209146
Davidson: iter=3 dim=3 root=0 eigenvalue=-85.577739225951
Davidson: iter=4 dim=4 root=0 eigenvalue=-85.577746710379
Davidson: iter=5 dim=5 root=0 eigenvalue=-85.577747061851
Davidson: iter=6 dim=6 root=0 eigenvalue=-85.577747090822
Davidson: iter=7 dim=7 root=0 eigenvalue=-85.577747092646
Davidson: iter=8 dim=8 root=0 eigenvalue=-85.577747092761
Davidson: iter=9 dim=9 root=0 eigenvalue=-85.577747092770
Davidson: iter=10 dim=10 root=0 eigenvalue=-85.577747092770
root no. 0 converged
Davidson converged in 10 iterations.
E(core)= 9.189534427600
E(0)= -76.388212665170
FCI Excitation energies = 1
0.000000000000

Vacuum coefficients in CI state 0 = -0.992039813625
Eigenvector 0 in string basis
0: -0.992039813625 seniority 0 ... 5
1 2 3 4 5
 | 5
1 2 3 4 5

Seniority vectors for all roots (nroots/seniority)
1 6
0.987763625208 0.002967794112 -0.984727037001 0.110688499626 1.000002861716 0.000000000018

Calculating transition densities
Root 0 MO occupations numbers (density matrix diagonal)
14
1.999998232804 1.996682947853 1.988778410914 1.990541294949 1.992254440060 0.002750329770 0.002295888735 0.002344915332 0.001907707240 0.006776262032 0.006481576739 0.006894724321 0.001613584340 0.000679684927
Transition densities done:
Trandens between roots 0 0
14 14
1.999998232804 0.000016605604 -0.000000000000 0.000010649956 0.000000000000 0.000192649061 0.000000000000 0.000217787243 -0.000000000000 0.000000000000 0.000153368693 -0.000000000000 -0.000090863008 0.000000000000
0.000016605604 1.996682947853 0.000000000000 0.002867651515 0.000000000000 -0.000538033625 -0.000000000003 0.006234372598 -0.000000000004 0.000000000000 -0.005061387271 0.000000000004 0.002529641273 0.000000000000
-0.000000000000 0.000000000000 1.988778410914 0.000000000001 0.000000000000 -0.000000000003 0.002178454862 -0.000000000005 0.000612580100 0.000000000000 -0.000000000011 -0.008806265721 -0.000000000008 0.000000000000
0.000010649956 0.002867651515 0.000000000001 1.990541294949 0.000000000000 -0.004173387603 0.000000000003 0.007209296632 -0.000000000277 0.000000000000 -0.001410304402 -0.000000000001 0.007943812729 0.000000000000
0.000000000000 0.000000000000 0.000000000000 0.000000000000 1.992254440060 0.000000000000 0.000000000000 0.000000000000 0.000000000000 0.018791084600 0.000000000000 0.000000000000 0.000000000000 -0.000000000011
0.000192649061 -0.000538033625 -0.000000000003 -0.004173387603 0.000000000000 0.002750329770 -0.000000000000 -0.000352880619 0.000000000001 0.000000000000 0.003905026490 0.000000000000 -0.001549356794 0.000000000000
0.000000000000 -0.000000000003 0.002178454862 0.000000000003 0.000000000000 -0.000000000000 0.002295888735 0.000000000000 -0.001584927444 0.000000000000 -0.000000000000 -0.003938974977 0.000000000000 0.000000000000
0.000217787243 0.006234372598 -0.000000000005 0.007209296632 0.000000000000 -0.000352880619 0.000000000000 0.002344915332 -0.000000000002 0.000000000000 -0.001337355123 -0.000000000000 0.000965783091 0.000000000000
-0.000000000000 -0.000000000004 0.000612580100 -0.000000000277 0.000000000000 0.000000000001 -0.001584927444 -0.000000000002 0.001907707240 0.000000000000 0.000000000002 0.002958403563 -0.000000000002 0.000000000000
0.000000000000 0.000000000000 0.000000000000 0.000000000000 0.018791084600 0.000000000000 0.000000000000 0.000000000000 0.000000000000 0.006776262032 0.000000000000 0.000000000000 0.000000000000 -0.000000000000
0.000153368693 -0.005061387271 -0.000000000011 -0.001410304402 0.000000000000 0.003905026490 -0.000000000000 -0.001337355123 0.000000000002 0.000000000000 0.006481576739 0.000000000000 -0.002168869909 0.000000000000
-0.000000000000 0.000000000004 -0.008806265721 -0.000000000001 0.000000000000 0.000000000000 -0.003938974977 -0.000000000000 0.002958403563 0.000000000000 0.000000000000 0.006894724321 -0.000000000000 0.000000000000
-0.000090863008 0.002529641273 -0.000000000008 0.007943812729 0.000000000000 -0.001549356794 0.000000000000 0.000965783091 -0.000000000002 0.000000000000 -0.002168869909 -0.000000000000 0.001613584340 0.000000000000
0.000000000000 0.000000000000 0.000000000000 0.000000000000 -0.000000000011 0.000000000000 0.000000000000 0.000000000000 0.000000000000 -0.000000000000 0.000000000000 0.000000000000 0.000000000000 0.000679684927

State 0 :
Natural orbital occupations
14
1.999998470888 1.997879238301 1.992432267871 1.989448199962 1.988820146954 0.010439203602 0.010074676393 0.006598434221 0.002229048385 0.000704338402 0.000679684927 0.000602563411 0.000078909456 0.000014817242
Natural orbitals (in MO basis)
14 14
-0.999957799495 -0.009178974629 0.000000000000 0.000341220135 0.000000000001 -0.000000000000 0.000101820571 -0.000000000000 0.000128846228 -0.000047238100 -0.000000000000 0.000000000000 -0.000004773314 0.000000000000
-0.008396964691 0.928565522554 -0.000000000000 0.371049386152 0.000000000589 0.000000000010 -0.003137729118 -0.000000000000 0.002755907076 -0.000548312373 -0.000000000000 0.000000000000 0.000416329014 0.000000000000
-0.000000000000 0.000000000046 -0.000000000000 -0.000000001702 0.999989465030 0.003992045724 0.000000000012 0.000000000000 -0.000000000006 -0.000000000003 0.000000000000 0.001659557808 0.000000000000 0.001542487292
-0.003722556816 0.371010433752 -0.000000000000 -0.928602904708 -0.000000001598 0.000000000065 -0.003541746036 -0.000000000000 0.003489880530 0.002946880549 -0.000000000000 -0.000000000128 -0.000799155614 -0.000000000022
0.000000000000 -0.000000000000 0.999955224906 0.000000000000 -0.000000000000 -0.000000000000 -0.000000000000 -0.009462990151 -0.000000000000 -0.000000000000 0.000000000006 0.000000000000 -0.000000000000 0.000000000000
-0.000086505696 -0.001035337068 0.000000000000 0.001852603387 0.000000000002 0.000000001813 -0.493539598212 -0.000000000000 -0.294024600199 0.258440403955 -0.000000000000 -0.000000000387 -0.776641645505 -0.000000000017
-0.000000000000 -0.000000000001 -0.000000000000 -0.000000000004 0.001105178479 -0.461147721885 -0.000000001745 0.000000000000 0.000000000138 -0.000000000384 0.000000000000 -0.324320294132 -0.000000000005 0.825928510220
-0.000148596322 0.004243575806 -0.000000000000 -0.002206554374 -0.000000000007 -0.000000000751 0.192059753218 0.000000000000 -0.923345966080 0.171740725453 -0.000000000000 -0.000000000764 0.284653302177 -0.000000000077
0.000000000001 -0.000000000053 0.000000000000 0.000000000128 0.000300804372 0.366214884023 0.000000001171 -0.000000000000 0.000000000498 -0.000000001168 0.000000000000 -0.917400190481 -0.000000000005 -0.155767322446
-0.000000000000 0.000000000000 0.009462990151 -0.000000000000 0.000000000000 0.000000000000 -0.000000000000 0.999955224906 -0.000000000000 -0.000000000000 -0.000000000010 -0.000000000000 -0.000000000000 -0.000000000000
-0.000053069352 -0.002631298019 0.000000000000 -0.000277939600 -0.000000000006 0.000000002924 -0.789411040284 -0.000000000000 -0.124648224146 -0.449216383473 0.000000000000 0.000000000656 0.399362825909 0.000000000036
0.000000000000 0.000000000001 0.000000000000 0.000000000009 -0.004444988805 0.808216246367 0.000000003060 -0.000000000000 -0.000000000199 0.000000000315 -0.000000000000 0.230630620662 -0.000000000004 0.541826778589
0.000020092319 0.002659174404 -0.000000000000 -0.003240941308 -0.000000000010 -0.000000001157 0.310386091813 -0.000000000000 -0.213130923913 -0.837800295214 -0.000000000000 0.000000000887 -0.395359043538 0.000000000002
-0.000000000000 0.000000000000 -0.000000000005 0.000000000000 -0.000000000000 0.000000000000 -0.000000000000 0.000000000010 0.000000000000 0.000000000000 1.000000000000 0.000000000000 -0.000000000000 0.000000000000

