Begin IJ Block
1   1   -33.0265631184
1   2   -0.5840082681
1   4   -0.1850549398
2   2   -7.8747971606
2   4   -0.2173136019
3   3   -6.7666591625
4   4   -6.8983708419
5   5   -7.0386429104

End IJ Block
Begin IA Block
1   1   0.1139027241
1   2   0.0000000000
1   3   -0.1004710045
1   4   0.0000000000
2   1   0.5778390765
2   3   -0.2540574244
2   4   0.0000000000
3   1   -0.0000000000
3   2   -0.6410809467
3   3   -0.0000000000
3   4   0.1710374559
4   1   -0.3045539028
4   2   0.0000000000
4   3   -0.6644324014
4   4   0.0000000000
5   5   -1.1499533759

End IA Block
Begin AB Block
1   1   -2.5317013415
1   3   0.1271609266
1   4   -0.0000000000
2   2   -2.1312484450
2   3   0.0000000000
2   4   0.2273902752
3   3   -2.5364422397
3   4   0.0000000000
4   4   -2.6602994314
5   5   -3.0177946157

End AB Block
Begin IJAB Block
1   6   1   6   0.0044786516
1   6   1   8   -0.0016167584
1   6   2   7   0.0020913081
1   6   2   9   -0.0011800103
1   6   3   6   -0.0016167584
1   6   3   8   0.0039178767
1   6   3   9   -0.0000000000
1   6   4   7   -0.0011800103
1   6   4   8   -0.0000000000
1   6   4   9   0.0006581140
1   6   5   10   0.0071373357
1   7   1   6   -0.0006350015
1   7   1   8   -0.0012629497
1   7   2   7   -0.0017550205
1   7   2   9   0.0008254052
1   7   3   6   -0.0016634021
1   7   3   8   -0.0006889223
1   7   4   7   0.0009687332
1   7   4   9   -0.0005286014
1   7   5   10   -0.0053910653
1   8   1   7   -0.0000175128
1   8   1   9   0.0005452810
1   8   2   6   0.0011213175
1   8   2   8   -0.0005366498
1   8   3   7   0.0001406179
1   8   3   9   0.0006037747
1   8   4   6   -0.0006391871
1   8   4   8   0.0004303670
1   9   1   6   0.0007545973
1   9   1   8   -0.0012073992
1   9   2   7   -0.0005499882
1   9   2   9   0.0010981330
1   9   3   6   0.0005733206
1   9   3   8   -0.0008864551
1   9   4   7   0.0003944650
1   9   4   9   -0.0006397534
1   9   5   10   -0.0017101449
1   10   1   10   -0.0001575032
1   10   3   10   0.0002110702
1   10   5   6   0.0024121395
1   10   5   8   -0.0026702636
1   10   5   9   0.0000000000
2   6   1   6   -0.0006350015
2   6   1   8   -0.0016634021
2   6   2   7   -0.0017550205
2   6   2   9   0.0009687332
2   6   3   6   -0.0012629497
2   6   3   8   -0.0006889223
2   6   4   7   0.0008254052
2   6   4   9   -0.0005286014
2   6   5   10   -0.0053910653
2   7   1   6   0.0176672403
2   7   1   8   -0.0030788488
2   7   1   9   0.0000000000
2   7   2   7   0.0072864334
2   7   2   9   -0.0034799373
2   7   3   6   -0.0030788488
2   7   3   8   0.0080565638
2   7   3   9   -0.0000000000
2   7   4   6   0.0000000000
2   7   4   7   -0.0034799373
2   7   4   8   -0.0000000000
2   7   4   9   0.0084923461
2   7   5   10   0.0158101205
2   8   1   7   -0.0131227540
2   8   1   8   -0.0000000000
2   8   1   9   0.0042234904
2   8   2   6   -0.0061862087
2   8   2   8   0.0019758397
2   8   2   9   -0.0000000000
2   8   3   7   0.0057186076
2   8   3   8   -0.0000000000
2   8   3   9   -0.0058912082
2   8   4   6   0.0043124594
2   8   4   7   -0.0000000000
2   8   4   8   -0.0042167687
2   8   4   9   0.0000000000
2   9   1   6   -0.0104060468
2   9   1   8   -0.0081170161
2   9   1   9   0.0000000000
2   9   2   7   0.0011618032
2   9   2   8   -0.0000000000
2   9   2   9   -0.0031242088
2   9   3   6   0.0003674743
2   9   3   8   0.0085426263
2   9   3   9   -0.0000000000
2   9   4   7   -0.0009980277
2   9   4   8   -0.0000000000
2   9   4   9   -0.0010802259
2   9   5   10   0.0038768496
2   10   1   10   -0.0216905018
2   10   3   10   0.0112961350
2   10   4   10   -0.0000000000
2   10   5   6   -0.0095664462
2   10   5   8   0.0071233768
2   10   5   9   -0.0000000000
3   6   1   7   0.0011213175
3   6   1   9   -0.0006391871
3   6   2   6   -0.0000175128
3   6   2   8   0.0001406179
3   6   3   7   -0.0005366498
3   6   3   9   0.0004303670
3   6   4   6   0.0005452810
3   6   4   8   0.0006037747
3   7   1   7   -0.0061862087
3   7   1   9   0.0043124594
3   7   2   6   -0.0131227540
3   7   2   8   0.0057186076
3   7   2   9   -0.0000000000
3   7   3   6   -0.0000000000
3   7   3   7   0.0019758397
3   7   3   8   -0.0000000000
3   7   3   9   -0.0042167687
3   7   4   6   0.0042234904
3   7   4   7   -0.0000000000
3   7   4   8   -0.0058912082
3   7   4   9   0.0000000000
3   8   1   6   0.0109018801
3   8   1   8   -0.0051183784
3   8   1   9   0.0000000000
3   8   2   7   0.0179210262
3   8   2   9   -0.0093843923
3   8   3   6   -0.0051183784
3   8   3   8   0.0082145933
3   8   4   6   0.0000000000
3   8   4   7   -0.0093843923
3   8   4   9   0.0211543390
3   8   5   10   0.0050958904
3   9   1   7   0.0034370899
3   9   1   8   -0.0000000000
3   9   1   9   -0.0067789801
3   9   2   6   0.0081408723
3   9   2   8   0.0108051795
3   9   2   9   -0.0000000000
3   9   3   6   -0.0000000000
3   9   3   7   0.0007953640
3   9   3   8   0.0000000000
3   9   3   9   0.0050685828
3   9   4   6   -0.0078020613
3   9   4   8   -0.0015259172
3   9   4   9   -0.0000000000
3   10   2   10   0.0196986373
3   10   3   10   0.0000000000
3   10   4   10   -0.0074133025
3   10   5   7   0.0039835506
3   10   5   9   -0.0023531704
4   6   1   6   0.0007545973
4   6   1   8   0.0005733206
4   6   2   7   -0.0005499882
4   6   2   9   0.0003944650
4   6   3   6   -0.0012073992
4   6   3   8   -0.0008864551
4   6   4   7   0.0010981330
4   6   4   9   -0.0006397534
4   6   5   10   -0.0017101449
4   7   1   6   -0.0104060468
4   7   1   8   0.0003674743
4   7   2   7   0.0011618032
4   7   2   9   -0.0009980277
4   7   3   6   -0.0081170161
4   7   3   7   -0.0000000000
4   7   3   8   0.0085426263
4   7   3   9   -0.0000000000
4   7   4   6   0.0000000000
4   7   4   7   -0.0031242088
4   7   4   8   -0.0000000000
4   7   4   9   -0.0010802259
4   7   5   10   0.0038768496
4   8   1   7   0.0081408723
4   8   1   8   -0.0000000000
4   8   1   9   -0.0078020613
4   8   2   6   0.0034370899
4   8   2   8   0.0007953640
4   8   3   6   -0.0000000000
4   8   3   7   0.0108051795
4   8   3   8   0.0000000000
4   8   3   9   -0.0015259172
4   8   4   6   -0.0067789801
4   8   4   7   -0.0000000000
4   8   4   8   0.0050685828
4   8   4   9   -0.0000000000
4   9   1   6   0.0113867923
4   9   1   8   0.0039013852
4   9   1   9   -0.0000000000
4   9   2   7   0.0049871355
4   9   2   8   -0.0000000000
4   9   2   9   -0.0061734460
4   9   3   6   0.0039013852
4   9   3   7   -0.0000000000
4   9   3   8   0.0204450970
4   9   3   9   -0.0000000000
4   9   4   6   -0.0000000000
4   9   4   7   -0.0061734460
4   9   4   8   -0.0000000000
4   9   4   9   0.0182586009
4   9   5   10   0.0073379352
4   10   1   10   0.0091919757
4   10   3   10   0.0205032797
4   10   4   10   -0.0000000000
4   10   5   6   0.0007657722
4   10   5   8   0.0057024528
4   10   5   9   -0.0000000000
5   6   1   10   0.0024121395
5   6   3   10   -0.0026702636
5   6   4   10   0.0000000000
5   6   5   6   -0.0001575032
5   6   5   8   0.0002110702
5   7   1   10   -0.0095664462
5   7   3   10   0.0071233768
5   7   4   10   -0.0000000000
5   7   5   6   -0.0216905018
5   7   5   8   0.0112961350
5   7   5   9   -0.0000000000
5   8   2   10   0.0039835506
5   8   4   10   -0.0023531704
5   8   5   7   0.0196986373
5   8   5   8   0.0000000000
5   8   5   9   -0.0074133025
5   9   1   10   0.0007657722
5   9   3   10   0.0057024528
5   9   4   10   -0.0000000000
5   9   5   6   0.0091919757
5   9   5   8   0.0205032797
5   9   5   9   -0.0000000000
5   10   1   6   0.0087181757
5   10   1   8   -0.0015779814
5   10   1   9   0.0000000000
5   10   2   7   0.0032534931
5   10   2   9   -0.0014644198
5   10   3   6   -0.0015779814
5   10   3   8   0.0065201553
5   10   3   9   -0.0000000000
5   10   4   6   0.0000000000
5   10   4   7   -0.0014644198
5   10   4   8   -0.0000000000
5   10   4   9   0.0029519646
5   10   5   10   0.0482937665

End IJAB Block
Begin IJKL Block
1   6   1   6   4.7153030399
1   6   1   7   0.4296719456
1   6   1   9   0.1363961145
1   6   2   6   0.4296719456
1   6   2   7   0.0602132964
1   6   2   9   0.0161738558
1   6   3   8   0.0171146487
1   6   4   6   0.1363961145
1   6   4   7   0.0161738558
1   6   4   9   0.0264854857
1   6   5   10   0.0261576366
1   7   1   6   0.4296719456
1   7   1   7   1.0492394213
1   7   1   9   0.0833799274
1   7   2   6   0.0635423678
1   7   2   7   0.0145738978
1   7   2   9   0.0075611947
1   7   3   8   -0.0232148868
1   7   4   6   0.0161112169
1   7   4   7   0.0145556969
1   7   4   9   -0.0221891703
1   7   5   10   -0.0287905569
1   8   1   8   0.8943615011
1   8   2   8   0.0071734559
1   8   3   6   0.0211175037
1   8   3   7   -0.0238990814
1   8   3   9   -0.0030202748
1   8   4   8   0.0076072438
1   9   1   6   0.1363961145
1   9   1   7   0.0833799274
1   9   1   9   0.9813547583
1   9   2   6   0.0161112169
1   9   2   7   0.0078033861
1   9   2   9   0.0130776912
1   9   3   8   -0.0026817269
1   9   4   6   0.0308297025
1   9   4   7   -0.0227113395
1   9   4   9   -0.0081531691
1   9   5   10   -0.0086834704
1   10   1   10   1.0285520175
1   10   2   10   0.0118050302
1   10   4   10   0.0048089209
1   10   5   6   0.0308040090
1   10   5   7   -0.0289363433
1   10   5   9   -0.0089405663
2   6   1   6   0.4296719456
2   6   1   7   0.0635423678
2   6   1   9   0.0161112169
2   6   2   6   1.0492394213
2   6   2   7   0.0145738978
2   6   2   9   0.0145556969
2   6   3   8   -0.0232148868
2   6   4   6   0.0833799274
2   6   4   7   0.0075611947
2   6   4   9   -0.0221891703
2   6   5   10   -0.0287905569
2   7   1   6   0.0602132964
2   7   1   7   0.0145738978
2   7   1   9   0.0078033861
2   7   2   6   0.0145738978
2   7   2   7   0.7447842215
2   7   2   9   -0.0172223463
2   7   3   8   0.1423837185
2   7   4   6   0.0078033861
2   7   4   7   -0.0172223463
2   7   4   9   0.1138022967
2   7   5   10   0.1172552456
2   8   1   8   0.0071734559
2   8   2   8   0.6759622387
2   8   3   6   -0.0238990814
2   8   3   7   0.1465806143
2   8   3   9   -0.0136317392
2   8   4   8   -0.0115967740
2   9   1   6   0.0161738558
2   9   1   7   0.0075611947
2   9   1   9   0.0130776912
2   9   2   6   0.0145556969
2   9   2   7   -0.0172223463
2   9   2   9   0.6684786390
2   9   3   8   -0.0139396762
2   9   4   6   -0.0227113395
2   9   4   7   0.1177706952
2   9   4   9   0.0625486784
2   9   5   10   0.0273081719
2   10   1   10   0.0118050302
2   10   2   10   0.6984000335
2   10   4   10   0.0315157907
2   10   5   6   -0.0289363433
2   10   5   7   0.1205687128
2   10   5   9   0.0271748198
3   6   1   8   0.0211175037
3   6   2   8   -0.0238990814
3   6   3   6   0.8943615011
3   6   3   7   0.0071734559
3   6   3   9   0.0076072438
3   6   4   8   -0.0030202748
3   7   1   8   -0.0238990814
3   7   2   8   0.1465806143
3   7   3   6   0.0071734559
3   7   3   7   0.6759622387
3   7   3   9   -0.0115967740
3   7   4   8   -0.0136317392
3   8   1   6   0.0171146487
3   8   1   7   -0.0232148868
3   8   1   9   -0.0026817269
3   8   2   6   -0.0232148868
3   8   2   7   0.1423837185
3   8   2   9   -0.0139396762
3   8   3   8   0.6505937940
3   8   4   6   -0.0026817269
3   8   4   7   -0.0139396762
3   8   4   9   0.0307155564
3   8   5   10   0.0223353458
3   9   1   8   -0.0030202748
3   9   2   8   -0.0136317392
3   9   3   6   0.0076072438
3   9   3   7   -0.0115967740
3   9   3   9   0.5972983152
3   9   4   8   0.0359937106
3   10   3   10   0.6121498043
3   10   5   8   0.0274894688
4   6   1   6   0.1363961145
4   6   1   7   0.0161112169
4   6   1   9   0.0308297025
4   6   2   6   0.0833799274
4   6   2   7   0.0078033861
4   6   2   9   -0.0227113395
4   6   3   8   -0.0026817269
4   6   4   6   0.9813547583
4   6   4   7   0.0130776912
4   6   4   9   -0.0081531691
4   6   5   10   -0.0086834704
4   7   1   6   0.0161738558
4   7   1   7   0.0145556969
4   7   1   9   -0.0227113395
4   7   2   6   0.0075611947
4   7   2   7   -0.0172223463
4   7   2   9   0.1177706952
4   7   3   8   -0.0139396762
4   7   4   6   0.0130776912
4   7   4   7   0.6684786390
4   7   4   9   0.0625486784
4   7   5   10   0.0273081719
4   8   1   8   0.0076072438
4   8   2   8   -0.0115967740
4   8   3   6   -0.0030202748
4   8   3   7   -0.0136317392
4   8   3   9   0.0359937106
4   8   4   8   0.5972983152
4   9   1   6   0.0264854857
4   9   1   7   -0.0221891703
4   9   1   9   -0.0081531691
4   9   2   6   -0.0221891703
4   9   2   7   0.1138022967
4   9   2   9   0.0625486784
4   9   3   8   0.0307155564
4   9   4   6   -0.0081531691
4   9   4   7   0.0625486784
4   9   4   9   0.6920934707
4   9   5   10   0.0323513409
4   10   1   10   0.0048089209
4   10   2   10   0.0315157907
4   10   4   10   0.6400489103
4   10   5   6   -0.0089405663
4   10   5   7   0.0271748198
4   10   5   9   0.0372059225
5   6   1   10   0.0308040090
5   6   2   10   -0.0289363433
5   6   4   10   -0.0089405663
5   6   5   6   1.0285520175
5   6   5   7   0.0118050302
5   6   5   9   0.0048089209
5   7   1   10   -0.0289363433
5   7   2   10   0.1205687128
5   7   4   10   0.0271748198
5   7   5   6   0.0118050302
5   7   5   7   0.6984000335
5   7   5   9   0.0315157907
5   8   3   10   0.0274894688
5   8   5   8   0.6121498043
5   9   1   10   -0.0089405663
5   9   2   10   0.0271748198
5   9   4   10   0.0372059225
5   9   5   6   0.0048089209
5   9   5   7   0.0315157907
5   9   5   9   0.6400489103
5   10   1   6   0.0261576366
5   10   1   7   -0.0287905569
5   10   1   9   -0.0086834704
5   10   2   6   -0.0287905569
5   10   2   7   0.1172552456
5   10   2   9   0.0273081719
5   10   3   8   0.0223353458
5   10   4   6   -0.0086834704
5   10   4   7   0.0273081719
5   10   4   9   0.0323513409
5   10   5   10   0.7179929578

End IJKL Block
Begin ABCD Block
1   6   1   6   0.2227566008
1   6   1   8   0.0119478978
1   6   1   9   -0.0000000000
1   6   2   7   0.0526908075
1   6   2   8   0.0000000000
1   6   2   9   -0.0038432294
1   6   3   6   0.0119478978
1   6   3   7   0.0000000000
1   6   3   8   0.0265350310
1   6   3   9   0.0000000000
1   6   4   6   -0.0000000000
1   6   4   7   -0.0038432294
1   6   4   8   0.0000000000
1   6   4   9   0.0170562007
1   6   5   10   0.0357117310
1   7   1   7   0.2057564446
1   7   1   8   -0.0000000000
1   7   1   9   -0.0166833249
1   7   2   6   0.0526908075
1   7   2   8   -0.0033821541
1   7   2   9   0.0000000000
1   7   3   6   0.0000000000
1   7   3   7   0.0042571777
1   7   3   8   -0.0000000000
1   7   3   9   -0.0130244446
1   7   4   6   -0.0038432294
1   7   4   7   0.0000000000
1   7   4   8   -0.0075612761
1   7   4   9   0.0000000000
1   8   1   6   0.0119478978
1   8   1   7   -0.0000000000
1   8   1   8   0.1995967852
1   8   1   9   -0.0000000000
1   8   2   6   0.0000000000
1   8   2   7   -0.0033821541
1   8   2   8   -0.0000000000
1   8   2   9   -0.0223804391
1   8   3   6   0.0265350310
1   8   3   7   -0.0000000000
1   8   3   8   -0.0252870180
1   8   3   9   0.0000000000
1   8   4   6   0.0000000000
1   8   4   7   -0.0075612761
1   8   4   8   -0.0000000000
1   8   4   9   -0.0159461963
1   8   5   10   0.0048197813
1   9   1   6   -0.0000000000
1   9   1   7   -0.0166833249
1   9   1   8   -0.0000000000
1   9   1   9   0.2128376823
1   9   2   6   -0.0038432294
1   9   2   7   0.0000000000
1   9   2   8   -0.0223804391
1   9   2   9   0.0000000000
1   9   3   6   0.0000000000
1   9   3   7   -0.0130244446
1   9   3   8   0.0000000000
1   9   3   9   -0.0244577066
1   9   4   6   0.0170562007
1   9   4   7   0.0000000000
1   9   4   8   -0.0159461963
1   9   4   9   0.0000000000
1   9   5   10   0.0000000000
1   10   1   10   0.2194991712
1   10   3   10   -0.0042231826
1   10   4   10   0.0000000000
1   10   5   6   0.0357117310
1   10   5   8   0.0048197813
1   10   5   9   0.0000000000
2   6   1   7   0.0526908075
2   6   1   8   0.0000000000
2   6   1   9   -0.0038432294
2   6   2   6   0.2057564446
2   6   2   8   0.0042571777
2   6   2   9   0.0000000000
2   6   3   6   -0.0000000000
2   6   3   7   -0.0033821541
2   6   3   8   -0.0000000000
2   6   3   9   -0.0075612761
2   6   4   6   -0.0166833249
2   6   4   7   0.0000000000
2   6   4   8   -0.0130244446
2   6   4   9   0.0000000000
2   7   1   6   0.0526908075
2   7   1   8   -0.0033821541
2   7   1   9   0.0000000000
2   7   2   7   0.2110203128
2   7   2   8   -0.0000000000
2   7   2   9   -0.0129459877
2   7   3   6   -0.0033821541
2   7   3   7   -0.0000000000
2   7   3   8   0.0070430928
2   7   3   9   0.0000000000
2   7   4   6   0.0000000000
2   7   4   7   -0.0129459877
2   7   4   8   0.0000000000
2   7   4   9   0.0141063030
2   7   5   10   0.0063779521
2   8   1   6   0.0000000000
2   8   1   7   -0.0033821541
2   8   1   8   -0.0000000000
2   8   1   9   -0.0223804391
2   8   2   6   0.0042571777
2   8   2   7   -0.0000000000
2   8   2   8   0.1792974514
2   8   2   9   0.0000000000
2   8   3   6   -0.0000000000
2   8   3   7   0.0070430928
2   8   3   8   -0.0000000000
2   8   3   9   0.0100090286
2   8   4   6   -0.0130244446
2   8   4   7   0.0000000000
2   8   4   8   0.0044452507
2   8   4   9   -0.0000000000
2   8   5   10   -0.0000000000
2   9   1   6   -0.0038432294
2   9   1   7   0.0000000000
2   9   1   8   -0.0223804391
2   9   1   9   0.0000000000
2   9   2   6   0.0000000000
2   9   2   7   -0.0129459877
2   9   2   8   0.0000000000
2   9   2   9   0.1946806774
2   9   3   6   -0.0075612761
2   9   3   7   0.0000000000
2   9   3   8   0.0100090286
2   9   3   9   -0.0000000000
2   9   4   6   0.0000000000
2   9   4   7   0.0141063030
2   9   4   8   -0.0000000000
2   9   4   9   0.0007766502
2   9   5   10   0.0029471447
2   10   2   10   0.1903243204
2   10   4   10   -0.0039357157
2   10   5   7   0.0063779521
2   10   5   8   -0.0000000000
2   10   5   9   0.0029471447
3   6   1   6   0.0119478978
3   6   1   7   0.0000000000
3   6   1   8   0.0265350310
3   6   1   9   0.0000000000
3   6   2   6   -0.0000000000
3   6   2   7   -0.0033821541
3   6   2   8   -0.0000000000
3   6   2   9   -0.0075612761
3   6   3   6   0.1995967852
3   6   3   7   -0.0000000000
3   6   3   8   -0.0252870180
3   6   3   9   -0.0000000000
3   6   4   6   -0.0000000000
3   6   4   7   -0.0223804391
3   6   4   8   0.0000000000
3   6   4   9   -0.0159461963
3   6   5   10   0.0048197813
3   7   1   6   0.0000000000
3   7   1   7   0.0042571777
3   7   1   8   -0.0000000000
3   7   1   9   -0.0130244446
3   7   2   6   -0.0033821541
3   7   2   7   -0.0000000000
3   7   2   8   0.0070430928
3   7   2   9   0.0000000000
3   7   3   6   -0.0000000000
3   7   3   7   0.1792974514
3   7   3   8   -0.0000000000
3   7   3   9   0.0044452507
3   7   4   6   -0.0223804391
3   7   4   7   0.0000000000
3   7   4   8   0.0100090286
3   7   4   9   -0.0000000000
3   7   5   10   -0.0000000000
3   8   1   6   0.0265350310
3   8   1   7   -0.0000000000
3   8   1   8   -0.0252870180
3   8   1   9   0.0000000000
3   8   2   6   -0.0000000000
3   8   2   7   0.0070430928
3   8   2   8   -0.0000000000
3   8   2   9   0.0100090286
3   8   3   6   -0.0252870180
3   8   3   7   -0.0000000000
3   8   3   8   0.2611210959
3   8   3   9   0.0000000000
3   8   4   6   0.0000000000
3   8   4   7   0.0100090286
3   8   4   8   0.0000000000
3   8   4   9   0.0418979108
3   8   5   10   0.0150458715
3   9   1   6   0.0000000000
3   9   1   7   -0.0130244446
3   9   1   8   0.0000000000
3   9   1   9   -0.0244577066
3   9   2   6   -0.0075612761
3   9   2   7   0.0000000000
3   9   2   8   0.0100090286
3   9   2   9   -0.0000000000
3   9   3   6   -0.0000000000
3   9   3   7   0.0044452507
3   9   3   8   0.0000000000
3   9   3   9   0.2531494743
3   9   4   6   -0.0159461963
3   9   4   7   -0.0000000000
3   9   4   8   0.0418979108
3   9   4   9   -0.0000000000
3   9   5   10   -0.0000000000
3   10   1   10   -0.0042231826
3   10   3   10   0.2355140107
3   10   4   10   -0.0000000000
3   10   5   6   0.0048197813
3   10   5   7   -0.0000000000
3   10   5   8   0.0150458715
3   10   5   9   -0.0000000000
4   6   1   6   -0.0000000000
4   6   1   7   -0.0038432294
4   6   1   8   0.0000000000
4   6   1   9   0.0170562007
4   6   2   6   -0.0166833249
4   6   2   7   0.0000000000
4   6   2   8   -0.0130244446
4   6   2   9   0.0000000000
4   6   3   6   -0.0000000000
4   6   3   7   -0.0223804391
4   6   3   8   0.0000000000
4   6   3   9   -0.0159461963
4   6   4   6   0.2128376823
4   6   4   7   0.0000000000
4   6   4   8   -0.0244577066
4   6   4   9   0.0000000000
4   6   5   10   0.0000000000
4   7   1   6   -0.0038432294
4   7   1   7   0.0000000000
4   7   1   8   -0.0075612761
4   7   1   9   0.0000000000
4   7   2   6   0.0000000000
4   7   2   7   -0.0129459877
4   7   2   8   0.0000000000
4   7   2   9   0.0141063030
4   7   3   6   -0.0223804391
4   7   3   7   0.0000000000
4   7   3   8   0.0100090286
4   7   3   9   -0.0000000000
4   7   4   6   0.0000000000
4   7   4   7   0.1946806774
4   7   4   8   -0.0000000000
4   7   4   9   0.0007766502
4   7   5   10   0.0029471447
4   8   1   6   0.0000000000
4   8   1   7   -0.0075612761
4   8   1   8   -0.0000000000
4   8   1   9   -0.0159461963
4   8   2   6   -0.0130244446
4   8   2   7   0.0000000000
4   8   2   8   0.0044452507
4   8   2   9   -0.0000000000
4   8   3   6   0.0000000000
4   8   3   7   0.0100090286
4   8   3   8   0.0000000000
4   8   3   9   0.0418979108
4   8   4   6   -0.0244577066
4   8   4   7   -0.0000000000
4   8   4   8   0.2531494743
4   8   4   9   -0.0000000000
4   8   5   10   -0.0000000000
4   9   1   6   0.0170562007
4   9   1   7   0.0000000000
4   9   1   8   -0.0159461963
4   9   1   9   0.0000000000
4   9   2   6   0.0000000000
4   9   2   7   0.0141063030
4   9   2   8   -0.0000000000
4   9   2   9   0.0007766502
4   9   3   6   -0.0159461963
4   9   3   7   -0.0000000000
4   9   3   8   0.0418979108
4   9   3   9   -0.0000000000
4   9   4   6   0.0000000000
4   9   4   7   0.0007766502
4   9   4   8   -0.0000000000
4   9   4   9   0.2730071966
4   9   5   10   0.0095296420
4   10   1   10   0.0000000000
4   10   2   10   -0.0039357157
4   10   3   10   -0.0000000000
4   10   4   10   0.2399616029
4   10   5   6   0.0000000000
4   10   5   7   0.0029471447
4   10   5   8   -0.0000000000
4   10   5   9   0.0095296420
5   6   1   10   0.0357117310
5   6   3   10   0.0048197813
5   6   4   10   0.0000000000
5   6   5   6   0.2194991712
5   6   5   8   -0.0042231826
5   6   5   9   0.0000000000
5   7   2   10   0.0063779521
5   7   3   10   -0.0000000000
5   7   4   10   0.0029471447
5   7   5   7   0.1903243204
5   7   5   9   -0.0039357157
5   8   1   10   0.0048197813
5   8   2   10   -0.0000000000
5   8   3   10   0.0150458715
5   8   4   10   -0.0000000000
5   8   5   6   -0.0042231826
5   8   5   8   0.2355140107
5   8   5   9   -0.0000000000
5   9   1   10   0.0000000000
5   9   2   10   0.0029471447
5   9   3   10   -0.0000000000
5   9   4   10   0.0095296420
5   9   5   6   0.0000000000
5   9   5   7   -0.0039357157
5   9   5   8   -0.0000000000
5   9   5   9   0.2399616029
5   10   1   6   0.0357117310
5   10   1   8   0.0048197813
5   10   1   9   0.0000000000
5   10   2   7   0.0063779521
5   10   2   8   -0.0000000000
5   10   2   9   0.0029471447
5   10   3   6   0.0048197813
5   10   3   7   -0.0000000000
5   10   3   8   0.0150458715
5   10   3   9   -0.0000000000
5   10   4   6   0.0000000000
5   10   4   7   0.0029471447
5   10   4   8   -0.0000000000
5   10   4   9   0.0095296420
5   10   5   10   0.2866493677

End ABCD Block
Begin AIJB Block
1   6   1   6   0.0040052008
1   6   1   8   -0.0014462097
1   6   2   6   -0.0003845747
1   6   2   8   -0.0016206623
1   6   3   7   0.0009254181
1   6   3   9   -0.0004513568
1   6   4   6   0.0004896764
1   6   4   8   0.0005588723
1   6   5   10   0.0020729616
1   7   1   6   -0.0003845747
1   7   1   8   -0.0012326677
1   7   2   6   0.0140937891
1   7   2   8   -0.0024031758
1   7   2   9   0.0000000000
1   7   3   7   -0.0039513851
1   7   3   9   0.0023219244
1   7   4   6   -0.0078201761
1   7   4   8   0.0006409008
1   7   5   10   -0.0069388667
1   8   1   7   -0.0002018459
1   8   1   9   0.0006605905
1   8   2   7   -0.0110525996
1   8   2   8   -0.0000000000
1   8   2   9   0.0028442659
1   8   3   6   0.0078880873
1   8   3   8   -0.0041054428
1   8   3   9   0.0000000000
1   8   4   7   0.0069739614
1   8   4   9   -0.0067035305
1   9   1   6   0.0004896764
1   9   1   8   -0.0012192767
1   9   2   6   -0.0078201761
1   9   2   8   -0.0080973761
1   9   2   9   0.0000000000
1   9   3   7   0.0025285914
1   9   3   8   -0.0000000000
1   9   3   9   -0.0054478125
1   9   4   6   0.0088741502
1   9   4   8   0.0035737416
1   9   4   9   -0.0000000000
1   9   5   10   0.0001644932
1   10   1   10   -0.0005216724
1   10   2   10   -0.0195629216
1   10   4   10   0.0089126593
1   10   5   6   0.0058630043
1   10   5   8   -0.0011404526
1   10   5   9   0.0000000000
2   6   1   7   0.0018802989
2   6   1   9   -0.0010703034
2   6   2   7   -0.0015861999
2   6   2   9   0.0008820715
2   6   3   6   -0.0002018459
2   6   3   8   0.0002725938
2   6   4   7   -0.0005278697
2   6   4   9   0.0003881504
2   7   1   7   -0.0015861999
2   7   1   9   0.0007359166
2   7   2   7   0.0055683972
2   7   2   9   -0.0027279446
2   7   3   6   -0.0110525996
2   7   3   8   0.0047244089
2   7   3   9   -0.0000000000
2   7   4   7   0.0008401125
2   7   4   9   -0.0007740272
2   8   1   6   0.0009254181
2   8   1   8   -0.0004059488
2   8   2   6   -0.0039513851
2   8   2   8   0.0009141257
2   8   3   7   0.0147068839
2   8   3   9   -0.0076787971
2   8   4   6   0.0025285914
2   8   4   8   0.0000740877
2   8   5   10   0.0028183870
2   9   1   7   -0.0005278697
2   9   1   9   0.0010756996
2   9   2   7   0.0008401125
2   9   2   9   -0.0029962925
2   9   3   6   0.0069739614
2   9   3   8   0.0100323729
2   9   3   9   -0.0000000000
2   9   4   7   0.0031973322
2   9   4   8   -0.0000000000
2   9   4   9   -0.0050654952
2   10   3   10   0.0190272315
2   10   5   7   0.0019127129
2   10   5   9   -0.0010720618
3   6   1   6   -0.0014462097
3   6   1   8   0.0035391226
3   6   1   9   -0.0000000000
3   6   2   6   -0.0012326677
3   6   2   8   -0.0005509713
3   6   3   7   -0.0004059488
3   6   3   9   0.0002862310
3   6   4   6   -0.0012192767
3   6   4   8   -0.0006364416
3   6   5   10   -0.0023952718
3   7   1   6   -0.0016206623
3   7   1   8   -0.0005509713
3   7   2   6   -0.0024031758
3   7   2   8   0.0065518390
3   7   2   9   -0.0000000000
3   7   3   6   -0.0000000000
3   7   3   7   0.0009141257
3   7   3   9   -0.0026231296
3   7   4   6   -0.0080973761
3   7   4   8   0.0071246195
3   7   4   9   -0.0000000000
3   7   5   10   0.0057017707
3   8   1   7   0.0002725938
3   8   1   9   0.0004986475
3   8   2   7   0.0047244089
3   8   2   9   -0.0047429827
3   8   3   6   -0.0041054428
3   8   3   8   0.0068656625
3   8   3   9   0.0000000000
3   8   4   6   -0.0000000000
3   8   4   7   0.0100323729
3   8   4   8   0.0000000000
3   8   4   9   -0.0015949613
3   9   1   6   0.0005588723
3   9   1   8   -0.0006364416
3   9   2   6   0.0006409008
3   9   2   8   0.0071246195
3   9   2   9   -0.0000000000
3   9   3   7   0.0000740877
3   9   3   8   0.0000000000
3   9   3   9   0.0053150391
3   9   4   6   0.0035737416
3   9   4   7   -0.0000000000
3   9   4   8   0.0181905720
3   9   4   9   -0.0000000000
3   9   5   10   0.0044438254
3   10   1   10   0.0005085929
3   10   2   10   0.0099094707
3   10   3   10   0.0000000000
3   10   4   10   0.0203563084
3   10   5   6   -0.0011404526
3   10   5   8   0.0055325325
3   10   5   9   -0.0000000000
4   6   1   7   -0.0010703034
4   6   1   8   -0.0000000000
4   6   1   9   0.0006155765
4   6   2   7   0.0007359166
4   6   2   9   -0.0004543986
4   6   3   6   0.0006605905
4   6   3   8   0.0004986475
4   6   4   7   0.0010756996
4   6   4   9   -0.0006764495
4   6   5   10   0.0000000000
4   7   1   7   0.0008820715
4   7   1   9   -0.0004543986
4   7   2   6   0.0000000000
4   7   2   7   -0.0027279446
4   7   2   8   -0.0000000000
4   7   2   9   0.0071812074
4   7   3   6   0.0028442659
4   7   3   8   -0.0047429827
4   7   3   9   0.0000000000
4   7   4   6   0.0000000000
4   7   4   7   -0.0029962925
4   7   4   8   -0.0000000000
4   7   4   9   -0.0005002128
4   7   5   10   -0.0000000000
4   8   1   6   -0.0004513568
4   8   1   8   0.0002862310
4   8   2   6   0.0023219244
4   8   2   7   -0.0000000000
4   8   2   8   -0.0026231296
4   8   2   9   0.0000000000
4   8   3   6   0.0000000000
4   8   3   7   -0.0076787971
4   8   3   8   0.0000000000
4   8   3   9   0.0183966702
4   8   4   6   -0.0054478125
4   8   4   7   -0.0000000000
4   8   4   8   0.0053150391
4   8   4   9   -0.0000000000
4   8   5   10   -0.0011361560
4   9   1   7   0.0003881504
4   9   1   9   -0.0006764495
4   9   2   7   -0.0007740272
4   9   2   8   -0.0000000000
4   9   2   9   -0.0005002128
4   9   3   6   -0.0067035305
4   9   3   8   -0.0015949613
4   9   3   9   -0.0000000000
4   9   4   6   -0.0000000000
4   9   4   7   -0.0050654952
4   9   4   8   -0.0000000000
4   9   4   9   0.0168570803
4   9   5   10   -0.0000000000
4   10   2   10   -0.0000000000
4   10   3   10   -0.0068775326
4   10   4   10   -0.0000000000
4   10   5   6   0.0000000000
4   10   5   7   -0.0010720618
4   10   5   8   -0.0000000000
4   10   5   9   0.0026576850
5   6   1   10   0.0065146841
5   6   2   10   -0.0048146596
5   6   4   10   -0.0015698565
5   6   5   6   -0.0005216724
5   6   5   8   0.0005085929
5   7   1   10   -0.0048146596
5   7   2   10   0.0134196936
5   7   4   10   0.0031958342
5   7   5   6   -0.0195629216
5   7   5   8   0.0099094707
5   7   5   9   -0.0000000000
5   8   3   10   0.0044730402
5   8   5   7   0.0190272315
5   8   5   8   0.0000000000
5   8   5   9   -0.0068775326
5   9   1   10   -0.0015698565
5   9   2   10   0.0031958342
5   9   4   10   0.0061340221
5   9   5   6   0.0089126593
5   9   5   8   0.0203563084
5   9   5   9   -0.0000000000
5   10   1   6   0.0020729616
5   10   1   8   -0.0023952718
5   10   1   9   0.0000000000
5   10   2   6   -0.0069388667
5   10   2   8   0.0057017707
5   10   2   9   -0.0000000000
5   10   3   7   0.0028183870
5   10   3   9   -0.0011361560
5   10   4   6   0.0001644932
5   10   4   8   0.0044438254
5   10   4   9   -0.0000000000
5   10   5   10   0.0466970014

1   6   6   1   -0.2834235510
1   6   6   3   0.0161178346
1   6   6   4   -0.0000000000
1   6   7   1   -0.0006525694
1   6   7   3   0.0004667356
1   6   8   2   -0.0024453551
1   6   8   4   0.0001222734
1   6   9   1   -0.0030994803
1   6   9   3   -0.0012876459
1   6   10   5   -0.0041935160
1   7   6   1   -0.0006525694
1   7   6   3   0.0004706814
1   7   7   1   -0.2692644297
1   7   7   3   0.0094114774
1   7   7   4   -0.0000000000
1   7   8   2   0.0285973892
1   7   8   3   0.0000000000
1   7   8   4   -0.0023171766
1   7   9   1   0.0176004180
1   7   9   3   0.0151652444
1   7   9   4   -0.0000000000
1   7   10   5   0.0285582982
1   8   6   2   -0.0024618167
1   8   6   4   0.0001846837
1   8   7   2   0.0285414141
1   8   7   3   0.0000000000
1   8   7   4   -0.0024948157
1   8   8   1   -0.2657781631
1   8   8   3   0.0122462867
1   8   8   4   -0.0000000000
1   8   9   2   -0.0083822022
1   8   9   3   0.0000000000
1   8   9   4   0.0076518285
1   9   6   1   -0.0030994803
1   9   6   3   -0.0013006848
1   9   7   1   0.0176004180
1   9   7   3   0.0150737994
1   9   7   4   -0.0000000000
1   9   8   2   -0.0084894261
1   9   8   3   0.0000000000
1   9   8   4   0.0076892906
1   9   9   1   -0.2556915195
1   9   9   3   0.0160613152
1   9   9   4   -0.0000000000
1   9   10   5   0.0039653491
1   10   6   5   -0.0042672011
1   10   7   5   0.0284479905
1   10   9   5   0.0041215154
1   10   10   1   -0.2593438791
1   10   10   3   0.0121845795
1   10   10   4   -0.0000000000
2   6   6   2   -0.2427139031
2   6   6   3   0.0000000000
2   6   6   4   0.0314229772
2   6   7   2   -0.0005625073
2   6   7   4   0.0003457566
2   6   8   1   -0.0024618167
2   6   8   3   0.0011475528
2   6   9   2   -0.0009347010
2   6   9   4   0.0003943018
2   7   6   2   -0.0005625073
2   7   6   4   0.0003349993
2   7   7   2   -0.2297771136
2   7   7   3   0.0000000000
2   7   7   4   0.0249710172
2   7   8   1   0.0285414141
2   7   8   3   -0.0077915108
2   7   8   4   0.0000000000
2   7   9   2   0.0083826005
2   7   9   3   -0.0000000000
2   7   9   4   -0.0071067242
2   8   6   1   -0.0024453551
2   8   6   3   0.0011747268
2   8   7   1   0.0285973892
2   8   7   3   -0.0079408038
2   8   7   4   0.0000000000
2   8   8   2   -0.2335926279
2   8   8   3   0.0000000000
2   8   8   4   0.0258858799
2   8   9   1   -0.0084894261
2   8   9   3   -0.0019605942
2   8   10   5   -0.0053065018
2   9   6   2   -0.0009347010
2   9   6   4   0.0004287267
2   9   7   2   0.0083826005
2   9   7   3   -0.0000000000
2   9   7   4   -0.0072471119
2   9   8   1   -0.0083822022
2   9   8   3   -0.0018103016
2   9   9   2   -0.2206451711
2   9   9   3   0.0000000000
2   9   9   4   0.0213691512
2   10   8   5   -0.0050503408
2   10   10   2   -0.2217598697
2   10   10   3   0.0000000000
2   10   10   4   0.0201061963
3   6   6   1   0.0161178346
3   6   6   2   0.0000000000
3   6   6   3   -0.3120176741
3   6   6   4   0.0000000000
3   6   7   1   0.0004706814
3   6   7   3   -0.0015587822
3   6   7   4   -0.0000000000
3   6   8   2   0.0011747268
3   6   8   3   0.0000000000
3   6   8   4   0.0004828782
3   6   9   1   -0.0013006848
3   6   9   3   0.0024608335
3   6   9   4   -0.0000000000
3   6   10   5   0.0022167045
3   7   6   1   0.0004667356
3   7   6   3   -0.0015587822
3   7   6   4   -0.0000000000
3   7   7   1   0.0094114774
3   7   7   2   0.0000000000
3   7   7   3   -0.2804944125
3   7   7   4   0.0000000000
3   7   8   1   0.0000000000
3   7   8   2   -0.0079408038
3   7   8   3   -0.0000000000
3   7   8   4   -0.0127908513
3   7   9   1   0.0150737994
3   7   9   2   -0.0000000000
3   7   9   3   -0.0216898347
3   7   9   4   0.0000000000
3   7   10   5   -0.0053384302
3   8   6   2   0.0011475528
3   8   6   3   0.0000000000
3   8   6   4   0.0005040523
3   8   7   1   0.0000000000
3   8   7   2   -0.0077915108
3   8   7   3   -0.0000000000
3   8   7   4   -0.0129215424
3   8   8   1   0.0122462867
3   8   8   2   0.0000000000
3   8   8   3   -0.2755381422
3   8   8   4   0.0000000000
3   8   9   1   0.0000000000
3   8   9   2   -0.0018103016
3   8   9   3   -0.0000000000
3   8   9   4   -0.0030309307
3   9   6   1   -0.0012876459
3   9   6   3   0.0024608335
3   9   6   4   -0.0000000000
3   9   7   1   0.0151652444
3   9   7   2   -0.0000000000
3   9   7   3   -0.0216898347
3   9   7   4   0.0000000000
3   9   8   1   0.0000000000
3   9   8   2   -0.0019605942
3   9   8   3   -0.0000000000
3   9   8   4   -0.0028120144
3   9   9   1   0.0160613152
3   9   9   2   0.0000000000
3   9   9   3   -0.2945924062
3   9   9   4   0.0000000000
3   9   10   5   -0.0077497955
3   10   6   5   0.0022503967
3   10   7   5   -0.0053186730
3   10   9   5   -0.0076308536
3   10   10   1   0.0121845795
3   10   10   2   0.0000000000
3   10   10   3   -0.2821992273
3   10   10   4   0.0000000000
4   6   6   1   -0.0000000000
4   6   6   2   0.0314229772
4   6   6   3   0.0000000000
4   6   6   4   -0.3142096439
4   6   7   2   0.0003349993
4   6   7   3   -0.0000000000
4   6   7   4   -0.0003915781
4   6   8   1   0.0001846837
4   6   8   3   0.0005040523
4   6   9   2   0.0004287267
4   6   9   3   -0.0000000000
4   6   9   4   0.0008072048
4   6   10   5   -0.0000000000
4   7   6   2   0.0003457566
4   7   6   3   -0.0000000000
4   7   6   4   -0.0003915781
4   7   7   1   -0.0000000000
4   7   7   2   0.0249710172
4   7   7   3   0.0000000000
4   7   7   4   -0.3042105946
4   7   8   1   -0.0024948157
4   7   8   2   0.0000000000
4   7   8   3   -0.0129215424
4   7   8   4   0.0000000000
4   7   9   1   -0.0000000000
4   7   9   2   -0.0072471119
4   7   9   3   0.0000000000
4   7   9   4   -0.0074002468
4   7   10   5   0.0000000000
4   8   6   1   0.0001222734
4   8   6   3   0.0004828782
4   8   7   1   -0.0023171766
4   8   7   2   0.0000000000
4   8   7   3   -0.0127908513
4   8   7   4   0.0000000000
4   8   8   1   -0.0000000000
4   8   8   2   0.0258858799
4   8   8   3   0.0000000000
4   8   8   4   -0.3061537815
4   8   9   1   0.0076892906
4   8   9   3   -0.0028120144
4   8   9   4   0.0000000000
4   8   10   5   -0.0001371125
4   9   6   2   0.0003943018
4   9   6   3   -0.0000000000
4   9   6   4   0.0008072048
4   9   7   1   -0.0000000000
4   9   7   2   -0.0071067242
4   9   7   3   0.0000000000
4   9   7   4   -0.0074002468
4   9   8   1   0.0076518285
4   9   8   3   -0.0030309307
4   9   8   4   0.0000000000
4   9   9   1   -0.0000000000
4   9   9   2   0.0213691512
4   9   9   3   0.0000000000
4   9   9   4   -0.3083529175
4   9   10   5   0.0000000000
4   10   6   5   -0.0000000000
4   10   7   5   0.0000000000
4   10   8   5   -0.0002659275
4   10   9   5   0.0000000000
4   10   10   1   -0.0000000000
4   10   10   2   0.0201061963
4   10   10   3   0.0000000000
4   10   10   4   -0.2960932263
5   6   6   5   -0.4014571718
5   6   7   5   -0.0025209074
5   6   9   5   -0.0006893102
5   6   10   1   -0.0042672011
5   6   10   3   0.0022503967
5   6   10   4   -0.0000000000
5   7   6   5   -0.0025209074
5   7   7   5   -0.3375654899
5   7   9   5   -0.0094222859
5   7   10   1   0.0284479905
5   7   10   3   -0.0053186730
5   7   10   4   0.0000000000
5   8   8   5   -0.3197820288
5   8   10   2   -0.0050503408
5   8   10   4   -0.0002659275
5   9   6   5   -0.0006893102
5   9   7   5   -0.0094222859
5   9   9   5   -0.3280451692
5   9   10   1   0.0041215154
5   9   10   3   -0.0076308536
5   9   10   4   0.0000000000
5   10   6   1   -0.0041935160
5   10   6   3   0.0022167045
5   10   6   4   -0.0000000000
5   10   7   1   0.0285582982
5   10   7   3   -0.0053384302
5   10   7   4   0.0000000000
5   10   8   2   -0.0053065018
5   10   8   4   -0.0001371125
5   10   9   1   0.0039653491
5   10   9   3   -0.0077497955
5   10   9   4   0.0000000000
5   10   10   5   -0.3518003392

End AIJB Block
Begin IJKA Block
1   6   1   6   -0.0924728741
1   6   1   7   -0.0000000000
1   6   1   8   0.0791735930
1   6   1   9   -0.0000000000
1   6   2   6   -0.0150818444
1   6   2   8   0.0113474264
1   6   2   9   -0.0000000000
1   6   3   7   0.0063474848
1   6   3   9   -0.0036189285
1   6   4   6   0.0004027661
1   6   4   8   0.0096646190
1   6   4   9   -0.0000000000
1   6   5   10   0.0143108503
1   7   1   6   -0.1150919399
1   7   1   8   0.0611483130
1   7   1   9   -0.0000000000
1   7   2   6   -0.0018197457
1   7   2   8   0.0027519354
1   7   2   9   -0.0000000000
1   7   3   7   -0.0055642007
1   7   3   9   0.0025186447
1   7   4   6   -0.0058036614
1   7   4   8   -0.0035324608
1   7   4   9   0.0000000000
1   7   5   10   -0.0110296395
1   8   1   7   0.1148946758
1   8   1   8   0.0000000000
1   8   1   9   -0.0437714443
1   8   2   7   0.0008659175
1   8   2   9   -0.0008566175
1   8   3   6   0.0031429705
1   8   3   8   -0.0012292901
1   8   4   7   0.0003875121
1   8   4   8   0.0000000000
1   8   4   9   0.0027934102
1   9   1   6   0.0529262438
1   9   1   7   -0.0000000000
1   9   1   8   0.1244449442
1   9   1   9   -0.0000000000
1   9   2   6   -0.0005972038
1   9   2   8   0.0024099750
1   9   3   7   -0.0017627171
1   9   3   9   0.0038177332
1   9   4   6   0.0023147059
1   9   4   8   -0.0037574350
1   9   4   9   0.0000000000
1   9   5   10   -0.0035279816
1   10   1   10   0.2198443605
1   10   2   10   0.0025407060
1   10   4   10   0.0009394441
1   10   5   6   0.0046688845
1   10   5   8   -0.0054633478
1   10   5   9   0.0000000000
2   6   1   6   -0.0158162599
2   6   1   8   0.0118121748
2   6   1   9   -0.0000000000
2   6   2   6   -0.0009799150
2   6   2   8   0.0049851660
2   6   2   9   -0.0000000000
2   6   3   7   -0.0071883996
2   6   3   9   0.0039414388
2   6   4   6   -0.0056496927
2   6   4   8   -0.0050812552
2   6   4   9   0.0000000000
2   6   5   10   -0.0138155912
2   7   1   6   -0.0011019096
2   7   1   8   0.0023067896
2   7   1   9   -0.0000000000
2   7   2   6   -0.0674905124
2   7   2   8   0.0203323251
2   7   2   9   -0.0000000000
2   7   3   7   0.0235468809
2   7   3   8   0.0000000000
2   7   3   9   -0.0019687004
2   7   4   6   0.0119283895
2   7   4   8   0.0187095683
2   7   4   9   -0.0000000000
2   7   5   10   0.0347690460
2   8   1   7   0.0003906264
2   8   1   9   -0.0004346674
2   8   2   7   0.0695563548
2   8   2   8   0.0000000000
2   8   2   9   -0.0080896432
2   8   3   6   -0.0040154054
2   8   3   8   -0.0101228221
2   8   3   9   0.0000000000
2   8   4   7   0.0073952011
2   8   4   8   -0.0000000000
2   8   4   9   -0.0294843290
2   9   1   6   -0.0007101170
2   9   1   8   0.0018999448
2   9   2   6   0.0348089513
2   9   2   7   -0.0000000000
2   9   2   8   0.0678107207
2   9   2   9   -0.0000000000
2   9   3   7   0.0087452510
2   9   3   8   -0.0000000000
2   9   3   9   -0.0333091419
2   9   4   6   -0.0002062366
2   9   4   8   0.0142811434
2   9   4   9   -0.0000000000
2   9   5   10   0.0094701983
2   10   1   10   0.0017367212
2   10   2   10   0.1212037301
2   10   4   10   0.0102813259
2   10   5   6   -0.0111534435
2   10   5   8   0.0186505626
2   10   5   9   -0.0000000000
3   6   1   7   0.0068856754
3   6   1   9   -0.0041869237
3   6   2   7   -0.0073656702
3   6   2   9   0.0042393744
3   6   3   6   -0.0004429849
3   6   3   8   0.0024709343
3   6   3   9   -0.0000000000
3   6   4   7   -0.0011313085
3   6   4   9   0.0010280669
3   7   1   7   -0.0056139191
3   7   1   9   0.0029210600
3   7   2   7   0.0230015783
3   7   2   8   0.0000000000
3   7   2   9   -0.0025891626
3   7   3   6   -0.0507386206
3   7   3   8   0.0135374734
3   7   3   9   -0.0000000000
3   7   4   7   0.0029371328
3   7   4   8   -0.0000000000
3   7   4   9   -0.0135905232
3   8   1   6   0.0029855008
3   8   1   8   -0.0012597671
3   8   2   6   -0.0043083590
3   8   2   8   -0.0094175992
3   8   2   9   0.0000000000
3   8   3   7   0.0637834798
3   8   3   8   0.0000000000
3   8   3   9   -0.0041963129
3   8   4   6   -0.0006904055
3   8   4   8   0.0080558895
3   8   4   9   -0.0000000000
3   8   5   10   0.0070680569
3   9   1   7   -0.0016997234
3   9   1   9   0.0035305249
3   9   2   7   0.0079241897
3   9   2   8   -0.0000000000
3   9   2   9   -0.0309092906
3   9   3   6   0.0241341884
3   9   3   7   -0.0000000000
3   9   3   8   0.0597137324
3   9   3   9   -0.0000000000
3   9   4   7   0.0050412558
3   9   4   9   -0.0001878087
3   10   3   10   0.0978612209
3   10   5   7   0.0054698728
3   10   5   9   -0.0040057881
4   6   1   6   0.0006664824
4   6   1   8   0.0101857130
4   6   1   9   -0.0000000000
4   6   2   6   -0.0058340703
4   6   2   8   -0.0051146052
4   6   2   9   0.0000000000
4   6   3   7   -0.0010677572
4   6   3   9   0.0009628598
4   6   4   6   -0.0045076861
4   6   4   8   -0.0012483193
4   6   5   10   -0.0041820253
4   7   1   6   -0.0056283815
4   7   1   8   -0.0035039587
4   7   1   9   0.0000000000
4   7   2   6   0.0120956750
4   7   2   8   0.0177473148
4   7   2   9   -0.0000000000
4   7   3   7   0.0032792345
4   7   3   8   -0.0000000000
4   7   3   9   -0.0138212653
4   7   4   6   -0.0468213659
4   7   4   8   0.0309710052
4   7   4   9   -0.0000000000
4   7   5   10   0.0087040220
4   8   1   7   0.0003737383
4   8   1   9   0.0024660743
4   8   2   7   0.0066857793
4   8   2   8   -0.0000000000
4   8   2   9   -0.0273786311
4   8   3   6   -0.0012386621
4   8   3   8   0.0084625988
4   8   3   9   -0.0000000000
4   8   4   7   0.0606536934
4   8   4   8   0.0000000000
4   8   4   9   -0.0192858439
4   9   1   6   0.0019788468
4   9   1   8   -0.0035799776
4   9   1   9   0.0000000000
4   9   2   6   -0.0006448150
4   9   2   8   0.0131778220
4   9   2   9   -0.0000000000
4   9   3   7   0.0052160646
4   9   3   9   -0.0004302500
4   9   4   6   0.0339047947
4   9   4   7   -0.0000000000
4   9   4   8   0.0762066561
4   9   4   9   -0.0000000000
4   9   5   10   0.0109854585
4   10   1   10   0.0009028428
4   10   2   10   0.0093661064
4   10   4   10   0.1071238009
4   10   5   6   0.0009171632
4   10   5   8   0.0089665151
4   10   5   9   -0.0000000000
5   6   1   10   0.0153283844
5   6   2   10   -0.0137681746
5   6   4   10   -0.0042802260
5   6   5   6   -0.0017261006
5   6   5   8   0.0017674906
5   7   1   10   -0.0105438249
5   7   2   10   0.0340773862
5   7   4   10   0.0084379038
5   7   5   6   -0.0571822046
5   7   5   8   0.0304681484
5   7   5   9   -0.0000000000
5   8   3   10   0.0074925823
5   8   5   7   0.0621678199
5   8   5   8   0.0000000000
5   8   5   9   -0.0177318583
5   9   1   10   -0.0033096539
5   9   2   10   0.0088879341
5   9   4   10   0.0113318588
5   9   5   6   0.0296724094
5   9   5   7   -0.0000000000
5   9   5   8   0.0647673649
5   9   5   9   -0.0000000000
5   10   1   6   0.0040776374
5   10   1   8   -0.0049204938
5   10   1   9   0.0000000000
5   10   2   6   -0.0117733313
5   10   2   8   0.0180240853
5   10   2   9   -0.0000000000
5   10   3   7   0.0061046680
5   10   3   9   -0.0043962343
5   10   4   6   0.0016448259
5   10   4   8   0.0087083977
5   10   4   9   -0.0000000000
5   10   5   10   0.1286373145

End IJKA Block
Begin IABC Block
1   6   1   6   0.0003120804
1   6   1   8   0.0003154616
1   6   2   7   0.0006728967
1   6   2   9   -0.0000400774
1   6   3   6   0.0007900407
1   6   3   8   0.0002455614
1   6   4   7   -0.0003650957
1   6   4   9   0.0000064278
1   6   5   10   0.0018384345
1   7   1   7   0.0000173854
1   7   1   9   0.0000128775
1   7   2   6   0.0006754042
1   7   2   8   -0.0003287570
1   7   3   7   0.0002717007
1   7   3   9   -0.0001259115
1   7   4   6   -0.0003657280
1   7   4   8   0.0002050481
1   8   1   6   0.0003193378
1   8   1   8   -0.0007240371
1   8   2   7   -0.0003305318
1   8   2   9   -0.0001306574
1   8   3   6   0.0002468740
1   8   3   8   -0.0004412042
1   8   4   7   0.0002070108
1   8   4   9   0.0000808202
1   8   5   10   -0.0009836967
1   9   1   7   0.0000103865
1   9   1   9   -0.0001892457
1   9   2   6   -0.0000426819
1   9   2   8   -0.0001347199
1   9   3   7   -0.0001281853
1   9   3   9   -0.0001474577
1   9   4   6   0.0000021504
1   9   4   8   0.0000875004
1   10   1   10   -0.0004204030
1   10   3   10   0.0003234466
1   10   5   6   0.0018527217
1   10   5   8   -0.0009926573
2   6   1   6   -0.0051940409
2   6   1   8   0.0001798235
2   6   2   7   0.0007664631
2   6   2   9   -0.0009224334
2   6   3   6   0.0011510438
2   6   3   8   0.0021083699
2   6   3   9   -0.0000000000
2   6   4   7   -0.0025384233
2   6   4   9   0.0054631691
2   6   5   10   -0.0005070787
2   7   1   7   -0.0025463606
2   7   1   9   0.0010230934
2   7   2   6   0.0006860077
2   7   2   8   0.0007338964
2   7   3   7   0.0006573298
2   7   3   8   -0.0000000000
2   7   3   9   -0.0016035558
2   7   4   6   -0.0024808285
2   7   4   8   -0.0017513725
2   7   4   9   0.0000000000
2   8   1   6   0.0000311604
2   8   1   8   -0.0044274827
2   8   1   9   0.0000000000
2   8   2   7   0.0007315289
2   8   2   8   0.0000000000
2   8   2   9   -0.0003148331
2   8   3   6   0.0021171023
2   8   3   7   -0.0000000000
2   8   3   8   0.0012963304
2   8   3   9   -0.0000000000
2   8   4   7   -0.0016879288
2   8   4   8   0.0000000000
2   8   4   9   -0.0044977974
2   8   5   10   0.0030371340
2   9   1   7   0.0009204625
2   9   1   8   0.0000000000
2   9   1   9   -0.0040542274
2   9   2   6   -0.0009676605
2   9   2   8   -0.0002979621
2   9   3   7   -0.0015534780
2   9   3   8   -0.0000000000
2   9   3   9   -0.0011668035
2   9   4   6   0.0057770669
2   9   4   7   0.0000000000
2   9   4   8   -0.0045233632
2   9   4   9   0.0000000000
2   9   5   10   -0.0000000000
2   10   1   10   -0.0117692439
2   10   3   10   0.0072686363
2   10   4   10   -0.0000000000
2   10   5   6   -0.0007864666
2   10   5   8   0.0030250382
2   10   5   9   -0.0000000000
3   6   1   7   -0.0112070342
3   6   1   8   -0.0000000000
3   6   1   9   0.0013257626
3   6   2   6   0.0035883118
3   6   2   8   -0.0021175100
3   6   2   9   0.0000000000
3   6   3   6   0.0000000000
3   6   3   7   0.0078186498
3   6   3   8   0.0000000000
3   6   3   9   0.0017349885
3   6   4   6   0.0086593285
3   6   4   7   -0.0000000000
3   6   4   8   0.0089480345
3   6   4   9   -0.0000000000
3   7   1   6   -0.0110411772
3   7   1   8   0.0015669056
3   7   1   9   -0.0000000000
3   7   2   7   0.0006143847
3   7   2   9   -0.0006609340
3   7   3   6   0.0076486782
3   7   3   7   0.0000000000
3   7   3   8   -0.0027444485
3   7   4   6   -0.0000000000
3   7   4   7   0.0060335872
3   7   4   9   -0.0071556624
3   7   5   10   -0.0009047978
3   8   1   7   0.0018773316
3   8   1   8   0.0000000000
3   8   1   9   0.0062325673
3   8   2   6   -0.0019897807
3   8   2   8   0.0107770465
3   8   3   6   0.0000000000
3   8   3   7   -0.0030065281
3   8   3   8   0.0000000000
3   8   3   9   -0.0072792452
3   8   4   6   0.0086095662
3   8   4   8   -0.0105861010
3   8   4   9   0.0000000000
3   9   1   6   0.0016530730
3   9   1   7   -0.0000000000
3   9   1   8   0.0065221147
3   9   1   9   -0.0000000000
3   9   2   6   0.0000000000
3   9   2   7   -0.0004483181
3   9   2   9   0.0091742223
3   9   3   6   0.0016454936
3   9   3   8   -0.0075791928
3   9   3   9   0.0000000000
3   9   4   6   -0.0000000000
3   9   4   7   -0.0077602035
3   9   4   8   0.0000000000
3   9   4   9   -0.0035314684
3   9   5   10   -0.0017021008
3   10   2   10   0.0163695056
3   10   3   10   0.0000000000
3   10   4   10   -0.0062188281
3   10   5   7   -0.0008161826
3   10   5   9   -0.0017805779
4   6   1   6   -0.0026051529
4   6   1   8   -0.0067343522
4   6   1   9   0.0000000000
4   6   2   7   -0.0061515464
4   6   2   9   0.0020585345
4   6   3   6   0.0081657852
4   6   3   7   0.0000000000
4   6   3   8   0.0016141387
4   6   3   9   -0.0000000000
4   6   4   6   -0.0000000000
4   6   4   7   0.0145282408
4   6   4   8   -0.0000000000
4   6   4   9   -0.0000856743
4   6   5   10   -0.0003080387
4   7   1   7   -0.0035841645
4   7   1   9   0.0042124326
4   7   2   6   -0.0060935598
4   7   2   8   0.0005386842
4   7   3   6   0.0000000000
4   7   3   7   0.0079188764
4   7   3   8   -0.0000000000
4   7   3   9   -0.0042094504
4   7   4   6   0.0143811557
4   7   4   7   -0.0000000000
4   7   4   8   -0.0032475096
4   7   4   9   0.0000000000
4   8   1   6   -0.0064392811
4   8   1   7   0.0000000000
4   8   1   8   0.0100324459
4   8   1   9   -0.0000000000
4   8   2   7   0.0007239549
4   8   2   8   0.0000000000
4   8   2   9   0.0014231464
4   8   3   6   0.0014528634
4   8   3   7   -0.0000000000
4   8   3   8   0.0028513655
4   8   3   9   -0.0000000000
4   8   4   6   -0.0000000000
4   8   4   7   -0.0036714068
4   8   4   8   0.0000000000
4   8   4   9   -0.0120521217
4   8   5   10   -0.0009866409
4   9   1   6   0.0000000000
4   9   1   7   0.0045069743
4   9   1   8   -0.0000000000
4   9   1   9   0.0065573395
4   9   2   6   0.0022456051
4   9   2   8   0.0016568248
4   9   2   9   -0.0000000000
4   9   3   6   -0.0000000000
4   9   3   7   -0.0043231371
4   9   3   8   -0.0000000000
4   9   3   9   0.0058973949
4   9   4   6   -0.0004616946
4   9   4   7   0.0000000000
4   9   4   8   -0.0127257785
4   9   4   9   0.0000000000
4   10   1   10   0.0093516930
4   10   3   10   0.0147421378
4   10   4   10   -0.0000000000
4   10   5   6   -0.0003801434
4   10   5   8   -0.0010065954
5   6   1   10   -0.0066273867
5   6   2   10   0.0000000000
5   6   3   10   -0.0041946068
5   6   4   10   0.0000000000
5   6   5   6   0.0104349902
5   6   5   8   -0.0029689464
5   6   5   9   0.0000000000
5   7   2   10   -0.0005042235
5   7   4   10   -0.0010066380
5   7   5   7   0.0088391251
5   7   5   9   -0.0045254335
5   8   1   10   -0.0019541257
5   8   2   10   -0.0000000000
5   8   3   10   -0.0019639151
5   8   4   10   -0.0000000000
5   8   5   6   -0.0029989706
5   8   5   8   0.0134638083
5   8   5   9   -0.0000000000
5   9   2   10   -0.0006713490
5   9   3   10   -0.0000000000
5   9   4   10   -0.0030130787
5   9   5   6   0.0000000000
5   9   5   7   -0.0044573482
5   9   5   8   -0.0000000000
5   9   5   9   0.0141974410
5   10   1   6   -0.0063699752
5   10   1   8   -0.0020234336
5   10   2   6   0.0000000000
5   10   2   7   -0.0004480139
5   10   2   8   -0.0000000000
5   10   2   9   -0.0007881650
5   10   3   6   -0.0043133640
5   10   3   8   -0.0018916695
5   10   3   9   -0.0000000000
5   10   4   6   0.0000000000
5   10   4   7   -0.0010915331
5   10   4   8   -0.0000000000
5   10   4   9   -0.0026781288
5   10   5   10   0.0199346501

End IABC Block
