Number of strings: 462 462, CI size = 213444
String addressing array alpha: 5 11
0 126 196 231 246 251 252 252 252 252 252
0 0 56 91 111 121 125 126 126 126 126
0 0 0 21 36 46 52 55 56 56 56
0 0 0 0 6 11 15 18 20 21 21
0 0 0 0 0 1 2 3 4 5 6

Alpha strings 462 5
1 2 3 4 5
1 2 3 4 6
1 2 3 4 7
1 2 3 4 8
1 2 3 4 9
1 2 3 4 10
1 2 3 4 11
1 2 3 5 6
1 2 3 5 7
1 2 3 5 8
1 2 3 5 9
1 2 3 5 10
1 2 3 5 11
1 2 3 6 7
1 2 3 6 8
1 2 3 6 9
1 2 3 6 10
1 2 3 6 11
1 2 3 7 8
1 2 3 7 9
1 2 3 7 10
1 2 3 7 11
1 2 3 8 9
1 2 3 8 10
1 2 3 8 11
1 2 3 9 10
1 2 3 9 11
1 2 3 10 11
1 2 4 5 6
1 2 4 5 7
1 2 4 5 8
1 2 4 5 9
1 2 4 5 10
1 2 4 5 11
1 2 4 6 7
1 2 4 6 8
1 2 4 6 9
1 2 4 6 10
1 2 4 6 11
1 2 4 7 8
1 2 4 7 9
1 2 4 7 10
1 2 4 7 11
1 2 4 8 9
1 2 4 8 10
1 2 4 8 11
1 2 4 9 10
1 2 4 9 11
1 2 4 10 11
1 2 5 6 7
1 2 5 6 8
1 2 5 6 9
1 2 5 6 10
1 2 5 6 11
1 2 5 7 8
1 2 5 7 9
1 2 5 7 10
1 2 5 7 11
1 2 5 8 9
1 2 5 8 10
1 2 5 8 11
1 2 5 9 10
1 2 5 9 11
1 2 5 10 11
1 2 6 7 8
1 2 6 7 9
1 2 6 7 10
1 2 6 7 11
1 2 6 8 9
1 2 6 8 10
1 2 6 8 11
1 2 6 9 10
1 2 6 9 11
1 2 6 10 11
1 2 7 8 9
1 2 7 8 10
1 2 7 8 11
1 2 7 9 10
1 2 7 9 11
1 2 7 10 11
1 2 8 9 10
1 2 8 9 11
1 2 8 10 11
1 2 9 10 11
1 3 4 5 6
1 3 4 5 7
1 3 4 5 8
1 3 4 5 9
1 3 4 5 10
1 3 4 5 11
1 3 4 6 7
1 3 4 6 8
1 3 4 6 9
1 3 4 6 10
1 3 4 6 11
1 3 4 7 8
1 3 4 7 9
1 3 4 7 10
1 3 4 7 11
1 3 4 8 9
1 3 4 8 10
1 3 4 8 11
1 3 4 9 10
1 3 4 9 11
1 3 4 10 11
1 3 5 6 7
1 3 5 6 8
1 3 5 6 9
1 3 5 6 10
1 3 5 6 11
1 3 5 7 8
1 3 5 7 9
1 3 5 7 10
1 3 5 7 11
1 3 5 8 9
1 3 5 8 10
1 3 5 8 11
1 3 5 9 10
1 3 5 9 11
1 3 5 10 11
1 3 6 7 8
1 3 6 7 9
1 3 6 7 10
1 3 6 7 11
1 3 6 8 9
1 3 6 8 10
1 3 6 8 11
1 3 6 9 10
1 3 6 9 11
1 3 6 10 11
1 3 7 8 9
1 3 7 8 10
1 3 7 8 11
1 3 7 9 10
1 3 7 9 11
1 3 7 10 11
1 3 8 9 10
1 3 8 9 11
1 3 8 10 11
1 3 9 10 11
1 4 5 6 7
1 4 5 6 8
1 4 5 6 9
1 4 5 6 10
1 4 5 6 11
1 4 5 7 8
1 4 5 7 9
1 4 5 7 10
1 4 5 7 11
1 4 5 8 9
1 4 5 8 10
1 4 5 8 11
1 4 5 9 10
1 4 5 9 11
1 4 5 10 11
1 4 6 7 8
1 4 6 7 9
1 4 6 7 10
1 4 6 7 11
1 4 6 8 9
1 4 6 8 10
1 4 6 8 11
1 4 6 9 10
1 4 6 9 11
1 4 6 10 11
1 4 7 8 9
1 4 7 8 10
1 4 7 8 11
1 4 7 9 10
1 4 7 9 11
1 4 7 10 11
1 4 8 9 10
1 4 8 9 11
1 4 8 10 11
1 4 9 10 11
1 5 6 7 8
1 5 6 7 9
1 5 6 7 10
1 5 6 7 11
1 5 6 8 9
1 5 6 8 10
1 5 6 8 11
1 5 6 9 10
1 5 6 9 11
1 5 6 10 11
1 5 7 8 9
1 5 7 8 10
1 5 7 8 11
1 5 7 9 10
1 5 7 9 11
1 5 7 10 11
1 5 8 9 10
1 5 8 9 11
1 5 8 10 11
1 5 9 10 11
1 6 7 8 9
1 6 7 8 10
1 6 7 8 11
1 6 7 9 10
1 6 7 9 11
1 6 7 10 11
1 6 8 9 10
1 6 8 9 11
1 6 8 10 11
1 6 9 10 11
1 7 8 9 10
1 7 8 9 11
1 7 8 10 11
1 7 9 10 11
1 8 9 10 11
2 3 4 5 6
2 3 4 5 7
2 3 4 5 8
2 3 4 5 9
2 3 4 5 10
2 3 4 5 11
2 3 4 6 7
2 3 4 6 8
2 3 4 6 9
2 3 4 6 10
2 3 4 6 11
2 3 4 7 8
2 3 4 7 9
2 3 4 7 10
2 3 4 7 11
2 3 4 8 9
2 3 4 8 10
2 3 4 8 11
2 3 4 9 10
2 3 4 9 11
2 3 4 10 11
2 3 5 6 7
2 3 5 6 8
2 3 5 6 9
2 3 5 6 10
2 3 5 6 11
2 3 5 7 8
2 3 5 7 9
2 3 5 7 10
2 3 5 7 11
2 3 5 8 9
2 3 5 8 10
2 3 5 8 11
2 3 5 9 10
2 3 5 9 11
2 3 5 10 11
2 3 6 7 8
2 3 6 7 9
2 3 6 7 10
2 3 6 7 11
2 3 6 8 9
2 3 6 8 10
2 3 6 8 11
2 3 6 9 10
2 3 6 9 11
2 3 6 10 11
2 3 7 8 9
2 3 7 8 10
2 3 7 8 11
2 3 7 9 10
2 3 7 9 11
2 3 7 10 11
2 3 8 9 10
2 3 8 9 11
2 3 8 10 11
2 3 9 10 11
2 4 5 6 7
2 4 5 6 8
2 4 5 6 9
2 4 5 6 10
2 4 5 6 11
2 4 5 7 8
2 4 5 7 9
2 4 5 7 10
2 4 5 7 11
2 4 5 8 9
2 4 5 8 10
2 4 5 8 11
2 4 5 9 10
2 4 5 9 11
2 4 5 10 11
2 4 6 7 8
2 4 6 7 9
2 4 6 7 10
2 4 6 7 11
2 4 6 8 9
2 4 6 8 10
2 4 6 8 11
2 4 6 9 10
2 4 6 9 11
2 4 6 10 11
2 4 7 8 9
2 4 7 8 10
2 4 7 8 11
2 4 7 9 10
2 4 7 9 11
2 4 7 10 11
2 4 8 9 10
2 4 8 9 11
2 4 8 10 11
2 4 9 10 11
2 5 6 7 8
2 5 6 7 9
2 5 6 7 10
2 5 6 7 11
2 5 6 8 9
2 5 6 8 10
2 5 6 8 11
2 5 6 9 10
2 5 6 9 11
2 5 6 10 11
2 5 7 8 9
2 5 7 8 10
2 5 7 8 11
2 5 7 9 10
2 5 7 9 11
2 5 7 10 11
2 5 8 9 10
2 5 8 9 11
2 5 8 10 11
2 5 9 10 11
2 6 7 8 9
2 6 7 8 10
2 6 7 8 11
2 6 7 9 10
2 6 7 9 11
2 6 7 10 11
2 6 8 9 10
2 6 8 9 11
2 6 8 10 11
2 6 9 10 11
2 7 8 9 10
2 7 8 9 11
2 7 8 10 11
2 7 9 10 11
2 8 9 10 11
3 4 5 6 7
3 4 5 6 8
3 4 5 6 9
3 4 5 6 10
3 4 5 6 11
3 4 5 7 8
3 4 5 7 9
3 4 5 7 10
3 4 5 7 11
3 4 5 8 9
3 4 5 8 10
3 4 5 8 11
3 4 5 9 10
3 4 5 9 11
3 4 5 10 11
3 4 6 7 8
3 4 6 7 9
3 4 6 7 10
3 4 6 7 11
3 4 6 8 9
3 4 6 8 10
3 4 6 8 11
3 4 6 9 10
3 4 6 9 11
3 4 6 10 11
3 4 7 8 9
3 4 7 8 10
3 4 7 8 11
3 4 7 9 10
3 4 7 9 11
3 4 7 10 11
3 4 8 9 10
3 4 8 9 11
3 4 8 10 11
3 4 9 10 11
3 5 6 7 8
3 5 6 7 9
3 5 6 7 10
3 5 6 7 11
3 5 6 8 9
3 5 6 8 10
3 5 6 8 11
3 5 6 9 10
3 5 6 9 11
3 5 6 10 11
3 5 7 8 9
3 5 7 8 10
3 5 7 8 11
3 5 7 9 10
3 5 7 9 11
3 5 7 10 11
3 5 8 9 10
3 5 8 9 11
3 5 8 10 11
3 5 9 10 11
3 6 7 8 9
3 6 7 8 10
3 6 7 8 11
3 6 7 9 10
3 6 7 9 11
3 6 7 10 11
3 6 8 9 10
3 6 8 9 11
3 6 8 10 11
3 6 9 10 11
3 7 8 9 10
3 7 8 9 11
3 7 8 10 11
3 7 9 10 11
3 8 9 10 11
4 5 6 7 8
4 5 6 7 9
4 5 6 7 10
4 5 6 7 11
4 5 6 8 9
4 5 6 8 10
4 5 6 8 11
4 5 6 9 10
4 5 6 9 11
4 5 6 10 11
4 5 7 8 9
4 5 7 8 10
4 5 7 8 11
4 5 7 9 10
4 5 7 9 11
4 5 7 10 11
4 5 8 9 10
4 5 8 9 11
4 5 8 10 11
4 5 9 10 11
4 6 7 8 9
4 6 7 8 10
4 6 7 8 11
4 6 7 9 10
4 6 7 9 11
4 6 7 10 11
4 6 8 9 10
4 6 8 9 11
4 6 8 10 11
4 6 9 10 11
4 7 8 9 10
4 7 8 9 11
4 7 8 10 11
4 7 9 10 11
4 8 9 10 11
5 6 7 8 9
5 6 7 8 10
5 6 7 8 11
5 6 7 9 10
5 6 7 9 11
5 6 7 10 11
5 6 8 9 10
5 6 8 9 11
5 6 8 10 11
5 6 9 10 11
5 7 8 9 10
5 7 8 9 11
5 7 8 10 11
5 7 9 10 11
5 8 9 10 11
6 7 8 9 10
6 7 8 9 11
6 7 8 10 11
6 7 9 10 11
6 8 9 10 11
7 8 9 10 11

Is hamiltonian hermitian? 1
Implicit Hamiltonian constructed
E(core)= 9.189534427600
H(1,1) + E(core) energy = -76.284041322900
Davidson: iter=0 dim=0 root=0 eigenvalue=-85.473575750500
Davidson: iter=1 dim=1 root=0 eigenvalue=-85.511666428054
Davidson: iter=2 dim=2 root=0 eigenvalue=-85.514506605365
Davidson: iter=3 dim=3 root=0 eigenvalue=-85.514644083148
Davidson: iter=4 dim=4 root=0 eigenvalue=-85.514652023548
Davidson: iter=5 dim=5 root=0 eigenvalue=-85.514652517845
Davidson: iter=6 dim=6 root=0 eigenvalue=-85.514652553229
Davidson: iter=7 dim=7 root=0 eigenvalue=-85.514652555584
Davidson: iter=8 dim=8 root=0 eigenvalue=-85.514652555732
Davidson: iter=9 dim=9 root=0 eigenvalue=-85.514652555742
Davidson: iter=10 dim=10 root=0 eigenvalue=-85.514652555743
root no. 0 converged
Davidson converged in 10 iterations.
E(core)= 9.189534427600
E(0)= -76.325118128143
FCI Excitation energies = 1
0.000000000000

Vacuum coefficients in CI state 0 = -0.990404557959
Eigenvector 0 in string basis
0: -0.990404557959 seniority 0 ... 5
1 2 3 4 5
 | 5
1 2 3 4 5

Seniority vectors for all roots (nroots/seniority)
1 6
0.987382345041 0.002276207425 -0.981806857038 0.125971270209 1.000006947498 0.000000000044

Calculating transition densities
Root 0 MO occupations numbers (density matrix diagonal)
11
1.999996405503 1.995521622639 1.988904065910 1.988136867199 1.988935147846 0.004959409713 0.004950396236 0.005641205719 0.005387946895 0.006947646317 0.010619286024
Transition densities done:
Trandens between roots 0 0
11 11
1.999996405503 0.000027141264 0.000000000000 0.000012359370 0.000000000000 0.000254540411 0.000000000000 0.000000000000 0.000235981065 0.000072164922 0.000000000000
0.000027141264 1.995521622639 0.000000000000 0.004011748941 0.000000000000 0.001076754505 0.000000000000 0.000000000000 0.000623885147 0.007690176425 0.000000000000
0.000000000000 0.000000000000 1.988904065910 0.000000000000 0.000000000000 0.000000000000 0.000145351654 -0.001418486500 0.000000000000 0.000000000000 0.000000000000
0.000012359370 0.004011748941 0.000000000000 1.988136867199 0.000000000000 -0.007281664867 0.000000000000 0.000000000000 -0.000440146648 0.002050813044 0.000000000000
0.000000000000 0.000000000000 0.000000000000 0.000000000000 1.988935147846 0.000000000000 0.000000000000 0.000000000000 0.000000000000 0.000000000000 0.007633302487
0.000254540411 0.001076754505 0.000000000000 -0.007281664867 0.000000000000 0.004959409713 0.000000000000 0.000000000000 0.004441125398 -0.003884056199 0.000000000000
0.000000000000 0.000000000000 0.000145351654 0.000000000000 0.000000000000 0.000000000000 0.004950396236 0.004302821733 0.000000000000 0.000000000000 0.000000000000
0.000000000000 0.000000000000 -0.001418486500 0.000000000000 0.000000000000 0.000000000000 0.004302821733 0.005641205719 0.000000000000 0.000000000000 0.000000000000
0.000235981065 0.000623885147 0.000000000000 -0.000440146648 0.000000000000 0.004441125398 0.000000000000 0.000000000000 0.005387946895 -0.002837620091 0.000000000000
0.000072164922 0.007690176425 0.000000000000 0.002050813044 0.000000000000 -0.003884056199 0.000000000000 0.000000000000 -0.002837620091 0.006947646317 0.000000000000
0.000000000000 0.000000000000 0.000000000000 0.000000000000 0.007633302487 0.000000000000 0.000000000000 0.000000000000 0.000000000000 0.000000000000 0.010619286024

State 0 :
Natural orbital occupations
11
1.999996801933 1.997314309043 1.988964600392 1.988905090655 1.986403321787 0.013200598953 0.010589833478 0.009612013953 0.003507565008 0.000978563257 0.000527301542
Natural orbitals (in MO basis)
11 11
-0.999937852072 -0.011147116672 -0.000000000000 0.000000000000 0.000046085459 0.000117238181 0.000000000000 0.000000000000 0.000128478786 0.000000000000 -0.000037524867
-0.010225371952 0.915614195153 -0.000000000000 -0.000000000000 -0.401908909662 -0.001852971717 -0.000000000000 -0.000000000000 0.003279862807 -0.000000000000 -0.001060534048
-0.000000000000 -0.000000000000 0.000000000000 -0.999999741764 0.000000000000 0.000000000000 0.000000000000 -0.000476803738 0.000000000000 0.000537707787 -0.000000000000
-0.004438371011 0.401882768970 -0.000000000000 0.000000000000 0.915672380467 -0.002877255527 -0.000000000000 -0.000000000000 -0.000223398361 0.000000000000 0.002510779187
-0.000000000000 0.000000000000 0.999992556351 0.000000000000 0.000000000000 -0.000000000000 -0.003858399043 -0.000000000000 0.000000000000 -0.000000000000 -0.000000000000
-0.000117011302 -0.000982674486 0.000000000000 -0.000000000000 -0.003582999054 -0.577995394301 -0.000000000000 -0.000000000000 -0.239381643573 0.000000000000 0.780130717036
-0.000000000000 -0.000000000000 0.000000000000 -0.000071712720 0.000000000000 0.000000000000 0.000000000000 -0.678270179082 -0.000000000000 -0.734812601297 0.000000000000
-0.000000000000 0.000000000000 -0.000000000000 0.000715072552 0.000000000000 0.000000000000 0.000000000000 -0.734812450103 0.000000000000 0.678269969736 -0.000000000000
-0.000120668001 0.000188831766 -0.000000000000 -0.000000000000 -0.000337180333 -0.548120846065 -0.000000000000 -0.000000000000 -0.594354186044 -0.000000000000 -0.588478101319
-0.000079827801 0.003952989049 0.000000000000 -0.000000000000 -0.000605217328 0.604543742360 0.000000000000 0.000000000000 -0.767742604222 0.000000000000 0.212325595376
-0.000000000000 0.000000000000 0.003858399043 0.000000000000 0.000000000000 -0.000000000000 0.999992556351 0.000000000000 -0.000000000000 0.000000000000 0.000000000000

