Number of strings: 2002 2002, CI size = 4008004
String addressing array alpha: 5 14
0 495 825 1035 1161 1231 1266 1281 1286 1287 1287 1287 1287 1287
0 0 165 285 369 425 460 480 490 494 495 495 495 495
0 0 0 45 81 109 130 145 155 161 164 165 165 165
0 0 0 0 9 17 24 30 35 39 42 44 45 45
0 0 0 0 0 1 2 3 4 5 6 7 8 9

Alpha strings 2002 5
1 2 3 4 5
1 2 3 4 6
1 2 3 4 7
1 2 3 4 8
1 2 3 4 9
1 2 3 4 10
1 2 3 4 11
1 2 3 4 12
1 2 3 4 13
1 2 3 4 14
1 2 3 5 6
1 2 3 5 7
1 2 3 5 8
1 2 3 5 9
1 2 3 5 10
1 2 3 5 11
1 2 3 5 12
1 2 3 5 13
1 2 3 5 14
1 2 3 6 7
1 2 3 6 8
1 2 3 6 9
1 2 3 6 10
1 2 3 6 11
1 2 3 6 12
1 2 3 6 13
1 2 3 6 14
1 2 3 7 8
1 2 3 7 9
1 2 3 7 10
1 2 3 7 11
1 2 3 7 12
1 2 3 7 13
1 2 3 7 14
1 2 3 8 9
1 2 3 8 10
1 2 3 8 11
1 2 3 8 12
1 2 3 8 13
1 2 3 8 14
1 2 3 9 10
1 2 3 9 11
1 2 3 9 12
1 2 3 9 13
1 2 3 9 14
1 2 3 10 11
1 2 3 10 12
1 2 3 10 13
1 2 3 10 14
1 2 3 11 12
1 2 3 11 13
1 2 3 11 14
1 2 3 12 13
1 2 3 12 14
1 2 3 13 14
1 2 4 5 6
1 2 4 5 7
1 2 4 5 8
1 2 4 5 9
1 2 4 5 10
1 2 4 5 11
1 2 4 5 12
1 2 4 5 13
1 2 4 5 14
1 2 4 6 7
1 2 4 6 8
1 2 4 6 9
1 2 4 6 10
1 2 4 6 11
1 2 4 6 12
1 2 4 6 13
1 2 4 6 14
1 2 4 7 8
1 2 4 7 9
1 2 4 7 10
1 2 4 7 11
1 2 4 7 12
1 2 4 7 13
1 2 4 7 14
1 2 4 8 9
1 2 4 8 10
1 2 4 8 11
1 2 4 8 12
1 2 4 8 13
1 2 4 8 14
1 2 4 9 10
1 2 4 9 11
1 2 4 9 12
1 2 4 9 13
1 2 4 9 14
1 2 4 10 11
1 2 4 10 12
1 2 4 10 13
1 2 4 10 14
1 2 4 11 12
1 2 4 11 13
1 2 4 11 14
1 2 4 12 13
1 2 4 12 14
1 2 4 13 14
1 2 5 6 7
1 2 5 6 8
1 2 5 6 9
1 2 5 6 10
1 2 5 6 11
1 2 5 6 12
1 2 5 6 13
1 2 5 6 14
1 2 5 7 8
1 2 5 7 9
1 2 5 7 10
1 2 5 7 11
1 2 5 7 12
1 2 5 7 13
1 2 5 7 14
1 2 5 8 9
1 2 5 8 10
1 2 5 8 11
1 2 5 8 12
1 2 5 8 13
1 2 5 8 14
1 2 5 9 10
1 2 5 9 11
1 2 5 9 12
1 2 5 9 13
1 2 5 9 14
1 2 5 10 11
1 2 5 10 12
1 2 5 10 13
1 2 5 10 14
1 2 5 11 12
1 2 5 11 13
1 2 5 11 14
1 2 5 12 13
1 2 5 12 14
1 2 5 13 14
1 2 6 7 8
1 2 6 7 9
1 2 6 7 10
1 2 6 7 11
1 2 6 7 12
1 2 6 7 13
1 2 6 7 14
1 2 6 8 9
1 2 6 8 10
1 2 6 8 11
1 2 6 8 12
1 2 6 8 13
1 2 6 8 14
1 2 6 9 10
1 2 6 9 11
1 2 6 9 12
1 2 6 9 13
1 2 6 9 14
1 2 6 10 11
1 2 6 10 12
1 2 6 10 13
1 2 6 10 14
1 2 6 11 12
1 2 6 11 13
1 2 6 11 14
1 2 6 12 13
1 2 6 12 14
1 2 6 13 14
1 2 7 8 9
1 2 7 8 10
1 2 7 8 11
1 2 7 8 12
1 2 7 8 13
1 2 7 8 14
1 2 7 9 10
1 2 7 9 11
1 2 7 9 12
1 2 7 9 13
1 2 7 9 14
1 2 7 10 11
1 2 7 10 12
1 2 7 10 13
1 2 7 10 14
1 2 7 11 12
1 2 7 11 13
1 2 7 11 14
1 2 7 12 13
1 2 7 12 14
1 2 7 13 14
1 2 8 9 10
1 2 8 9 11
1 2 8 9 12
1 2 8 9 13
1 2 8 9 14
1 2 8 10 11
1 2 8 10 12
1 2 8 10 13
1 2 8 10 14
1 2 8 11 12
1 2 8 11 13
1 2 8 11 14
1 2 8 12 13
1 2 8 12 14
1 2 8 13 14
1 2 9 10 11
1 2 9 10 12
1 2 9 10 13
1 2 9 10 14
1 2 9 11 12
1 2 9 11 13
1 2 9 11 14
1 2 9 12 13
1 2 9 12 14
1 2 9 13 14
1 2 10 11 12
1 2 10 11 13
1 2 10 11 14
1 2 10 12 13
1 2 10 12 14
1 2 10 13 14
1 2 11 12 13
1 2 11 12 14
1 2 11 13 14
1 2 12 13 14
1 3 4 5 6
1 3 4 5 7
1 3 4 5 8
1 3 4 5 9
1 3 4 5 10
1 3 4 5 11
1 3 4 5 12
1 3 4 5 13
1 3 4 5 14
1 3 4 6 7
1 3 4 6 8
1 3 4 6 9
1 3 4 6 10
1 3 4 6 11
1 3 4 6 12
1 3 4 6 13
1 3 4 6 14
1 3 4 7 8
1 3 4 7 9
1 3 4 7 10
1 3 4 7 11
1 3 4 7 12
1 3 4 7 13
1 3 4 7 14
1 3 4 8 9
1 3 4 8 10
1 3 4 8 11
1 3 4 8 12
1 3 4 8 13
1 3 4 8 14
1 3 4 9 10
1 3 4 9 11
1 3 4 9 12
1 3 4 9 13
1 3 4 9 14
1 3 4 10 11
1 3 4 10 12
1 3 4 10 13
1 3 4 10 14
1 3 4 11 12
1 3 4 11 13
1 3 4 11 14
1 3 4 12 13
1 3 4 12 14
1 3 4 13 14
1 3 5 6 7
1 3 5 6 8
1 3 5 6 9
1 3 5 6 10
1 3 5 6 11
1 3 5 6 12
1 3 5 6 13
1 3 5 6 14
1 3 5 7 8
1 3 5 7 9
1 3 5 7 10
1 3 5 7 11
1 3 5 7 12
1 3 5 7 13
1 3 5 7 14
1 3 5 8 9
1 3 5 8 10
1 3 5 8 11
1 3 5 8 12
1 3 5 8 13
1 3 5 8 14
1 3 5 9 10
1 3 5 9 11
1 3 5 9 12
1 3 5 9 13
1 3 5 9 14
1 3 5 10 11
1 3 5 10 12
1 3 5 10 13
1 3 5 10 14
1 3 5 11 12
1 3 5 11 13
1 3 5 11 14
1 3 5 12 13
1 3 5 12 14
1 3 5 13 14
1 3 6 7 8
1 3 6 7 9
1 3 6 7 10
1 3 6 7 11
1 3 6 7 12
1 3 6 7 13
1 3 6 7 14
1 3 6 8 9
1 3 6 8 10
1 3 6 8 11
1 3 6 8 12
1 3 6 8 13
1 3 6 8 14
1 3 6 9 10
1 3 6 9 11
1 3 6 9 12
1 3 6 9 13
1 3 6 9 14
1 3 6 10 11
1 3 6 10 12
1 3 6 10 13
1 3 6 10 14
1 3 6 11 12
1 3 6 11 13
1 3 6 11 14
1 3 6 12 13
1 3 6 12 14
1 3 6 13 14
1 3 7 8 9
1 3 7 8 10
1 3 7 8 11
1 3 7 8 12
1 3 7 8 13
1 3 7 8 14
1 3 7 9 10
1 3 7 9 11
1 3 7 9 12
1 3 7 9 13
1 3 7 9 14
1 3 7 10 11
1 3 7 10 12
1 3 7 10 13
1 3 7 10 14
1 3 7 11 12
1 3 7 11 13
1 3 7 11 14
1 3 7 12 13
1 3 7 12 14
1 3 7 13 14
1 3 8 9 10
1 3 8 9 11
1 3 8 9 12
1 3 8 9 13
1 3 8 9 14
1 3 8 10 11
1 3 8 10 12
1 3 8 10 13
1 3 8 10 14
1 3 8 11 12
1 3 8 11 13
1 3 8 11 14
1 3 8 12 13
1 3 8 12 14
1 3 8 13 14
1 3 9 10 11
1 3 9 10 12
1 3 9 10 13
1 3 9 10 14
1 3 9 11 12
1 3 9 11 13
1 3 9 11 14
1 3 9 12 13
1 3 9 12 14
1 3 9 13 14
1 3 10 11 12
1 3 10 11 13
1 3 10 11 14
1 3 10 12 13
1 3 10 12 14
1 3 10 13 14
1 3 11 12 13
1 3 11 12 14
1 3 11 13 14
1 3 12 13 14
1 4 5 6 7
1 4 5 6 8
1 4 5 6 9
1 4 5 6 10
1 4 5 6 11
1 4 5 6 12
1 4 5 6 13
1 4 5 6 14
1 4 5 7 8
1 4 5 7 9
1 4 5 7 10
1 4 5 7 11
1 4 5 7 12
1 4 5 7 13
1 4 5 7 14
1 4 5 8 9
1 4 5 8 10
1 4 5 8 11
1 4 5 8 12
1 4 5 8 13
1 4 5 8 14
1 4 5 9 10
1 4 5 9 11
1 4 5 9 12
1 4 5 9 13
1 4 5 9 14
1 4 5 10 11
1 4 5 10 12
1 4 5 10 13
1 4 5 10 14
1 4 5 11 12
1 4 5 11 13
1 4 5 11 14
1 4 5 12 13
1 4 5 12 14
1 4 5 13 14
1 4 6 7 8
1 4 6 7 9
1 4 6 7 10
1 4 6 7 11
1 4 6 7 12
1 4 6 7 13
1 4 6 7 14
1 4 6 8 9
1 4 6 8 10
1 4 6 8 11
1 4 6 8 12
1 4 6 8 13
1 4 6 8 14
1 4 6 9 10
1 4 6 9 11
1 4 6 9 12
1 4 6 9 13
1 4 6 9 14
1 4 6 10 11
1 4 6 10 12
1 4 6 10 13
1 4 6 10 14
1 4 6 11 12
1 4 6 11 13
1 4 6 11 14
1 4 6 12 13
1 4 6 12 14
1 4 6 13 14
1 4 7 8 9
1 4 7 8 10
1 4 7 8 11
1 4 7 8 12
1 4 7 8 13
1 4 7 8 14
1 4 7 9 10
1 4 7 9 11
1 4 7 9 12
1 4 7 9 13
1 4 7 9 14
1 4 7 10 11
1 4 7 10 12
1 4 7 10 13
1 4 7 10 14
1 4 7 11 12
1 4 7 11 13
1 4 7 11 14
1 4 7 12 13
1 4 7 12 14
1 4 7 13 14
1 4 8 9 10
1 4 8 9 11
1 4 8 9 12
1 4 8 9 13
1 4 8 9 14
1 4 8 10 11
1 4 8 10 12
1 4 8 10 13
1 4 8 10 14
1 4 8 11 12
1 4 8 11 13
1 4 8 11 14
1 4 8 12 13
1 4 8 12 14
1 4 8 13 14
1 4 9 10 11
1 4 9 10 12
1 4 9 10 13
1 4 9 10 14
1 4 9 11 12
1 4 9 11 13
1 4 9 11 14
1 4 9 12 13
1 4 9 12 14
1 4 9 13 14
1 4 10 11 12
1 4 10 11 13
1 4 10 11 14
1 4 10 12 13
1 4 10 12 14
1 4 10 13 14
1 4 11 12 13
1 4 11 12 14
1 4 11 13 14
1 4 12 13 14
1 5 6 7 8
1 5 6 7 9
1 5 6 7 10
1 5 6 7 11
1 5 6 7 12
1 5 6 7 13
1 5 6 7 14
1 5 6 8 9
1 5 6 8 10
1 5 6 8 11
1 5 6 8 12
1 5 6 8 13
1 5 6 8 14
1 5 6 9 10
1 5 6 9 11
1 5 6 9 12
1 5 6 9 13
1 5 6 9 14
1 5 6 10 11
1 5 6 10 12
1 5 6 10 13
1 5 6 10 14
1 5 6 11 12
1 5 6 11 13
1 5 6 11 14
1 5 6 12 13
1 5 6 12 14
1 5 6 13 14
1 5 7 8 9
1 5 7 8 10
1 5 7 8 11
1 5 7 8 12
1 5 7 8 13
1 5 7 8 14
1 5 7 9 10
1 5 7 9 11
1 5 7 9 12
1 5 7 9 13
1 5 7 9 14
1 5 7 10 11
1 5 7 10 12
1 5 7 10 13
1 5 7 10 14
1 5 7 11 12
1 5 7 11 13
1 5 7 11 14
1 5 7 12 13
1 5 7 12 14
1 5 7 13 14
1 5 8 9 10
1 5 8 9 11
1 5 8 9 12
1 5 8 9 13
1 5 8 9 14
1 5 8 10 11
1 5 8 10 12
1 5 8 10 13
1 5 8 10 14
1 5 8 11 12
1 5 8 11 13
1 5 8 11 14
1 5 8 12 13
1 5 8 12 14
1 5 8 13 14
1 5 9 10 11
1 5 9 10 12
1 5 9 10 13
1 5 9 10 14
1 5 9 11 12
1 5 9 11 13
1 5 9 11 14
1 5 9 12 13
1 5 9 12 14
1 5 9 13 14
1 5 10 11 12
1 5 10 11 13
1 5 10 11 14
1 5 10 12 13
1 5 10 12 14
1 5 10 13 14
1 5 11 12 13
1 5 11 12 14
1 5 11 13 14
1 5 12 13 14
1 6 7 8 9
1 6 7 8 10
1 6 7 8 11
1 6 7 8 12
1 6 7 8 13
1 6 7 8 14
1 6 7 9 10
1 6 7 9 11
1 6 7 9 12
1 6 7 9 13
1 6 7 9 14
1 6 7 10 11
1 6 7 10 12
1 6 7 10 13
1 6 7 10 14
1 6 7 11 12
1 6 7 11 13
1 6 7 11 14
1 6 7 12 13
1 6 7 12 14
1 6 7 13 14
1 6 8 9 10
1 6 8 9 11
1 6 8 9 12
1 6 8 9 13
1 6 8 9 14
1 6 8 10 11
1 6 8 10 12
1 6 8 10 13
1 6 8 10 14
1 6 8 11 12
1 6 8 11 13
1 6 8 11 14
1 6 8 12 13
1 6 8 12 14
1 6 8 13 14
1 6 9 10 11
1 6 9 10 12
1 6 9 10 13
1 6 9 10 14
1 6 9 11 12
1 6 9 11 13
1 6 9 11 14
1 6 9 12 13
1 6 9 12 14
1 6 9 13 14
1 6 10 11 12
1 6 10 11 13
1 6 10 11 14
1 6 10 12 13
1 6 10 12 14
1 6 10 13 14
1 6 11 12 13
1 6 11 12 14
1 6 11 13 14
1 6 12 13 14
1 7 8 9 10
1 7 8 9 11
1 7 8 9 12
1 7 8 9 13
1 7 8 9 14
1 7 8 10 11
1 7 8 10 12
1 7 8 10 13
1 7 8 10 14
1 7 8 11 12
1 7 8 11 13
1 7 8 11 14
1 7 8 12 13
1 7 8 12 14
1 7 8 13 14
1 7 9 10 11
1 7 9 10 12
1 7 9 10 13
1 7 9 10 14
1 7 9 11 12
1 7 9 11 13
1 7 9 11 14
1 7 9 12 13
1 7 9 12 14
1 7 9 13 14
1 7 10 11 12
1 7 10 11 13
1 7 10 11 14
1 7 10 12 13
1 7 10 12 14
1 7 10 13 14
1 7 11 12 13
1 7 11 12 14
1 7 11 13 14
1 7 12 13 14
1 8 9 10 11
1 8 9 10 12
1 8 9 10 13
1 8 9 10 14
1 8 9 11 12
1 8 9 11 13
1 8 9 11 14
1 8 9 12 13
1 8 9 12 14
1 8 9 13 14
1 8 10 11 12
1 8 10 11 13
1 8 10 11 14
1 8 10 12 13
1 8 10 12 14
1 8 10 13 14
1 8 11 12 13
1 8 11 12 14
1 8 11 13 14
1 8 12 13 14
1 9 10 11 12
1 9 10 11 13
1 9 10 11 14
1 9 10 12 13
1 9 10 12 14
1 9 10 13 14
1 9 11 12 13
1 9 11 12 14
1 9 11 13 14
1 9 12 13 14
1 10 11 12 13
1 10 11 12 14
1 10 11 13 14
1 10 12 13 14
1 11 12 13 14
2 3 4 5 6
2 3 4 5 7
2 3 4 5 8
2 3 4 5 9
2 3 4 5 10
2 3 4 5 11
2 3 4 5 12
2 3 4 5 13
2 3 4 5 14
2 3 4 6 7
2 3 4 6 8
2 3 4 6 9
2 3 4 6 10
2 3 4 6 11
2 3 4 6 12
2 3 4 6 13
2 3 4 6 14
2 3 4 7 8
2 3 4 7 9
2 3 4 7 10
2 3 4 7 11
2 3 4 7 12
2 3 4 7 13
2 3 4 7 14
2 3 4 8 9
2 3 4 8 10
2 3 4 8 11
2 3 4 8 12
2 3 4 8 13
2 3 4 8 14
2 3 4 9 10
2 3 4 9 11
2 3 4 9 12
2 3 4 9 13
2 3 4 9 14
2 3 4 10 11
2 3 4 10 12
2 3 4 10 13
2 3 4 10 14
2 3 4 11 12
2 3 4 11 13
2 3 4 11 14
2 3 4 12 13
2 3 4 12 14
2 3 4 13 14
2 3 5 6 7
2 3 5 6 8
2 3 5 6 9
2 3 5 6 10
2 3 5 6 11
2 3 5 6 12
2 3 5 6 13
2 3 5 6 14
2 3 5 7 8
2 3 5 7 9
2 3 5 7 10
2 3 5 7 11
2 3 5 7 12
2 3 5 7 13
2 3 5 7 14
2 3 5 8 9
2 3 5 8 10
2 3 5 8 11
2 3 5 8 12
2 3 5 8 13
2 3 5 8 14
2 3 5 9 10
2 3 5 9 11
2 3 5 9 12
2 3 5 9 13
2 3 5 9 14
2 3 5 10 11
2 3 5 10 12
2 3 5 10 13
2 3 5 10 14
2 3 5 11 12
2 3 5 11 13
2 3 5 11 14
2 3 5 12 13
2 3 5 12 14
2 3 5 13 14
2 3 6 7 8
2 3 6 7 9
2 3 6 7 10
2 3 6 7 11
2 3 6 7 12
2 3 6 7 13
2 3 6 7 14
2 3 6 8 9
2 3 6 8 10
2 3 6 8 11
2 3 6 8 12
2 3 6 8 13
2 3 6 8 14
2 3 6 9 10
2 3 6 9 11
2 3 6 9 12
2 3 6 9 13
2 3 6 9 14
2 3 6 10 11
2 3 6 10 12
2 3 6 10 13
2 3 6 10 14
2 3 6 11 12
2 3 6 11 13
2 3 6 11 14
2 3 6 12 13
2 3 6 12 14
2 3 6 13 14
2 3 7 8 9
2 3 7 8 10
2 3 7 8 11
2 3 7 8 12
2 3 7 8 13
2 3 7 8 14
2 3 7 9 10
2 3 7 9 11
2 3 7 9 12
2 3 7 9 13
2 3 7 9 14
2 3 7 10 11
2 3 7 10 12
2 3 7 10 13
2 3 7 10 14
2 3 7 11 12
2 3 7 11 13
2 3 7 11 14
2 3 7 12 13
2 3 7 12 14
2 3 7 13 14
2 3 8 9 10
2 3 8 9 11
2 3 8 9 12
2 3 8 9 13
2 3 8 9 14
2 3 8 10 11
2 3 8 10 12
2 3 8 10 13
2 3 8 10 14
2 3 8 11 12
2 3 8 11 13
2 3 8 11 14
2 3 8 12 13
2 3 8 12 14
2 3 8 13 14
2 3 9 10 11
2 3 9 10 12
2 3 9 10 13
2 3 9 10 14
2 3 9 11 12
2 3 9 11 13
2 3 9 11 14
2 3 9 12 13
2 3 9 12 14
2 3 9 13 14
2 3 10 11 12
2 3 10 11 13
2 3 10 11 14
2 3 10 12 13
2 3 10 12 14
2 3 10 13 14
2 3 11 12 13
2 3 11 12 14
2 3 11 13 14
2 3 12 13 14
2 4 5 6 7
2 4 5 6 8
2 4 5 6 9
2 4 5 6 10
2 4 5 6 11
2 4 5 6 12
2 4 5 6 13
2 4 5 6 14
2 4 5 7 8
2 4 5 7 9
2 4 5 7 10
2 4 5 7 11
2 4 5 7 12
2 4 5 7 13
2 4 5 7 14
2 4 5 8 9
2 4 5 8 10
2 4 5 8 11
2 4 5 8 12
2 4 5 8 13
2 4 5 8 14
2 4 5 9 10
2 4 5 9 11
2 4 5 9 12
2 4 5 9 13
2 4 5 9 14
2 4 5 10 11
2 4 5 10 12
2 4 5 10 13
2 4 5 10 14
2 4 5 11 12
2 4 5 11 13
2 4 5 11 14
2 4 5 12 13
2 4 5 12 14
2 4 5 13 14
2 4 6 7 8
2 4 6 7 9
2 4 6 7 10
2 4 6 7 11
2 4 6 7 12
2 4 6 7 13
2 4 6 7 14
2 4 6 8 9
2 4 6 8 10
2 4 6 8 11
2 4 6 8 12
2 4 6 8 13
2 4 6 8 14
2 4 6 9 10
2 4 6 9 11
2 4 6 9 12
2 4 6 9 13
2 4 6 9 14
2 4 6 10 11
2 4 6 10 12
2 4 6 10 13
2 4 6 10 14
2 4 6 11 12
2 4 6 11 13
2 4 6 11 14
2 4 6 12 13
2 4 6 12 14
2 4 6 13 14
2 4 7 8 9
2 4 7 8 10
2 4 7 8 11
2 4 7 8 12
2 4 7 8 13
2 4 7 8 14
2 4 7 9 10
2 4 7 9 11
2 4 7 9 12
2 4 7 9 13
2 4 7 9 14
2 4 7 10 11
2 4 7 10 12
2 4 7 10 13
2 4 7 10 14
2 4 7 11 12
2 4 7 11 13
2 4 7 11 14
2 4 7 12 13
2 4 7 12 14
2 4 7 13 14
2 4 8 9 10
2 4 8 9 11
2 4 8 9 12
2 4 8 9 13
2 4 8 9 14
2 4 8 10 11
2 4 8 10 12
2 4 8 10 13
2 4 8 10 14
2 4 8 11 12
2 4 8 11 13
2 4 8 11 14
2 4 8 12 13
2 4 8 12 14
2 4 8 13 14
2 4 9 10 11
2 4 9 10 12
2 4 9 10 13
2 4 9 10 14
2 4 9 11 12
2 4 9 11 13
2 4 9 11 14
2 4 9 12 13
2 4 9 12 14
2 4 9 13 14
2 4 10 11 12
2 4 10 11 13
2 4 10 11 14
2 4 10 12 13
2 4 10 12 14
2 4 10 13 14
2 4 11 12 13
2 4 11 12 14
2 4 11 13 14
2 4 12 13 14
2 5 6 7 8
2 5 6 7 9
2 5 6 7 10
2 5 6 7 11
2 5 6 7 12
2 5 6 7 13
2 5 6 7 14
2 5 6 8 9
2 5 6 8 10
2 5 6 8 11
2 5 6 8 12
2 5 6 8 13
2 5 6 8 14
2 5 6 9 10
2 5 6 9 11
2 5 6 9 12
2 5 6 9 13
2 5 6 9 14
2 5 6 10 11
2 5 6 10 12
2 5 6 10 13
2 5 6 10 14
2 5 6 11 12
2 5 6 11 13
2 5 6 11 14
2 5 6 12 13
2 5 6 12 14
2 5 6 13 14
2 5 7 8 9
2 5 7 8 10
2 5 7 8 11
2 5 7 8 12
2 5 7 8 13
2 5 7 8 14
2 5 7 9 10
2 5 7 9 11
2 5 7 9 12
2 5 7 9 13
2 5 7 9 14
2 5 7 10 11
2 5 7 10 12
2 5 7 10 13
2 5 7 10 14
2 5 7 11 12
2 5 7 11 13
2 5 7 11 14
2 5 7 12 13
2 5 7 12 14
2 5 7 13 14
2 5 8 9 10
2 5 8 9 11
2 5 8 9 12
2 5 8 9 13
2 5 8 9 14
2 5 8 10 11
2 5 8 10 12
2 5 8 10 13
2 5 8 10 14
2 5 8 11 12
2 5 8 11 13
2 5 8 11 14
2 5 8 12 13
2 5 8 12 14
2 5 8 13 14
2 5 9 10 11
2 5 9 10 12
2 5 9 10 13
2 5 9 10 14
2 5 9 11 12
2 5 9 11 13
2 5 9 11 14
2 5 9 12 13
2 5 9 12 14
2 5 9 13 14
2 5 10 11 12
2 5 10 11 13
2 5 10 11 14
2 5 10 12 13
2 5 10 12 14
2 5 10 13 14
2 5 11 12 13
2 5 11 12 14
2 5 11 13 14
2 5 12 13 14
2 6 7 8 9
2 6 7 8 10
2 6 7 8 11
2 6 7 8 12
2 6 7 8 13
2 6 7 8 14
2 6 7 9 10
2 6 7 9 11
2 6 7 9 12
2 6 7 9 13
2 6 7 9 14
2 6 7 10 11
2 6 7 10 12
2 6 7 10 13
2 6 7 10 14
2 6 7 11 12
2 6 7 11 13
2 6 7 11 14
2 6 7 12 13
2 6 7 12 14
2 6 7 13 14
2 6 8 9 10
2 6 8 9 11
2 6 8 9 12
2 6 8 9 13
2 6 8 9 14
2 6 8 10 11
2 6 8 10 12
2 6 8 10 13
2 6 8 10 14
2 6 8 11 12
2 6 8 11 13
2 6 8 11 14
2 6 8 12 13
2 6 8 12 14
2 6 8 13 14
2 6 9 10 11
2 6 9 10 12
2 6 9 10 13
2 6 9 10 14
2 6 9 11 12
2 6 9 11 13
2 6 9 11 14
2 6 9 12 13
2 6 9 12 14
2 6 9 13 14
2 6 10 11 12
2 6 10 11 13
2 6 10 11 14
2 6 10 12 13
2 6 10 12 14
2 6 10 13 14
2 6 11 12 13
2 6 11 12 14
2 6 11 13 14
2 6 12 13 14
2 7 8 9 10
2 7 8 9 11
2 7 8 9 12
2 7 8 9 13
2 7 8 9 14
2 7 8 10 11
2 7 8 10 12
2 7 8 10 13
2 7 8 10 14
2 7 8 11 12
2 7 8 11 13
2 7 8 11 14
2 7 8 12 13
2 7 8 12 14
2 7 8 13 14
2 7 9 10 11
2 7 9 10 12
2 7 9 10 13
2 7 9 10 14
2 7 9 11 12
2 7 9 11 13
2 7 9 11 14
2 7 9 12 13
2 7 9 12 14
2 7 9 13 14
2 7 10 11 12
2 7 10 11 13
2 7 10 11 14
2 7 10 12 13
2 7 10 12 14
2 7 10 13 14
2 7 11 12 13
2 7 11 12 14
2 7 11 13 14
2 7 12 13 14
2 8 9 10 11
2 8 9 10 12
2 8 9 10 13
2 8 9 10 14
2 8 9 11 12
2 8 9 11 13
2 8 9 11 14
2 8 9 12 13
2 8 9 12 14
2 8 9 13 14
2 8 10 11 12
2 8 10 11 13
2 8 10 11 14
2 8 10 12 13
2 8 10 12 14
2 8 10 13 14
2 8 11 12 13
2 8 11 12 14
2 8 11 13 14
2 8 12 13 14
2 9 10 11 12
2 9 10 11 13
2 9 10 11 14
2 9 10 12 13
2 9 10 12 14
2 9 10 13 14
2 9 11 12 13
2 9 11 12 14
2 9 11 13 14
2 9 12 13 14
2 10 11 12 13
2 10 11 12 14
2 10 11 13 14
2 10 12 13 14
2 11 12 13 14
3 4 5 6 7
3 4 5 6 8
3 4 5 6 9
3 4 5 6 10
3 4 5 6 11
3 4 5 6 12
3 4 5 6 13
3 4 5 6 14
3 4 5 7 8
3 4 5 7 9
3 4 5 7 10
3 4 5 7 11
3 4 5 7 12
3 4 5 7 13
3 4 5 7 14
3 4 5 8 9
3 4 5 8 10
3 4 5 8 11
3 4 5 8 12
3 4 5 8 13
3 4 5 8 14
3 4 5 9 10
3 4 5 9 11
3 4 5 9 12
3 4 5 9 13
3 4 5 9 14
3 4 5 10 11
3 4 5 10 12
3 4 5 10 13
3 4 5 10 14
3 4 5 11 12
3 4 5 11 13
3 4 5 11 14
3 4 5 12 13
3 4 5 12 14
3 4 5 13 14
3 4 6 7 8
3 4 6 7 9
3 4 6 7 10
3 4 6 7 11
3 4 6 7 12
3 4 6 7 13
3 4 6 7 14
3 4 6 8 9
3 4 6 8 10
3 4 6 8 11
3 4 6 8 12
3 4 6 8 13
3 4 6 8 14
3 4 6 9 10
3 4 6 9 11
3 4 6 9 12
3 4 6 9 13
3 4 6 9 14
3 4 6 10 11
3 4 6 10 12
3 4 6 10 13
3 4 6 10 14
3 4 6 11 12
3 4 6 11 13
3 4 6 11 14
3 4 6 12 13
3 4 6 12 14
3 4 6 13 14
3 4 7 8 9
3 4 7 8 10
3 4 7 8 11
3 4 7 8 12
3 4 7 8 13
3 4 7 8 14
3 4 7 9 10
3 4 7 9 11
3 4 7 9 12
3 4 7 9 13
3 4 7 9 14
3 4 7 10 11
3 4 7 10 12
3 4 7 10 13
3 4 7 10 14
3 4 7 11 12
3 4 7 11 13
3 4 7 11 14
3 4 7 12 13
3 4 7 12 14
3 4 7 13 14
3 4 8 9 10
3 4 8 9 11
3 4 8 9 12
3 4 8 9 13
3 4 8 9 14
3 4 8 10 11
3 4 8 10 12
3 4 8 10 13
3 4 8 10 14
3 4 8 11 12
3 4 8 11 13
3 4 8 11 14
3 4 8 12 13
3 4 8 12 14
3 4 8 13 14
3 4 9 10 11
3 4 9 10 12
3 4 9 10 13
3 4 9 10 14
3 4 9 11 12
3 4 9 11 13
3 4 9 11 14
3 4 9 12 13
3 4 9 12 14
3 4 9 13 14
3 4 10 11 12
3 4 10 11 13
3 4 10 11 14
3 4 10 12 13
3 4 10 12 14
3 4 10 13 14
3 4 11 12 13
3 4 11 12 14
3 4 11 13 14
3 4 12 13 14
3 5 6 7 8
3 5 6 7 9
3 5 6 7 10
3 5 6 7 11
3 5 6 7 12
3 5 6 7 13
3 5 6 7 14
3 5 6 8 9
3 5 6 8 10
3 5 6 8 11
3 5 6 8 12
3 5 6 8 13
3 5 6 8 14
3 5 6 9 10
3 5 6 9 11
3 5 6 9 12
3 5 6 9 13
3 5 6 9 14
3 5 6 10 11
3 5 6 10 12
3 5 6 10 13
3 5 6 10 14
3 5 6 11 12
3 5 6 11 13
3 5 6 11 14
3 5 6 12 13
3 5 6 12 14
3 5 6 13 14
3 5 7 8 9
3 5 7 8 10
3 5 7 8 11
3 5 7 8 12
3 5 7 8 13
3 5 7 8 14
3 5 7 9 10
3 5 7 9 11
3 5 7 9 12
3 5 7 9 13
3 5 7 9 14
3 5 7 10 11
3 5 7 10 12
3 5 7 10 13
3 5 7 10 14
3 5 7 11 12
3 5 7 11 13
3 5 7 11 14
3 5 7 12 13
3 5 7 12 14
3 5 7 13 14
3 5 8 9 10
3 5 8 9 11
3 5 8 9 12
3 5 8 9 13
3 5 8 9 14
3 5 8 10 11
3 5 8 10 12
3 5 8 10 13
3 5 8 10 14
3 5 8 11 12
3 5 8 11 13
3 5 8 11 14
3 5 8 12 13
3 5 8 12 14
3 5 8 13 14
3 5 9 10 11
3 5 9 10 12
3 5 9 10 13
3 5 9 10 14
3 5 9 11 12
3 5 9 11 13
3 5 9 11 14
3 5 9 12 13
3 5 9 12 14
3 5 9 13 14
3 5 10 11 12
3 5 10 11 13
3 5 10 11 14
3 5 10 12 13
3 5 10 12 14
3 5 10 13 14
3 5 11 12 13
3 5 11 12 14
3 5 11 13 14
3 5 12 13 14
3 6 7 8 9
3 6 7 8 10
3 6 7 8 11
3 6 7 8 12
3 6 7 8 13
3 6 7 8 14
3 6 7 9 10
3 6 7 9 11
3 6 7 9 12
3 6 7 9 13
3 6 7 9 14
3 6 7 10 11
3 6 7 10 12
3 6 7 10 13
3 6 7 10 14
3 6 7 11 12
3 6 7 11 13
3 6 7 11 14
3 6 7 12 13
3 6 7 12 14
3 6 7 13 14
3 6 8 9 10
3 6 8 9 11
3 6 8 9 12
3 6 8 9 13
3 6 8 9 14
3 6 8 10 11
3 6 8 10 12
3 6 8 10 13
3 6 8 10 14
3 6 8 11 12
3 6 8 11 13
3 6 8 11 14
3 6 8 12 13
3 6 8 12 14
3 6 8 13 14
3 6 9 10 11
3 6 9 10 12
3 6 9 10 13
3 6 9 10 14
3 6 9 11 12
3 6 9 11 13
3 6 9 11 14
3 6 9 12 13
3 6 9 12 14
3 6 9 13 14
3 6 10 11 12
3 6 10 11 13
3 6 10 11 14
3 6 10 12 13
3 6 10 12 14
3 6 10 13 14
3 6 11 12 13
3 6 11 12 14
3 6 11 13 14
3 6 12 13 14
3 7 8 9 10
3 7 8 9 11
3 7 8 9 12
3 7 8 9 13
3 7 8 9 14
3 7 8 10 11
3 7 8 10 12
3 7 8 10 13
3 7 8 10 14
3 7 8 11 12
3 7 8 11 13
3 7 8 11 14
3 7 8 12 13
3 7 8 12 14
3 7 8 13 14
3 7 9 10 11
3 7 9 10 12
3 7 9 10 13
3 7 9 10 14
3 7 9 11 12
3 7 9 11 13
3 7 9 11 14
3 7 9 12 13
3 7 9 12 14
3 7 9 13 14
3 7 10 11 12
3 7 10 11 13
3 7 10 11 14
3 7 10 12 13
3 7 10 12 14
3 7 10 13 14
3 7 11 12 13
3 7 11 12 14
3 7 11 13 14
3 7 12 13 14
3 8 9 10 11
3 8 9 10 12
3 8 9 10 13
3 8 9 10 14
3 8 9 11 12
3 8 9 11 13
3 8 9 11 14
3 8 9 12 13
3 8 9 12 14
3 8 9 13 14
3 8 10 11 12
3 8 10 11 13
3 8 10 11 14
3 8 10 12 13
3 8 10 12 14
3 8 10 13 14
3 8 11 12 13
3 8 11 12 14
3 8 11 13 14
3 8 12 13 14
3 9 10 11 12
3 9 10 11 13
3 9 10 11 14
3 9 10 12 13
3 9 10 12 14
3 9 10 13 14
3 9 11 12 13
3 9 11 12 14
3 9 11 13 14
3 9 12 13 14
3 10 11 12 13
3 10 11 12 14
3 10 11 13 14
3 10 12 13 14
3 11 12 13 14
4 5 6 7 8
4 5 6 7 9
4 5 6 7 10
4 5 6 7 11
4 5 6 7 12
4 5 6 7 13
4 5 6 7 14
4 5 6 8 9
4 5 6 8 10
4 5 6 8 11
4 5 6 8 12
4 5 6 8 13
4 5 6 8 14
4 5 6 9 10
4 5 6 9 11
4 5 6 9 12
4 5 6 9 13
4 5 6 9 14
4 5 6 10 11
4 5 6 10 12
4 5 6 10 13
4 5 6 10 14
4 5 6 11 12
4 5 6 11 13
4 5 6 11 14
4 5 6 12 13
4 5 6 12 14
4 5 6 13 14
4 5 7 8 9
4 5 7 8 10
4 5 7 8 11
4 5 7 8 12
4 5 7 8 13
4 5 7 8 14
4 5 7 9 10
4 5 7 9 11
4 5 7 9 12
4 5 7 9 13
4 5 7 9 14
4 5 7 10 11
4 5 7 10 12
4 5 7 10 13
4 5 7 10 14
4 5 7 11 12
4 5 7 11 13
4 5 7 11 14
4 5 7 12 13
4 5 7 12 14
4 5 7 13 14
4 5 8 9 10
4 5 8 9 11
4 5 8 9 12
4 5 8 9 13
4 5 8 9 14
4 5 8 10 11
4 5 8 10 12
4 5 8 10 13
4 5 8 10 14
4 5 8 11 12
4 5 8 11 13
4 5 8 11 14
4 5 8 12 13
4 5 8 12 14
4 5 8 13 14
4 5 9 10 11
4 5 9 10 12
4 5 9 10 13
4 5 9 10 14
4 5 9 11 12
4 5 9 11 13
4 5 9 11 14
4 5 9 12 13
4 5 9 12 14
4 5 9 13 14
4 5 10 11 12
4 5 10 11 13
4 5 10 11 14
4 5 10 12 13
4 5 10 12 14
4 5 10 13 14
4 5 11 12 13
4 5 11 12 14
4 5 11 13 14
4 5 12 13 14
4 6 7 8 9
4 6 7 8 10
4 6 7 8 11
4 6 7 8 12
4 6 7 8 13
4 6 7 8 14
4 6 7 9 10
4 6 7 9 11
4 6 7 9 12
4 6 7 9 13
4 6 7 9 14
4 6 7 10 11
4 6 7 10 12
4 6 7 10 13
4 6 7 10 14
4 6 7 11 12
4 6 7 11 13
4 6 7 11 14
4 6 7 12 13
4 6 7 12 14
4 6 7 13 14
4 6 8 9 10
4 6 8 9 11
4 6 8 9 12
4 6 8 9 13
4 6 8 9 14
4 6 8 10 11
4 6 8 10 12
4 6 8 10 13
4 6 8 10 14
4 6 8 11 12
4 6 8 11 13
4 6 8 11 14
4 6 8 12 13
4 6 8 12 14
4 6 8 13 14
4 6 9 10 11
4 6 9 10 12
4 6 9 10 13
4 6 9 10 14
4 6 9 11 12
4 6 9 11 13
4 6 9 11 14
4 6 9 12 13
4 6 9 12 14
4 6 9 13 14
4 6 10 11 12
4 6 10 11 13
4 6 10 11 14
4 6 10 12 13
4 6 10 12 14
4 6 10 13 14
4 6 11 12 13
4 6 11 12 14
4 6 11 13 14
4 6 12 13 14
4 7 8 9 10
4 7 8 9 11
4 7 8 9 12
4 7 8 9 13
4 7 8 9 14
4 7 8 10 11
4 7 8 10 12
4 7 8 10 13
4 7 8 10 14
4 7 8 11 12
4 7 8 11 13
4 7 8 11 14
4 7 8 12 13
4 7 8 12 14
4 7 8 13 14
4 7 9 10 11
4 7 9 10 12
4 7 9 10 13
4 7 9 10 14
4 7 9 11 12
4 7 9 11 13
4 7 9 11 14
4 7 9 12 13
4 7 9 12 14
4 7 9 13 14
4 7 10 11 12
4 7 10 11 13
4 7 10 11 14
4 7 10 12 13
4 7 10 12 14
4 7 10 13 14
4 7 11 12 13
4 7 11 12 14
4 7 11 13 14
4 7 12 13 14
4 8 9 10 11
4 8 9 10 12
4 8 9 10 13
4 8 9 10 14
4 8 9 11 12
4 8 9 11 13
4 8 9 11 14
4 8 9 12 13
4 8 9 12 14
4 8 9 13 14
4 8 10 11 12
4 8 10 11 13
4 8 10 11 14
4 8 10 12 13
4 8 10 12 14
4 8 10 13 14
4 8 11 12 13
4 8 11 12 14
4 8 11 13 14
4 8 12 13 14
4 9 10 11 12
4 9 10 11 13
4 9 10 11 14
4 9 10 12 13
4 9 10 12 14
4 9 10 13 14
4 9 11 12 13
4 9 11 12 14
4 9 11 13 14
4 9 12 13 14
4 10 11 12 13
4 10 11 12 14
4 10 11 13 14
4 10 12 13 14
4 11 12 13 14
5 6 7 8 9
5 6 7 8 10
5 6 7 8 11
5 6 7 8 12
5 6 7 8 13
5 6 7 8 14
5 6 7 9 10
5 6 7 9 11
5 6 7 9 12
5 6 7 9 13
5 6 7 9 14
5 6 7 10 11
5 6 7 10 12
5 6 7 10 13
5 6 7 10 14
5 6 7 11 12
5 6 7 11 13
5 6 7 11 14
5 6 7 12 13
5 6 7 12 14
5 6 7 13 14
5 6 8 9 10
5 6 8 9 11
5 6 8 9 12
5 6 8 9 13
5 6 8 9 14
5 6 8 10 11
5 6 8 10 12
5 6 8 10 13
5 6 8 10 14
5 6 8 11 12
5 6 8 11 13
5 6 8 11 14
5 6 8 12 13
5 6 8 12 14
5 6 8 13 14
5 6 9 10 11
5 6 9 10 12
5 6 9 10 13
5 6 9 10 14
5 6 9 11 12
5 6 9 11 13
5 6 9 11 14
5 6 9 12 13
5 6 9 12 14
5 6 9 13 14
5 6 10 11 12
5 6 10 11 13
5 6 10 11 14
5 6 10 12 13
5 6 10 12 14
5 6 10 13 14
5 6 11 12 13
5 6 11 12 14
5 6 11 13 14
5 6 12 13 14
5 7 8 9 10
5 7 8 9 11
5 7 8 9 12
5 7 8 9 13
5 7 8 9 14
5 7 8 10 11
5 7 8 10 12
5 7 8 10 13
5 7 8 10 14
5 7 8 11 12
5 7 8 11 13
5 7 8 11 14
5 7 8 12 13
5 7 8 12 14
5 7 8 13 14
5 7 9 10 11
5 7 9 10 12
5 7 9 10 13
5 7 9 10 14
5 7 9 11 12
5 7 9 11 13
5 7 9 11 14
5 7 9 12 13
5 7 9 12 14
5 7 9 13 14
5 7 10 11 12
5 7 10 11 13
5 7 10 11 14
5 7 10 12 13
5 7 10 12 14
5 7 10 13 14
5 7 11 12 13
5 7 11 12 14
5 7 11 13 14
5 7 12 13 14
5 8 9 10 11
5 8 9 10 12
5 8 9 10 13
5 8 9 10 14
5 8 9 11 12
5 8 9 11 13
5 8 9 11 14
5 8 9 12 13
5 8 9 12 14
5 8 9 13 14
5 8 10 11 12
5 8 10 11 13
5 8 10 11 14
5 8 10 12 13
5 8 10 12 14
5 8 10 13 14
5 8 11 12 13
5 8 11 12 14
5 8 11 13 14
5 8 12 13 14
5 9 10 11 12
5 9 10 11 13
5 9 10 11 14
5 9 10 12 13
5 9 10 12 14
5 9 10 13 14
5 9 11 12 13
5 9 11 12 14
5 9 11 13 14
5 9 12 13 14
5 10 11 12 13
5 10 11 12 14
5 10 11 13 14
5 10 12 13 14
5 11 12 13 14
6 7 8 9 10
6 7 8 9 11
6 7 8 9 12
6 7 8 9 13
6 7 8 9 14
6 7 8 10 11
6 7 8 10 12
6 7 8 10 13
6 7 8 10 14
6 7 8 11 12
6 7 8 11 13
6 7 8 11 14
6 7 8 12 13
6 7 8 12 14
6 7 8 13 14
6 7 9 10 11
6 7 9 10 12
6 7 9 10 13
6 7 9 10 14
6 7 9 11 12
6 7 9 11 13
6 7 9 11 14
6 7 9 12 13
6 7 9 12 14
6 7 9 13 14
6 7 10 11 12
6 7 10 11 13
6 7 10 11 14
6 7 10 12 13
6 7 10 12 14
6 7 10 13 14
6 7 11 12 13
6 7 11 12 14
6 7 11 13 14
6 7 12 13 14
6 8 9 10 11
6 8 9 10 12
6 8 9 10 13
6 8 9 10 14
6 8 9 11 12
6 8 9 11 13
6 8 9 11 14
6 8 9 12 13
6 8 9 12 14
6 8 9 13 14
6 8 10 11 12
6 8 10 11 13
6 8 10 11 14
6 8 10 12 13
6 8 10 12 14
6 8 10 13 14
6 8 11 12 13
6 8 11 12 14
6 8 11 13 14
6 8 12 13 14
6 9 10 11 12
6 9 10 11 13
6 9 10 11 14
6 9 10 12 13
6 9 10 12 14
6 9 10 13 14
6 9 11 12 13
6 9 11 12 14
6 9 11 13 14
6 9 12 13 14
6 10 11 12 13
6 10 11 12 14
6 10 11 13 14
6 10 12 13 14
6 11 12 13 14
7 8 9 10 11
7 8 9 10 12
7 8 9 10 13
7 8 9 10 14
7 8 9 11 12
7 8 9 11 13
7 8 9 11 14
7 8 9 12 13
7 8 9 12 14
7 8 9 13 14
7 8 10 11 12
7 8 10 11 13
7 8 10 11 14
7 8 10 12 13
7 8 10 12 14
7 8 10 13 14
7 8 11 12 13
7 8 11 12 14
7 8 11 13 14
7 8 12 13 14
7 9 10 11 12
7 9 10 11 13
7 9 10 11 14
7 9 10 12 13
7 9 10 12 14
7 9 10 13 14
7 9 11 12 13
7 9 11 12 14
7 9 11 13 14
7 9 12 13 14
7 10 11 12 13
7 10 11 12 14
7 10 11 13 14
7 10 12 13 14
7 11 12 13 14
8 9 10 11 12
8 9 10 11 13
8 9 10 11 14
8 9 10 12 13
8 9 10 12 14
8 9 10 13 14
8 9 11 12 13
8 9 11 12 14
8 9 11 13 14
8 9 12 13 14
8 10 11 12 13
8 10 11 12 14
8 10 11 13 14
8 10 12 13 14
8 11 12 13 14
9 10 11 12 13
9 10 11 12 14
9 10 11 13 14
9 10 12 13 14
9 11 12 13 14
10 11 12 13 14

Is hamiltonian hermitian? 1
Implicit Hamiltonian constructed
E(core)= 9.189534427600
H(1,1) + E(core) energy = -76.337221208500
Davidson: iter=0 dim=0 root=0 eigenvalue=-85.526755636100
Davidson: iter=1 dim=1 root=0 eigenvalue=-85.568317730326
Davidson: iter=2 dim=2 root=0 eigenvalue=-85.572545952631
Davidson: iter=3 dim=3 root=0 eigenvalue=-85.572727835363
Davidson: iter=4 dim=4 root=0 eigenvalue=-85.572742054501
Davidson: iter=5 dim=5 root=0 eigenvalue=-85.572742826977
Davidson: iter=6 dim=6 root=0 eigenvalue=-85.572742898620
Davidson: iter=7 dim=7 root=0 eigenvalue=-85.572742903109
Davidson: iter=8 dim=8 root=0 eigenvalue=-85.572742903457
Davidson: iter=9 dim=9 root=0 eigenvalue=-85.572742903486
Davidson: iter=10 dim=10 root=0 eigenvalue=-85.572742903489
root no. 0 converged
Davidson converged in 10 iterations.
E(core)= 9.189534427600
E(0)= -76.383208475889
FCI Excitation energies = 1
0.000000000000

Vacuum coefficients in CI state 0 = -0.988989325563
Eigenvector 0 in string basis
0: -0.988989325563 seniority 0 ... 5
1 2 3 4 5
 | 5
1 2 3 4 5

Seniority vectors for all roots (nroots/seniority)
1 6
0.983375670291 0.003627246152 -0.978516602358 0.131542381880 1.000009006293 0.000000000069

Calculating transition densities
Root 0 MO occupations numbers (density matrix diagonal)
14
1.999996689977 1.995373871706 1.984559053278 1.987536229783 1.988257096587 0.004157757106 0.003986074689 0.004393672091 0.003895714143 0.007475973575 0.010280129241 0.002198254894 0.006722976772 0.001166506181
Transition densities done:
Trandens between roots 0 0
14 14
1.999996689977 -0.000026205758 0.000000000000 0.000021759712 0.000000000000 -0.000222324240 0.000000000000 0.000000000000 -0.000186641792 0.000147373107 0.000000000000 0.000144309780 0.000000000000 0.000000000000
-0.000026205758 1.995373871706 0.000000000000 -0.003824816734 0.000000000000 -0.000338690677 0.000000000000 0.000000000000 0.006226109641 0.003789874042 0.000000000000 0.001837114349 0.000000000000 0.000000000000
0.000000000000 0.000000000000 1.984559053278 0.000000000000 0.000000000000 0.000000000000 -0.002581920482 0.000866038066 0.000000000000 0.000000000000 0.000000000000 0.000000000000 -0.008750048546 0.000000000000
0.000021759712 -0.003824816734 0.000000000000 1.987536229783 0.000000000000 0.003761743349 0.000000000000 0.000000000000 -0.003659922828 -0.000150751463 0.000000000000 -0.006356118488 0.000000000000 0.000000000000
0.000000000000 0.000000000000 0.000000000000 0.000000000000 1.988257096587 0.000000000000 0.000000000000 0.000000000000 0.000000000000 0.000000000000 -0.010116049392 0.000000000000 0.000000000000 0.000000000000
-0.000222324240 -0.000338690677 0.000000000000 0.003761743349 0.000000000000 0.004157757106 0.000000000000 0.000000000000 -0.000974961974 -0.005031499448 0.000000000000 -0.002329928400 0.000000000000 0.000000000000
0.000000000000 0.000000000000 -0.002581920482 0.000000000000 0.000000000000 0.000000000000 0.003986074689 0.003312719817 0.000000000000 0.000000000000 0.000000000000 0.000000000000 0.005133069942 0.000000000000
0.000000000000 0.000000000000 0.000866038066 0.000000000000 0.000000000000 0.000000000000 0.003312719817 0.004393672091 0.000000000000 0.000000000000 0.000000000000 0.000000000000 0.004247863079 0.000000000000
-0.000186641792 0.006226109641 0.000000000000 -0.003659922828 0.000000000000 -0.000974961974 0.000000000000 0.000000000000 0.003895714143 0.001999397221 0.000000000000 0.001289469944 0.000000000000 0.000000000000
0.000147373107 0.003789874042 0.000000000000 -0.000150751463 0.000000000000 -0.005031499448 0.000000000000 0.000000000000 0.001999397221 0.007475973575 0.000000000000 0.002542155589 0.000000000000 0.000000000000
0.000000000000 0.000000000000 0.000000000000 0.000000000000 -0.010116049392 0.000000000000 0.000000000000 0.000000000000 0.000000000000 0.000000000000 0.010280129241 0.000000000000 0.000000000000 0.000000000000
0.000144309780 0.001837114349 0.000000000000 -0.006356118488 0.000000000000 -0.002329928400 0.000000000000 0.000000000000 0.001289469944 0.002542155589 0.000000000000 0.002198254894 0.000000000000 0.000000000000
0.000000000000 0.000000000000 -0.008750048546 0.000000000000 0.000000000000 0.000000000000 0.005133069942 0.004247863079 0.000000000000 0.000000000000 0.000000000000 0.000000000000 0.006722976772 0.000000000000
0.000000000000 0.000000000000 0.000000000000 0.000000000000 0.000000000000 0.000000000000 0.000000000000 0.000000000000 0.000000000000 0.000000000000 0.000000000000 0.000000000000 0.000000000000 0.001166506181

State 0 :
Natural orbital occupations
14
1.999997107452 1.996972746174 1.988308832163 1.985999718458 1.984601547151 0.013739273391 0.012937131772 0.010228393665 0.003337343577 0.001284798570 0.001188423529 0.001166506181 0.000202020223 0.000036157719
Natural orbitals (in MO basis)
14 14
0.999942348849 -0.010714017893 -0.000000000000 0.000690559701 0.000000000000 0.000000000000 0.000113029823 -0.000000000000 -0.000124552555 0.000000000000 0.000060303356 0.000000000000 -0.000001187733 0.000000000000
-0.009656197864 -0.925607305254 0.000000000000 -0.378343200776 0.000000000000 0.000000000000 0.002617429256 -0.000000000000 0.002634856417 0.000000000000 -0.000506923282 0.000000000000 0.000496340013 -0.000000000000
0.000000000000 -0.000000000000 -0.000000000000 0.000000000000 0.999989249074 -0.003517768199 -0.000000000000 -0.000000000000 0.000000000000 0.002555724086 0.000000000000 0.000000000000 -0.000000000000 -0.001610998719
0.004692945898 0.378305650252 -0.000000000000 -0.925659514331 -0.000000000000 -0.000000000000 -0.002588247270 -0.000000000000 -0.001505848300 0.000000000000 -0.002876678425 0.000000000000 0.000181363188 -0.000000000000
-0.000000000000 -0.000000000000 -0.999986922697 0.000000000000 0.000000000000 0.000000000000 0.000000000000 -0.005114140703 0.000000000000 -0.000000000000 -0.000000000000 0.000000000000 -0.000000000000 0.000000000000
-0.000101035402 0.000881334396 -0.000000000000 -0.001694112199 -0.000000000000 -0.000000000000 0.534920883430 0.000000000000 -0.271049299058 -0.000000000000 0.274067754813 0.000000000000 -0.751847813555 0.000000000000
0.000000000000 -0.000000000000 0.000000000000 0.000000000000 -0.001314340798 -0.529554137428 -0.000000000000 -0.000000000000 0.000000000000 0.288263715981 0.000000000000 0.000000000000 0.000000000000 0.797793656336
0.000000000000 -0.000000000000 0.000000000000 0.000000000000 0.000425648215 -0.499625118314 -0.000000000000 -0.000000000000 0.000000000000 -0.866039451051 -0.000000000000 0.000000000000 -0.000000000000 -0.018714411495
-0.000132085231 -0.003588734708 0.000000000000 0.000522597203 0.000000000000 0.000000000000 -0.263292973748 0.000000000000 -0.940703815890 -0.000000000000 0.100887240006 0.000000000000 0.188578195923 -0.000000000000
0.000055421741 -0.001801159842 0.000000000000 -0.000645938742 0.000000000000 0.000000000000 -0.736294257160 -0.000000000000 0.180640919586 -0.000000000000 0.513656241335 0.000000000000 -0.401737758116 0.000000000000
-0.000000000000 0.000000000000 0.005114140703 -0.000000000000 -0.000000000000 0.000000000000 0.000000000000 -0.999986922697 -0.000000000000 -0.000000000000 -0.000000000000 0.000000000000 -0.000000000000 0.000000000000
0.000048522891 -0.002064297491 0.000000000000 0.002617006055 0.000000000000 0.000000000000 -0.319990097632 0.000000000000 -0.094700796515 0.000000000000 -0.806757311976 0.000000000000 -0.487616266885 0.000000000000
0.000000000000 -0.000000000000 -0.000000000000 0.000000000000 -0.004426405702 -0.685517893267 -0.000000000000 -0.000000000000 -0.000000000000 0.408501123067 0.000000000000 0.000000000000 -0.000000000000 -0.602637915664
0.000000000000 0.000000000000 0.000000000000 -0.000000000000 -0.000000000000 0.000000000000 0.000000000000 0.000000000000 0.000000000000 0.000000000000 0.000000000000 1.000000000000 0.000000000000 0.000000000000

