Begin IJ Block
1   1   -33.0221970836
1   2   -0.5826286276
1   4   0.1835141419
2   2   -7.8726407466
2   4   0.2095163950
3   3   -6.7714476154
4   4   -6.8931205840
5   5   -7.0064638261

End IJ Block
Begin IA Block
1   1   -0.1127159948
2   1   -0.5513477213
3   1   -0.0000000000
4   1   -0.2831356127

End IA Block
Begin AB Block
1   1   -2.5350108658

End AB Block
Begin IJAB Block
1   6   1   2   0.0044165925
1   7   1   2   -0.0007144286
1   9   1   2   -0.0008208384
2   6   1   2   -0.0007144286
2   7   1   2   0.0179178612
2   9   1   2   0.0102291567
3   8   1   2   0.0107344906
4   6   1   2   -0.0008208384
4   7   1   2   0.0102291567
4   9   1   2   0.0102524823
5   10   1   2   0.0082984126

End IJAB Block
Begin IJKL Block
1   6   1   6   4.7140380983
1   6   1   7   0.4273966233
1   6   1   9   -0.1350911617
1   6   2   6   0.4273966233
1   6   2   7   0.0593804424
1   6   2   9   -0.0159354391
1   6   3   8   0.0165276109
1   6   4   6   -0.1350911617
1   6   4   7   -0.0159354391
1   6   4   9   0.0256399061
1   6   5   10   0.0249083415
1   7   1   6   0.4273966233
1   7   1   7   1.0480748021
1   7   1   9   -0.0816312546
1   7   2   6   0.0633618894
1   7   2   7   0.0146957703
1   7   2   9   -0.0074000189
1   7   3   8   -0.0228943952
1   7   4   6   -0.0158633179
1   7   4   7   -0.0145098802
1   7   4   9   -0.0218141732
1   7   5   10   -0.0280087183
1   8   1   8   0.8934359927
1   8   2   8   0.0075891737
1   8   3   6   0.0212708662
1   8   3   7   -0.0237579006
1   8   3   9   0.0030549261
1   8   4   8   -0.0075439647
1   9   1   6   -0.1350911617
1   9   1   7   -0.0816312546
1   9   1   9   0.9780662935
1   9   2   6   -0.0158633179
1   9   2   7   -0.0076739948
1   9   2   9   0.0134276046
1   9   3   8   0.0026324753
1   9   4   6   0.0307442595
1   9   4   7   -0.0225149931
1   9   4   9   0.0079543952
1   9   5   10   0.0084048055
1   10   1   10   1.0197410342
1   10   2   10   0.0121310568
1   10   4   10   -0.0047749781
1   10   5   6   0.0303930340
1   10   5   7   -0.0283310378
1   10   5   9   0.0087221272
2   6   1   6   0.4273966233
2   6   1   7   0.0633618894
2   6   1   9   -0.0158633179
2   6   2   6   1.0480748021
2   6   2   7   0.0146957703
2   6   2   9   -0.0145098802
2   6   3   8   -0.0228943952
2   6   4   6   -0.0816312546
2   6   4   7   -0.0074000189
2   6   4   9   -0.0218141732
2   6   5   10   -0.0280087183
2   7   1   6   0.0593804424
2   7   1   7   0.0146957703
2   7   1   9   -0.0076739948
2   7   2   6   0.0146957703
2   7   2   7   0.7435027270
2   7   2   9   0.0176425825
2   7   3   8   0.1403122242
2   7   4   6   -0.0076739948
2   7   4   7   0.0176425825
2   7   4   9   0.1116755191
2   7   5   10   0.1142815069
2   8   1   8   0.0075891737
2   8   2   8   0.6746708447
2   8   3   6   -0.0237579006
2   8   3   7   0.1456538529
2   8   3   9   0.0132967720
2   8   4   8   0.0120041315
2   9   1   6   -0.0159354391
2   9   1   7   -0.0074000189
2   9   1   9   0.0134276046
2   9   2   6   -0.0145098802
2   9   2   7   0.0176425825
2   9   2   9   0.6665291666
2   9   3   8   0.0138601762
2   9   4   6   -0.0225149931
2   9   4   7   0.1168222989
2   9   4   9   -0.0611656373
2   9   5   10   -0.0268311102
2   10   1   10   0.0121310568
2   10   2   10   0.6933802909
2   10   4   10   -0.0300166652
2   10   5   6   -0.0283310378
2   10   5   7   0.1185412955
2   10   5   9   -0.0265951905
3   6   1   8   0.0212708662
3   6   2   8   -0.0237579006
3   6   3   6   0.8934359927
3   6   3   7   0.0075891737
3   6   3   9   -0.0075439647
3   6   4   8   0.0030549261
3   7   1   8   -0.0237579006
3   7   2   8   0.1456538529
3   7   3   6   0.0075891737
3   7   3   7   0.6746708447
3   7   3   9   0.0120041315
3   7   4   8   0.0132967720
3   8   1   6   0.0165276109
3   8   1   7   -0.0228943952
3   8   1   9   0.0026324753
3   8   2   6   -0.0228943952
3   8   2   7   0.1403122242
3   8   2   9   0.0138601762
3   8   3   8   0.6496759923
3   8   4   6   0.0026324753
3   8   4   7   0.0138601762
3   8   4   9   0.0285804532
3   8   5   10   0.0206696001
3   9   1   8   0.0030549261
3   9   2   8   0.0132967720
3   9   3   6   -0.0075439647
3   9   3   7   0.0120041315
3   9   3   9   0.5976185761
3   9   4   8   0.0354310567
3   10   3   10   0.6107282245
3   10   5   8   0.0270990109
4   6   1   6   -0.1350911617
4   6   1   7   -0.0158633179
4   6   1   9   0.0307442595
4   6   2   6   -0.0816312546
4   6   2   7   -0.0076739948
4   6   2   9   -0.0225149931
4   6   3   8   0.0026324753
4   6   4   6   0.9780662935
4   6   4   7   0.0134276046
4   6   4   9   0.0079543952
4   6   5   10   0.0084048055
4   7   1   6   -0.0159354391
4   7   1   7   -0.0145098802
4   7   1   9   -0.0225149931
4   7   2   6   -0.0074000189
4   7   2   7   0.0176425825
4   7   2   9   0.1168222989
4   7   3   8   0.0138601762
4   7   4   6   0.0134276046
4   7   4   7   0.6665291666
4   7   4   9   -0.0611656373
4   7   5   10   -0.0268311102
4   8   1   8   -0.0075439647
4   8   2   8   0.0120041315
4   8   3   6   0.0030549261
4   8   3   7   0.0132967720
4   8   3   9   0.0354310567
4   8   4   8   0.5976185761
4   9   1   6   0.0256399061
4   9   1   7   -0.0218141732
4   9   1   9   0.0079543952
4   9   2   6   -0.0218141732
4   9   2   7   0.1116755191
4   9   2   9   -0.0611656373
4   9   3   8   0.0285804532
4   9   4   6   0.0079543952
4   9   4   7   -0.0611656373
4   9   4   9   0.6897070989
4   9   5   10   0.0306063444
4   10   1   10   -0.0047749781
4   10   2   10   -0.0300166652
4   10   4   10   0.6372912616
4   10   5   6   0.0087221272
4   10   5   7   -0.0265951905
4   10   5   9   0.0365078349
5   6   1   10   0.0303930340
5   6   2   10   -0.0283310378
5   6   4   10   0.0087221272
5   6   5   6   1.0197410342
5   6   5   7   0.0121310568
5   6   5   9   -0.0047749781
5   7   1   10   -0.0283310378
5   7   2   10   0.1185412955
5   7   4   10   -0.0265951905
5   7   5   6   0.0121310568
5   7   5   7   0.6933802909
5   7   5   9   -0.0300166652
5   8   3   10   0.0270990109
5   8   5   8   0.6107282245
5   9   1   10   0.0087221272
5   9   2   10   -0.0265951905
5   9   4   10   0.0365078349
5   9   5   6   -0.0047749781
5   9   5   7   -0.0300166652
5   9   5   9   0.6372912616
5   10   1   6   0.0249083415
5   10   1   7   -0.0280087183
5   10   1   9   0.0084048055
5   10   2   6   -0.0280087183
5   10   2   7   0.1142815069
5   10   2   9   -0.0268311102
5   10   3   8   0.0206696001
5   10   4   6   0.0084048055
5   10   4   7   -0.0268311102
5   10   4   9   0.0306063444
5   10   5   10   0.7094199829

End IJKL Block
Begin ABCD Block
1   2   1   2   0.2229285165

End ABCD Block
Begin AIJB Block
1   6   1   2   0.0040138466
1   6   2   2   -0.0004173521
1   6   4   2   -0.0005054468
1   7   1   2   -0.0004173521
1   7   2   2   0.0135643412
1   7   4   2   0.0073333463
1   8   3   2   0.0079034167
1   9   1   2   -0.0005054468
1   9   2   2   0.0073333463
1   9   4   2   0.0086588772
1   10   5   2   0.0061334740

1   6   6   1   -0.2840224272
1   6   7   1   -0.0006092086
1   6   9   1   0.0030661972
1   7   6   1   -0.0006092086
1   7   7   1   -0.2696033120
1   7   9   1   -0.0176075589
1   8   8   1   -0.2660135863
1   9   6   1   0.0030661972
1   9   7   1   -0.0176075589
1   9   9   1   -0.2557544166
1   10   10   1   -0.2593165517

End AIJB Block
Begin IJKA Block
1   6   1   2   0.0918112320
1   6   2   2   0.0148793209
1   6   4   2   0.0003745554
1   7   1   2   0.1102210243
1   7   2   2   0.0016488031
1   7   4   2   -0.0056991648
1   8   3   2   -0.0031408858
1   9   1   2   0.0489605369
1   9   2   2   -0.0006841924
1   9   4   2   -0.0022845489
1   10   5   2   -0.0045596026
2   6   1   2   0.0157746888
2   6   2   2   0.0008391123
2   6   4   2   -0.0055614077
2   7   1   2   0.0007391156
2   7   2   2   0.0650362711
2   7   4   2   0.0119317935
2   8   3   2   0.0046562683
2   9   1   2   -0.0008722104
2   9   2   2   0.0326269179
2   9   4   2   0.0004026855
2   10   5   2   0.0118943253
3   6   3   2   0.0003778722
3   7   3   2   0.0488768395
3   8   1   2   -0.0029916247
3   8   2   2   0.0047017884
3   8   4   2   -0.0008970441
3   9   3   2   0.0228499066
4   6   1   2   0.0006805747
4   6   2   2   -0.0057791856
4   6   4   2   0.0044111289
4   7   1   2   -0.0055621812
4   7   2   2   0.0123224074
4   7   4   2   0.0442439864
4   8   3   2   -0.0006185431
4   9   1   2   -0.0019349097
4   9   2   2   0.0008108411
4   9   4   2   0.0319096423
4   10   5   2   0.0012141566
5   6   5   2   0.0016492467
5   7   5   2   0.0559656731
5   9   5   2   0.0282569404
5   10   1   2   -0.0040413113
5   10   2   2   0.0116076485
5   10   4   2   0.0015384586

End IJKA Block
Begin IABC Block
1   2   1   2   -0.0003138038
2   2   1   2   0.0048196615
4   2   1   2   -0.0029249224

End IABC Block
