Begin IJ Block
1   1   -33.0233538801
1   2   -0.5812390304
1   4   -0.1862085726
2   2   -7.8576306992
2   4   -0.2450993831
3   3   -6.7027186805
4   4   -6.9237779233
5   5   -7.0886145840

End IJ Block
Begin IA Block
1   1   0.1790435995
1   4   -0.1600186184
1   5   0.1195651091
2   1   0.8981442105
2   4   -0.6449552935
2   5   0.0612144095
3   2   1.1296863024
3   3   -0.5782536611
4   1   -0.4991710164
4   4   0.6510269478
4   5   1.5341134439

End IA Block
Begin AB Block
1   1   -3.3613241782
1   2   0.0000000000
1   4   1.0437269533
1   5   0.4431914231
2   2   -3.1505029448
2   3   1.0080509625
2   4   0.0000000000
3   3   -4.0844866023
4   4   -4.0765057502
4   5   -0.4525534328
5   5   -4.7446687358

End AB Block
Begin IJAB Block
1   6   1   6   0.0103280772
1   6   1   7   0.0000000000
1   6   1   8   0.0000000000
1   6   1   9   -0.0113654705
1   6   1   10   -0.0041729524
1   6   2   6   0.0000000000
1   6   2   7   0.0063839223
1   6   2   8   -0.0061054022
1   6   2   9   0.0000000000
1   6   3   6   0.0000000000
1   6   3   7   -0.0061054022
1   6   3   8   0.0057995320
1   6   4   6   -0.0113654705
1   6   4   7   0.0000000000
1   6   4   9   0.0137240381
1   6   4   10   0.0109199762
1   6   5   6   -0.0041729524
1   6   5   9   0.0109199762
1   6   5   10   0.0334682720
1   7   1   6   -0.0013084635
1   7   1   9   0.0022164591
1   7   1   10   0.0052017437
1   7   2   7   -0.0056508956
1   7   2   8   0.0044236637
1   7   3   7   0.0053285456
1   7   3   8   -0.0044687616
1   7   4   6   0.0031650727
1   7   4   9   -0.0048174865
1   7   4   10   -0.0080156717
1   7   5   6   0.0088029661
1   7   5   9   -0.0115491094
1   7   5   10   -0.0141001549
1   8   1   7   0.0006498347
1   8   1   8   -0.0026856954
1   8   2   6   -0.0026981767
1   8   2   9   -0.0000589949
1   8   2   10   0.0006101827
1   8   3   6   0.0023151897
1   8   3   9   0.0002624718
1   8   3   10   -0.0000052672
1   8   4   7   -0.0009678783
1   8   4   8   0.0040517305
1   8   5   7   0.0003274734
1   8   5   8   0.0051634794
1   9   1   6   0.0012772834
1   9   1   9   -0.0003241825
1   9   1   10   0.0054663768
1   9   2   7   -0.0022321192
1   9   2   8   0.0048363925
1   9   3   7   0.0024603342
1   9   3   8   -0.0048181113
1   9   4   6   -0.0020894289
1   9   4   9   0.0009314088
1   9   4   10   -0.0073221591
1   9   5   6   -0.0037356073
1   9   5   9   0.0026027399
1   9   5   10   -0.0081629986
2   6   1   6   -0.0013084635
2   6   1   9   0.0031650727
2   6   1   10   0.0088029661
2   6   2   7   -0.0056508956
2   6   2   8   0.0053285456
2   6   3   7   0.0044236637
2   6   3   8   -0.0044687616
2   6   4   6   0.0022164591
2   6   4   9   -0.0048174865
2   6   4   10   -0.0115491094
2   6   5   6   0.0052017437
2   6   5   9   -0.0080156717
2   6   5   10   -0.0141001549
2   7   1   6   0.0365773327
2   7   1   9   -0.0347713816
2   7   1   10   -0.0083484868
2   7   2   7   0.0213784215
2   7   2   8   -0.0173546807
2   7   3   7   -0.0173546807
2   7   3   8   0.0418899443
2   7   4   6   -0.0347713816
2   7   4   9   0.0548438050
2   7   4   10   0.0046026095
2   7   5   6   -0.0083484868
2   7   5   9   0.0046026095
2   7   5   10   0.0367340255
2   8   1   7   0.0314383313
2   8   1   8   -0.0145599470
2   8   2   6   0.0131629480
2   8   2   9   -0.0025852863
2   8   2   10   -0.0051976729
2   8   3   6   -0.0107968358
2   8   3   9   0.0272175051
2   8   3   10   -0.0047881936
2   8   4   7   -0.0218595234
2   8   4   8   0.0284877474
2   8   5   7   -0.0016702212
2   8   5   8   -0.0056633481
2   9   1   6   -0.0179212215
2   9   1   9   0.0242038083
2   9   1   10   0.0330068945
2   9   2   7   0.0046897569
2   9   2   8   -0.0135793666
2   9   3   7   -0.0053333322
2   9   3   8   -0.0062430598
2   9   4   6   0.0200440346
2   9   4   9   -0.0358549166
2   9   4   10   -0.0179773221
2   9   5   6   0.0102472363
2   9   5   9   0.0023248733
2   9   5   10   0.0134620265
3   6   1   7   -0.0026981767
3   6   1   8   0.0023151897
3   6   2   6   0.0006498347
3   6   2   9   -0.0009678783
3   6   2   10   0.0003274734
3   6   3   6   -0.0026856954
3   6   3   9   0.0040517305
3   6   3   10   0.0051634794
3   6   4   7   -0.0000589949
3   6   4   8   0.0002624718
3   6   5   7   0.0006101827
3   6   5   8   -0.0000052672
3   7   1   7   0.0131629480
3   7   1   8   -0.0107968358
3   7   2   6   0.0314383313
3   7   2   9   -0.0218595234
3   7   2   10   -0.0016702212
3   7   3   6   -0.0145599470
3   7   3   9   0.0284877474
3   7   3   10   -0.0056633481
3   7   4   7   -0.0025852863
3   7   4   8   0.0272175051
3   7   5   7   -0.0051976729
3   7   5   8   -0.0047881936
3   8   1   6   0.0205300632
3   8   1   9   -0.0247231135
3   8   1   10   0.0016246654
3   8   2   7   0.0491450583
3   8   2   8   -0.0380954494
3   8   3   7   -0.0380954494
3   8   3   8   0.0847861376
3   8   4   6   -0.0247231135
3   8   4   9   0.0730222187
3   8   4   10   -0.0185536669
3   8   5   6   0.0016246654
3   8   5   9   -0.0185536669
3   8   5   10   0.0238709374
3   9   1   7   -0.0073689356
3   9   1   8   0.0112513343
3   9   2   6   -0.0181959524
3   9   2   9   0.0237861481
3   9   2   10   0.0430961947
3   9   3   6   0.0166565199
3   9   3   9   -0.0345509918
3   9   3   10   -0.0358548523
3   9   4   7   0.0160528648
3   9   4   8   -0.0464102453
3   9   5   7   0.0027309032
3   9   5   8   0.0079922053
4   6   1   6   0.0012772834
4   6   1   9   -0.0020894289
4   6   1   10   -0.0037356073
4   6   2   7   -0.0022321192
4   6   2   8   0.0024603342
4   6   3   7   0.0048363925
4   6   3   8   -0.0048181113
4   6   4   6   -0.0003241825
4   6   4   9   0.0009314088
4   6   4   10   0.0026027399
4   6   5   6   0.0054663768
4   6   5   9   -0.0073221591
4   6   5   10   -0.0081629986
4   7   1   6   -0.0179212215
4   7   1   9   0.0200440346
4   7   1   10   0.0102472363
4   7   2   7   0.0046897569
4   7   2   8   -0.0053333322
4   7   3   7   -0.0135793666
4   7   3   8   -0.0062430598
4   7   4   6   0.0242038083
4   7   4   9   -0.0358549166
4   7   4   10   0.0023248733
4   7   5   6   0.0330068945
4   7   5   9   -0.0179773221
4   7   5   10   0.0134620265
4   8   1   7   -0.0181959524
4   8   1   8   0.0166565199
4   8   2   6   -0.0073689356
4   8   2   9   0.0160528648
4   8   2   10   0.0027309032
4   8   3   6   0.0112513343
4   8   3   9   -0.0464102453
4   8   3   10   0.0079922053
4   8   4   7   0.0237861481
4   8   4   8   -0.0345509918
4   8   5   7   0.0430961947
4   8   5   8   -0.0358548523
4   9   1   6   0.0190245947
4   9   1   9   -0.0186089697
4   9   1   10   -0.0179025494
4   9   2   7   0.0136259379
4   9   2   8   -0.0221928550
4   9   3   7   -0.0221928550
4   9   3   8   0.0586031663
4   9   4   6   -0.0186089697
4   9   4   9   0.0368450013
4   9   4   10   0.0323990550
4   9   5   6   -0.0179025494
4   9   5   9   0.0323990550
4   9   5   10   0.1022623286
5   10   1   6   0.0141436680
5   10   1   9   -0.0125812916
5   10   1   10   0.0016278995
5   10   2   7   0.0082690095
5   10   2   8   -0.0074061865
5   10   3   7   -0.0074061865
5   10   3   8   0.0103462860
5   10   4   6   -0.0125812916
5   10   4   9   0.0235133451
5   10   4   10   -0.0046427480
5   10   5   6   0.0016278995
5   10   5   9   -0.0046427480
5   10   5   10   0.0186557527

End IJAB Block
Begin IJKL Block
1   6   1   6   4.7389671035
1   6   1   7   0.4308811638
1   6   1   9   0.1390720298
1   6   2   6   0.4308811638
1   6   2   7   0.0620112558
1   6   2   9   0.0168131451
1   6   3   8   0.0176120841
1   6   4   6   0.1390720298
1   6   4   7   0.0168131451
1   6   4   9   0.0285321581
1   6   5   10   0.0273364978
1   7   1   6   0.4308811638
1   7   1   7   1.0460337364
1   7   1   9   0.0891265767
1   7   2   6   0.0638724922
1   7   2   7   0.0145927033
1   7   2   9   0.0078031529
1   7   3   8   -0.0225439981
1   7   4   6   0.0167896776
1   7   4   7   0.0146716524
1   7   4   9   -0.0223689818
1   7   5   10   -0.0286620422
1   8   1   8   0.8789445957
1   8   2   8   0.0068949142
1   8   3   6   0.0198576909
1   8   3   7   -0.0231633935
1   8   3   9   -0.0032061875
1   8   4   8   0.0072114117
1   9   1   6   0.1390720298
1   9   1   7   0.0891265767
1   9   1   9   0.9825516463
1   9   2   6   0.0167896776
1   9   2   7   0.0079051985
1   9   2   9   0.0128886947
1   9   3   8   -0.0029093068
1   9   4   6   0.0300454079
1   9   4   7   -0.0225685391
1   9   4   9   -0.0089795675
1   9   5   10   -0.0089256171
1   10   1   10   1.0340354060
1   10   2   10   0.0116993791
1   10   4   10   0.0045797620
1   10   5   6   0.0298478063
1   10   5   7   -0.0291290733
1   10   5   9   -0.0092847756
2   6   1   6   0.4308811638
2   6   1   7   0.0638724922
2   6   1   9   0.0167896776
2   6   2   6   1.0460337364
2   6   2   7   0.0145927033
2   6   2   9   0.0146716524
2   6   3   8   -0.0225439981
2   6   4   6   0.0891265767
2   6   4   7   0.0078031529
2   6   4   9   -0.0223689818
2   6   5   10   -0.0286620422
2   7   1   6   0.0620112558
2   7   1   7   0.0145927033
2   7   1   9   0.0079051985
2   7   2   6   0.0145927033
2   7   2   7   0.7471961665
2   7   2   9   -0.0171577109
2   7   3   8   0.1462681078
2   7   4   6   0.0079051985
2   7   4   7   -0.0171577109
2   7   4   9   0.1201057434
2   7   5   10   0.1206537367
2   8   1   8   0.0068949142
2   8   2   8   0.6742279773
2   8   3   6   -0.0231633935
2   8   3   7   0.1487695202
2   8   3   9   -0.0159731851
2   8   4   8   -0.0127351580
2   9   1   6   0.0168131451
2   9   1   7   0.0078031529
2   9   1   9   0.0128886947
2   9   2   6   0.0146716524
2   9   2   7   -0.0171577109
2   9   2   9   0.6763248979
2   9   3   8   -0.0166314497
2   9   4   6   -0.0225685391
2   9   4   7   0.1232955676
2   9   4   9   0.0681642190
2   9   5   10   0.0290103024
2   10   1   10   0.0116993791
2   10   2   10   0.7073025555
2   10   4   10   0.0368990807
2   10   5   6   -0.0291290733
2   10   5   7   0.1243325232
2   10   5   9   0.0298441000
3   6   1   8   0.0198576909
3   6   2   8   -0.0231633935
3   6   3   6   0.8789445957
3   6   3   7   0.0068949142
3   6   3   9   0.0072114117
3   6   4   8   -0.0032061875
3   7   1   8   -0.0231633935
3   7   2   8   0.1487695202
3   7   3   6   0.0068949142
3   7   3   7   0.6742279773
3   7   3   9   -0.0127351580
3   7   4   8   -0.0159731851
3   8   1   6   0.0176120841
3   8   1   7   -0.0225439981
3   8   1   9   -0.0029093068
3   8   2   6   -0.0225439981
3   8   2   7   0.1462681078
3   8   2   9   -0.0166314497
3   8   3   8   0.6541795480
3   8   4   6   -0.0029093068
3   8   4   7   -0.0166314497
3   8   4   9   0.0357333498
3   8   5   10   0.0246985951
3   9   1   8   -0.0032061875
3   9   2   8   -0.0159731851
3   9   3   6   0.0072114117
3   9   3   7   -0.0127351580
3   9   3   9   0.6021373314
3   9   4   8   0.0392397204
3   10   3   10   0.6160243791
3   10   5   8   0.0287735714
4   6   1   6   0.1390720298
4   6   1   7   0.0167896776
4   6   1   9   0.0300454079
4   6   2   6   0.0891265767
4   6   2   7   0.0079051985
4   6   2   9   -0.0225685391
4   6   3   8   -0.0029093068
4   6   4   6   0.9825516463
4   6   4   7   0.0128886947
4   6   4   9   -0.0089795675
4   6   5   10   -0.0089256171
4   7   1   6   0.0168131451
4   7   1   7   0.0146716524
4   7   1   9   -0.0225685391
4   7   2   6   0.0078031529
4   7   2   7   -0.0171577109
4   7   2   9   0.1232955676
4   7   3   8   -0.0166314497
4   7   4   6   0.0128886947
4   7   4   7   0.6763248979
4   7   4   9   0.0681642190
4   7   5   10   0.0290103024
4   8   1   8   0.0072114117
4   8   2   8   -0.0127351580
4   8   3   6   -0.0032061875
4   8   3   7   -0.0159731851
4   8   3   9   0.0392397204
4   8   4   8   0.6021373314
4   9   1   6   0.0285321581
4   9   1   7   -0.0223689818
4   9   1   9   -0.0089795675
4   9   2   6   -0.0223689818
4   9   2   7   0.1201057434
4   9   2   9   0.0681642190
4   9   3   8   0.0357333498
4   9   4   6   -0.0089795675
4   9   4   7   0.0681642190
4   9   4   9   0.7185612126
4   9   5   10   0.0365707631
4   10   1   10   0.0045797620
4   10   2   10   0.0368990807
4   10   4   10   0.6555836622
4   10   5   6   -0.0092847756
4   10   5   7   0.0298441000
4   10   5   9   0.0407280379
5   6   1   10   0.0298478063
5   6   2   10   -0.0291290733
5   6   4   10   -0.0092847756
5   6   5   6   1.0340354060
5   6   5   7   0.0116993791
5   6   5   9   0.0045797620
5   7   1   10   -0.0291290733
5   7   2   10   0.1243325232
5   7   4   10   0.0298441000
5   7   5   6   0.0116993791
5   7   5   7   0.7073025555
5   7   5   9   0.0368990807
5   8   3   10   0.0287735714
5   8   5   8   0.6160243791
5   9   1   10   -0.0092847756
5   9   2   10   0.0298441000
5   9   4   10   0.0407280379
5   9   5   6   0.0045797620
5   9   5   7   0.0368990807
5   9   5   9   0.6555836622
5   10   1   6   0.0273364978
5   10   1   7   -0.0286620422
5   10   1   9   -0.0089256171
5   10   2   6   -0.0286620422
5   10   2   7   0.1206537367
5   10   2   9   0.0290103024
5   10   3   8   0.0246985951
5   10   4   6   -0.0089256171
5   10   4   7   0.0290103024
5   10   4   9   0.0365707631
5   10   5   10   0.7420972009

End IJKL Block
Begin ABCD Block
1   6   1   6   0.3012525110
1   6   1   9   -0.0361352498
1   6   1   10   -0.0260258332
1   6   2   7   0.0738839915
1   6   2   8   0.0024221626
1   6   3   7   0.0024221626
1   6   3   8   0.0138806819
1   6   4   6   -0.0361352498
1   6   4   9   0.0382205852
1   6   4   10   0.0109151164
1   6   5   6   -0.0260258332
1   6   5   9   0.0109151164
1   6   5   10   0.0250368688
1   7   1   7   0.2892060986
1   7   1   8   -0.0301585525
1   7   2   6   0.0738895745
1   7   2   9   -0.0050212622
1   7   2   10   -0.0017801328
1   7   3   6   0.0024307007
1   7   3   9   0.0102788643
1   7   3   10   0.0039911669
1   7   4   7   -0.0339257741
1   7   4   8   0.0240259031
1   7   5   7   -0.0175429020
1   7   5   8   0.0093794302
1   8   1   7   -0.0301585525
1   8   1   8   0.3322022348
1   8   2   6   0.0024307007
1   8   2   9   0.0613183990
1   8   2   10   0.0118271914
1   8   3   6   0.0139028308
1   8   3   9   -0.0204345500
1   8   3   10   0.0024974182
1   8   4   7   0.0240398946
1   8   4   8   -0.0794099793
1   8   5   7   0.0093698674
1   8   5   8   -0.0264041496
1   9   1   6   -0.0361352498
1   9   1   9   0.3471045062
1   9   1   10   -0.0002890915
1   9   2   7   -0.0050187619
1   9   2   8   0.0613324796
1   9   3   7   0.0103168300
1   9   3   8   -0.0204272122
1   9   4   6   0.0382404432
1   9   4   9   -0.0951059777
1   9   4   10   -0.0049929005
1   9   5   6   0.0109113831
1   9   5   9   -0.0371944746
1   9   5   10   -0.0047394694
1   10   1   6   -0.0260258332
1   10   1   9   -0.0002890915
1   10   1   10   0.3264906419
1   10   2   7   -0.0017952044
1   10   2   8   0.0118420800
1   10   3   7   0.0039706831
1   10   3   8   0.0025512062
1   10   4   6   0.0109113831
1   10   4   9   -0.0049644445
1   10   4   10   -0.0700361663
1   10   5   6   0.0250769707
1   10   5   9   -0.0047616512
1   10   5   10   -0.0264330478
2   6   1   7   0.0738895745
2   6   1   8   0.0024307007
2   6   2   6   0.2892060986
2   6   2   9   -0.0339257741
2   6   2   10   -0.0175429020
2   6   3   6   -0.0301585525
2   6   3   9   0.0240259031
2   6   3   10   0.0093794302
2   6   4   7   -0.0050212622
2   6   4   8   0.0102788643
2   6   5   7   -0.0017801328
2   6   5   8   0.0039911669
2   7   1   6   0.0738839915
2   7   1   9   -0.0050187619
2   7   1   10   -0.0017952044
2   7   2   7   0.2956600604
2   7   2   8   -0.0273283369
2   7   3   7   -0.0273283369
2   7   3   8   0.0289226212
2   7   4   6   -0.0050187619
2   7   4   9   0.0127579519
2   7   4   10   0.0026789303
2   7   5   6   -0.0017952044
2   7   5   9   0.0026789303
2   7   5   10   0.0051711370
2   8   1   6   0.0024221626
2   8   1   9   0.0613324796
2   8   1   10   0.0118420800
2   8   2   7   -0.0273283369
2   8   2   8   0.3224263984
2   8   3   7   0.0289849269
2   8   3   8   -0.0737322458
2   8   4   6   0.0103168300
2   8   4   9   -0.0261895899
2   8   4   10   -0.0005387294
2   8   5   6   0.0039706831
2   8   5   9   -0.0068039910
2   8   5   10   -0.0038311181
2   9   1   7   -0.0050212622
2   9   1   8   0.0613183990
2   9   2   6   -0.0339257741
2   9   2   9   0.3303536437
2   9   2   10   -0.0000797581
2   9   3   6   0.0240398946
2   9   3   9   -0.0703177942
2   9   3   10   -0.0051433326
2   9   4   7   0.0127877866
2   9   4   8   -0.0261696041
2   9   5   7   0.0026330077
2   9   5   8   -0.0067980973
2   10   1   7   -0.0017801328
2   10   1   8   0.0118271914
2   10   2   6   -0.0175429020
2   10   2   9   -0.0000797581
2   10   2   10   0.3067811612
2   10   3   6   0.0093698674
2   10   3   9   -0.0051226499
2   10   3   10   -0.0754340555
2   10   4   7   0.0026330077
2   10   4   8   -0.0004549771
2   10   5   7   0.0052264091
2   10   5   8   -0.0039140827
3   6   1   7   0.0024307007
3   6   1   8   0.0139028308
3   6   2   6   -0.0301585525
3   6   2   9   0.0240398946
3   6   2   10   0.0093698674
3   6   3   6   0.3322022348
3   6   3   9   -0.0794099793
3   6   3   10   -0.0264041496
3   6   4   7   0.0613183990
3   6   4   8   -0.0204345500
3   6   5   7   0.0118271914
3   6   5   8   0.0024974182
3   7   1   6   0.0024221626
3   7   1   9   0.0103168300
3   7   1   10   0.0039706831
3   7   2   7   -0.0273283369
3   7   2   8   0.0289849269
3   7   3   7   0.3224263984
3   7   3   8   -0.0737322458
3   7   4   6   0.0613324796
3   7   4   9   -0.0261895899
3   7   4   10   -0.0068039910
3   7   5   6   0.0118420800
3   7   5   9   -0.0005387294
3   7   5   10   -0.0038311181
3   8   1   6   0.0138806819
3   8   1   9   -0.0204272122
3   8   1   10   0.0025512062
3   8   2   7   0.0289226212
3   8   2   8   -0.0737322458
3   8   3   7   -0.0737322458
3   8   3   8   0.4928310303
3   8   4   6   -0.0204272122
3   8   4   9   0.1309970901
3   8   4   10   0.0042161809
3   8   5   6   0.0025512062
3   8   5   9   0.0042161809
3   8   5   10   0.0153196749
3   9   1   7   0.0102788643
3   9   1   8   -0.0204345500
3   9   2   6   0.0240259031
3   9   2   9   -0.0703177942
3   9   2   10   -0.0051226499
3   9   3   6   -0.0794099793
3   9   3   9   0.4887657306
3   9   3   10   -0.0086155695
3   9   4   7   -0.0261696041
3   9   4   8   0.1310253523
3   9   5   7   -0.0004549771
3   9   5   8   0.0042117422
3   10   1   7   0.0039911669
3   10   1   8   0.0024974182
3   10   2   6   0.0093794302
3   10   2   9   -0.0051433326
3   10   2   10   -0.0754340555
3   10   3   6   -0.0264041496
3   10   3   9   -0.0086155695
3   10   3   10   0.4328535473
3   10   4   7   -0.0067980973
3   10   4   8   0.0042117422
3   10   5   7   -0.0039140827
3   10   5   8   0.0154978469
4   6   1   6   -0.0361352498
4   6   1   9   0.0382404432
4   6   1   10   0.0109113831
4   6   2   7   -0.0050187619
4   6   2   8   0.0103168300
4   6   3   7   0.0613324796
4   6   3   8   -0.0204272122
4   6   4   6   0.3471045062
4   6   4   9   -0.0951059777
4   6   4   10   -0.0371944746
4   6   5   6   -0.0002890915
4   6   5   9   -0.0049929005
4   6   5   10   -0.0047394694
4   7   1   7   -0.0339257741
4   7   1   8   0.0240398946
4   7   2   6   -0.0050212622
4   7   2   9   0.0127877866
4   7   2   10   0.0026330077
4   7   3   6   0.0613183990
4   7   3   9   -0.0261696041
4   7   3   10   -0.0067980973
4   7   4   7   0.3303536437
4   7   4   8   -0.0703177942
4   7   5   7   -0.0000797581
4   7   5   8   -0.0051433326
4   8   1   7   0.0240259031
4   8   1   8   -0.0794099793
4   8   2   6   0.0102788643
4   8   2   9   -0.0261696041
4   8   2   10   -0.0004549771
4   8   3   6   -0.0204345500
4   8   3   9   0.1310253523
4   8   3   10   0.0042117422
4   8   4   7   -0.0703177942
4   8   4   8   0.4887657306
4   8   5   7   -0.0051226499
4   8   5   8   -0.0086155695
4   9   1   6   0.0382205852
4   9   1   9   -0.0951059777
4   9   1   10   -0.0049644445
4   9   2   7   0.0127579519
4   9   2   8   -0.0261895899
4   9   3   7   -0.0261895899
4   9   3   8   0.1309970901
4   9   4   6   -0.0951059777
4   9   4   9   0.5277606926
4   9   4   10   -0.0131695567
4   9   5   6   -0.0049644445
4   9   5   9   -0.0131695567
4   9   5   10   0.0239051083
4   10   1   6   0.0109151164
4   10   1   9   -0.0049929005
4   10   1   10   -0.0700361663
4   10   2   7   0.0026789303
4   10   2   8   -0.0005387294
4   10   3   7   -0.0068039910
4   10   3   8   0.0042161809
4   10   4   6   -0.0371944746
4   10   4   9   -0.0131695567
4   10   4   10   0.4245238953
4   10   5   6   -0.0047616512
4   10   5   9   0.0239596502
4   10   5   10   0.0246454742
5   6   1   6   -0.0260258332
5   6   1   9   0.0109113831
5   6   1   10   0.0250769707
5   6   2   7   -0.0017952044
5   6   2   8   0.0039706831
5   6   3   7   0.0118420800
5   6   3   8   0.0025512062
5   6   4   6   -0.0002890915
5   6   4   9   -0.0049644445
5   6   4   10   -0.0047616512
5   6   5   6   0.3264906419
5   6   5   9   -0.0700361663
5   6   5   10   -0.0264330478
5   7   1   7   -0.0175429020
5   7   1   8   0.0093698674
5   7   2   6   -0.0017801328
5   7   2   9   0.0026330077
5   7   2   10   0.0052264091
5   7   3   6   0.0118271914
5   7   3   9   -0.0004549771
5   7   3   10   -0.0039140827
5   7   4   7   -0.0000797581
5   7   4   8   -0.0051226499
5   7   5   7   0.3067811612
5   7   5   8   -0.0754340555
5   8   1   7   0.0093794302
5   8   1   8   -0.0264041496
5   8   2   6   0.0039911669
5   8   2   9   -0.0067980973
5   8   2   10   -0.0039140827
5   8   3   6   0.0024974182
5   8   3   9   0.0042117422
5   8   3   10   0.0154978469
5   8   4   7   -0.0051433326
5   8   4   8   -0.0086155695
5   8   5   7   -0.0754340555
5   8   5   8   0.4328535473
5   9   1   6   0.0109151164
5   9   1   9   -0.0371944746
5   9   1   10   -0.0047616512
5   9   2   7   0.0026789303
5   9   2   8   -0.0068039910
5   9   3   7   -0.0005387294
5   9   3   8   0.0042161809
5   9   4   6   -0.0049929005
5   9   4   9   -0.0131695567
5   9   4   10   0.0239596502
5   9   5   6   -0.0700361663
5   9   5   9   0.4245238953
5   9   5   10   0.0246454742
5   10   1   6   0.0250368688
5   10   1   9   -0.0047394694
5   10   1   10   -0.0264330478
5   10   2   7   0.0051711370
5   10   2   8   -0.0038311181
5   10   3   7   -0.0038311181
5   10   3   8   0.0153196749
5   10   4   6   -0.0047394694
5   10   4   9   0.0239051083
5   10   4   10   0.0246454742
5   10   5   6   -0.0264330478
5   10   5   9   0.0246454742
5   10   5   10   0.5195275089

End ABCD Block
Begin AIJB Block
1   6   1   6   0.0100823365
1   6   1   7   0.0000000000
1   6   1   8   0.0000000000
1   6   1   9   -0.0110764451
1   6   1   10   -0.0040788063
1   6   2   6   -0.0009185528
1   6   2   9   0.0027485580
1   6   2   10   0.0088226486
1   6   3   7   -0.0024332532
1   6   3   8   0.0021129607
1   6   4   6   0.0010249339
1   6   4   9   -0.0017931452
1   6   4   10   -0.0036485065
1   7   1   6   -0.0009185528
1   7   1   9   0.0018111569
1   7   1   10   0.0049676850
1   7   2   6   0.0335319988
1   7   2   9   -0.0326432640
1   7   2   10   -0.0084807732
1   7   3   7   0.0107610106
1   7   3   8   -0.0102917120
1   7   4   6   -0.0184004415
1   7   4   9   0.0200979460
1   7   4   10   0.0092197025
1   8   1   7   0.0009677481
1   8   1   8   -0.0028421843
1   8   2   7   0.0295745421
1   8   2   8   -0.0144965078
1   8   3   6   0.0191959916
1   8   3   9   -0.0243692369
1   8   3   10   0.0015507551
1   8   4   7   -0.0196556290
1   8   4   8   0.0180518995
1   9   1   6   0.0010249339
1   9   1   9   -0.0000526245
1   9   1   10   0.0057544093
1   9   2   6   -0.0184004415
1   9   2   9   0.0240881318
1   9   2   10   0.0331189740
1   9   3   7   -0.0080288314
1   9   3   8   0.0122057171
1   9   4   6   0.0189651469
1   9   4   9   -0.0190617135
1   9   4   10   -0.0202639228
1   10   5   6   0.0117235560
1   10   5   9   -0.0106817742
1   10   5   10   0.0012324708
2   6   1   6   0.0000000000
2   6   1   7   0.0060881353
2   6   1   8   -0.0058335717
2   6   1   9   0.0000000000
2   6   2   7   -0.0052464948
2   6   2   8   0.0049820097
2   6   3   6   0.0009677481
2   6   3   9   -0.0012222304
2   6   3   10   0.0004163218
2   6   4   7   -0.0020912462
2   6   4   8   0.0023369168
2   7   1   7   -0.0052464948
2   7   1   8   0.0040550822
2   7   2   7   0.0183949282
2   7   2   8   -0.0153201839
2   7   3   6   0.0295745421
2   7   3   9   -0.0224568718
2   7   3   10   -0.0024211773
2   7   4   7   0.0041487794
2   7   4   8   -0.0042268083
2   8   1   6   -0.0024332532
2   8   1   9   -0.0002110792
2   8   1   10   0.0006172088
2   8   2   6   0.0107610106
2   8   2   9   -0.0021269784
2   8   2   10   -0.0060747948
2   8   3   7   0.0470668741
2   8   3   8   -0.0386195148
2   8   4   6   -0.0080288314
2   8   4   9   0.0162556856
2   8   4   10   0.0013451698
2   9   1   7   -0.0020912462
2   9   1   8   0.0046408602
2   9   2   7   0.0041487794
2   9   2   8   -0.0127190518
2   9   3   6   -0.0196556290
2   9   3   9   0.0246525497
2   9   3   10   0.0446687130
2   9   4   7   0.0123753248
2   9   4   8   -0.0211487746
2   10   5   7   0.0064654397
2   10   5   8   -0.0062473124
3   6   1   6   0.0000000000
3   6   1   7   -0.0058335717
3   6   1   8   0.0056396304
3   6   2   7   0.0040550822
3   6   2   8   -0.0041504280
3   6   3   6   -0.0028421843
3   6   3   9   0.0041901742
3   6   3   10   0.0052448422
3   6   4   7   0.0046408602
3   6   4   8   -0.0047271288
3   7   1   7   0.0049820097
3   7   1   8   -0.0041504280
3   7   2   7   -0.0153201839
3   7   2   8   0.0391089458
3   7   3   6   -0.0144965078
3   7   3   9   0.0298241763
3   7   3   10   -0.0057516086
3   7   4   7   -0.0127190518
3   7   4   8   -0.0070403122
3   8   1   6   0.0021129607
3   8   1   9   0.0004007640
3   8   1   10   -0.0000884999
3   8   2   6   -0.0102917120
3   8   2   9   0.0280151627
3   8   2   10   -0.0043525016
3   8   3   7   -0.0386195148
3   8   3   8   0.0856828918
3   8   4   6   0.0122057171
3   8   4   9   -0.0475051538
3   8   4   10   0.0101731407
3   9   1   7   0.0023369168
3   9   1   8   -0.0047271288
3   9   2   7   -0.0042268083
3   9   2   8   -0.0070403122
3   9   3   6   0.0180518995
3   9   3   9   -0.0358794916
3   9   3   10   -0.0367072065
3   9   4   7   -0.0211487746
3   9   4   8   0.0572166307
3   10   5   7   -0.0062473124
3   10   5   8   0.0099289075
4   6   1   6   -0.0110764451
4   6   1   7   0.0000000000
4   6   1   9   0.0134490486
4   6   1   10   0.0107025905
4   6   2   6   0.0018111569
4   6   2   9   -0.0043636099
4   6   2   10   -0.0113511529
4   6   3   7   -0.0002110792
4   6   3   8   0.0004007640
4   6   4   6   -0.0000526245
4   6   4   9   0.0006317750
4   6   4   10   0.0027172938
4   7   1   6   0.0027485580
4   7   1   9   -0.0043636099
4   7   1   10   -0.0076380287
4   7   2   6   -0.0326432640
4   7   2   9   0.0518467309
4   7   2   10   0.0039537945
4   7   3   7   -0.0021269784
4   7   3   8   0.0280151627
4   7   4   6   0.0240881318
4   7   4   9   -0.0358620339
4   7   4   10   0.0024281570
4   8   1   7   -0.0012222304
4   8   1   8   0.0041901742
4   8   2   7   -0.0224568718
4   8   2   8   0.0298241763
4   8   3   6   -0.0243692369
4   8   3   9   0.0722941580
4   8   3   10   -0.0191033811
4   8   4   7   0.0246525497
4   8   4   8   -0.0358794916
4   9   1   6   -0.0017931452
4   9   1   9   0.0006317750
4   9   1   10   -0.0074023632
4   9   2   6   0.0200979460
4   9   2   9   -0.0358620339
4   9   2   10   -0.0196287756
4   9   3   7   0.0162556856
4   9   3   8   -0.0475051538
4   9   4   6   -0.0190617135
4   9   4   9   0.0367568839
4   9   4   10   0.0330082977
4   10   5   6   -0.0106817742
4   10   5   9   0.0219041838
4   10   5   10   -0.0049720314
5   6   1   6   -0.0040788063
5   6   1   9   0.0107025905
5   6   1   10   0.0333044808
5   6   2   6   0.0049676850
5   6   2   9   -0.0076380287
5   6   2   10   -0.0134638897
5   6   3   7   0.0006172088
5   6   3   8   -0.0000884999
5   6   4   6   0.0057544093
5   6   4   9   -0.0074023632
5   6   4   10   -0.0075746182
5   7   1   6   0.0088226486
5   7   1   9   -0.0113511529
5   7   1   10   -0.0134638897
5   7   2   6   -0.0084807732
5   7   2   9   0.0039537945
5   7   2   10   0.0343657147
5   7   3   7   -0.0060747948
5   7   3   8   -0.0043525016
5   7   4   6   0.0331189740
5   7   4   9   -0.0196287756
5   7   4   10   0.0111642811
5   8   1   7   0.0004163218
5   8   1   8   0.0052448422
5   8   2   7   -0.0024211773
5   8   2   8   -0.0057516086
5   8   3   6   0.0015507551
5   8   3   9   -0.0191033811
5   8   3   10   0.0250524705
5   8   4   7   0.0446687130
5   8   4   8   -0.0367072065
5   9   1   6   -0.0036485065
5   9   1   9   0.0027172938
5   9   1   10   -0.0075746182
5   9   2   6   0.0092197025
5   9   2   9   0.0024281570
5   9   2   10   0.0111642811
5   9   3   7   0.0013451698
5   9   3   8   0.0101731407
5   9   4   6   -0.0202639228
5   9   4   9   0.0330082977
5   9   4   10   0.1039969777
5   10   5   6   0.0012324708
5   10   5   9   -0.0049720314
5   10   5   10   0.0201500576

1   6   6   1   -0.4095908254
1   6   6   4   0.1717629940
1   6   6   5   0.0887302562
1   6   7   1   -0.0018213694
1   6   7   4   0.0022686452
1   6   7   5   0.0011418791
1   6   8   2   0.0049627950
1   6   8   3   -0.0017592212
1   6   9   1   -0.0065107863
1   6   9   4   0.0068703696
1   6   9   5   0.0060676810
1   7   6   1   -0.0018213694
1   7   6   4   0.0022431302
1   7   6   5   0.0011353683
1   7   7   1   -0.3674103451
1   7   7   4   0.1132839410
1   7   7   5   0.0487528475
1   7   8   2   -0.0509632747
1   7   8   3   0.0102500889
1   7   9   1   0.0295475615
1   7   9   4   -0.0206768341
1   7   9   5   -0.0294588771
1   8   6   2   0.0049485368
1   8   6   3   -0.0018221923
1   8   7   2   -0.0509122544
1   8   7   3   0.0103821327
1   8   8   1   -0.3574876745
1   8   8   4   0.1032007451
1   8   8   5   0.0369614539
1   8   9   2   0.0166809849
1   8   9   3   -0.0091229774
1   9   6   1   -0.0065107863
1   9   6   4   0.0068877009
1   9   6   5   0.0061024631
1   9   7   1   0.0295475615
1   9   7   4   -0.0206138431
1   9   7   5   -0.0294576315
1   9   8   2   0.0168976584
1   9   8   3   -0.0091995000
1   9   9   1   -0.3402786397
1   9   9   4   0.0889824201
1   9   9   5   0.0290549290
1   10   10   1   -0.3478008770
1   10   10   4   0.0959463132
1   10   10   5   0.0345127724
2   6   6   2   -0.3988621638
2   6   6   3   0.1602901369
2   6   7   2   -0.0020255283
2   6   7   3   0.0023705307
2   6   8   1   0.0049485368
2   6   8   4   -0.0019358571
2   6   8   5   0.0004133237
2   6   9   2   -0.0017576784
2   6   9   3   -0.0006628281
2   7   6   2   -0.0020255283
2   7   6   3   0.0023500548
2   7   7   2   -0.3462867307
2   7   7   3   0.1008480278
2   7   8   1   -0.0509122544
2   7   8   4   0.0167368722
2   7   8   5   0.0058068720
2   7   9   2   0.0099500163
2   7   9   3   0.0083729895
2   8   6   1   0.0049627950
2   8   6   4   -0.0019995557
2   8   6   5   0.0005264541
2   8   7   1   -0.0509632747
2   8   7   4   0.0168673873
2   8   7   5   0.0057837044
2   8   8   2   -0.3494340410
2   8   8   3   0.0970039959
2   8   9   1   0.0168976584
2   8   9   4   -0.0110645890
2   8   9   5   -0.0089136273
2   9   6   2   -0.0017576784
2   9   6   3   -0.0006165698
2   9   7   2   0.0099500163
2   9   7   3   0.0081828047
2   9   8   1   0.0166809849
2   9   8   4   -0.0108692140
2   9   8   5   -0.0088118011
2   9   9   2   -0.3269075445
2   9   9   3   0.0980306785
2   10   10   2   -0.3298888967
2   10   10   3   0.0935712410
3   6   6   2   0.1602901369
3   6   6   3   -0.5599300454
3   6   7   2   0.0023500548
3   6   7   3   -0.0019879620
3   6   8   1   -0.0018221923
3   6   8   4   0.0045004563
3   6   8   5   -0.0019051637
3   6   9   2   -0.0006165698
3   6   9   3   -0.0014140775
3   7   6   2   0.0023705307
3   7   6   3   -0.0019879620
3   7   7   2   0.1008480278
3   7   7   3   -0.5119312143
3   7   8   1   0.0103821327
3   7   8   4   -0.0819040272
3   7   8   5   -0.0007625105
3   7   9   2   0.0081828047
3   7   9   3   0.0258822531
3   8   6   1   -0.0017592212
3   8   6   4   0.0044302075
3   8   6   5   -0.0021050371
3   8   7   1   0.0102500889
3   8   7   4   -0.0817103428
3   8   7   5   -0.0007199356
3   8   8   2   0.0970039959
3   8   8   3   -0.5197631906
3   8   9   1   -0.0091995000
3   8   9   4   0.0438855659
3   8   9   5   0.0040431856
3   9   6   2   -0.0006628281
3   9   6   3   -0.0014140775
3   9   7   2   0.0083729895
3   9   7   3   0.0258822531
3   9   8   1   -0.0091229774
3   9   8   4   0.0441606307
3   9   8   5   0.0037503669
3   9   9   2   0.0980306785
3   9   9   3   -0.4831884671
3   10   10   2   0.0935712410
3   10   10   3   -0.4638831239
4   6   6   1   0.1717629940
4   6   6   4   -0.5882477087
4   6   6   5   -0.1327061943
4   6   7   1   0.0022431302
4   6   7   4   -0.0024854877
4   6   7   5   -0.0042177714
4   6   8   2   -0.0019995557
4   6   8   3   0.0044302075
4   6   9   1   0.0068877009
4   6   9   4   -0.0115519261
4   6   9   5   -0.0026496538
4   7   6   1   0.0022686452
4   7   6   4   -0.0024854877
4   7   6   5   -0.0042292732
4   7   7   1   0.1132839410
4   7   7   4   -0.5236299948
4   7   7   5   -0.0280652601
4   7   8   2   0.0168673873
4   7   8   3   -0.0817103428
4   7   9   1   -0.0206138431
4   7   9   4   0.0641969532
4   7   9   5   -0.0122577502
4   8   6   2   -0.0019358571
4   8   6   3   0.0045004563
4   8   7   2   0.0167368722
4   8   7   3   -0.0819040272
4   8   8   1   0.1032007451
4   8   8   4   -0.5238422372
4   8   8   5   -0.0067296894
4   8   9   2   -0.0108692140
4   8   9   3   0.0441606307
4   9   6   1   0.0068703696
4   9   6   4   -0.0115519261
4   9   6   5   -0.0026813848
4   9   7   1   -0.0206768341
4   9   7   4   0.0641969532
4   9   7   5   -0.0121475022
4   9   8   2   -0.0110645890
4   9   8   3   0.0438855659
4   9   9   1   0.0889824201
4   9   9   4   -0.4626293197
4   9   9   5   -0.0402013243
4   10   10   1   0.0959463132
4   10   10   4   -0.4683660413
4   10   10   5   -0.0319078841
5   6   6   1   0.0887302562
5   6   6   4   -0.1327061943
5   6   6   5   -0.8282814373
5   6   7   1   0.0011353683
5   6   7   4   -0.0042292732
5   6   7   5   -0.0130211418
5   6   8   2   0.0005264541
5   6   8   3   -0.0021050371
5   6   9   1   0.0061024631
5   6   9   4   -0.0026813848
5   6   9   5   0.0027294782
5   7   6   1   0.0011418791
5   7   6   4   -0.0042177714
5   7   6   5   -0.0130211418
5   7   7   1   0.0487528475
5   7   7   4   -0.0280652601
5   7   7   5   -0.5710577258
5   7   8   2   0.0057837044
5   7   8   3   -0.0007199356
5   7   9   1   -0.0294576315
5   7   9   4   -0.0121475022
5   7   9   5   -0.0291835392
5   8   6   2   0.0004133237
5   8   6   3   -0.0019051637
5   8   7   2   0.0058068720
5   8   7   3   -0.0007625105
5   8   8   1   0.0369614539
5   8   8   4   -0.0067296894
5   8   8   5   -0.5249482056
5   8   9   2   -0.0088118011
5   8   9   3   0.0037503669
5   9   6   1   0.0060676810
5   9   6   4   -0.0026496538
5   9   6   5   0.0027294782
5   9   7   1   -0.0294588771
5   9   7   4   -0.0122577502
5   9   7   5   -0.0291835392
5   9   8   2   -0.0089136273
5   9   8   3   0.0040431856
5   9   9   1   0.0290549290
5   9   9   4   -0.0402013243
5   9   9   5   -0.5880544980
5   10   10   1   0.0345127724
5   10   10   4   -0.0319078841
5   10   10   5   -0.5554621105

End AIJB Block
Begin IJKA Block
1   6   1   6   -0.1445778960
1   6   1   9   0.1303765694
1   6   1   10   -0.0924861262
1   6   2   6   -0.0229969049
1   6   2   9   0.0215614600
1   6   2   10   -0.0098139041
1   6   3   7   -0.0109411337
1   6   3   8   0.0105197490
1   6   4   6   0.0006458529
1   6   4   9   -0.0067679843
1   6   4   10   -0.0309062739
1   7   1   6   -0.1852293013
1   7   1   9   0.1551134182
1   7   1   10   -0.0260791500
1   7   2   6   -0.0034381507
1   7   2   9   0.0030580076
1   7   2   10   -0.0040571663
1   7   3   7   0.0096794027
1   7   3   8   -0.0073156560
1   7   4   6   -0.0090620984
1   7   4   9   0.0115427910
1   7   4   10   0.0125552259
1   8   1   7   -0.2144522142
1   8   1   8   0.1492552777
1   8   2   7   -0.0026840500
1   8   2   8   0.0039832111
1   8   3   6   0.0044156879
1   8   3   9   0.0005928315
1   8   3   10   -0.0014765835
1   8   4   7   -0.0004277222
1   8   4   8   -0.0051753770
1   9   1   6   0.0920223807
1   9   1   9   -0.1463505066
1   9   1   10   -0.3585950212
1   9   2   6   -0.0001248716
1   9   2   9   -0.0019676452
1   9   2   10   -0.0105492221
1   9   3   7   0.0037999491
1   9   3   8   -0.0086462400
1   9   4   6   0.0035802696
1   9   4   9   -0.0029656084
1   9   4   10   0.0060364002
1   10   5   6   0.0075747743
1   10   5   9   -0.0107347257
1   10   5   10   0.0067739533
2   6   1   6   -0.0239730261
2   6   1   9   0.0223151652
2   6   1   10   -0.0101676157
2   6   2   6   -0.0014756724
2   6   2   9   -0.0009947021
2   6   2   10   -0.0129420813
2   6   3   7   0.0128853904
2   6   3   8   -0.0120008570
2   6   4   6   -0.0092089013
2   6   4   9   0.0142045134
2   6   4   10   0.0239766905
2   7   1   6   -0.0026132301
2   7   1   9   0.0023386810
2   7   1   10   -0.0038138724
2   7   2   6   -0.1003854785
2   7   2   9   0.0647559928
2   7   2   10   0.0049963370
2   7   3   7   -0.0387246562
2   7   3   8   0.0033563452
2   7   4   6   0.0158275953
2   7   4   9   -0.0151112968
2   7   4   10   -0.0278149481
2   8   1   7   -0.0020024210
2   8   1   8   0.0033801122
2   8   2   7   -0.1156132985
2   8   2   8   0.0307704087
2   8   3   6   -0.0013785255
2   8   3   9   -0.0547043241
2   8   3   10   0.0327682919
2   8   4   7   -0.0219985037
2   8   4   8   0.0671896100
2   9   1   6   -0.0002549711
2   9   1   9   -0.0016537666
2   9   1   10   -0.0097848343
2   9   2   6   0.0535967780
2   9   2   9   -0.0596051199
2   9   2   10   -0.1322089041
2   9   3   7   -0.0229356966
2   9   3   8   0.0725621590
2   9   4   6   0.0029696759
2   9   4   9   -0.0080395179
2   9   4   10   -0.0418828096
2   10   5   6   -0.0225586360
2   10   5   9   0.0436646615
2   10   5   10   -0.0255425841
3   6   1   7   -0.0118879786
3   6   1   8   0.0113695036
3   6   2   7   0.0129092823
3   6   2   8   -0.0120038916
3   6   3   6   -0.0003952636
3   6   3   9   -0.0001213399
3   6   3   10   -0.0066199581
3   6   4   7   0.0019678389
3   6   4   8   -0.0026678531
3   7   1   7   0.0097048219
3   7   1   8   -0.0074325177
3   7   2   7   -0.0377993837
3   7   2   8   0.0032301475
3   7   3   6   -0.0739870196
3   7   3   9   0.0213257830
3   7   3   10   0.0131052702
3   7   4   7   -0.0079385558
3   7   4   8   0.0331178718
3   8   1   6   0.0043058329
3   8   1   9   0.0003942613
3   8   1   10   -0.0012849547
3   8   2   6   -0.0002219666
3   8   2   9   -0.0555915157
3   8   2   10   0.0327103392
3   8   3   7   -0.0997008049
3   8   3   8   0.0112477655
3   8   4   6   -0.0050647876
3   8   4   9   0.0220464081
3   8   4   10   -0.0127086101
3   9   1   7   0.0037179164
3   9   1   8   -0.0081672393
3   9   2   7   -0.0228541437
3   9   2   8   0.0713733564
3   9   3   6   0.0341029283
3   9   3   9   -0.0266490652
3   9   3   10   -0.1074779522
3   9   4   7   -0.0059183467
3   9   4   8   -0.0058293584
3   10   5   7   -0.0112789147
3   10   5   8   0.0117995445
4   6   1   6   0.0007192506
4   6   1   9   -0.0072080884
4   6   1   10   -0.0318957520
4   6   2   6   -0.0091232306
4   6   2   9   0.0141329983
4   6   2   10   0.0238804115
4   6   3   7   0.0020113883
4   6   3   8   -0.0026548483
4   6   4   6   -0.0069992830
4   6   4   9   0.0095346175
4   6   4   10   0.0117548580
4   7   1   6   -0.0086592504
4   7   1   9   0.0112250028
4   7   1   10   0.0121299668
4   7   2   6   0.0150803933
4   7   2   9   -0.0144971153
4   7   2   10   -0.0276896751
4   7   3   7   -0.0078747645
4   7   3   8   0.0334181528
4   7   4   6   -0.0690449150
4   7   4   9   0.0400185293
4   7   4   10   -0.0269132943
4   8   1   7   -0.0003540145
4   8   1   8   -0.0048125689
4   8   2   7   -0.0219396518
4   8   2   8   0.0658521243
4   8   3   6   -0.0049182951
4   8   3   9   0.0218796891
4   8   3   10   -0.0132096774
4   8   4   7   -0.1022400088
4   8   4   8   0.0506688244
4   9   1   6   0.0033500103
4   9   1   9   -0.0028592559
4   9   1   10   0.0056589477
4   9   2   6   0.0027701476
4   9   2   9   -0.0083178493
4   9   2   10   -0.0416683824
4   9   3   7   -0.0057828535
4   9   3   8   -0.0067864793
4   9   4   6   0.0516791589
4   9   4   9   -0.0629795459
4   9   4   10   -0.1467259580
4   10   5   6   0.0006449450
4   10   5   9   0.0022908997
4   10   5   10   -0.0158432597
5   6   5   6   -0.0027112353
5   6   5   9   0.0016566672
5   6   5   10   -0.0025840659
5   7   5   6   -0.0929765072
5   7   5   9   0.0743672153
5   7   5   10   -0.0176507928
5   8   5   7   -0.1131773184
5   8   5   8   0.0602622314
5   9   5   6   0.0492362622
5   9   5   9   -0.0588574849
5   9   5   10   -0.1382094985
5   10   1   6   0.0072097159
5   10   1   9   -0.0099911829
5   10   1   10   0.0065693138
5   10   2   6   -0.0208332191
5   10   2   9   0.0408595930
5   10   2   10   -0.0238247964
5   10   3   7   -0.0104413462
5   10   3   8   0.0113625458
5   10   4   6   0.0005377265
5   10   4   9   0.0018559490
5   10   4   10   -0.0145608466

End IJKA Block
Begin IABC Block
1   6   1   6   0.0009884748
1   6   1   9   -0.0009320892
1   6   1   10   -0.0011951739
1   6   2   7   0.0025728765
1   6   2   8   -0.0009353901
1   6   3   7   -0.0023550906
1   6   3   8   0.0008212504
1   6   4   6   -0.0022748199
1   6   4   9   0.0023145582
1   6   4   10   0.0023979692
1   6   5   6   -0.0062886114
1   6   5   9   0.0066249851
1   6   5   10   0.0058968766
1   7   1   7   -0.0003052238
1   7   1   8   0.0010456079
1   7   2   6   0.0025795831
1   7   2   9   -0.0010122249
1   7   2   10   0.0003029514
1   7   3   6   -0.0023592543
1   7   3   9   0.0007980394
1   7   3   10   -0.0005561471
1   7   4   7   0.0001834218
1   7   4   8   -0.0014171571
1   7   5   7   -0.0015345347
1   7   5   8   -0.0008939892
1   8   1   7   0.0010288601
1   8   1   8   -0.0003465649
1   8   2   6   -0.0009599206
1   8   2   9   0.0022586166
1   8   2   10   -0.0011318174
1   8   3   6   0.0008239551
1   8   3   9   -0.0018867727
1   8   3   10   0.0012879089
1   8   4   7   -0.0014001525
1   8   4   8   0.0004433608
1   8   5   7   -0.0008671942
1   8   5   8   -0.0010778894
1   9   1   6   -0.0009421910
1   9   1   9   0.0020783033
1   9   1   10   -0.0008709953
1   9   2   7   -0.0010259324
1   9   2   8   0.0022450071
1   9   3   7   0.0008055229
1   9   3   8   -0.0018900910
1   9   4   6   0.0023049961
1   9   4   9   -0.0042786992
1   9   4   10   0.0004439475
1   9   5   6   0.0066328660
1   9   5   9   -0.0111020432
1   9   5   10   -0.0021343714
1   10   1   6   -0.0012092490
1   10   1   9   -0.0008553183
1   10   1   10   -0.0056571145
1   10   2   7   0.0003235872
1   10   2   8   -0.0011675756
1   10   3   7   -0.0005743612
1   10   3   8   0.0013147868
1   10   4   6   0.0024242479
1   10   4   9   0.0004128782
1   10   4   10   0.0068269332
1   10   5   6   0.0059028743
1   10   5   9   -0.0021521008
1   10   5   10   0.0048090423
2   6   1   6   -0.0176293654
2   6   1   9   0.0213737654
2   6   1   10   0.0127213932
2   6   2   7   0.0009177076
2   6   2   8   0.0005016319
2   6   3   7   -0.0092657351
2   6   3   8   0.0102464320
2   6   4   6   0.0093549077
2   6   4   9   -0.0086780016
2   6   4   10   -0.0129078934
2   6   5   6   0.0003339562
2   6   5   9   -0.0090827471
2   6   5   10   0.0041249622
2   7   1   7   -0.0129731735
2   7   1   8   0.0133502215
2   7   2   6   0.0008355890
2   7   2   9   0.0004292616
2   7   2   10   -0.0001423725
2   7   3   6   -0.0091980771
2   7   3   9   0.0091184324
2   7   3   10   0.0056597260
2   7   4   7   -0.0006876036
2   7   4   8   -0.0018767397
2   7   5   7   -0.0023215057
2   7   5   8   0.0041756593
2   8   1   7   0.0133945605
2   8   1   8   -0.0270839823
2   8   2   6   0.0005869964
2   8   2   9   0.0025122741
2   8   2   10   0.0037492023
2   8   3   6   0.0105950802
2   8   3   9   -0.0441362766
2   8   3   10   -0.0009631548
2   8   4   7   -0.0016051398
2   8   4   8   -0.0212769624
2   8   5   7   0.0045422689
2   8   5   8   0.0009234504
2   9   1   6   0.0213018240
2   9   1   9   -0.0366376270
2   9   1   10   -0.0139571450
2   9   2   7   0.0004285188
2   9   2   8   0.0025644079
2   9   3   7   0.0094866465
2   9   3   8   -0.0442948658
2   9   4   6   -0.0082092720
2   9   4   9   -0.0111584384
2   9   4   10   0.0221366623
2   9   5   6   -0.0092762145
2   9   5   9   0.0152083346
2   9   5   10   -0.0019236410
2   10   1   6   0.0124699853
2   10   1   9   -0.0139206394
2   10   1   10   -0.0494331456
2   10   2   7   -0.0001857584
2   10   2   8   0.0036284726
2   10   3   7   0.0057099600
2   10   3   8   -0.0005019014
2   10   4   6   -0.0130326993
2   10   4   9   0.0223239818
2   10   4   10   0.0287054657
2   10   5   6   0.0038106801
2   10   5   9   -0.0016168620
2   10   5   10   -0.0151654025
3   6   1   7   0.0236767702
3   6   1   8   0.0004703750
3   6   2   6   -0.0118041444
3   6   2   9   0.0160281012
3   6   2   10   0.0045246043
3   6   3   6   -0.0160913246
3   6   3   9   0.0109852928
3   6   3   10   0.0129649893
3   6   4   7   -0.0364865934
3   6   4   8   0.0123981807
3   6   5   7   0.0121198056
3   6   5   8   0.0014889934
3   7   1   6   0.0235049952
3   7   1   9   -0.0030479296
3   7   1   10   0.0005139321
3   7   2   7   -0.0129016830
3   7   2   8   0.0231415489
3   7   3   7   -0.0061620110
3   7   3   8   -0.0046639314
3   7   4   6   -0.0363797009
3   7   4   9   0.0160899691
3   7   4   10   0.0020418867
3   7   5   6   0.0117914846
3   7   5   9   -0.0046046171
3   7   5   10   -0.0033319741
3   8   1   6   0.0002342739
3   8   1   9   0.0284745799
3   8   1   10   0.0068380685
3   8   2   7   0.0230747801
3   8   2   8   -0.0388996765
3   8   3   7   -0.0039313045
3   8   3   8   -0.0466185492
3   8   4   6   0.0133045909
3   8   4   9   -0.0866704842
3   8   4   10   0.0005260414
3   8   5   6   0.0018698794
3   8   5   9   0.0239665016
3   8   5   10   0.0020994645
3   9   1   7   -0.0033664503
3   9   1   8   0.0280791800
3   9   2   6   0.0158393717
3   9   2   9   -0.0287072861
3   9   2   10   -0.0133359225
3   9   3   6   0.0112728192
3   9   3   9   -0.0662151578
3   9   3   10   0.0219754049
3   9   4   7   0.0171113515
3   9   4   8   -0.0861045420
3   9   5   7   -0.0049050658
3   9   5   8   0.0240537700
3   10   1   7   0.0009618171
3   10   1   8   0.0062148507
3   10   2   6   0.0044546951
3   10   2   9   -0.0135517704
3   10   2   10   -0.0734767483
3   10   3   6   0.0127858679
3   10   3   9   0.0223965128
3   10   3   10   0.0271518024
3   10   4   7   0.0013848043
3   10   4   8   0.0014199544
3   10   5   7   -0.0031884687
3   10   5   8   0.0021314977
4   6   1   6   0.0012228189
4   6   1   9   -0.0104753029
4   6   1   10   0.0016687689
4   6   2   7   -0.0176947871
4   6   2   8   0.0013911465
4   6   3   7   0.0311548440
4   6   3   8   -0.0076201068
4   6   4   6   -0.0062396937
4   6   4   9   0.0051457557
4   6   4   10   0.0092488551
4   6   5   6   -0.0181807638
4   6   5   9   0.0272760242
4   6   5   10   0.0115688410
4   7   1   7   -0.0024619572
4   7   1   8   -0.0054584918
4   7   2   6   -0.0177939455
4   7   2   9   0.0018741693
4   7   2   10   -0.0014585315
4   7   3   6   0.0312394218
4   7   3   9   -0.0101414758
4   7   3   10   -0.0016094826
4   7   4   7   -0.0013192569
4   7   4   8   0.0048945289
4   7   5   7   -0.0266271111
4   7   5   8   0.0247422368
4   8   1   7   -0.0053417282
4   8   1   8   0.0075803667
4   8   2   6   0.0016669388
4   8   2   9   -0.0182432738
4   8   2   10   -0.0014970334
4   8   3   6   -0.0081385583
4   8   3   9   0.0618905677
4   8   3   10   0.0038309348
4   8   4   7   0.0046596701
4   8   4   8   0.0140896646
4   8   5   7   0.0250127400
4   8   5   8   -0.0466456417
4   9   1   6   -0.0104560821
4   9   1   9   0.0083421975
4   9   1   10   0.0120975376
4   9   2   7   0.0019696538
4   9   2   8   -0.0181796985
4   9   3   7   -0.0105702054
4   9   3   8   0.0620236056
4   9   4   6   0.0048145212
4   9   4   9   0.0122585683
4   9   4   10   -0.0206657890
4   9   5   6   0.0271710294
4   9   5   9   -0.0522011231
4   9   5   10   -0.0253515475
4   10   1   6   0.0015542884
4   10   1   9   0.0120790588
4   10   1   10   0.0356187173
4   10   2   7   -0.0015904294
4   10   2   8   -0.0013302423
4   10   3   7   -0.0012377146
4   10   3   8   0.0027375052
4   10   4   6   0.0090479032
4   10   4   9   -0.0207434908
4   10   4   10   -0.0422418222
4   10   5   6   0.0108317144
4   10   5   9   -0.0249852390
4   10   5   10   -0.0922796162

End IABC Block
