Begin IJ Block
1   1   -33.0265394190
1   2   0.5835912152
1   4   0.1843990166
2   2   -7.8725361081
2   4   -0.2128003730
3   3   -6.7652966439
4   4   -6.8899476821
5   5   -7.0037195289

End IJ Block
Begin IA Block
1   1   -0.1137740100
2   1   0.5463657159
3   1   0.0000000000
4   1   -0.2812626539

End IA Block
Begin AB Block
1   1   -2.5325146367

End AB Block
Begin IJAB Block
1   6   1   2   0.0044724841
1   7   1   2   0.0007434318
1   9   1   2   -0.0008454558
2   6   1   2   0.0007434318
2   7   1   2   0.0177311481
2   9   1   2   -0.0101918961
3   8   1   2   0.0109263365
4   6   1   2   -0.0008454558
4   7   1   2   -0.0101918961
4   9   1   2   0.0103388688
5   10   1   2   0.0084647590

End IJAB Block
Begin IJKL Block
1   6   1   6   4.7152652546
1   6   1   7   -0.4293702058
1   6   1   9   -0.1359429762
1   6   2   6   -0.4293702058
1   6   2   7   0.0601070000
1   6   2   9   0.0160637214
1   6   3   8   0.0170586935
1   6   4   6   -0.1359429762
1   6   4   7   0.0160637214
1   6   4   9   0.0263392885
1   6   5   10   0.0256747379
1   7   1   6   -0.4293702058
1   7   1   7   1.0486872531
1   7   1   9   0.0824123068
1   7   2   6   0.0634599888
1   7   2   7   -0.0145428037
1   7   2   9   -0.0075481366
1   7   3   8   0.0231755234
1   7   4   6   0.0160165762
1   7   4   7   -0.0145461659
1   7   4   9   0.0221062343
1   7   5   10   0.0283761200
1   8   1   8   0.8940748942
1   8   2   8   -0.0071539692
1   8   3   6   0.0211037712
1   8   3   7   0.0238789436
1   8   3   9   0.0030089081
1   8   4   8   -0.0075905054
1   9   1   6   -0.1359429762
1   9   1   7   0.0824123068
1   9   1   9   0.9796901622
1   9   2   6   0.0160165762
1   9   2   7   -0.0077934695
1   9   2   9   -0.0130355826
1   9   3   8   0.0026578544
1   9   4   6   0.0307278474
1   9   4   7   0.0226522373
1   9   4   9   0.0081070498
1   9   5   10   0.0085245691
1   10   1   10   1.0215144309
1   10   2   10   -0.0116542971
1   10   4   10   -0.0047439901
1   10   5   6   0.0304479668
1   10   5   7   0.0285978350
1   10   5   9   0.0088053977
2   6   1   6   -0.4293702058
2   6   1   7   0.0634599888
2   6   1   9   0.0160165762
2   6   2   6   1.0486872531
2   6   2   7   -0.0145428037
2   6   2   9   -0.0145461659
2   6   3   8   0.0231755234
2   6   4   6   0.0824123068
2   6   4   7   -0.0075481366
2   6   4   9   0.0221062343
2   6   5   10   0.0283761200
2   7   1   6   0.0601070000
2   7   1   7   -0.0145428037
2   7   1   9   -0.0077934695
2   7   2   6   -0.0145428037
2   7   2   7   0.7443364193
2   7   2   9   -0.0178276087
2   7   3   8   0.1422723971
2   7   4   6   -0.0077934695
2   7   4   7   -0.0178276087
2   7   4   9   0.1133102564
2   7   5   10   0.1158443473
2   8   1   8   -0.0071539692
2   8   2   8   0.6756403325
2   8   3   6   0.0238789436
2   8   3   7   0.1465878356
2   8   3   9   -0.0135936751
2   8   4   8   -0.0119450786
2   9   1   6   0.0160637214
2   9   1   7   -0.0075481366
2   9   1   9   -0.0130355826
2   9   2   6   -0.0145461659
2   9   2   7   -0.0178276087
2   9   2   9   0.6673261572
2   9   3   8   -0.0140298455
2   9   4   6   0.0226522373
2   9   4   7   0.1174201085
2   9   4   9   0.0618230074
2   9   5   10   0.0267971152
2   10   1   10   -0.0116542971
2   10   2   10   0.6943448826
2   10   4   10   0.0307083956
2   10   5   6   0.0285978350
2   10   5   7   0.1193222876
2   10   5   9   0.0267294916
3   6   1   8   0.0211037712
3   6   2   8   0.0238789436
3   6   3   6   0.8940748942
3   6   3   7   -0.0071539692
3   6   3   9   -0.0075905054
3   6   4   8   0.0030089081
3   7   1   8   0.0238789436
3   7   2   8   0.1465878356
3   7   3   6   -0.0071539692
3   7   3   7   0.6756403325
3   7   3   9   -0.0119450786
3   7   4   8   -0.0135936751
3   8   1   6   0.0170586935
3   8   1   7   0.0231755234
3   8   1   9   0.0026578544
3   8   2   6   0.0231755234
3   8   2   7   0.1422723971
3   8   2   9   -0.0140298455
3   8   3   8   0.6499561408
3   8   4   6   0.0026578544
3   8   4   7   -0.0140298455
3   8   4   9   0.0303020456
3   8   5   10   0.0219575348
3   9   1   8   0.0030089081
3   9   2   8   -0.0135936751
3   9   3   6   -0.0075905054
3   9   3   7   -0.0119450786
3   9   3   9   0.5962688609
3   9   4   8   0.0358381852
3   10   3   10   0.6089204165
3   10   5   8   0.0272189087
4   6   1   6   -0.1359429762
4   6   1   7   0.0160165762
4   6   1   9   0.0307278474
4   6   2   6   0.0824123068
4   6   2   7   -0.0077934695
4   6   2   9   0.0226522373
4   6   3   8   0.0026578544
4   6   4   6   0.9796901622
4   6   4   7   -0.0130355826
4   6   4   9   0.0081070498
4   6   5   10   0.0085245691
4   7   1   6   0.0160637214
4   7   1   7   -0.0145461659
4   7   1   9   0.0226522373
4   7   2   6   -0.0075481366
4   7   2   7   -0.0178276087
4   7   2   9   0.1174201085
4   7   3   8   -0.0140298455
4   7   4   6   -0.0130355826
4   7   4   7   0.6673261572
4   7   4   9   0.0618230074
4   7   5   10   0.0267971152
4   8   1   8   -0.0075905054
4   8   2   8   -0.0119450786
4   8   3   6   0.0030089081
4   8   3   7   -0.0135936751
4   8   3   9   0.0358381852
4   8   4   8   0.5962688609
4   9   1   6   0.0263392885
4   9   1   7   0.0221062343
4   9   1   9   0.0081070498
4   9   2   6   0.0221062343
4   9   2   7   0.1133102564
4   9   2   9   0.0618230074
4   9   3   8   0.0303020456
4   9   4   6   0.0081070498
4   9   4   7   0.0618230074
4   9   4   9   0.6898345157
4   9   5   10   0.0317120947
4   10   1   10   -0.0047439901
4   10   2   10   0.0307083956
4   10   4   10   0.6357482398
4   10   5   6   0.0088053977
4   10   5   7   0.0267294916
4   10   5   9   0.0366968084
5   6   1   10   0.0304479668
5   6   2   10   0.0285978350
5   6   4   10   0.0088053977
5   6   5   6   1.0215144309
5   6   5   7   -0.0116542971
5   6   5   9   -0.0047439901
5   7   1   10   0.0285978350
5   7   2   10   0.1193222876
5   7   4   10   0.0267294916
5   7   5   6   -0.0116542971
5   7   5   7   0.6943448826
5   7   5   9   0.0307083956
5   8   3   10   0.0272189087
5   8   5   8   0.6089204165
5   9   1   10   0.0088053977
5   9   2   10   0.0267294916
5   9   4   10   0.0366968084
5   9   5   6   -0.0047439901
5   9   5   7   0.0307083956
5   9   5   9   0.6357482398
5   10   1   6   0.0256747379
5   10   1   7   0.0283761200
5   10   1   9   0.0085245691
5   10   2   6   0.0283761200
5   10   2   7   0.1158443473
5   10   2   9   0.0267971152
5   10   3   8   0.0219575348
5   10   4   6   0.0085245691
5   10   4   7   0.0267971152
5   10   4   9   0.0317120947
5   10   5   10   0.7089140280

End IJKL Block
Begin ABCD Block
1   2   1   2   0.2227566008

End ABCD Block
Begin AIJB Block
1   6   1   2   0.0040045566
1   6   2   2   0.0004284796
1   6   4   2   -0.0005232516
1   7   1   2   0.0004284796
1   7   2   2   0.0135996223
1   7   4   2   -0.0074575320
1   8   3   2   0.0079729331
1   9   1   2   -0.0005232516
1   9   2   2   -0.0074575320
1   9   4   2   0.0087151215
1   10   5   2   0.0061375659

1   6   6   1   -0.2834238505
1   6   7   1   0.0006448072
1   6   9   1   0.0031013129
1   7   6   1   0.0006448072
1   7   7   1   -0.2692771682
1   7   9   1   0.0176292676
1   8   8   1   -0.2659384304
1   9   6   1   0.0031013129
1   9   7   1   0.0176292676
1   9   9   1   -0.2556691400
1   10   10   1   -0.2593613616

End AIJB Block
Begin IJKA Block
1   6   1   2   0.0924107485
1   6   2   2   -0.0150838632
1   6   4   2   0.0003966834
1   7   1   2   -0.1084980469
1   7   2   2   0.0015284213
1   7   4   2   0.0057523262
1   8   3   2   -0.0031468804
1   9   1   2   0.0479074040
1   9   2   2   0.0008165564
1   9   4   2   -0.0022599499
1   10   5   2   -0.0046160614
2   6   1   2   -0.0159084427
2   6   2   2   0.0008841012
2   6   4   2   0.0056239584
2   7   1   2   0.0006970407
2   7   2   2   -0.0649118057
2   7   4   2   0.0119502062
2   8   3   2   -0.0044486426
2   9   1   2   0.0009416969
2   9   2   2   0.0326376032
2   9   4   2   -0.0004113469
2   10   5   2   -0.0120726455
3   6   3   2   0.0004367578
3   7   3   2   -0.0485975384
3   8   1   2   -0.0030169106
3   8   2   2   -0.0046777432
3   8   4   2   -0.0010595076
3   9   3   2   0.0229828213
4   6   1   2   0.0006874119
4   6   2   2   0.0058688583
4   6   4   2   0.0045194723
4   7   1   2   0.0056353802
4   7   2   2   0.0123946925
4   7   4   2   -0.0440214606
4   8   3   2   -0.0007562389
4   9   1   2   -0.0019322319
4   9   2   2   -0.0008808531
4   9   4   2   0.0320660345
4   10   5   2   0.0011858290
5   6   5   2   0.0017034259
5   7   5   2   -0.0560555492
5   9   5   2   0.0284189873
5   10   1   2   -0.0040842825
5   10   2   2   -0.0118264953
5   10   4   2   0.0015355015

End IJKA Block
Begin IABC Block
1   2   1   2   -0.0003111976
2   2   1   2   -0.0047690708
4   2   1   2   -0.0029721377

End IABC Block
