Begin IJ Block
1   1   -33.0229271762
1   2   -0.5821778194
1   4   -0.1847853118
2   2   -7.8682019667
2   4   -0.2197961068
3   3   -6.7507693159
4   4   -6.9073325797
5   5   -7.0471605639

End IJ Block
Begin IA Block
1   1   0.1540366504
1   3   -0.0000000000
1   4   0.1460975083
2   1   0.7449122854
2   3   -0.0000000000
2   4   0.5321640346
3   2   -0.8854954019
3   3   -0.3921220548
3   4   -0.0000000000
4   1   -0.3792474165
4   3   -0.0000000000
4   4   -0.2568016747

End IA Block
Begin AB Block
1   1   -3.0243969797
1   3   0.0000000000
1   4   -0.7465123527
2   2   -2.7148583243
2   3   -0.6833026741
2   4   -0.0000000000
3   3   -3.6025763011
3   4   -0.0000000000
4   4   -3.5578811791

End AB Block
Begin IJAB Block
1   6   1   5   0.0078891341
1   6   1   8   0.0077409170
1   6   2   6   0.0045165285
1   6   2   7   0.0037496080
1   6   3   6   0.0037496080
1   6   3   7   0.0030835532
1   6   4   5   0.0077409170
1   6   4   8   0.0075806238
1   7   1   5   -0.0010525234
1   7   1   8   -0.0008575286
1   7   2   6   -0.0038203660
1   7   2   7   -0.0026892323
1   7   3   6   -0.0031465681
1   7   3   7   -0.0024443505
1   7   4   5   -0.0011726104
1   7   4   8   -0.0011571904
1   8   1   6   -0.0000818688
1   8   1   7   -0.0013919093
1   8   2   5   0.0020545882
1   8   2   8   0.0000059745
1   8   3   5   0.0015964512
1   8   3   8   0.0000297490
1   8   4   6   -0.0003451926
1   8   4   7   -0.0015830767
1   9   1   5   0.0012782764
1   9   1   8   0.0011711794
1   9   2   6   -0.0014250640
1   9   2   7   -0.0031243929
1   9   3   6   -0.0014195036
1   9   3   7   -0.0027245837
1   9   4   5   0.0013142307
1   9   4   8   0.0012978282
2   6   1   5   -0.0010525234
2   6   1   8   -0.0011726104
2   6   2   6   -0.0038203660
2   6   2   7   -0.0031465681
2   6   3   6   -0.0026892323
2   6   3   7   -0.0024443505
2   6   4   5   -0.0008575286
2   6   4   8   -0.0011571904
2   7   1   5   0.0280701378
2   7   1   8   0.0238259121
2   7   2   6   0.0144765703
2   7   2   7   0.0103816305
2   7   3   6   0.0103816305
2   7   3   7   0.0255631852
2   7   4   5   0.0238259121
2   7   4   8   0.0357502015
2   8   1   6   -0.0221084506
2   8   1   7   -0.0094224469
2   8   2   5   -0.0101913547
2   8   2   8   -0.0019267249
2   8   3   5   -0.0081597561
2   8   3   8   -0.0171068497
2   8   4   6   -0.0144265341
2   8   4   7   -0.0165379587
2   9   1   5   -0.0148576726
2   9   1   8   -0.0127991136
2   9   2   6   0.0027236230
2   9   2   7   0.0085724805
2   9   3   6   0.0032491066
2   9   3   7   -0.0031792752
2   9   4   5   -0.0129666292
2   9   4   8   -0.0204359721
3   6   1   6   0.0020545882
3   6   1   7   0.0015964512
3   6   2   5   -0.0000818688
3   6   2   8   -0.0003451926
3   6   3   5   -0.0013919093
3   6   3   8   -0.0015830767
3   6   4   6   0.0000059745
3   6   4   7   0.0000297490
3   7   1   6   -0.0101913547
3   7   1   7   -0.0081597561
3   7   2   5   -0.0221084506
3   7   2   8   -0.0144265341
3   7   3   5   -0.0094224469
3   7   3   8   -0.0165379587
3   7   4   6   -0.0019267249
3   7   4   7   -0.0171068497
3   8   1   5   0.0159364164
3   8   1   8   0.0198484670
3   8   2   6   0.0326514110
3   8   2   7   0.0236349091
3   8   3   6   0.0236349091
3   8   3   7   0.0540133604
3   8   4   5   0.0198484670
3   8   4   8   0.0561974116
3   9   1   6   0.0054438758
3   9   1   7   0.0103787018
3   9   2   5   0.0125122135
3   9   2   8   0.0097579137
3   9   3   5   0.0131840460
3   9   3   8   0.0158430755
3   9   4   6   0.0108723350
3   9   4   7   0.0340068525
4   6   1   5   0.0012782764
4   6   1   8   0.0013142307
4   6   2   6   -0.0014250640
4   6   2   7   -0.0014195036
4   6   3   6   -0.0031243929
4   6   3   7   -0.0027245837
4   6   4   5   0.0011711794
4   6   4   8   0.0012978282
4   7   1   5   -0.0148576726
4   7   1   8   -0.0129666292
4   7   2   6   0.0027236230
4   7   2   7   0.0032491066
4   7   3   6   0.0085724805
4   7   3   7   -0.0031792752
4   7   4   5   -0.0127991136
4   7   4   8   -0.0204359721
4   8   1   6   0.0125122135
4   8   1   7   0.0131840460
4   8   2   5   0.0054438758
4   8   2   8   0.0108723350
4   8   3   5   0.0103787018
4   8   3   8   0.0340068525
4   8   4   6   0.0097579137
4   8   4   7   0.0158430755
4   9   1   5   0.0152928032
4   9   1   8   0.0106639021
4   9   2   6   0.0096667369
4   9   2   7   0.0149431332
4   9   3   6   0.0149431332
4   9   3   7   0.0421927382
4   9   4   5   0.0106639021
4   9   4   8   0.0169658089
5   10   1   5   0.0116172667
5   10   1   8   0.0081884473
5   10   2   6   0.0061300698
5   10   2   7   0.0046583210
5   10   3   6   0.0046583210
5   10   3   7   0.0076277078
5   10   4   5   0.0081884473
5   10   4   8   0.0209085198

End IJAB Block
Begin IJKL Block
1   6   1   6   4.7296166040
1   6   1   7   0.4292714478
1   6   1   9   0.1370126446
1   6   2   6   0.4292714478
1   6   2   7   0.0595185193
1   6   2   9   0.0160077788
1   6   3   8   0.0169876645
1   6   4   6   0.1370126446
1   6   4   7   0.0160077788
1   6   4   9   0.0263170271
1   6   5   10   0.0257015812
1   7   1   6   0.4292714478
1   7   1   7   1.0475351611
1   7   1   9   0.0838949525
1   7   2   6   0.0636331718
1   7   2   7   0.0146579935
1   7   2   9   0.0075143208
1   7   3   8   -0.0228515123
1   7   4   6   0.0161875004
1   7   4   7   0.0145546453
1   7   4   9   -0.0218483849
1   7   5   10   -0.0283105073
1   8   1   8   0.8895026044
1   8   2   8   0.0074384118
1   8   3   6   0.0210206106
1   8   3   7   -0.0236066154
1   8   3   9   -0.0031241751
1   8   4   8   0.0074822113
1   9   1   6   0.1370126446
1   9   1   7   0.0838949525
1   9   1   9   0.9809250601
1   9   2   6   0.0161875004
1   9   2   7   0.0077957995
1   9   2   9   0.0134259893
1   9   3   8   -0.0027288255
1   9   4   6   0.0308633529
1   9   4   7   -0.0225478812
1   9   4   9   -0.0081696070
1   9   5   10   -0.0085819074
1   10   1   10   1.0276459798
1   10   2   10   0.0121651684
1   10   4   10   0.0048001934
1   10   5   6   0.0306562841
1   10   5   7   -0.0287042213
1   10   5   9   -0.0089371414
2   6   1   6   0.4292714478
2   6   1   7   0.0636331718
2   6   1   9   0.0161875004
2   6   2   6   1.0475351611
2   6   2   7   0.0146579935
2   6   2   9   0.0145546453
2   6   3   8   -0.0228515123
2   6   4   6   0.0838949525
2   6   4   7   0.0075143208
2   6   4   9   -0.0218483849
2   6   5   10   -0.0283105073
2   7   1   6   0.0595185193
2   7   1   7   0.0146579935
2   7   1   9   0.0077957995
2   7   2   6   0.0146579935
2   7   2   7   0.7451724930
2   7   2   9   -0.0175922082
2   7   3   8   0.1430779595
2   7   4   6   0.0077957995
2   7   4   7   -0.0175922082
2   7   4   9   0.1141972597
2   7   5   10   0.1169834598
2   8   1   8   0.0074384118
2   8   2   8   0.6746278195
2   8   3   6   -0.0236066154
2   8   3   7   0.1467909763
2   8   3   9   -0.0143379704
2   8   4   8   -0.0124863447
2   9   1   6   0.0160077788
2   9   1   7   0.0075143208
2   9   1   9   0.0134259893
2   9   2   6   0.0145546453
2   9   2   7   -0.0175922082
2   9   2   9   0.6696045069
2   9   3   8   -0.0148688808
2   9   4   6   -0.0225478812
2   9   4   7   0.1186668535
2   9   4   9   0.0628331171
2   9   5   10   0.0272027057
2   10   1   10   0.0121651684
2   10   2   10   0.6990989540
2   10   4   10   0.0319408442
2   10   5   6   -0.0287042213
2   10   5   7   0.1208357180
2   10   5   9   0.0274055683
3   6   1   8   0.0210206106
3   6   2   8   -0.0236066154
3   6   3   6   0.8895026044
3   6   3   7   0.0074384118
3   6   3   9   0.0074822113
3   6   4   8   -0.0031241751
3   7   1   8   -0.0236066154
3   7   2   8   0.1467909763
3   7   3   6   0.0074384118
3   7   3   7   0.6746278195
3   7   3   9   -0.0124863447
3   7   4   8   -0.0143379704
3   8   1   6   0.0169876645
3   8   1   7   -0.0228515123
3   8   1   9   -0.0027288255
3   8   2   6   -0.0228515123
3   8   2   7   0.1430779595
3   8   2   9   -0.0148688808
3   8   3   8   0.6531989040
3   8   4   6   -0.0027288255
3   8   4   7   -0.0148688808
3   8   4   9   0.0317871148
3   8   5   10   0.0224342840
3   9   1   8   -0.0031241751
3   9   2   8   -0.0143379704
3   9   3   6   0.0074822113
3   9   3   7   -0.0124863447
3   9   3   9   0.5994656873
3   9   4   8   0.0371992154
3   10   3   10   0.6135488289
3   10   5   8   0.0279234597
4   6   1   6   0.1370126446
4   6   1   7   0.0161875004
4   6   1   9   0.0308633529
4   6   2   6   0.0838949525
4   6   2   7   0.0077957995
4   6   2   9   -0.0225478812
4   6   3   8   -0.0027288255
4   6   4   6   0.9809250601
4   6   4   7   0.0134259893
4   6   4   9   -0.0081696070
4   6   5   10   -0.0085819074
4   7   1   6   0.0160077788
4   7   1   7   0.0145546453
4   7   1   9   -0.0225478812
4   7   2   6   0.0075143208
4   7   2   7   -0.0175922082
4   7   2   9   0.1186668535
4   7   3   8   -0.0148688808
4   7   4   6   0.0134259893
4   7   4   7   0.6696045069
4   7   4   9   0.0628331171
4   7   5   10   0.0272027057
4   8   1   8   0.0074822113
4   8   2   8   -0.0124863447
4   8   3   6   -0.0031241751
4   8   3   7   -0.0143379704
4   8   3   9   0.0371992154
4   8   4   8   0.5994656873
4   9   1   6   0.0263170271
4   9   1   7   -0.0218483849
4   9   1   9   -0.0081696070
4   9   2   6   -0.0218483849
4   9   2   7   0.1141972597
4   9   2   9   0.0628331171
4   9   3   8   0.0317871148
4   9   4   6   -0.0081696070
4   9   4   7   0.0628331171
4   9   4   9   0.6977420866
4   9   5   10   0.0322307644
4   10   1   10   0.0048001934
4   10   2   10   0.0319408442
4   10   4   10   0.6444344840
4   10   5   6   -0.0089371414
4   10   5   7   0.0274055683
4   10   5   9   0.0379787485
5   6   1   10   0.0306562841
5   6   2   10   -0.0287042213
5   6   4   10   -0.0089371414
5   6   5   6   1.0276459798
5   6   5   7   0.0121651684
5   6   5   9   0.0048001934
5   7   1   10   -0.0287042213
5   7   2   10   0.1208357180
5   7   4   10   0.0274055683
5   7   5   6   0.0121651684
5   7   5   7   0.6990989540
5   7   5   9   0.0319408442
5   8   3   10   0.0279234597
5   8   5   8   0.6135488289
5   9   1   10   -0.0089371414
5   9   2   10   0.0274055683
5   9   4   10   0.0379787485
5   9   5   6   0.0048001934
5   9   5   7   0.0319408442
5   9   5   9   0.6444344840
5   10   1   6   0.0257015812
5   10   1   7   -0.0283105073
5   10   1   9   -0.0085819074
5   10   2   6   -0.0283105073
5   10   2   7   0.1169834598
5   10   2   9   0.0272027057
5   10   3   8   0.0224342840
5   10   4   6   -0.0085819074
5   10   4   7   0.0272027057
5   10   4   9   0.0322307644
5   10   5   10   0.7222211671

End IJKL Block
Begin ABCD Block
1   5   1   5   0.2665763743
1   5   1   8   0.0212273010
1   5   2   6   0.0655950551
1   5   2   7   -0.0000151365
1   5   3   6   -0.0000151365
1   5   3   7   0.0174662866
1   5   4   5   0.0212273010
1   5   4   8   0.0297236434
1   6   1   6   0.2535402341
1   6   1   7   0.0243183678
1   6   2   5   0.0656042824
1   6   2   8   0.0100618007
1   6   3   5   -0.0000248633
1   6   3   8   0.0069603247
1   6   4   6   0.0234281151
1   6   4   7   0.0125520178
1   7   1   6   0.0243183678
1   7   1   7   0.2840545999
1   7   2   5   -0.0000248633
1   7   2   8   0.0361966897
1   7   3   5   0.0174613775
1   7   3   8   0.0151169902
1   7   4   6   0.0125503588
1   7   4   7   0.0496367980
1   8   1   5   0.0212273010
1   8   1   8   0.3003837045
1   8   2   6   0.0100513993
1   8   2   7   0.0362076959
1   8   3   6   0.0069871672
1   8   3   7   0.0151352703
1   8   4   5   0.0297271184
1   8   4   8   0.0568761956
2   5   1   6   0.0656042824
2   5   1   7   -0.0000248633
2   5   2   5   0.2535402341
2   5   2   8   0.0234281151
2   5   3   5   0.0243183678
2   5   3   8   0.0125520178
2   5   4   6   0.0100618007
2   5   4   7   0.0069603247
2   6   1   5   0.0655950551
2   6   1   8   0.0100513993
2   6   2   6   0.2587591897
2   6   2   7   0.0195587250
2   6   3   6   0.0195587250
2   6   3   7   0.0183513273
2   6   4   5   0.0100513993
2   6   4   8   0.0120153674
2   7   1   5   -0.0000151365
2   7   1   8   0.0362076959
2   7   2   6   0.0195587250
2   7   2   7   0.2660362779
2   7   3   6   0.0184010026
2   7   3   7   0.0433956748
2   7   4   5   0.0069871672
2   7   4   8   0.0178786460
2   8   1   6   0.0100618007
2   8   1   7   0.0361966897
2   8   2   5   0.0234281151
2   8   2   8   0.2809116843
2   8   3   5   0.0125503588
2   8   3   8   0.0468640141
2   8   4   6   0.0120672519
2   8   4   7   0.0178891179
3   5   1   6   -0.0000248633
3   5   1   7   0.0174613775
3   5   2   5   0.0243183678
3   5   2   8   0.0125503588
3   5   3   5   0.2840545999
3   5   3   8   0.0496367980
3   5   4   6   0.0361966897
3   5   4   7   0.0151169902
3   6   1   5   -0.0000151365
3   6   1   8   0.0069871672
3   6   2   6   0.0195587250
3   6   2   7   0.0184010026
3   6   3   6   0.2660362779
3   6   3   7   0.0433956748
3   6   4   5   0.0362076959
3   6   4   8   0.0178786460
3   7   1   5   0.0174662866
3   7   1   8   0.0151352703
3   7   2   6   0.0183513273
3   7   2   7   0.0433956748
3   7   3   6   0.0433956748
3   7   3   7   0.3738140934
3   7   4   5   0.0151352703
3   7   4   8   0.0506846840
3   8   1   6   0.0069603247
3   8   1   7   0.0151169902
3   8   2   5   0.0125520178
3   8   2   8   0.0468640141
3   8   3   5   0.0496367980
3   8   3   8   0.3643657405
3   8   4   6   0.0178891179
3   8   4   7   0.0506926015
4   5   1   5   0.0212273010
4   5   1   8   0.0297271184
4   5   2   6   0.0100513993
4   5   2   7   0.0069871672
4   5   3   6   0.0362076959
4   5   3   7   0.0151352703
4   5   4   5   0.3003837045
4   5   4   8   0.0568761956
4   6   1   6   0.0234281151
4   6   1   7   0.0125503588
4   6   2   5   0.0100618007
4   6   2   8   0.0120672519
4   6   3   5   0.0361966897
4   6   3   8   0.0178891179
4   6   4   6   0.2809116843
4   6   4   7   0.0468640141
4   7   1   6   0.0125520178
4   7   1   7   0.0496367980
4   7   2   5   0.0069603247
4   7   2   8   0.0178891179
4   7   3   5   0.0151169902
4   7   3   8   0.0506926015
4   7   4   6   0.0468640141
4   7   4   7   0.3643657405
4   8   1   5   0.0297236434
4   8   1   8   0.0568761956
4   8   2   6   0.0120153674
4   8   2   7   0.0178786460
4   8   3   6   0.0178786460
4   8   3   7   0.0506846840
4   8   4   5   0.0568761956
4   8   4   8   0.4099699342

End ABCD Block
Begin AIJB Block
1   6   1   5   0.0073016728
1   6   1   8   0.0071423850
1   6   2   5   -0.0006000862
1   6   2   8   -0.0007936426
1   6   3   6   0.0017551532
1   6   3   7   0.0013293917
1   6   4   5   0.0008743621
1   6   4   8   0.0009409111
1   7   1   5   -0.0006000862
1   7   1   8   -0.0005043849
1   7   2   5   0.0238826877
1   7   2   8   0.0210280837
1   7   3   6   -0.0073600571
1   7   3   7   -0.0063630434
1   7   4   5   -0.0128067803
1   7   4   8   -0.0118004495
1   8   1   6   -0.0004755914
1   8   1   7   -0.0016185026
1   8   2   6   -0.0200295727
1   8   2   7   -0.0084916073
1   8   3   5   0.0139649976
1   8   3   8   0.0191694091
1   8   4   6   0.0127207869
1   8   4   7   0.0135883735
1   9   1   5   0.0008743621
1   9   1   8   0.0008335692
1   9   2   5   -0.0128067803
1   9   2   8   -0.0114821792
1   9   3   6   0.0053131180
1   9   3   7   0.0106551586
1   9   4   5   0.0141938099
1   9   4   8   0.0099684444
1   10   5   5   0.0091206084
1   10   5   8   0.0064582657
2   6   1   6   0.0042311070
2   6   1   7   0.0035311989
2   6   2   6   -0.0034792494
2   6   2   7   -0.0028947507
2   6   3   5   -0.0004755914
2   6   3   8   -0.0006448008
2   6   4   6   -0.0013126058
2   6   4   7   -0.0013274879
2   7   1   6   -0.0034792494
2   7   1   7   -0.0024406234
2   7   2   6   0.0119168901
2   7   2   7   0.0089636720
2   7   3   5   -0.0200295727
2   7   3   8   -0.0143342431
2   7   4   6   0.0023063259
2   7   4   7   0.0024665593
2   8   1   5   0.0017551532
2   8   1   8   -0.0001639253
2   8   2   5   -0.0073600571
2   8   2   8   -0.0004837941
2   8   3   6   0.0298443434
2   8   3   7   0.0227945846
2   8   4   5   0.0053131180
2   8   4   8   0.0105107384
2   9   1   6   -0.0013126058
2   9   1   7   -0.0029508939
2   9   2   6   0.0023063259
2   9   2   7   0.0080293011
2   9   3   5   0.0127207869
2   9   3   8   0.0098147345
2   9   4   6   0.0077189781
2   9   4   7   0.0140489074
2   10   5   6   0.0042393898
2   10   5   7   0.0035731464
3   6   1   6   0.0035311989
3   6   1   7   0.0029899362
3   6   2   6   -0.0024406234
3   6   2   7   -0.0022031808
3   6   3   5   -0.0016185026
3   6   3   8   -0.0018121261
3   6   4   6   -0.0029508939
3   6   4   7   -0.0026694870
3   7   1   6   -0.0028947507
3   7   1   7   -0.0022031808
3   7   2   6   0.0089636720
3   7   2   7   0.0236169101
3   7   3   5   -0.0084916073
3   7   3   8   -0.0164357650
3   7   4   6   0.0080293011
3   7   4   7   -0.0028408752
3   8   1   5   0.0013293917
3   8   1   8   -0.0002189252
3   8   2   5   -0.0063630434
3   8   2   8   -0.0157360148
3   8   3   6   0.0227945846
3   8   3   7   0.0535176248
3   8   4   5   0.0106551586
3   8   4   8   0.0345123767
3   9   1   6   -0.0013274879
3   9   1   7   -0.0026694870
3   9   2   6   0.0024665593
3   9   2   7   -0.0028408752
3   9   3   5   0.0135883735
3   9   3   8   0.0162938263
3   9   4   6   0.0140489074
3   9   4   7   0.0422723322
3   10   5   6   0.0035731464
3   10   5   7   0.0074667731
4   6   1   5   0.0071423850
4   6   1   8   0.0070576588
4   6   2   5   -0.0005043849
4   6   2   8   -0.0008185471
4   6   3   6   -0.0001639253
4   6   3   7   -0.0002189252
4   6   4   5   0.0008335692
4   6   4   8   0.0009158516
4   7   1   5   -0.0007936426
4   7   1   8   -0.0008185471
4   7   2   5   0.0210280837
4   7   2   8   0.0331010675
4   7   3   6   -0.0004837941
4   7   3   7   -0.0157360148
4   7   4   5   -0.0114821792
4   7   4   8   -0.0190817716
4   8   1   6   -0.0006448008
4   8   1   7   -0.0018121261
4   8   2   6   -0.0143342431
4   8   2   7   -0.0164357650
4   8   3   5   0.0191694091
4   8   3   8   0.0561303467
4   8   4   6   0.0098147345
4   8   4   7   0.0162938263
4   9   1   5   0.0009409111
4   9   1   8   0.0009158516
4   9   2   5   -0.0118004495
4   9   2   8   -0.0190817716
4   9   3   6   0.0105107384
4   9   3   7   0.0345123767
4   9   4   5   0.0099684444
4   9   4   8   0.0171915709
4   10   5   5   0.0064582657
4   10   5   8   0.0203411985

1   6   6   1   -0.3556747315
1   6   6   4   -0.1145815368
1   6   7   1   -0.0012283646
1   6   7   4   -0.0014173313
1   6   8   2   -0.0038759866
1   6   8   3   -0.0009117941
1   6   9   1   -0.0048921189
1   6   9   4   -0.0037496082
1   7   6   1   -0.0012283646
1   7   6   4   -0.0014103622
1   7   7   1   -0.3267077443
1   7   7   4   -0.0801457836
1   7   8   2   0.0413653112
1   7   8   3   0.0063370878
1   7   9   1   0.0235450651
1   7   9   4   0.0087534656
1   8   6   2   -0.0038849580
1   8   6   3   -0.0010015697
1   8   7   2   0.0413573997
1   8   7   3   0.0065640416
1   8   8   1   -0.3200118431
1   8   8   4   -0.0788403193
1   8   9   2   -0.0127324712
1   8   9   3   -0.0104150324
1   9   6   1   -0.0048921189
1   9   6   4   -0.0037438513
1   9   7   1   0.0235450651
1   9   7   4   0.0088059164
1   9   8   2   -0.0128570275
1   9   8   3   -0.0105487444
1   9   9   1   -0.3065091147
1   9   9   4   -0.0661595310
1   10   10   1   -0.3110986903
1   10   10   4   -0.0675979745
2   6   6   2   -0.3301002470
2   6   6   3   -0.1026228520
2   6   6   4   -0.0000000000
2   6   7   2   -0.0013308217
2   6   7   3   -0.0013648785
2   6   8   1   -0.0038849580
2   6   8   4   -0.0017326011
2   6   9   2   -0.0014055075
2   6   9   3   0.0001992926
2   7   6   2   -0.0013308217
2   7   6   3   -0.0013402522
2   7   7   2   -0.2962780263
2   7   7   3   -0.0696851944
2   7   8   1   0.0413573997
2   7   8   4   0.0164735749
2   7   9   2   0.0101897466
2   7   9   3   -0.0000980694
2   8   6   1   -0.0038759866
2   8   6   4   -0.0018044409
2   8   7   1   0.0413653112
2   8   7   4   0.0166062482
2   8   8   2   -0.3000734064
2   8   8   3   -0.0689662841
2   8   9   1   -0.0128570275
2   8   9   4   -0.0078553754
2   9   6   2   -0.0014055075
2   9   6   3   0.0000946090
2   9   7   2   0.0101897466
2   9   7   3   0.0002003823
2   9   8   1   -0.0127324712
2   9   8   4   -0.0080095089
2   9   9   2   -0.2815925407
2   9   9   3   -0.0669578687
2   10   10   2   -0.2833715431
2   10   10   3   -0.0622026407
3   6   6   2   -0.1026228520
3   6   6   3   -0.4581891882
3   6   7   2   -0.0013402522
3   6   7   3   -0.0011677791
3   6   8   1   -0.0010015697
3   6   8   4   -0.0026905257
3   6   9   2   0.0000946090
3   6   9   3   -0.0001217795
3   7   6   2   -0.0013648785
3   7   6   3   -0.0011677791
3   7   7   2   -0.0696851944
3   7   7   3   -0.4296141464
3   7   8   1   0.0065640416
3   7   8   4   0.0453790155
3   7   9   2   0.0002003823
3   7   9   3   0.0081366483
3   8   6   1   -0.0009117941
3   8   6   4   -0.0026646961
3   8   7   1   0.0063370878
3   8   7   4   0.0451239436
3   8   8   2   -0.0689662841
3   8   8   3   -0.4335801646
3   8   9   1   -0.0105487444
3   8   9   4   -0.0252771158
3   9   6   2   0.0001992926
3   9   6   3   -0.0001217795
3   9   7   2   -0.0000980694
3   9   7   3   0.0081366483
3   9   8   1   -0.0104150324
3   9   8   4   -0.0258731346
3   9   9   2   -0.0669578687
3   9   9   3   -0.4184622950
3   10   10   2   -0.0622026407
3   10   10   3   -0.4014100398
4   6   6   1   -0.1145815368
4   6   6   2   -0.0000000000
4   6   6   4   -0.4621173063
4   6   7   1   -0.0014103622
4   6   7   4   -0.0009211086
4   6   8   2   -0.0018044409
4   6   8   3   -0.0026646961
4   6   9   1   -0.0037438513
4   6   9   4   -0.0068370155
4   7   6   1   -0.0014173313
4   7   6   4   -0.0009211086
4   7   7   1   -0.0801457836
4   7   7   4   -0.4408938913
4   7   8   2   0.0166062482
4   7   8   3   0.0451239436
4   7   8   4   0.0000000000
4   7   9   1   0.0088059164
4   7   9   4   0.0451380897
4   8   6   2   -0.0017326011
4   8   6   3   -0.0026905257
4   8   7   2   0.0164735749
4   8   7   3   0.0453790155
4   8   7   4   0.0000000000
4   8   8   1   -0.0788403193
4   8   8   4   -0.4463601037
4   8   9   2   -0.0080095089
4   8   9   3   -0.0258731346
4   9   6   1   -0.0037496082
4   9   6   4   -0.0068370155
4   9   7   1   0.0087534656
4   9   7   4   0.0451380897
4   9   8   2   -0.0078553754
4   9   8   3   -0.0252771158
4   9   9   1   -0.0661595310
4   9   9   4   -0.3954291999
4   10   10   1   -0.0675979745
4   10   10   4   -0.4052032036

End AIJB Block
Begin IJKA Block
1   6   1   5   -0.1255946521
1   6   1   7   0.0000000000
1   6   1   8   -0.1193202104
1   6   2   5   -0.0202251523
1   6   2   8   -0.0192716019
1   6   3   6   0.0092625230
1   6   3   7   0.0077362097
1   6   4   5   0.0000273873
1   6   4   8   0.0010141438
1   7   1   5   -0.1512166911
1   7   1   8   -0.1255475442
1   7   2   5   -0.0025749728
1   7   2   8   -0.0027580329
1   7   3   6   -0.0080049656
1   7   3   7   -0.0054649466
1   7   4   5   -0.0077153979
1   7   4   8   -0.0072458443
1   8   1   6   0.1633109784
1   8   1   7   0.0992562364
1   8   1   8   0.0000000000
1   8   2   6   0.0014824055
1   8   2   7   0.0022410149
1   8   3   5   0.0040000580
1   8   3   8   -0.0006447613
1   8   4   6   0.0004458795
1   8   4   7   -0.0044563112
1   9   1   5   0.0672695482
1   9   1   8   0.0557608500
1   9   2   5   -0.0007291879
1   9   2   8   -0.0002961289
1   9   3   6   -0.0028997271
1   9   3   7   -0.0068854315
1   9   4   5   0.0031413276
1   9   4   8   0.0036101602
1   10   5   5   0.0065275086
1   10   5   8   0.0100533169
2   6   1   5   -0.0213209431
2   6   1   8   -0.0201683530
2   6   2   5   -0.0014153084
2   6   2   8   -0.0010940075
2   6   3   6   -0.0106694362
2   6   3   7   -0.0087355661
2   6   4   5   -0.0074171203
2   6   4   8   -0.0077802935
2   7   1   5   -0.0014681007
2   7   1   8   -0.0018376799
2   7   2   5   -0.0851135896
2   7   2   8   -0.0542622627
2   7   3   6   0.0324116824
2   7   3   7   0.0041731031
2   7   4   5   0.0145133331
2   7   4   8   0.0082829894
2   8   1   6   0.0006360194
2   8   1   7   0.0014504680
2   8   2   6   0.0931409994
2   8   2   7   0.0207812959
2   8   3   5   -0.0030661576
2   8   3   8   0.0477487351
2   8   4   6   0.0140552556
2   8   4   7   0.0520895509
2   9   1   5   -0.0008971764
2   9   1   8   -0.0004933953
2   9   2   5   0.0418901837
2   9   2   8   0.0249883916
2   9   3   6   0.0158301304
2   9   3   7   0.0576470713
2   9   4   5   0.0001971908
2   9   4   8   -0.0027729302
2   10   5   5   -0.0180114841
2   10   5   8   -0.0423725829
3   6   1   6   0.0101178643
3   6   1   7   0.0085662847
3   6   2   6   -0.0108308652
3   6   2   7   -0.0089104092
3   6   3   5   -0.0004855417
3   6   3   8   -0.0009048970
3   6   4   6   -0.0017012746
3   6   4   7   -0.0020679084
3   7   1   6   -0.0080343073
3   7   1   7   -0.0057098090
3   7   2   6   0.0318214913
3   7   2   7   0.0040776291
3   7   3   5   -0.0636360533
3   7   3   8   -0.0193063264
3   7   4   6   0.0052494270
3   7   4   7   0.0247683783
3   8   1   5   0.0037846212
3   8   1   8   -0.0003993055
3   8   2   5   -0.0019440073
3   8   2   8   0.0478696274
3   8   3   6   0.0828900941
3   8   3   7   0.0101165136
3   8   4   5   -0.0025880521
3   8   4   8   -0.0168383491
3   9   1   6   -0.0027478929
3   9   1   7   -0.0062850727
3   9   2   6   0.0154088786
3   9   2   7   0.0563854518
3   9   3   5   0.0280330501
3   9   3   8   0.0059882474
3   9   4   6   0.0064226089
3   9   4   7   -0.0020413801
3   10   5   6   0.0087903659
3   10   5   7   0.0088003101
4   6   1   5   0.0002194115
4   6   1   8   0.0013252962
4   6   2   5   -0.0075746564
4   6   2   8   -0.0079038505
4   6   3   6   -0.0016322397
4   6   3   7   -0.0019683910
4   6   4   5   -0.0059093384
4   6   4   8   -0.0059168310
4   7   1   5   -0.0073843425
4   7   1   8   -0.0069683116
4   7   2   5   0.0139994731
4   7   2   8   0.0079733210
4   7   3   6   0.0052571789
4   7   3   7   0.0244630975
4   7   4   5   -0.0597475464
4   7   4   8   -0.0392991501
4   8   1   6   0.0004488553
4   8   1   7   -0.0038950451
4   8   2   6   0.0133504373
4   8   2   7   0.0497201333
4   8   3   5   -0.0024953398
4   8   3   8   -0.0162734946
4   8   4   6   0.0831392961
4   8   4   7   0.0386794624
4   9   1   5   0.0027538936
4   9   1   8   0.0031424785
4   9   2   5   0.0007947545
4   9   2   8   -0.0021367877
4   9   3   6   0.0058582140
4   9   3   7   -0.0023949774
4   9   4   5   0.0411601888
4   9   4   8   0.0248935426
4   10   5   5   0.0004620494
4   10   5   8   -0.0048387005
5   6   5   5   -0.0022413295
5   6   5   8   -0.0016253482
5   7   5   5   -0.0762015662
5   7   5   8   -0.0636409547
5   8   5   6   0.0879208980
5   8   5   7   0.0409077506
5   9   5   5   0.0374378497
5   9   5   8   0.0222329122
5   10   1   5   0.0059802112
5   10   1   8   0.0090797689
5   10   2   5   -0.0169402872
5   10   2   8   -0.0393174404
5   10   3   6   0.0081784397
5   10   3   7   0.0084029108
5   10   4   5   0.0007166022
5   10   4   8   -0.0044550152

End IJKA Block
Begin IABC Block
1   5   1   5   0.0005655893
1   5   1   8   0.0002929254
1   5   2   6   0.0016358156
1   5   2   7   0.0003936247
1   5   3   6   0.0013004962
1   5   3   7   0.0002852062
1   5   4   5   0.0006739676
1   5   4   8   0.0003797874
1   6   1   6   -0.0001218973
1   6   1   7   -0.0004407797
1   6   2   5   0.0016418217
1   6   2   8   0.0007350134
1   6   3   5   0.0013037317
1   6   3   8   0.0005598306
1   6   4   6   -0.0001776254
1   6   4   7   -0.0004985697
1   7   1   6   -0.0004276275
1   7   1   7   -0.0003063464
1   7   2   5   0.0004093771
1   7   2   8   0.0011041234
1   7   3   5   0.0002807369
1   7   3   8   0.0008203326
1   7   4   6   -0.0004910378
1   7   4   7   -0.0004006912
1   8   1   5   0.0002954171
1   8   1   8   0.0010694951
1   8   2   6   0.0007456522
1   8   2   7   0.0011013958
1   8   3   6   0.0005661521
1   8   3   7   0.0008317484
1   8   4   5   0.0003677229
1   8   4   8   0.0011764837
2   5   1   5   -0.0109068091
2   5   1   8   -0.0102986082
2   5   2   6   0.0008393598
2   5   2   7   0.0009513365
2   5   3   6   0.0064358508
2   5   3   7   0.0103740340
2   5   4   5   -0.0050351073
2   5   4   8   0.0017547020
2   6   1   6   -0.0071640653
2   6   1   7   -0.0061244102
2   6   2   5   0.0007600978
2   6   2   8   0.0000156619
2   6   3   5   0.0064348131
2   6   3   8   0.0052916655
2   6   4   6   0.0016075754
2   6   4   7   -0.0006146437
2   7   1   6   -0.0061422383
2   7   1   7   -0.0138388861
2   7   2   5   0.0009647706
2   7   2   8   0.0016165258
2   7   3   5   0.0110933393
2   7   3   8   0.0206456172
2   7   4   6   -0.0004544521
2   7   4   7   0.0088734949
2   8   1   5   -0.0103590568
2   8   1   8   -0.0179366372
2   8   2   6   0.0000485314
2   8   2   7   0.0016853240
2   8   3   6   0.0055945755
2   8   3   7   0.0204480509
2   8   4   5   0.0023837561
2   8   4   8   0.0101454550
3   5   1   6   -0.0184073171
3   5   1   7   -0.0004977758
3   5   2   5   0.0075653923
3   5   2   8   0.0077662747
3   5   3   5   -0.0135147679
3   5   3   8   -0.0049744703
3   5   4   6   -0.0318696331
3   5   4   7   -0.0075692351
3   6   1   5   -0.0181923327
3   6   1   8   -0.0051119429
3   6   2   6   0.0054491554
3   6   2   7   0.0096294667
3   6   3   6   -0.0090528632
3   6   3   7   -0.0043391790
3   6   4   5   -0.0316243620
3   6   4   8   -0.0156501490
3   7   1   5   -0.0008429184
3   7   1   8   -0.0154641784
3   7   2   6   0.0094925728
3   7   2   7   0.0235843067
3   7   3   6   -0.0054309673
3   7   3   7   -0.0162345629
3   7   4   5   -0.0083473517
3   7   4   8   -0.0441274219
3   8   1   6   -0.0056016586
3   8   1   7   -0.0152564788
3   8   2   5   0.0076093045
3   8   2   8   0.0150897531
3   8   3   5   -0.0052950927
3   8   3   8   -0.0392686253
3   8   4   6   -0.0171055376
3   8   4   7   -0.0440533354
3   8   4   8   -0.0000000000
4   5   1   5   -0.0011782827
4   5   1   8   0.0068010864
4   5   2   6   -0.0120029189
4   5   2   7   -0.0018936818
4   5   3   6   -0.0263101426
4   5   3   7   -0.0034996991
4   5   4   5   0.0010310026
4   5   4   8   -0.0040195836
4   6   1   6   -0.0040901237
4   6   1   7   -0.0005516457
4   6   2   5   -0.0120422031
4   6   2   8   -0.0029016498
4   6   3   5   -0.0261837553
4   6   3   8   -0.0094592222
4   6   4   6   -0.0043718079
4   6   4   7   -0.0017128676
4   7   1   6   -0.0010885128
4   7   1   7   0.0055906994
4   7   2   5   -0.0022835307
4   7   2   8   -0.0091198285
4   7   3   5   -0.0042080696
4   7   3   8   -0.0300139622
4   7   4   6   -0.0020525665
4   7   4   7   -0.0098194829
4   8   1   5   0.0068646354
4   8   1   8   -0.0006264385
4   8   2   6   -0.0031567041
4   8   2   7   -0.0091737522
4   8   3   6   -0.0102717404
4   8   3   7   -0.0301070836
4   8   4   5   -0.0043174507
4   8   4   8   -0.0142478064

End IABC Block
