Number of strings: 4368 4368, CI size = 19079424
String addressing array alpha: 5 16
0 1001 1716 2211 2541 2751 2877 2947 2982 2997 3002 3003 3003 3003 3003 3003
0 0 286 506 671 791 875 931 966 986 996 1000 1001 1001 1001 1001
0 0 0 66 121 166 202 230 251 266 276 282 285 286 286 286
0 0 0 0 11 21 30 38 45 51 56 60 63 65 66 66
0 0 0 0 0 1 2 3 4 5 6 7 8 9 10 11

Alpha strings 4368 5
1 2 3 4 5
1 2 3 4 6
1 2 3 4 7
1 2 3 4 8
1 2 3 4 9
1 2 3 4 10
1 2 3 4 11
1 2 3 4 12
1 2 3 4 13
1 2 3 4 14
1 2 3 4 15
1 2 3 4 16
1 2 3 5 6
1 2 3 5 7
1 2 3 5 8
1 2 3 5 9
1 2 3 5 10
1 2 3 5 11
1 2 3 5 12
1 2 3 5 13
1 2 3 5 14
1 2 3 5 15
1 2 3 5 16
1 2 3 6 7
1 2 3 6 8
1 2 3 6 9
1 2 3 6 10
1 2 3 6 11
1 2 3 6 12
1 2 3 6 13
1 2 3 6 14
1 2 3 6 15
1 2 3 6 16
1 2 3 7 8
1 2 3 7 9
1 2 3 7 10
1 2 3 7 11
1 2 3 7 12
1 2 3 7 13
1 2 3 7 14
1 2 3 7 15
1 2 3 7 16
1 2 3 8 9
1 2 3 8 10
1 2 3 8 11
1 2 3 8 12
1 2 3 8 13
1 2 3 8 14
1 2 3 8 15
1 2 3 8 16
1 2 3 9 10
1 2 3 9 11
1 2 3 9 12
1 2 3 9 13
1 2 3 9 14
1 2 3 9 15
1 2 3 9 16
1 2 3 10 11
1 2 3 10 12
1 2 3 10 13
1 2 3 10 14
1 2 3 10 15
1 2 3 10 16
1 2 3 11 12
1 2 3 11 13
1 2 3 11 14
1 2 3 11 15
1 2 3 11 16
1 2 3 12 13
1 2 3 12 14
1 2 3 12 15
1 2 3 12 16
1 2 3 13 14
1 2 3 13 15
1 2 3 13 16
1 2 3 14 15
1 2 3 14 16
1 2 3 15 16
1 2 4 5 6
1 2 4 5 7
1 2 4 5 8
1 2 4 5 9
1 2 4 5 10
1 2 4 5 11
1 2 4 5 12
1 2 4 5 13
1 2 4 5 14
1 2 4 5 15
1 2 4 5 16
1 2 4 6 7
1 2 4 6 8
1 2 4 6 9
1 2 4 6 10
1 2 4 6 11
1 2 4 6 12
1 2 4 6 13
1 2 4 6 14
1 2 4 6 15
1 2 4 6 16
1 2 4 7 8
1 2 4 7 9
1 2 4 7 10
1 2 4 7 11
1 2 4 7 12
1 2 4 7 13
1 2 4 7 14
1 2 4 7 15
1 2 4 7 16
1 2 4 8 9
1 2 4 8 10
1 2 4 8 11
1 2 4 8 12
1 2 4 8 13
1 2 4 8 14
1 2 4 8 15
1 2 4 8 16
1 2 4 9 10
1 2 4 9 11
1 2 4 9 12
1 2 4 9 13
1 2 4 9 14
1 2 4 9 15
1 2 4 9 16
1 2 4 10 11
1 2 4 10 12
1 2 4 10 13
1 2 4 10 14
1 2 4 10 15
1 2 4 10 16
1 2 4 11 12
1 2 4 11 13
1 2 4 11 14
1 2 4 11 15
1 2 4 11 16
1 2 4 12 13
1 2 4 12 14
1 2 4 12 15
1 2 4 12 16
1 2 4 13 14
1 2 4 13 15
1 2 4 13 16
1 2 4 14 15
1 2 4 14 16
1 2 4 15 16
1 2 5 6 7
1 2 5 6 8
1 2 5 6 9
1 2 5 6 10
1 2 5 6 11
1 2 5 6 12
1 2 5 6 13
1 2 5 6 14
1 2 5 6 15
1 2 5 6 16
1 2 5 7 8
1 2 5 7 9
1 2 5 7 10
1 2 5 7 11
1 2 5 7 12
1 2 5 7 13
1 2 5 7 14
1 2 5 7 15
1 2 5 7 16
1 2 5 8 9
1 2 5 8 10
1 2 5 8 11
1 2 5 8 12
1 2 5 8 13
1 2 5 8 14
1 2 5 8 15
1 2 5 8 16
1 2 5 9 10
1 2 5 9 11
1 2 5 9 12
1 2 5 9 13
1 2 5 9 14
1 2 5 9 15
1 2 5 9 16
1 2 5 10 11
1 2 5 10 12
1 2 5 10 13
1 2 5 10 14
1 2 5 10 15
1 2 5 10 16
1 2 5 11 12
1 2 5 11 13
1 2 5 11 14
1 2 5 11 15
1 2 5 11 16
1 2 5 12 13
1 2 5 12 14
1 2 5 12 15
1 2 5 12 16
1 2 5 13 14
1 2 5 13 15
1 2 5 13 16
1 2 5 14 15
1 2 5 14 16
1 2 5 15 16
1 2 6 7 8
1 2 6 7 9
1 2 6 7 10
1 2 6 7 11
1 2 6 7 12
1 2 6 7 13
1 2 6 7 14
1 2 6 7 15
1 2 6 7 16
1 2 6 8 9
1 2 6 8 10
1 2 6 8 11
1 2 6 8 12
1 2 6 8 13
1 2 6 8 14
1 2 6 8 15
1 2 6 8 16
1 2 6 9 10
1 2 6 9 11
1 2 6 9 12
1 2 6 9 13
1 2 6 9 14
1 2 6 9 15
1 2 6 9 16
1 2 6 10 11
1 2 6 10 12
1 2 6 10 13
1 2 6 10 14
1 2 6 10 15
1 2 6 10 16
1 2 6 11 12
1 2 6 11 13
1 2 6 11 14
1 2 6 11 15
1 2 6 11 16
1 2 6 12 13
1 2 6 12 14
1 2 6 12 15
1 2 6 12 16
1 2 6 13 14
1 2 6 13 15
1 2 6 13 16
1 2 6 14 15
1 2 6 14 16
1 2 6 15 16
1 2 7 8 9
1 2 7 8 10
1 2 7 8 11
1 2 7 8 12
1 2 7 8 13
1 2 7 8 14
1 2 7 8 15
1 2 7 8 16
1 2 7 9 10
1 2 7 9 11
1 2 7 9 12
1 2 7 9 13
1 2 7 9 14
1 2 7 9 15
1 2 7 9 16
1 2 7 10 11
1 2 7 10 12
1 2 7 10 13
1 2 7 10 14
1 2 7 10 15
1 2 7 10 16
1 2 7 11 12
1 2 7 11 13
1 2 7 11 14
1 2 7 11 15
1 2 7 11 16
1 2 7 12 13
1 2 7 12 14
1 2 7 12 15
1 2 7 12 16
1 2 7 13 14
1 2 7 13 15
1 2 7 13 16
1 2 7 14 15
1 2 7 14 16
1 2 7 15 16
1 2 8 9 10
1 2 8 9 11
1 2 8 9 12
1 2 8 9 13
1 2 8 9 14
1 2 8 9 15
1 2 8 9 16
1 2 8 10 11
1 2 8 10 12
1 2 8 10 13
1 2 8 10 14
1 2 8 10 15
1 2 8 10 16
1 2 8 11 12
1 2 8 11 13
1 2 8 11 14
1 2 8 11 15
1 2 8 11 16
1 2 8 12 13
1 2 8 12 14
1 2 8 12 15
1 2 8 12 16
1 2 8 13 14
1 2 8 13 15
1 2 8 13 16
1 2 8 14 15
1 2 8 14 16
1 2 8 15 16
1 2 9 10 11
1 2 9 10 12
1 2 9 10 13
1 2 9 10 14
1 2 9 10 15
1 2 9 10 16
1 2 9 11 12
1 2 9 11 13
1 2 9 11 14
1 2 9 11 15
1 2 9 11 16
1 2 9 12 13
1 2 9 12 14
1 2 9 12 15
1 2 9 12 16
1 2 9 13 14
1 2 9 13 15
1 2 9 13 16
1 2 9 14 15
1 2 9 14 16
1 2 9 15 16
1 2 10 11 12
1 2 10 11 13
1 2 10 11 14
1 2 10 11 15
1 2 10 11 16
1 2 10 12 13
1 2 10 12 14
1 2 10 12 15
1 2 10 12 16
1 2 10 13 14
1 2 10 13 15
1 2 10 13 16
1 2 10 14 15
1 2 10 14 16
1 2 10 15 16
1 2 11 12 13
1 2 11 12 14
1 2 11 12 15
1 2 11 12 16
1 2 11 13 14
1 2 11 13 15
1 2 11 13 16
1 2 11 14 15
1 2 11 14 16
1 2 11 15 16
1 2 12 13 14
1 2 12 13 15
1 2 12 13 16
1 2 12 14 15
1 2 12 14 16
1 2 12 15 16
1 2 13 14 15
1 2 13 14 16
1 2 13 15 16
1 2 14 15 16
1 3 4 5 6
1 3 4 5 7
1 3 4 5 8
1 3 4 5 9
1 3 4 5 10
1 3 4 5 11
1 3 4 5 12
1 3 4 5 13
1 3 4 5 14
1 3 4 5 15
1 3 4 5 16
1 3 4 6 7
1 3 4 6 8
1 3 4 6 9
1 3 4 6 10
1 3 4 6 11
1 3 4 6 12
1 3 4 6 13
1 3 4 6 14
1 3 4 6 15
1 3 4 6 16
1 3 4 7 8
1 3 4 7 9
1 3 4 7 10
1 3 4 7 11
1 3 4 7 12
1 3 4 7 13
1 3 4 7 14
1 3 4 7 15
1 3 4 7 16
1 3 4 8 9
1 3 4 8 10
1 3 4 8 11
1 3 4 8 12
1 3 4 8 13
1 3 4 8 14
1 3 4 8 15
1 3 4 8 16
1 3 4 9 10
1 3 4 9 11
1 3 4 9 12
1 3 4 9 13
1 3 4 9 14
1 3 4 9 15
1 3 4 9 16
1 3 4 10 11
1 3 4 10 12
1 3 4 10 13
1 3 4 10 14
1 3 4 10 15
1 3 4 10 16
1 3 4 11 12
1 3 4 11 13
1 3 4 11 14
1 3 4 11 15
1 3 4 11 16
1 3 4 12 13
1 3 4 12 14
1 3 4 12 15
1 3 4 12 16
1 3 4 13 14
1 3 4 13 15
1 3 4 13 16
1 3 4 14 15
1 3 4 14 16
1 3 4 15 16
1 3 5 6 7
1 3 5 6 8
1 3 5 6 9
1 3 5 6 10
1 3 5 6 11
1 3 5 6 12
1 3 5 6 13
1 3 5 6 14
1 3 5 6 15
1 3 5 6 16
1 3 5 7 8
1 3 5 7 9
1 3 5 7 10
1 3 5 7 11
1 3 5 7 12
1 3 5 7 13
1 3 5 7 14
1 3 5 7 15
1 3 5 7 16
1 3 5 8 9
1 3 5 8 10
1 3 5 8 11
1 3 5 8 12
1 3 5 8 13
1 3 5 8 14
1 3 5 8 15
1 3 5 8 16
1 3 5 9 10
1 3 5 9 11
1 3 5 9 12
1 3 5 9 13
1 3 5 9 14
1 3 5 9 15
1 3 5 9 16
1 3 5 10 11
1 3 5 10 12
1 3 5 10 13
1 3 5 10 14
1 3 5 10 15
1 3 5 10 16
1 3 5 11 12
1 3 5 11 13
1 3 5 11 14
1 3 5 11 15
1 3 5 11 16
1 3 5 12 13
1 3 5 12 14
1 3 5 12 15
1 3 5 12 16
1 3 5 13 14
1 3 5 13 15
1 3 5 13 16
1 3 5 14 15
1 3 5 14 16
1 3 5 15 16
1 3 6 7 8
1 3 6 7 9
1 3 6 7 10
1 3 6 7 11
1 3 6 7 12
1 3 6 7 13
1 3 6 7 14
1 3 6 7 15
1 3 6 7 16
1 3 6 8 9
1 3 6 8 10
1 3 6 8 11
1 3 6 8 12
1 3 6 8 13
1 3 6 8 14
1 3 6 8 15
1 3 6 8 16
1 3 6 9 10
1 3 6 9 11
1 3 6 9 12
1 3 6 9 13
1 3 6 9 14
1 3 6 9 15
1 3 6 9 16
1 3 6 10 11
1 3 6 10 12
1 3 6 10 13
1 3 6 10 14
1 3 6 10 15
1 3 6 10 16
1 3 6 11 12
1 3 6 11 13
1 3 6 11 14
1 3 6 11 15
1 3 6 11 16
1 3 6 12 13
1 3 6 12 14
1 3 6 12 15
1 3 6 12 16
1 3 6 13 14
1 3 6 13 15
1 3 6 13 16
1 3 6 14 15
1 3 6 14 16
1 3 6 15 16
1 3 7 8 9
1 3 7 8 10
1 3 7 8 11
1 3 7 8 12
1 3 7 8 13
1 3 7 8 14
1 3 7 8 15
1 3 7 8 16
1 3 7 9 10
1 3 7 9 11
1 3 7 9 12
1 3 7 9 13
1 3 7 9 14
1 3 7 9 15
1 3 7 9 16
1 3 7 10 11
1 3 7 10 12
1 3 7 10 13
1 3 7 10 14
1 3 7 10 15
1 3 7 10 16
1 3 7 11 12
1 3 7 11 13
1 3 7 11 14
1 3 7 11 15
1 3 7 11 16
1 3 7 12 13
1 3 7 12 14
1 3 7 12 15
1 3 7 12 16
1 3 7 13 14
1 3 7 13 15
1 3 7 13 16
1 3 7 14 15
1 3 7 14 16
1 3 7 15 16
1 3 8 9 10
1 3 8 9 11
1 3 8 9 12
1 3 8 9 13
1 3 8 9 14
1 3 8 9 15
1 3 8 9 16
1 3 8 10 11
1 3 8 10 12
1 3 8 10 13
1 3 8 10 14
1 3 8 10 15
1 3 8 10 16
1 3 8 11 12
1 3 8 11 13
1 3 8 11 14
1 3 8 11 15
1 3 8 11 16
1 3 8 12 13
1 3 8 12 14
1 3 8 12 15
1 3 8 12 16
1 3 8 13 14
1 3 8 13 15
1 3 8 13 16
1 3 8 14 15
1 3 8 14 16
1 3 8 15 16
1 3 9 10 11
1 3 9 10 12
1 3 9 10 13
1 3 9 10 14
1 3 9 10 15
1 3 9 10 16
1 3 9 11 12
1 3 9 11 13
1 3 9 11 14
1 3 9 11 15
1 3 9 11 16
1 3 9 12 13
1 3 9 12 14
1 3 9 12 15
1 3 9 12 16
1 3 9 13 14
1 3 9 13 15
1 3 9 13 16
1 3 9 14 15
1 3 9 14 16
1 3 9 15 16
1 3 10 11 12
1 3 10 11 13
1 3 10 11 14
1 3 10 11 15
1 3 10 11 16
1 3 10 12 13
1 3 10 12 14
1 3 10 12 15
1 3 10 12 16
1 3 10 13 14
1 3 10 13 15
1 3 10 13 16
1 3 10 14 15
1 3 10 14 16
1 3 10 15 16
1 3 11 12 13
1 3 11 12 14
1 3 11 12 15
1 3 11 12 16
1 3 11 13 14
1 3 11 13 15
1 3 11 13 16
1 3 11 14 15
1 3 11 14 16
1 3 11 15 16
1 3 12 13 14
1 3 12 13 15
1 3 12 13 16
1 3 12 14 15
1 3 12 14 16
1 3 12 15 16
1 3 13 14 15
1 3 13 14 16
1 3 13 15 16
1 3 14 15 16
1 4 5 6 7
1 4 5 6 8
1 4 5 6 9
1 4 5 6 10
1 4 5 6 11
1 4 5 6 12
1 4 5 6 13
1 4 5 6 14
1 4 5 6 15
1 4 5 6 16
1 4 5 7 8
1 4 5 7 9
1 4 5 7 10
1 4 5 7 11
1 4 5 7 12
1 4 5 7 13
1 4 5 7 14
1 4 5 7 15
1 4 5 7 16
1 4 5 8 9
1 4 5 8 10
1 4 5 8 11
1 4 5 8 12
1 4 5 8 13
1 4 5 8 14
1 4 5 8 15
1 4 5 8 16
1 4 5 9 10
1 4 5 9 11
1 4 5 9 12
1 4 5 9 13
1 4 5 9 14
1 4 5 9 15
1 4 5 9 16
1 4 5 10 11
1 4 5 10 12
1 4 5 10 13
1 4 5 10 14
1 4 5 10 15
1 4 5 10 16
1 4 5 11 12
1 4 5 11 13
1 4 5 11 14
1 4 5 11 15
1 4 5 11 16
1 4 5 12 13
1 4 5 12 14
1 4 5 12 15
1 4 5 12 16
1 4 5 13 14
1 4 5 13 15
1 4 5 13 16
1 4 5 14 15
1 4 5 14 16
1 4 5 15 16
1 4 6 7 8
1 4 6 7 9
1 4 6 7 10
1 4 6 7 11
1 4 6 7 12
1 4 6 7 13
1 4 6 7 14
1 4 6 7 15
1 4 6 7 16
1 4 6 8 9
1 4 6 8 10
1 4 6 8 11
1 4 6 8 12
1 4 6 8 13
1 4 6 8 14
1 4 6 8 15
1 4 6 8 16
1 4 6 9 10
1 4 6 9 11
1 4 6 9 12
1 4 6 9 13
1 4 6 9 14
1 4 6 9 15
1 4 6 9 16
1 4 6 10 11
1 4 6 10 12
1 4 6 10 13
1 4 6 10 14
1 4 6 10 15
1 4 6 10 16
1 4 6 11 12
1 4 6 11 13
1 4 6 11 14
1 4 6 11 15
1 4 6 11 16
1 4 6 12 13
1 4 6 12 14
1 4 6 12 15
1 4 6 12 16
1 4 6 13 14
1 4 6 13 15
1 4 6 13 16
1 4 6 14 15
1 4 6 14 16
1 4 6 15 16
1 4 7 8 9
1 4 7 8 10
1 4 7 8 11
1 4 7 8 12
1 4 7 8 13
1 4 7 8 14
1 4 7 8 15
1 4 7 8 16
1 4 7 9 10
1 4 7 9 11
1 4 7 9 12
1 4 7 9 13
1 4 7 9 14
1 4 7 9 15
1 4 7 9 16
1 4 7 10 11
1 4 7 10 12
1 4 7 10 13
1 4 7 10 14
1 4 7 10 15
1 4 7 10 16
1 4 7 11 12
1 4 7 11 13
1 4 7 11 14
1 4 7 11 15
1 4 7 11 16
1 4 7 12 13
1 4 7 12 14
1 4 7 12 15
1 4 7 12 16
1 4 7 13 14
1 4 7 13 15
1 4 7 13 16
1 4 7 14 15
1 4 7 14 16
1 4 7 15 16
1 4 8 9 10
1 4 8 9 11
1 4 8 9 12
1 4 8 9 13
1 4 8 9 14
1 4 8 9 15
1 4 8 9 16
1 4 8 10 11
1 4 8 10 12
1 4 8 10 13
1 4 8 10 14
1 4 8 10 15
1 4 8 10 16
1 4 8 11 12
1 4 8 11 13
1 4 8 11 14
1 4 8 11 15
1 4 8 11 16
1 4 8 12 13
1 4 8 12 14
1 4 8 12 15
1 4 8 12 16
1 4 8 13 14
1 4 8 13 15
1 4 8 13 16
1 4 8 14 15
1 4 8 14 16
1 4 8 15 16
1 4 9 10 11
1 4 9 10 12
1 4 9 10 13
1 4 9 10 14
1 4 9 10 15
1 4 9 10 16
1 4 9 11 12
1 4 9 11 13
1 4 9 11 14
1 4 9 11 15
1 4 9 11 16
1 4 9 12 13
1 4 9 12 14
1 4 9 12 15
1 4 9 12 16
1 4 9 13 14
1 4 9 13 15
1 4 9 13 16
1 4 9 14 15
1 4 9 14 16
1 4 9 15 16
1 4 10 11 12
1 4 10 11 13
1 4 10 11 14
1 4 10 11 15
1 4 10 11 16
1 4 10 12 13
1 4 10 12 14
1 4 10 12 15
1 4 10 12 16
1 4 10 13 14
1 4 10 13 15
1 4 10 13 16
1 4 10 14 15
1 4 10 14 16
1 4 10 15 16
1 4 11 12 13
1 4 11 12 14
1 4 11 12 15
1 4 11 12 16
1 4 11 13 14
1 4 11 13 15
1 4 11 13 16
1 4 11 14 15
1 4 11 14 16
1 4 11 15 16
1 4 12 13 14
1 4 12 13 15
1 4 12 13 16
1 4 12 14 15
1 4 12 14 16
1 4 12 15 16
1 4 13 14 15
1 4 13 14 16
1 4 13 15 16
1 4 14 15 16
1 5 6 7 8
1 5 6 7 9
1 5 6 7 10
1 5 6 7 11
1 5 6 7 12
1 5 6 7 13
1 5 6 7 14
1 5 6 7 15
1 5 6 7 16
1 5 6 8 9
1 5 6 8 10
1 5 6 8 11
1 5 6 8 12
1 5 6 8 13
1 5 6 8 14
1 5 6 8 15
1 5 6 8 16
1 5 6 9 10
1 5 6 9 11
1 5 6 9 12
1 5 6 9 13
1 5 6 9 14
1 5 6 9 15
1 5 6 9 16
1 5 6 10 11
1 5 6 10 12
1 5 6 10 13
1 5 6 10 14
1 5 6 10 15
1 5 6 10 16
1 5 6 11 12
1 5 6 11 13
1 5 6 11 14
1 5 6 11 15
1 5 6 11 16
1 5 6 12 13
1 5 6 12 14
1 5 6 12 15
1 5 6 12 16
1 5 6 13 14
1 5 6 13 15
1 5 6 13 16
1 5 6 14 15
1 5 6 14 16
1 5 6 15 16
1 5 7 8 9
1 5 7 8 10
1 5 7 8 11
1 5 7 8 12
1 5 7 8 13
1 5 7 8 14
1 5 7 8 15
1 5 7 8 16
1 5 7 9 10
1 5 7 9 11
1 5 7 9 12
1 5 7 9 13
1 5 7 9 14
1 5 7 9 15
1 5 7 9 16
1 5 7 10 11
1 5 7 10 12
1 5 7 10 13
1 5 7 10 14
1 5 7 10 15
1 5 7 10 16
1 5 7 11 12
1 5 7 11 13
1 5 7 11 14
1 5 7 11 15
1 5 7 11 16
1 5 7 12 13
1 5 7 12 14
1 5 7 12 15
1 5 7 12 16
1 5 7 13 14
1 5 7 13 15
1 5 7 13 16
1 5 7 14 15
1 5 7 14 16
1 5 7 15 16
1 5 8 9 10
1 5 8 9 11
1 5 8 9 12
1 5 8 9 13
1 5 8 9 14
1 5 8 9 15
1 5 8 9 16
1 5 8 10 11
1 5 8 10 12
1 5 8 10 13
1 5 8 10 14
1 5 8 10 15
1 5 8 10 16
1 5 8 11 12
1 5 8 11 13
1 5 8 11 14
1 5 8 11 15
1 5 8 11 16
1 5 8 12 13
1 5 8 12 14
1 5 8 12 15
1 5 8 12 16
1 5 8 13 14
1 5 8 13 15
1 5 8 13 16
1 5 8 14 15
1 5 8 14 16
1 5 8 15 16
1 5 9 10 11
1 5 9 10 12
1 5 9 10 13
1 5 9 10 14
1 5 9 10 15
1 5 9 10 16
1 5 9 11 12
1 5 9 11 13
1 5 9 11 14
1 5 9 11 15
1 5 9 11 16
1 5 9 12 13
1 5 9 12 14
1 5 9 12 15
1 5 9 12 16
1 5 9 13 14
1 5 9 13 15
1 5 9 13 16
1 5 9 14 15
1 5 9 14 16
1 5 9 15 16
1 5 10 11 12
1 5 10 11 13
1 5 10 11 14
1 5 10 11 15
1 5 10 11 16
1 5 10 12 13
1 5 10 12 14
1 5 10 12 15
1 5 10 12 16
1 5 10 13 14
1 5 10 13 15
1 5 10 13 16
1 5 10 14 15
1 5 10 14 16
1 5 10 15 16
1 5 11 12 13
1 5 11 12 14
1 5 11 12 15
1 5 11 12 16
1 5 11 13 14
1 5 11 13 15
1 5 11 13 16
1 5 11 14 15
1 5 11 14 16
1 5 11 15 16
1 5 12 13 14
1 5 12 13 15
1 5 12 13 16
1 5 12 14 15
1 5 12 14 16
1 5 12 15 16
1 5 13 14 15
1 5 13 14 16
1 5 13 15 16
1 5 14 15 16
1 6 7 8 9
1 6 7 8 10
1 6 7 8 11
1 6 7 8 12
1 6 7 8 13
1 6 7 8 14
1 6 7 8 15
1 6 7 8 16
1 6 7 9 10
1 6 7 9 11
1 6 7 9 12
1 6 7 9 13
1 6 7 9 14
1 6 7 9 15
1 6 7 9 16
1 6 7 10 11
1 6 7 10 12
1 6 7 10 13
1 6 7 10 14
1 6 7 10 15
1 6 7 10 16
1 6 7 11 12
1 6 7 11 13
1 6 7 11 14
1 6 7 11 15
1 6 7 11 16
1 6 7 12 13
1 6 7 12 14
1 6 7 12 15
1 6 7 12 16
1 6 7 13 14
1 6 7 13 15
1 6 7 13 16
1 6 7 14 15
1 6 7 14 16
1 6 7 15 16
1 6 8 9 10
1 6 8 9 11
1 6 8 9 12
1 6 8 9 13
1 6 8 9 14
1 6 8 9 15
1 6 8 9 16
1 6 8 10 11
1 6 8 10 12
1 6 8 10 13
1 6 8 10 14
1 6 8 10 15
1 6 8 10 16
1 6 8 11 12
1 6 8 11 13
1 6 8 11 14
1 6 8 11 15
1 6 8 11 16
1 6 8 12 13
1 6 8 12 14
1 6 8 12 15
1 6 8 12 16
1 6 8 13 14
1 6 8 13 15
1 6 8 13 16
1 6 8 14 15
1 6 8 14 16
1 6 8 15 16
1 6 9 10 11
1 6 9 10 12
1 6 9 10 13
1 6 9 10 14
1 6 9 10 15
1 6 9 10 16
1 6 9 11 12
1 6 9 11 13
1 6 9 11 14
1 6 9 11 15
1 6 9 11 16
1 6 9 12 13
1 6 9 12 14
1 6 9 12 15
1 6 9 12 16
1 6 9 13 14
1 6 9 13 15
1 6 9 13 16
1 6 9 14 15
1 6 9 14 16
1 6 9 15 16
1 6 10 11 12
1 6 10 11 13
1 6 10 11 14
1 6 10 11 15
1 6 10 11 16
1 6 10 12 13
1 6 10 12 14
1 6 10 12 15
1 6 10 12 16
1 6 10 13 14
1 6 10 13 15
1 6 10 13 16
1 6 10 14 15
1 6 10 14 16
1 6 10 15 16
1 6 11 12 13
1 6 11 12 14
1 6 11 12 15
1 6 11 12 16
1 6 11 13 14
1 6 11 13 15
1 6 11 13 16
1 6 11 14 15
1 6 11 14 16
1 6 11 15 16
1 6 12 13 14
1 6 12 13 15
1 6 12 13 16
1 6 12 14 15
1 6 12 14 16
1 6 12 15 16
1 6 13 14 15
1 6 13 14 16
1 6 13 15 16
1 6 14 15 16
1 7 8 9 10
1 7 8 9 11
1 7 8 9 12
1 7 8 9 13
1 7 8 9 14
1 7 8 9 15
1 7 8 9 16
1 7 8 10 11
1 7 8 10 12
1 7 8 10 13
1 7 8 10 14
1 7 8 10 15
1 7 8 10 16
1 7 8 11 12
1 7 8 11 13
1 7 8 11 14
1 7 8 11 15
1 7 8 11 16
1 7 8 12 13
1 7 8 12 14
1 7 8 12 15
1 7 8 12 16
1 7 8 13 14
1 7 8 13 15
1 7 8 13 16
1 7 8 14 15
1 7 8 14 16
1 7 8 15 16
1 7 9 10 11
1 7 9 10 12
1 7 9 10 13
1 7 9 10 14
1 7 9 10 15
1 7 9 10 16
1 7 9 11 12
1 7 9 11 13
1 7 9 11 14
1 7 9 11 15
1 7 9 11 16
1 7 9 12 13
1 7 9 12 14
1 7 9 12 15
1 7 9 12 16
1 7 9 13 14
1 7 9 13 15
1 7 9 13 16
1 7 9 14 15
1 7 9 14 16
1 7 9 15 16
1 7 10 11 12
1 7 10 11 13
1 7 10 11 14
1 7 10 11 15
1 7 10 11 16
1 7 10 12 13
1 7 10 12 14
1 7 10 12 15
1 7 10 12 16
1 7 10 13 14
1 7 10 13 15
1 7 10 13 16
1 7 10 14 15
1 7 10 14 16
1 7 10 15 16
1 7 11 12 13
1 7 11 12 14
1 7 11 12 15
1 7 11 12 16
1 7 11 13 14
1 7 11 13 15
1 7 11 13 16
1 7 11 14 15
1 7 11 14 16
1 7 11 15 16
1 7 12 13 14
1 7 12 13 15
1 7 12 13 16
1 7 12 14 15
1 7 12 14 16
1 7 12 15 16
1 7 13 14 15
1 7 13 14 16
1 7 13 15 16
1 7 14 15 16
1 8 9 10 11
1 8 9 10 12
1 8 9 10 13
1 8 9 10 14
1 8 9 10 15
1 8 9 10 16
1 8 9 11 12
1 8 9 11 13
1 8 9 11 14
1 8 9 11 15
1 8 9 11 16
1 8 9 12 13
1 8 9 12 14
1 8 9 12 15
1 8 9 12 16
1 8 9 13 14
1 8 9 13 15
1 8 9 13 16
1 8 9 14 15
1 8 9 14 16
1 8 9 15 16
1 8 10 11 12
1 8 10 11 13
1 8 10 11 14
1 8 10 11 15
1 8 10 11 16
1 8 10 12 13
1 8 10 12 14
1 8 10 12 15
1 8 10 12 16
1 8 10 13 14
1 8 10 13 15
1 8 10 13 16
1 8 10 14 15
1 8 10 14 16
1 8 10 15 16
1 8 11 12 13
1 8 11 12 14
1 8 11 12 15
1 8 11 12 16
1 8 11 13 14
1 8 11 13 15
1 8 11 13 16
1 8 11 14 15
1 8 11 14 16
1 8 11 15 16
1 8 12 13 14
1 8 12 13 15
1 8 12 13 16
1 8 12 14 15
1 8 12 14 16
1 8 12 15 16
1 8 13 14 15
1 8 13 14 16
1 8 13 15 16
1 8 14 15 16
1 9 10 11 12
1 9 10 11 13
1 9 10 11 14
1 9 10 11 15
1 9 10 11 16
1 9 10 12 13
1 9 10 12 14
1 9 10 12 15
1 9 10 12 16
1 9 10 13 14
1 9 10 13 15
1 9 10 13 16
1 9 10 14 15
1 9 10 14 16
1 9 10 15 16
1 9 11 12 13
1 9 11 12 14
1 9 11 12 15
1 9 11 12 16
1 9 11 13 14
1 9 11 13 15
1 9 11 13 16
1 9 11 14 15
1 9 11 14 16
1 9 11 15 16
1 9 12 13 14
1 9 12 13 15
1 9 12 13 16
1 9 12 14 15
1 9 12 14 16
1 9 12 15 16
1 9 13 14 15
1 9 13 14 16
1 9 13 15 16
1 9 14 15 16
1 10 11 12 13
1 10 11 12 14
1 10 11 12 15
1 10 11 12 16
1 10 11 13 14
1 10 11 13 15
1 10 11 13 16
1 10 11 14 15
1 10 11 14 16
1 10 11 15 16
1 10 12 13 14
1 10 12 13 15
1 10 12 13 16
1 10 12 14 15
1 10 12 14 16
1 10 12 15 16
1 10 13 14 15
1 10 13 14 16
1 10 13 15 16
1 10 14 15 16
1 11 12 13 14
1 11 12 13 15
1 11 12 13 16
1 11 12 14 15
1 11 12 14 16
1 11 12 15 16
1 11 13 14 15
1 11 13 14 16
1 11 13 15 16
1 11 14 15 16
1 12 13 14 15
1 12 13 14 16
1 12 13 15 16
1 12 14 15 16
1 13 14 15 16
2 3 4 5 6
2 3 4 5 7
2 3 4 5 8
2 3 4 5 9
2 3 4 5 10
2 3 4 5 11
2 3 4 5 12
2 3 4 5 13
2 3 4 5 14
2 3 4 5 15
2 3 4 5 16
2 3 4 6 7
2 3 4 6 8
2 3 4 6 9
2 3 4 6 10
2 3 4 6 11
2 3 4 6 12
2 3 4 6 13
2 3 4 6 14
2 3 4 6 15
2 3 4 6 16
2 3 4 7 8
2 3 4 7 9
2 3 4 7 10
2 3 4 7 11
2 3 4 7 12
2 3 4 7 13
2 3 4 7 14
2 3 4 7 15
2 3 4 7 16
2 3 4 8 9
2 3 4 8 10
2 3 4 8 11
2 3 4 8 12
2 3 4 8 13
2 3 4 8 14
2 3 4 8 15
2 3 4 8 16
2 3 4 9 10
2 3 4 9 11
2 3 4 9 12
2 3 4 9 13
2 3 4 9 14
2 3 4 9 15
2 3 4 9 16
2 3 4 10 11
2 3 4 10 12
2 3 4 10 13
2 3 4 10 14
2 3 4 10 15
2 3 4 10 16
2 3 4 11 12
2 3 4 11 13
2 3 4 11 14
2 3 4 11 15
2 3 4 11 16
2 3 4 12 13
2 3 4 12 14
2 3 4 12 15
2 3 4 12 16
2 3 4 13 14
2 3 4 13 15
2 3 4 13 16
2 3 4 14 15
2 3 4 14 16
2 3 4 15 16
2 3 5 6 7
2 3 5 6 8
2 3 5 6 9
2 3 5 6 10
2 3 5 6 11
2 3 5 6 12
2 3 5 6 13
2 3 5 6 14
2 3 5 6 15
2 3 5 6 16
2 3 5 7 8
2 3 5 7 9
2 3 5 7 10
2 3 5 7 11
2 3 5 7 12
2 3 5 7 13
2 3 5 7 14
2 3 5 7 15
2 3 5 7 16
2 3 5 8 9
2 3 5 8 10
2 3 5 8 11
2 3 5 8 12
2 3 5 8 13
2 3 5 8 14
2 3 5 8 15
2 3 5 8 16
2 3 5 9 10
2 3 5 9 11
2 3 5 9 12
2 3 5 9 13
2 3 5 9 14
2 3 5 9 15
2 3 5 9 16
2 3 5 10 11
2 3 5 10 12
2 3 5 10 13
2 3 5 10 14
2 3 5 10 15
2 3 5 10 16
2 3 5 11 12
2 3 5 11 13
2 3 5 11 14
2 3 5 11 15
2 3 5 11 16
2 3 5 12 13
2 3 5 12 14
2 3 5 12 15
2 3 5 12 16
2 3 5 13 14
2 3 5 13 15
2 3 5 13 16
2 3 5 14 15
2 3 5 14 16
2 3 5 15 16
2 3 6 7 8
2 3 6 7 9
2 3 6 7 10
2 3 6 7 11
2 3 6 7 12
2 3 6 7 13
2 3 6 7 14
2 3 6 7 15
2 3 6 7 16
2 3 6 8 9
2 3 6 8 10
2 3 6 8 11
2 3 6 8 12
2 3 6 8 13
2 3 6 8 14
2 3 6 8 15
2 3 6 8 16
2 3 6 9 10
2 3 6 9 11
2 3 6 9 12
2 3 6 9 13
2 3 6 9 14
2 3 6 9 15
2 3 6 9 16
2 3 6 10 11
2 3 6 10 12
2 3 6 10 13
2 3 6 10 14
2 3 6 10 15
2 3 6 10 16
2 3 6 11 12
2 3 6 11 13
2 3 6 11 14
2 3 6 11 15
2 3 6 11 16
2 3 6 12 13
2 3 6 12 14
2 3 6 12 15
2 3 6 12 16
2 3 6 13 14
2 3 6 13 15
2 3 6 13 16
2 3 6 14 15
2 3 6 14 16
2 3 6 15 16
2 3 7 8 9
2 3 7 8 10
2 3 7 8 11
2 3 7 8 12
2 3 7 8 13
2 3 7 8 14
2 3 7 8 15
2 3 7 8 16
2 3 7 9 10
2 3 7 9 11
2 3 7 9 12
2 3 7 9 13
2 3 7 9 14
2 3 7 9 15
2 3 7 9 16
2 3 7 10 11
2 3 7 10 12
2 3 7 10 13
2 3 7 10 14
2 3 7 10 15
2 3 7 10 16
2 3 7 11 12
2 3 7 11 13
2 3 7 11 14
2 3 7 11 15
2 3 7 11 16
2 3 7 12 13
2 3 7 12 14
2 3 7 12 15
2 3 7 12 16
2 3 7 13 14
2 3 7 13 15
2 3 7 13 16
2 3 7 14 15
2 3 7 14 16
2 3 7 15 16
2 3 8 9 10
2 3 8 9 11
2 3 8 9 12
2 3 8 9 13
2 3 8 9 14
2 3 8 9 15
2 3 8 9 16
2 3 8 10 11
2 3 8 10 12
2 3 8 10 13
2 3 8 10 14
2 3 8 10 15
2 3 8 10 16
2 3 8 11 12
2 3 8 11 13
2 3 8 11 14
2 3 8 11 15
2 3 8 11 16
2 3 8 12 13
2 3 8 12 14
2 3 8 12 15
2 3 8 12 16
2 3 8 13 14
2 3 8 13 15
2 3 8 13 16
2 3 8 14 15
2 3 8 14 16
2 3 8 15 16
2 3 9 10 11
2 3 9 10 12
2 3 9 10 13
2 3 9 10 14
2 3 9 10 15
2 3 9 10 16
2 3 9 11 12
2 3 9 11 13
2 3 9 11 14
2 3 9 11 15
2 3 9 11 16
2 3 9 12 13
2 3 9 12 14
2 3 9 12 15
2 3 9 12 16
2 3 9 13 14
2 3 9 13 15
2 3 9 13 16
2 3 9 14 15
2 3 9 14 16
2 3 9 15 16
2 3 10 11 12
2 3 10 11 13
2 3 10 11 14
2 3 10 11 15
2 3 10 11 16
2 3 10 12 13
2 3 10 12 14
2 3 10 12 15
2 3 10 12 16
2 3 10 13 14
2 3 10 13 15
2 3 10 13 16
2 3 10 14 15
2 3 10 14 16
2 3 10 15 16
2 3 11 12 13
2 3 11 12 14
2 3 11 12 15
2 3 11 12 16
2 3 11 13 14
2 3 11 13 15
2 3 11 13 16
2 3 11 14 15
2 3 11 14 16
2 3 11 15 16
2 3 12 13 14
2 3 12 13 15
2 3 12 13 16
2 3 12 14 15
2 3 12 14 16
2 3 12 15 16
2 3 13 14 15
2 3 13 14 16
2 3 13 15 16
2 3 14 15 16
2 4 5 6 7
2 4 5 6 8
2 4 5 6 9
2 4 5 6 10
2 4 5 6 11
2 4 5 6 12
2 4 5 6 13
2 4 5 6 14
2 4 5 6 15
2 4 5 6 16
2 4 5 7 8
2 4 5 7 9
2 4 5 7 10
2 4 5 7 11
2 4 5 7 12
2 4 5 7 13
2 4 5 7 14
2 4 5 7 15
2 4 5 7 16
2 4 5 8 9
2 4 5 8 10
2 4 5 8 11
2 4 5 8 12
2 4 5 8 13
2 4 5 8 14
2 4 5 8 15
2 4 5 8 16
2 4 5 9 10
2 4 5 9 11
2 4 5 9 12
2 4 5 9 13
2 4 5 9 14
2 4 5 9 15
2 4 5 9 16
2 4 5 10 11
2 4 5 10 12
2 4 5 10 13
2 4 5 10 14
2 4 5 10 15
2 4 5 10 16
2 4 5 11 12
2 4 5 11 13
2 4 5 11 14
2 4 5 11 15
2 4 5 11 16
2 4 5 12 13
2 4 5 12 14
2 4 5 12 15
2 4 5 12 16
2 4 5 13 14
2 4 5 13 15
2 4 5 13 16
2 4 5 14 15
2 4 5 14 16
2 4 5 15 16
2 4 6 7 8
2 4 6 7 9
2 4 6 7 10
2 4 6 7 11
2 4 6 7 12
2 4 6 7 13
2 4 6 7 14
2 4 6 7 15
2 4 6 7 16
2 4 6 8 9
2 4 6 8 10
2 4 6 8 11
2 4 6 8 12
2 4 6 8 13
2 4 6 8 14
2 4 6 8 15
2 4 6 8 16
2 4 6 9 10
2 4 6 9 11
2 4 6 9 12
2 4 6 9 13
2 4 6 9 14
2 4 6 9 15
2 4 6 9 16
2 4 6 10 11
2 4 6 10 12
2 4 6 10 13
2 4 6 10 14
2 4 6 10 15
2 4 6 10 16
2 4 6 11 12
2 4 6 11 13
2 4 6 11 14
2 4 6 11 15
2 4 6 11 16
2 4 6 12 13
2 4 6 12 14
2 4 6 12 15
2 4 6 12 16
2 4 6 13 14
2 4 6 13 15
2 4 6 13 16
2 4 6 14 15
2 4 6 14 16
2 4 6 15 16
2 4 7 8 9
2 4 7 8 10
2 4 7 8 11
2 4 7 8 12
2 4 7 8 13
2 4 7 8 14
2 4 7 8 15
2 4 7 8 16
2 4 7 9 10
2 4 7 9 11
2 4 7 9 12
2 4 7 9 13
2 4 7 9 14
2 4 7 9 15
2 4 7 9 16
2 4 7 10 11
2 4 7 10 12
2 4 7 10 13
2 4 7 10 14
2 4 7 10 15
2 4 7 10 16
2 4 7 11 12
2 4 7 11 13
2 4 7 11 14
2 4 7 11 15
2 4 7 11 16
2 4 7 12 13
2 4 7 12 14
2 4 7 12 15
2 4 7 12 16
2 4 7 13 14
2 4 7 13 15
2 4 7 13 16
2 4 7 14 15
2 4 7 14 16
2 4 7 15 16
2 4 8 9 10
2 4 8 9 11
2 4 8 9 12
2 4 8 9 13
2 4 8 9 14
2 4 8 9 15
2 4 8 9 16
2 4 8 10 11
2 4 8 10 12
2 4 8 10 13
2 4 8 10 14
2 4 8 10 15
2 4 8 10 16
2 4 8 11 12
2 4 8 11 13
2 4 8 11 14
2 4 8 11 15
2 4 8 11 16
2 4 8 12 13
2 4 8 12 14
2 4 8 12 15
2 4 8 12 16
2 4 8 13 14
2 4 8 13 15
2 4 8 13 16
2 4 8 14 15
2 4 8 14 16
2 4 8 15 16
2 4 9 10 11
2 4 9 10 12
2 4 9 10 13
2 4 9 10 14
2 4 9 10 15
2 4 9 10 16
2 4 9 11 12
2 4 9 11 13
2 4 9 11 14
2 4 9 11 15
2 4 9 11 16
2 4 9 12 13
2 4 9 12 14
2 4 9 12 15
2 4 9 12 16
2 4 9 13 14
2 4 9 13 15
2 4 9 13 16
2 4 9 14 15
2 4 9 14 16
2 4 9 15 16
2 4 10 11 12
2 4 10 11 13
2 4 10 11 14
2 4 10 11 15
2 4 10 11 16
2 4 10 12 13
2 4 10 12 14
2 4 10 12 15
2 4 10 12 16
2 4 10 13 14
2 4 10 13 15
2 4 10 13 16
2 4 10 14 15
2 4 10 14 16
2 4 10 15 16
2 4 11 12 13
2 4 11 12 14
2 4 11 12 15
2 4 11 12 16
2 4 11 13 14
2 4 11 13 15
2 4 11 13 16
2 4 11 14 15
2 4 11 14 16
2 4 11 15 16
2 4 12 13 14
2 4 12 13 15
2 4 12 13 16
2 4 12 14 15
2 4 12 14 16
2 4 12 15 16
2 4 13 14 15
2 4 13 14 16
2 4 13 15 16
2 4 14 15 16
2 5 6 7 8
2 5 6 7 9
2 5 6 7 10
2 5 6 7 11
2 5 6 7 12
2 5 6 7 13
2 5 6 7 14
2 5 6 7 15
2 5 6 7 16
2 5 6 8 9
2 5 6 8 10
2 5 6 8 11
2 5 6 8 12
2 5 6 8 13
2 5 6 8 14
2 5 6 8 15
2 5 6 8 16
2 5 6 9 10
2 5 6 9 11
2 5 6 9 12
2 5 6 9 13
2 5 6 9 14
2 5 6 9 15
2 5 6 9 16
2 5 6 10 11
2 5 6 10 12
2 5 6 10 13
2 5 6 10 14
2 5 6 10 15
2 5 6 10 16
2 5 6 11 12
2 5 6 11 13
2 5 6 11 14
2 5 6 11 15
2 5 6 11 16
2 5 6 12 13
2 5 6 12 14
2 5 6 12 15
2 5 6 12 16
2 5 6 13 14
2 5 6 13 15
2 5 6 13 16
2 5 6 14 15
2 5 6 14 16
2 5 6 15 16
2 5 7 8 9
2 5 7 8 10
2 5 7 8 11
2 5 7 8 12
2 5 7 8 13
2 5 7 8 14
2 5 7 8 15
2 5 7 8 16
2 5 7 9 10
2 5 7 9 11
2 5 7 9 12
2 5 7 9 13
2 5 7 9 14
2 5 7 9 15
2 5 7 9 16
2 5 7 10 11
2 5 7 10 12
2 5 7 10 13
2 5 7 10 14
2 5 7 10 15
2 5 7 10 16
2 5 7 11 12
2 5 7 11 13
2 5 7 11 14
2 5 7 11 15
2 5 7 11 16
2 5 7 12 13
2 5 7 12 14
2 5 7 12 15
2 5 7 12 16
2 5 7 13 14
2 5 7 13 15
2 5 7 13 16
2 5 7 14 15
2 5 7 14 16
2 5 7 15 16
2 5 8 9 10
2 5 8 9 11
2 5 8 9 12
2 5 8 9 13
2 5 8 9 14
2 5 8 9 15
2 5 8 9 16
2 5 8 10 11
2 5 8 10 12
2 5 8 10 13
2 5 8 10 14
2 5 8 10 15
2 5 8 10 16
2 5 8 11 12
2 5 8 11 13
2 5 8 11 14
2 5 8 11 15
2 5 8 11 16
2 5 8 12 13
2 5 8 12 14
2 5 8 12 15
2 5 8 12 16
2 5 8 13 14
2 5 8 13 15
2 5 8 13 16
2 5 8 14 15
2 5 8 14 16
2 5 8 15 16
2 5 9 10 11
2 5 9 10 12
2 5 9 10 13
2 5 9 10 14
2 5 9 10 15
2 5 9 10 16
2 5 9 11 12
2 5 9 11 13
2 5 9 11 14
2 5 9 11 15
2 5 9 11 16
2 5 9 12 13
2 5 9 12 14
2 5 9 12 15
2 5 9 12 16
2 5 9 13 14
2 5 9 13 15
2 5 9 13 16
2 5 9 14 15
2 5 9 14 16
2 5 9 15 16
2 5 10 11 12
2 5 10 11 13
2 5 10 11 14
2 5 10 11 15
2 5 10 11 16
2 5 10 12 13
2 5 10 12 14
2 5 10 12 15
2 5 10 12 16
2 5 10 13 14
2 5 10 13 15
2 5 10 13 16
2 5 10 14 15
2 5 10 14 16
2 5 10 15 16
2 5 11 12 13
2 5 11 12 14
2 5 11 12 15
2 5 11 12 16
2 5 11 13 14
2 5 11 13 15
2 5 11 13 16
2 5 11 14 15
2 5 11 14 16
2 5 11 15 16
2 5 12 13 14
2 5 12 13 15
2 5 12 13 16
2 5 12 14 15
2 5 12 14 16
2 5 12 15 16
2 5 13 14 15
2 5 13 14 16
2 5 13 15 16
2 5 14 15 16
2 6 7 8 9
2 6 7 8 10
2 6 7 8 11
2 6 7 8 12
2 6 7 8 13
2 6 7 8 14
2 6 7 8 15
2 6 7 8 16
2 6 7 9 10
2 6 7 9 11
2 6 7 9 12
2 6 7 9 13
2 6 7 9 14
2 6 7 9 15
2 6 7 9 16
2 6 7 10 11
2 6 7 10 12
2 6 7 10 13
2 6 7 10 14
2 6 7 10 15
2 6 7 10 16
2 6 7 11 12
2 6 7 11 13
2 6 7 11 14
2 6 7 11 15
2 6 7 11 16
2 6 7 12 13
2 6 7 12 14
2 6 7 12 15
2 6 7 12 16
2 6 7 13 14
2 6 7 13 15
2 6 7 13 16
2 6 7 14 15
2 6 7 14 16
2 6 7 15 16
2 6 8 9 10
2 6 8 9 11
2 6 8 9 12
2 6 8 9 13
2 6 8 9 14
2 6 8 9 15
2 6 8 9 16
2 6 8 10 11
2 6 8 10 12
2 6 8 10 13
2 6 8 10 14
2 6 8 10 15
2 6 8 10 16
2 6 8 11 12
2 6 8 11 13
2 6 8 11 14
2 6 8 11 15
2 6 8 11 16
2 6 8 12 13
2 6 8 12 14
2 6 8 12 15
2 6 8 12 16
2 6 8 13 14
2 6 8 13 15
2 6 8 13 16
2 6 8 14 15
2 6 8 14 16
2 6 8 15 16
2 6 9 10 11
2 6 9 10 12
2 6 9 10 13
2 6 9 10 14
2 6 9 10 15
2 6 9 10 16
2 6 9 11 12
2 6 9 11 13
2 6 9 11 14
2 6 9 11 15
2 6 9 11 16
2 6 9 12 13
2 6 9 12 14
2 6 9 12 15
2 6 9 12 16
2 6 9 13 14
2 6 9 13 15
2 6 9 13 16
2 6 9 14 15
2 6 9 14 16
2 6 9 15 16
2 6 10 11 12
2 6 10 11 13
2 6 10 11 14
2 6 10 11 15
2 6 10 11 16
2 6 10 12 13
2 6 10 12 14
2 6 10 12 15
2 6 10 12 16
2 6 10 13 14
2 6 10 13 15
2 6 10 13 16
2 6 10 14 15
2 6 10 14 16
2 6 10 15 16
2 6 11 12 13
2 6 11 12 14
2 6 11 12 15
2 6 11 12 16
2 6 11 13 14
2 6 11 13 15
2 6 11 13 16
2 6 11 14 15
2 6 11 14 16
2 6 11 15 16
2 6 12 13 14
2 6 12 13 15
2 6 12 13 16
2 6 12 14 15
2 6 12 14 16
2 6 12 15 16
2 6 13 14 15
2 6 13 14 16
2 6 13 15 16
2 6 14 15 16
2 7 8 9 10
2 7 8 9 11
2 7 8 9 12
2 7 8 9 13
2 7 8 9 14
2 7 8 9 15
2 7 8 9 16
2 7 8 10 11
2 7 8 10 12
2 7 8 10 13
2 7 8 10 14
2 7 8 10 15
2 7 8 10 16
2 7 8 11 12
2 7 8 11 13
2 7 8 11 14
2 7 8 11 15
2 7 8 11 16
2 7 8 12 13
2 7 8 12 14
2 7 8 12 15
2 7 8 12 16
2 7 8 13 14
2 7 8 13 15
2 7 8 13 16
2 7 8 14 15
2 7 8 14 16
2 7 8 15 16
2 7 9 10 11
2 7 9 10 12
2 7 9 10 13
2 7 9 10 14
2 7 9 10 15
2 7 9 10 16
2 7 9 11 12
2 7 9 11 13
2 7 9 11 14
2 7 9 11 15
2 7 9 11 16
2 7 9 12 13
2 7 9 12 14
2 7 9 12 15
2 7 9 12 16
2 7 9 13 14
2 7 9 13 15
2 7 9 13 16
2 7 9 14 15
2 7 9 14 16
2 7 9 15 16
2 7 10 11 12
2 7 10 11 13
2 7 10 11 14
2 7 10 11 15
2 7 10 11 16
2 7 10 12 13
2 7 10 12 14
2 7 10 12 15
2 7 10 12 16
2 7 10 13 14
2 7 10 13 15
2 7 10 13 16
2 7 10 14 15
2 7 10 14 16
2 7 10 15 16
2 7 11 12 13
2 7 11 12 14
2 7 11 12 15
2 7 11 12 16
2 7 11 13 14
2 7 11 13 15
2 7 11 13 16
2 7 11 14 15
2 7 11 14 16
2 7 11 15 16
2 7 12 13 14
2 7 12 13 15
2 7 12 13 16
2 7 12 14 15
2 7 12 14 16
2 7 12 15 16
2 7 13 14 15
2 7 13 14 16
2 7 13 15 16
2 7 14 15 16
2 8 9 10 11
2 8 9 10 12
2 8 9 10 13
2 8 9 10 14
2 8 9 10 15
2 8 9 10 16
2 8 9 11 12
2 8 9 11 13
2 8 9 11 14
2 8 9 11 15
2 8 9 11 16
2 8 9 12 13
2 8 9 12 14
2 8 9 12 15
2 8 9 12 16
2 8 9 13 14
2 8 9 13 15
2 8 9 13 16
2 8 9 14 15
2 8 9 14 16
2 8 9 15 16
2 8 10 11 12
2 8 10 11 13
2 8 10 11 14
2 8 10 11 15
2 8 10 11 16
2 8 10 12 13
2 8 10 12 14
2 8 10 12 15
2 8 10 12 16
2 8 10 13 14
2 8 10 13 15
2 8 10 13 16
2 8 10 14 15
2 8 10 14 16
2 8 10 15 16
2 8 11 12 13
2 8 11 12 14
2 8 11 12 15
2 8 11 12 16
2 8 11 13 14
2 8 11 13 15
2 8 11 13 16
2 8 11 14 15
2 8 11 14 16
2 8 11 15 16
2 8 12 13 14
2 8 12 13 15
2 8 12 13 16
2 8 12 14 15
2 8 12 14 16
2 8 12 15 16
2 8 13 14 15
2 8 13 14 16
2 8 13 15 16
2 8 14 15 16
2 9 10 11 12
2 9 10 11 13
2 9 10 11 14
2 9 10 11 15
2 9 10 11 16
2 9 10 12 13
2 9 10 12 14
2 9 10 12 15
2 9 10 12 16
2 9 10 13 14
2 9 10 13 15
2 9 10 13 16
2 9 10 14 15
2 9 10 14 16
2 9 10 15 16
2 9 11 12 13
2 9 11 12 14
2 9 11 12 15
2 9 11 12 16
2 9 11 13 14
2 9 11 13 15
2 9 11 13 16
2 9 11 14 15
2 9 11 14 16
2 9 11 15 16
2 9 12 13 14
2 9 12 13 15
2 9 12 13 16
2 9 12 14 15
2 9 12 14 16
2 9 12 15 16
2 9 13 14 15
2 9 13 14 16
2 9 13 15 16
2 9 14 15 16
2 10 11 12 13
2 10 11 12 14
2 10 11 12 15
2 10 11 12 16
2 10 11 13 14
2 10 11 13 15
2 10 11 13 16
2 10 11 14 15
2 10 11 14 16
2 10 11 15 16
2 10 12 13 14
2 10 12 13 15
2 10 12 13 16
2 10 12 14 15
2 10 12 14 16
2 10 12 15 16
2 10 13 14 15
2 10 13 14 16
2 10 13 15 16
2 10 14 15 16
2 11 12 13 14
2 11 12 13 15
2 11 12 13 16
2 11 12 14 15
2 11 12 14 16
2 11 12 15 16
2 11 13 14 15
2 11 13 14 16
2 11 13 15 16
2 11 14 15 16
2 12 13 14 15
2 12 13 14 16
2 12 13 15 16
2 12 14 15 16
2 13 14 15 16
3 4 5 6 7
3 4 5 6 8
3 4 5 6 9
3 4 5 6 10
3 4 5 6 11
3 4 5 6 12
3 4 5 6 13
3 4 5 6 14
3 4 5 6 15
3 4 5 6 16
3 4 5 7 8
3 4 5 7 9
3 4 5 7 10
3 4 5 7 11
3 4 5 7 12
3 4 5 7 13
3 4 5 7 14
3 4 5 7 15
3 4 5 7 16
3 4 5 8 9
3 4 5 8 10
3 4 5 8 11
3 4 5 8 12
3 4 5 8 13
3 4 5 8 14
3 4 5 8 15
3 4 5 8 16
3 4 5 9 10
3 4 5 9 11
3 4 5 9 12
3 4 5 9 13
3 4 5 9 14
3 4 5 9 15
3 4 5 9 16
3 4 5 10 11
3 4 5 10 12
3 4 5 10 13
3 4 5 10 14
3 4 5 10 15
3 4 5 10 16
3 4 5 11 12
3 4 5 11 13
3 4 5 11 14
3 4 5 11 15
3 4 5 11 16
3 4 5 12 13
3 4 5 12 14
3 4 5 12 15
3 4 5 12 16
3 4 5 13 14
3 4 5 13 15
3 4 5 13 16
3 4 5 14 15
3 4 5 14 16
3 4 5 15 16
3 4 6 7 8
3 4 6 7 9
3 4 6 7 10
3 4 6 7 11
3 4 6 7 12
3 4 6 7 13
3 4 6 7 14
3 4 6 7 15
3 4 6 7 16
3 4 6 8 9
3 4 6 8 10
3 4 6 8 11
3 4 6 8 12
3 4 6 8 13
3 4 6 8 14
3 4 6 8 15
3 4 6 8 16
3 4 6 9 10
3 4 6 9 11
3 4 6 9 12
3 4 6 9 13
3 4 6 9 14
3 4 6 9 15
3 4 6 9 16
3 4 6 10 11
3 4 6 10 12
3 4 6 10 13
3 4 6 10 14
3 4 6 10 15
3 4 6 10 16
3 4 6 11 12
3 4 6 11 13
3 4 6 11 14
3 4 6 11 15
3 4 6 11 16
3 4 6 12 13
3 4 6 12 14
3 4 6 12 15
3 4 6 12 16
3 4 6 13 14
3 4 6 13 15
3 4 6 13 16
3 4 6 14 15
3 4 6 14 16
3 4 6 15 16
3 4 7 8 9
3 4 7 8 10
3 4 7 8 11
3 4 7 8 12
3 4 7 8 13
3 4 7 8 14
3 4 7 8 15
3 4 7 8 16
3 4 7 9 10
3 4 7 9 11
3 4 7 9 12
3 4 7 9 13
3 4 7 9 14
3 4 7 9 15
3 4 7 9 16
3 4 7 10 11
3 4 7 10 12
3 4 7 10 13
3 4 7 10 14
3 4 7 10 15
3 4 7 10 16
3 4 7 11 12
3 4 7 11 13
3 4 7 11 14
3 4 7 11 15
3 4 7 11 16
3 4 7 12 13
3 4 7 12 14
3 4 7 12 15
3 4 7 12 16
3 4 7 13 14
3 4 7 13 15
3 4 7 13 16
3 4 7 14 15
3 4 7 14 16
3 4 7 15 16
3 4 8 9 10
3 4 8 9 11
3 4 8 9 12
3 4 8 9 13
3 4 8 9 14
3 4 8 9 15
3 4 8 9 16
3 4 8 10 11
3 4 8 10 12
3 4 8 10 13
3 4 8 10 14
3 4 8 10 15
3 4 8 10 16
3 4 8 11 12
3 4 8 11 13
3 4 8 11 14
3 4 8 11 15
3 4 8 11 16
3 4 8 12 13
3 4 8 12 14
3 4 8 12 15
3 4 8 12 16
3 4 8 13 14
3 4 8 13 15
3 4 8 13 16
3 4 8 14 15
3 4 8 14 16
3 4 8 15 16
3 4 9 10 11
3 4 9 10 12
3 4 9 10 13
3 4 9 10 14
3 4 9 10 15
3 4 9 10 16
3 4 9 11 12
3 4 9 11 13
3 4 9 11 14
3 4 9 11 15
3 4 9 11 16
3 4 9 12 13
3 4 9 12 14
3 4 9 12 15
3 4 9 12 16
3 4 9 13 14
3 4 9 13 15
3 4 9 13 16
3 4 9 14 15
3 4 9 14 16
3 4 9 15 16
3 4 10 11 12
3 4 10 11 13
3 4 10 11 14
3 4 10 11 15
3 4 10 11 16
3 4 10 12 13
3 4 10 12 14
3 4 10 12 15
3 4 10 12 16
3 4 10 13 14
3 4 10 13 15
3 4 10 13 16
3 4 10 14 15
3 4 10 14 16
3 4 10 15 16
3 4 11 12 13
3 4 11 12 14
3 4 11 12 15
3 4 11 12 16
3 4 11 13 14
3 4 11 13 15
3 4 11 13 16
3 4 11 14 15
3 4 11 14 16
3 4 11 15 16
3 4 12 13 14
3 4 12 13 15
3 4 12 13 16
3 4 12 14 15
3 4 12 14 16
3 4 12 15 16
3 4 13 14 15
3 4 13 14 16
3 4 13 15 16
3 4 14 15 16
3 5 6 7 8
3 5 6 7 9
3 5 6 7 10
3 5 6 7 11
3 5 6 7 12
3 5 6 7 13
3 5 6 7 14
3 5 6 7 15
3 5 6 7 16
3 5 6 8 9
3 5 6 8 10
3 5 6 8 11
3 5 6 8 12
3 5 6 8 13
3 5 6 8 14
3 5 6 8 15
3 5 6 8 16
3 5 6 9 10
3 5 6 9 11
3 5 6 9 12
3 5 6 9 13
3 5 6 9 14
3 5 6 9 15
3 5 6 9 16
3 5 6 10 11
3 5 6 10 12
3 5 6 10 13
3 5 6 10 14
3 5 6 10 15
3 5 6 10 16
3 5 6 11 12
3 5 6 11 13
3 5 6 11 14
3 5 6 11 15
3 5 6 11 16
3 5 6 12 13
3 5 6 12 14
3 5 6 12 15
3 5 6 12 16
3 5 6 13 14
3 5 6 13 15
3 5 6 13 16
3 5 6 14 15
3 5 6 14 16
3 5 6 15 16
3 5 7 8 9
3 5 7 8 10
3 5 7 8 11
3 5 7 8 12
3 5 7 8 13
3 5 7 8 14
3 5 7 8 15
3 5 7 8 16
3 5 7 9 10
3 5 7 9 11
3 5 7 9 12
3 5 7 9 13
3 5 7 9 14
3 5 7 9 15
3 5 7 9 16
3 5 7 10 11
3 5 7 10 12
3 5 7 10 13
3 5 7 10 14
3 5 7 10 15
3 5 7 10 16
3 5 7 11 12
3 5 7 11 13
3 5 7 11 14
3 5 7 11 15
3 5 7 11 16
3 5 7 12 13
3 5 7 12 14
3 5 7 12 15
3 5 7 12 16
3 5 7 13 14
3 5 7 13 15
3 5 7 13 16
3 5 7 14 15
3 5 7 14 16
3 5 7 15 16
3 5 8 9 10
3 5 8 9 11
3 5 8 9 12
3 5 8 9 13
3 5 8 9 14
3 5 8 9 15
3 5 8 9 16
3 5 8 10 11
3 5 8 10 12
3 5 8 10 13
3 5 8 10 14
3 5 8 10 15
3 5 8 10 16
3 5 8 11 12
3 5 8 11 13
3 5 8 11 14
3 5 8 11 15
3 5 8 11 16
3 5 8 12 13
3 5 8 12 14
3 5 8 12 15
3 5 8 12 16
3 5 8 13 14
3 5 8 13 15
3 5 8 13 16
3 5 8 14 15
3 5 8 14 16
3 5 8 15 16
3 5 9 10 11
3 5 9 10 12
3 5 9 10 13
3 5 9 10 14
3 5 9 10 15
3 5 9 10 16
3 5 9 11 12
3 5 9 11 13
3 5 9 11 14
3 5 9 11 15
3 5 9 11 16
3 5 9 12 13
3 5 9 12 14
3 5 9 12 15
3 5 9 12 16
3 5 9 13 14
3 5 9 13 15
3 5 9 13 16
3 5 9 14 15
3 5 9 14 16
3 5 9 15 16
3 5 10 11 12
3 5 10 11 13
3 5 10 11 14
3 5 10 11 15
3 5 10 11 16
3 5 10 12 13
3 5 10 12 14
3 5 10 12 15
3 5 10 12 16
3 5 10 13 14
3 5 10 13 15
3 5 10 13 16
3 5 10 14 15
3 5 10 14 16
3 5 10 15 16
3 5 11 12 13
3 5 11 12 14
3 5 11 12 15
3 5 11 12 16
3 5 11 13 14
3 5 11 13 15
3 5 11 13 16
3 5 11 14 15
3 5 11 14 16
3 5 11 15 16
3 5 12 13 14
3 5 12 13 15
3 5 12 13 16
3 5 12 14 15
3 5 12 14 16
3 5 12 15 16
3 5 13 14 15
3 5 13 14 16
3 5 13 15 16
3 5 14 15 16
3 6 7 8 9
3 6 7 8 10
3 6 7 8 11
3 6 7 8 12
3 6 7 8 13
3 6 7 8 14
3 6 7 8 15
3 6 7 8 16
3 6 7 9 10
3 6 7 9 11
3 6 7 9 12
3 6 7 9 13
3 6 7 9 14
3 6 7 9 15
3 6 7 9 16
3 6 7 10 11
3 6 7 10 12
3 6 7 10 13
3 6 7 10 14
3 6 7 10 15
3 6 7 10 16
3 6 7 11 12
3 6 7 11 13
3 6 7 11 14
3 6 7 11 15
3 6 7 11 16
3 6 7 12 13
3 6 7 12 14
3 6 7 12 15
3 6 7 12 16
3 6 7 13 14
3 6 7 13 15
3 6 7 13 16
3 6 7 14 15
3 6 7 14 16
3 6 7 15 16
3 6 8 9 10
3 6 8 9 11
3 6 8 9 12
3 6 8 9 13
3 6 8 9 14
3 6 8 9 15
3 6 8 9 16
3 6 8 10 11
3 6 8 10 12
3 6 8 10 13
3 6 8 10 14
3 6 8 10 15
3 6 8 10 16
3 6 8 11 12
3 6 8 11 13
3 6 8 11 14
3 6 8 11 15
3 6 8 11 16
3 6 8 12 13
3 6 8 12 14
3 6 8 12 15
3 6 8 12 16
3 6 8 13 14
3 6 8 13 15
3 6 8 13 16
3 6 8 14 15
3 6 8 14 16
3 6 8 15 16
3 6 9 10 11
3 6 9 10 12
3 6 9 10 13
3 6 9 10 14
3 6 9 10 15
3 6 9 10 16
3 6 9 11 12
3 6 9 11 13
3 6 9 11 14
3 6 9 11 15
3 6 9 11 16
3 6 9 12 13
3 6 9 12 14
3 6 9 12 15
3 6 9 12 16
3 6 9 13 14
3 6 9 13 15
3 6 9 13 16
3 6 9 14 15
3 6 9 14 16
3 6 9 15 16
3 6 10 11 12
3 6 10 11 13
3 6 10 11 14
3 6 10 11 15
3 6 10 11 16
3 6 10 12 13
3 6 10 12 14
3 6 10 12 15
3 6 10 12 16
3 6 10 13 14
3 6 10 13 15
3 6 10 13 16
3 6 10 14 15
3 6 10 14 16
3 6 10 15 16
3 6 11 12 13
3 6 11 12 14
3 6 11 12 15
3 6 11 12 16
3 6 11 13 14
3 6 11 13 15
3 6 11 13 16
3 6 11 14 15
3 6 11 14 16
3 6 11 15 16
3 6 12 13 14
3 6 12 13 15
3 6 12 13 16
3 6 12 14 15
3 6 12 14 16
3 6 12 15 16
3 6 13 14 15
3 6 13 14 16
3 6 13 15 16
3 6 14 15 16
3 7 8 9 10
3 7 8 9 11
3 7 8 9 12
3 7 8 9 13
3 7 8 9 14
3 7 8 9 15
3 7 8 9 16
3 7 8 10 11
3 7 8 10 12
3 7 8 10 13
3 7 8 10 14
3 7 8 10 15
3 7 8 10 16
3 7 8 11 12
3 7 8 11 13
3 7 8 11 14
3 7 8 11 15
3 7 8 11 16
3 7 8 12 13
3 7 8 12 14
3 7 8 12 15
3 7 8 12 16
3 7 8 13 14
3 7 8 13 15
3 7 8 13 16
3 7 8 14 15
3 7 8 14 16
3 7 8 15 16
3 7 9 10 11
3 7 9 10 12
3 7 9 10 13
3 7 9 10 14
3 7 9 10 15
3 7 9 10 16
3 7 9 11 12
3 7 9 11 13
3 7 9 11 14
3 7 9 11 15
3 7 9 11 16
3 7 9 12 13
3 7 9 12 14
3 7 9 12 15
3 7 9 12 16
3 7 9 13 14
3 7 9 13 15
3 7 9 13 16
3 7 9 14 15
3 7 9 14 16
3 7 9 15 16
3 7 10 11 12
3 7 10 11 13
3 7 10 11 14
3 7 10 11 15
3 7 10 11 16
3 7 10 12 13
3 7 10 12 14
3 7 10 12 15
3 7 10 12 16
3 7 10 13 14
3 7 10 13 15
3 7 10 13 16
3 7 10 14 15
3 7 10 14 16
3 7 10 15 16
3 7 11 12 13
3 7 11 12 14
3 7 11 12 15
3 7 11 12 16
3 7 11 13 14
3 7 11 13 15
3 7 11 13 16
3 7 11 14 15
3 7 11 14 16
3 7 11 15 16
3 7 12 13 14
3 7 12 13 15
3 7 12 13 16
3 7 12 14 15
3 7 12 14 16
3 7 12 15 16
3 7 13 14 15
3 7 13 14 16
3 7 13 15 16
3 7 14 15 16
3 8 9 10 11
3 8 9 10 12
3 8 9 10 13
3 8 9 10 14
3 8 9 10 15
3 8 9 10 16
3 8 9 11 12
3 8 9 11 13
3 8 9 11 14
3 8 9 11 15
3 8 9 11 16
3 8 9 12 13
3 8 9 12 14
3 8 9 12 15
3 8 9 12 16
3 8 9 13 14
3 8 9 13 15
3 8 9 13 16
3 8 9 14 15
3 8 9 14 16
3 8 9 15 16
3 8 10 11 12
3 8 10 11 13
3 8 10 11 14
3 8 10 11 15
3 8 10 11 16
3 8 10 12 13
3 8 10 12 14
3 8 10 12 15
3 8 10 12 16
3 8 10 13 14
3 8 10 13 15
3 8 10 13 16
3 8 10 14 15
3 8 10 14 16
3 8 10 15 16
3 8 11 12 13
3 8 11 12 14
3 8 11 12 15
3 8 11 12 16
3 8 11 13 14
3 8 11 13 15
3 8 11 13 16
3 8 11 14 15
3 8 11 14 16
3 8 11 15 16
3 8 12 13 14
3 8 12 13 15
3 8 12 13 16
3 8 12 14 15
3 8 12 14 16
3 8 12 15 16
3 8 13 14 15
3 8 13 14 16
3 8 13 15 16
3 8 14 15 16
3 9 10 11 12
3 9 10 11 13
3 9 10 11 14
3 9 10 11 15
3 9 10 11 16
3 9 10 12 13
3 9 10 12 14
3 9 10 12 15
3 9 10 12 16
3 9 10 13 14
3 9 10 13 15
3 9 10 13 16
3 9 10 14 15
3 9 10 14 16
3 9 10 15 16
3 9 11 12 13
3 9 11 12 14
3 9 11 12 15
3 9 11 12 16
3 9 11 13 14
3 9 11 13 15
3 9 11 13 16
3 9 11 14 15
3 9 11 14 16
3 9 11 15 16
3 9 12 13 14
3 9 12 13 15
3 9 12 13 16
3 9 12 14 15
3 9 12 14 16
3 9 12 15 16
3 9 13 14 15
3 9 13 14 16
3 9 13 15 16
3 9 14 15 16
3 10 11 12 13
3 10 11 12 14
3 10 11 12 15
3 10 11 12 16
3 10 11 13 14
3 10 11 13 15
3 10 11 13 16
3 10 11 14 15
3 10 11 14 16
3 10 11 15 16
3 10 12 13 14
3 10 12 13 15
3 10 12 13 16
3 10 12 14 15
3 10 12 14 16
3 10 12 15 16
3 10 13 14 15
3 10 13 14 16
3 10 13 15 16
3 10 14 15 16
3 11 12 13 14
3 11 12 13 15
3 11 12 13 16
3 11 12 14 15
3 11 12 14 16
3 11 12 15 16
3 11 13 14 15
3 11 13 14 16
3 11 13 15 16
3 11 14 15 16
3 12 13 14 15
3 12 13 14 16
3 12 13 15 16
3 12 14 15 16
3 13 14 15 16
4 5 6 7 8
4 5 6 7 9
4 5 6 7 10
4 5 6 7 11
4 5 6 7 12
4 5 6 7 13
4 5 6 7 14
4 5 6 7 15
4 5 6 7 16
4 5 6 8 9
4 5 6 8 10
4 5 6 8 11
4 5 6 8 12
4 5 6 8 13
4 5 6 8 14
4 5 6 8 15
4 5 6 8 16
4 5 6 9 10
4 5 6 9 11
4 5 6 9 12
4 5 6 9 13
4 5 6 9 14
4 5 6 9 15
4 5 6 9 16
4 5 6 10 11
4 5 6 10 12
4 5 6 10 13
4 5 6 10 14
4 5 6 10 15
4 5 6 10 16
4 5 6 11 12
4 5 6 11 13
4 5 6 11 14
4 5 6 11 15
4 5 6 11 16
4 5 6 12 13
4 5 6 12 14
4 5 6 12 15
4 5 6 12 16
4 5 6 13 14
4 5 6 13 15
4 5 6 13 16
4 5 6 14 15
4 5 6 14 16
4 5 6 15 16
4 5 7 8 9
4 5 7 8 10
4 5 7 8 11
4 5 7 8 12
4 5 7 8 13
4 5 7 8 14
4 5 7 8 15
4 5 7 8 16
4 5 7 9 10
4 5 7 9 11
4 5 7 9 12
4 5 7 9 13
4 5 7 9 14
4 5 7 9 15
4 5 7 9 16
4 5 7 10 11
4 5 7 10 12
4 5 7 10 13
4 5 7 10 14
4 5 7 10 15
4 5 7 10 16
4 5 7 11 12
4 5 7 11 13
4 5 7 11 14
4 5 7 11 15
4 5 7 11 16
4 5 7 12 13
4 5 7 12 14
4 5 7 12 15
4 5 7 12 16
4 5 7 13 14
4 5 7 13 15
4 5 7 13 16
4 5 7 14 15
4 5 7 14 16
4 5 7 15 16
4 5 8 9 10
4 5 8 9 11
4 5 8 9 12
4 5 8 9 13
4 5 8 9 14
4 5 8 9 15
4 5 8 9 16
4 5 8 10 11
4 5 8 10 12
4 5 8 10 13
4 5 8 10 14
4 5 8 10 15
4 5 8 10 16
4 5 8 11 12
4 5 8 11 13
4 5 8 11 14
4 5 8 11 15
4 5 8 11 16
4 5 8 12 13
4 5 8 12 14
4 5 8 12 15
4 5 8 12 16
4 5 8 13 14
4 5 8 13 15
4 5 8 13 16
4 5 8 14 15
4 5 8 14 16
4 5 8 15 16
4 5 9 10 11
4 5 9 10 12
4 5 9 10 13
4 5 9 10 14
4 5 9 10 15
4 5 9 10 16
4 5 9 11 12
4 5 9 11 13
4 5 9 11 14
4 5 9 11 15
4 5 9 11 16
4 5 9 12 13
4 5 9 12 14
4 5 9 12 15
4 5 9 12 16
4 5 9 13 14
4 5 9 13 15
4 5 9 13 16
4 5 9 14 15
4 5 9 14 16
4 5 9 15 16
4 5 10 11 12
4 5 10 11 13
4 5 10 11 14
4 5 10 11 15
4 5 10 11 16
4 5 10 12 13
4 5 10 12 14
4 5 10 12 15
4 5 10 12 16
4 5 10 13 14
4 5 10 13 15
4 5 10 13 16
4 5 10 14 15
4 5 10 14 16
4 5 10 15 16
4 5 11 12 13
4 5 11 12 14
4 5 11 12 15
4 5 11 12 16
4 5 11 13 14
4 5 11 13 15
4 5 11 13 16
4 5 11 14 15
4 5 11 14 16
4 5 11 15 16
4 5 12 13 14
4 5 12 13 15
4 5 12 13 16
4 5 12 14 15
4 5 12 14 16
4 5 12 15 16
4 5 13 14 15
4 5 13 14 16
4 5 13 15 16
4 5 14 15 16
4 6 7 8 9
4 6 7 8 10
4 6 7 8 11
4 6 7 8 12
4 6 7 8 13
4 6 7 8 14
4 6 7 8 15
4 6 7 8 16
4 6 7 9 10
4 6 7 9 11
4 6 7 9 12
4 6 7 9 13
4 6 7 9 14
4 6 7 9 15
4 6 7 9 16
4 6 7 10 11
4 6 7 10 12
4 6 7 10 13
4 6 7 10 14
4 6 7 10 15
4 6 7 10 16
4 6 7 11 12
4 6 7 11 13
4 6 7 11 14
4 6 7 11 15
4 6 7 11 16
4 6 7 12 13
4 6 7 12 14
4 6 7 12 15
4 6 7 12 16
4 6 7 13 14
4 6 7 13 15
4 6 7 13 16
4 6 7 14 15
4 6 7 14 16
4 6 7 15 16
4 6 8 9 10
4 6 8 9 11
4 6 8 9 12
4 6 8 9 13
4 6 8 9 14
4 6 8 9 15
4 6 8 9 16
4 6 8 10 11
4 6 8 10 12
4 6 8 10 13
4 6 8 10 14
4 6 8 10 15
4 6 8 10 16
4 6 8 11 12
4 6 8 11 13
4 6 8 11 14
4 6 8 11 15
4 6 8 11 16
4 6 8 12 13
4 6 8 12 14
4 6 8 12 15
4 6 8 12 16
4 6 8 13 14
4 6 8 13 15
4 6 8 13 16
4 6 8 14 15
4 6 8 14 16
4 6 8 15 16
4 6 9 10 11
4 6 9 10 12
4 6 9 10 13
4 6 9 10 14
4 6 9 10 15
4 6 9 10 16
4 6 9 11 12
4 6 9 11 13
4 6 9 11 14
4 6 9 11 15
4 6 9 11 16
4 6 9 12 13
4 6 9 12 14
4 6 9 12 15
4 6 9 12 16
4 6 9 13 14
4 6 9 13 15
4 6 9 13 16
4 6 9 14 15
4 6 9 14 16
4 6 9 15 16
4 6 10 11 12
4 6 10 11 13
4 6 10 11 14
4 6 10 11 15
4 6 10 11 16
4 6 10 12 13
4 6 10 12 14
4 6 10 12 15
4 6 10 12 16
4 6 10 13 14
4 6 10 13 15
4 6 10 13 16
4 6 10 14 15
4 6 10 14 16
4 6 10 15 16
4 6 11 12 13
4 6 11 12 14
4 6 11 12 15
4 6 11 12 16
4 6 11 13 14
4 6 11 13 15
4 6 11 13 16
4 6 11 14 15
4 6 11 14 16
4 6 11 15 16
4 6 12 13 14
4 6 12 13 15
4 6 12 13 16
4 6 12 14 15
4 6 12 14 16
4 6 12 15 16
4 6 13 14 15
4 6 13 14 16
4 6 13 15 16
4 6 14 15 16
4 7 8 9 10
4 7 8 9 11
4 7 8 9 12
4 7 8 9 13
4 7 8 9 14
4 7 8 9 15
4 7 8 9 16
4 7 8 10 11
4 7 8 10 12
4 7 8 10 13
4 7 8 10 14
4 7 8 10 15
4 7 8 10 16
4 7 8 11 12
4 7 8 11 13
4 7 8 11 14
4 7 8 11 15
4 7 8 11 16
4 7 8 12 13
4 7 8 12 14
4 7 8 12 15
4 7 8 12 16
4 7 8 13 14
4 7 8 13 15
4 7 8 13 16
4 7 8 14 15
4 7 8 14 16
4 7 8 15 16
4 7 9 10 11
4 7 9 10 12
4 7 9 10 13
4 7 9 10 14
4 7 9 10 15
4 7 9 10 16
4 7 9 11 12
4 7 9 11 13
4 7 9 11 14
4 7 9 11 15
4 7 9 11 16
4 7 9 12 13
4 7 9 12 14
4 7 9 12 15
4 7 9 12 16
4 7 9 13 14
4 7 9 13 15
4 7 9 13 16
4 7 9 14 15
4 7 9 14 16
4 7 9 15 16
4 7 10 11 12
4 7 10 11 13
4 7 10 11 14
4 7 10 11 15
4 7 10 11 16
4 7 10 12 13
4 7 10 12 14
4 7 10 12 15
4 7 10 12 16
4 7 10 13 14
4 7 10 13 15
4 7 10 13 16
4 7 10 14 15
4 7 10 14 16
4 7 10 15 16
4 7 11 12 13
4 7 11 12 14
4 7 11 12 15
4 7 11 12 16
4 7 11 13 14
4 7 11 13 15
4 7 11 13 16
4 7 11 14 15
4 7 11 14 16
4 7 11 15 16
4 7 12 13 14
4 7 12 13 15
4 7 12 13 16
4 7 12 14 15
4 7 12 14 16
4 7 12 15 16
4 7 13 14 15
4 7 13 14 16
4 7 13 15 16
4 7 14 15 16
4 8 9 10 11
4 8 9 10 12
4 8 9 10 13
4 8 9 10 14
4 8 9 10 15
4 8 9 10 16
4 8 9 11 12
4 8 9 11 13
4 8 9 11 14
4 8 9 11 15
4 8 9 11 16
4 8 9 12 13
4 8 9 12 14
4 8 9 12 15
4 8 9 12 16
4 8 9 13 14
4 8 9 13 15
4 8 9 13 16
4 8 9 14 15
4 8 9 14 16
4 8 9 15 16
4 8 10 11 12
4 8 10 11 13
4 8 10 11 14
4 8 10 11 15
4 8 10 11 16
4 8 10 12 13
4 8 10 12 14
4 8 10 12 15
4 8 10 12 16
4 8 10 13 14
4 8 10 13 15
4 8 10 13 16
4 8 10 14 15
4 8 10 14 16
4 8 10 15 16
4 8 11 12 13
4 8 11 12 14
4 8 11 12 15
4 8 11 12 16
4 8 11 13 14
4 8 11 13 15
4 8 11 13 16
4 8 11 14 15
4 8 11 14 16
4 8 11 15 16
4 8 12 13 14
4 8 12 13 15
4 8 12 13 16
4 8 12 14 15
4 8 12 14 16
4 8 12 15 16
4 8 13 14 15
4 8 13 14 16
4 8 13 15 16
4 8 14 15 16
4 9 10 11 12
4 9 10 11 13
4 9 10 11 14
4 9 10 11 15
4 9 10 11 16
4 9 10 12 13
4 9 10 12 14
4 9 10 12 15
4 9 10 12 16
4 9 10 13 14
4 9 10 13 15
4 9 10 13 16
4 9 10 14 15
4 9 10 14 16
4 9 10 15 16
4 9 11 12 13
4 9 11 12 14
4 9 11 12 15
4 9 11 12 16
4 9 11 13 14
4 9 11 13 15
4 9 11 13 16
4 9 11 14 15
4 9 11 14 16
4 9 11 15 16
4 9 12 13 14
4 9 12 13 15
4 9 12 13 16
4 9 12 14 15
4 9 12 14 16
4 9 12 15 16
4 9 13 14 15
4 9 13 14 16
4 9 13 15 16
4 9 14 15 16
4 10 11 12 13
4 10 11 12 14
4 10 11 12 15
4 10 11 12 16
4 10 11 13 14
4 10 11 13 15
4 10 11 13 16
4 10 11 14 15
4 10 11 14 16
4 10 11 15 16
4 10 12 13 14
4 10 12 13 15
4 10 12 13 16
4 10 12 14 15
4 10 12 14 16
4 10 12 15 16
4 10 13 14 15
4 10 13 14 16
4 10 13 15 16
4 10 14 15 16
4 11 12 13 14
4 11 12 13 15
4 11 12 13 16
4 11 12 14 15
4 11 12 14 16
4 11 12 15 16
4 11 13 14 15
4 11 13 14 16
4 11 13 15 16
4 11 14 15 16
4 12 13 14 15
4 12 13 14 16
4 12 13 15 16
4 12 14 15 16
4 13 14 15 16
5 6 7 8 9
5 6 7 8 10
5 6 7 8 11
5 6 7 8 12
5 6 7 8 13
5 6 7 8 14
5 6 7 8 15
5 6 7 8 16
5 6 7 9 10
5 6 7 9 11
5 6 7 9 12
5 6 7 9 13
5 6 7 9 14
5 6 7 9 15
5 6 7 9 16
5 6 7 10 11
5 6 7 10 12
5 6 7 10 13
5 6 7 10 14
5 6 7 10 15
5 6 7 10 16
5 6 7 11 12
5 6 7 11 13
5 6 7 11 14
5 6 7 11 15
5 6 7 11 16
5 6 7 12 13
5 6 7 12 14
5 6 7 12 15
5 6 7 12 16
5 6 7 13 14
5 6 7 13 15
5 6 7 13 16
5 6 7 14 15
5 6 7 14 16
5 6 7 15 16
5 6 8 9 10
5 6 8 9 11
5 6 8 9 12
5 6 8 9 13
5 6 8 9 14
5 6 8 9 15
5 6 8 9 16
5 6 8 10 11
5 6 8 10 12
5 6 8 10 13
5 6 8 10 14
5 6 8 10 15
5 6 8 10 16
5 6 8 11 12
5 6 8 11 13
5 6 8 11 14
5 6 8 11 15
5 6 8 11 16
5 6 8 12 13
5 6 8 12 14
5 6 8 12 15
5 6 8 12 16
5 6 8 13 14
5 6 8 13 15
5 6 8 13 16
5 6 8 14 15
5 6 8 14 16
5 6 8 15 16
5 6 9 10 11
5 6 9 10 12
5 6 9 10 13
5 6 9 10 14
5 6 9 10 15
5 6 9 10 16
5 6 9 11 12
5 6 9 11 13
5 6 9 11 14
5 6 9 11 15
5 6 9 11 16
5 6 9 12 13
5 6 9 12 14
5 6 9 12 15
5 6 9 12 16
5 6 9 13 14
5 6 9 13 15
5 6 9 13 16
5 6 9 14 15
5 6 9 14 16
5 6 9 15 16
5 6 10 11 12
5 6 10 11 13
5 6 10 11 14
5 6 10 11 15
5 6 10 11 16
5 6 10 12 13
5 6 10 12 14
5 6 10 12 15
5 6 10 12 16
5 6 10 13 14
5 6 10 13 15
5 6 10 13 16
5 6 10 14 15
5 6 10 14 16
5 6 10 15 16
5 6 11 12 13
5 6 11 12 14
5 6 11 12 15
5 6 11 12 16
5 6 11 13 14
5 6 11 13 15
5 6 11 13 16
5 6 11 14 15
5 6 11 14 16
5 6 11 15 16
5 6 12 13 14
5 6 12 13 15
5 6 12 13 16
5 6 12 14 15
5 6 12 14 16
5 6 12 15 16
5 6 13 14 15
5 6 13 14 16
5 6 13 15 16
5 6 14 15 16
5 7 8 9 10
5 7 8 9 11
5 7 8 9 12
5 7 8 9 13
5 7 8 9 14
5 7 8 9 15
5 7 8 9 16
5 7 8 10 11
5 7 8 10 12
5 7 8 10 13
5 7 8 10 14
5 7 8 10 15
5 7 8 10 16
5 7 8 11 12
5 7 8 11 13
5 7 8 11 14
5 7 8 11 15
5 7 8 11 16
5 7 8 12 13
5 7 8 12 14
5 7 8 12 15
5 7 8 12 16
5 7 8 13 14
5 7 8 13 15
5 7 8 13 16
5 7 8 14 15
5 7 8 14 16
5 7 8 15 16
5 7 9 10 11
5 7 9 10 12
5 7 9 10 13
5 7 9 10 14
5 7 9 10 15
5 7 9 10 16
5 7 9 11 12
5 7 9 11 13
5 7 9 11 14
5 7 9 11 15
5 7 9 11 16
5 7 9 12 13
5 7 9 12 14
5 7 9 12 15
5 7 9 12 16
5 7 9 13 14
5 7 9 13 15
5 7 9 13 16
5 7 9 14 15
5 7 9 14 16
5 7 9 15 16
5 7 10 11 12
5 7 10 11 13
5 7 10 11 14
5 7 10 11 15
5 7 10 11 16
5 7 10 12 13
5 7 10 12 14
5 7 10 12 15
5 7 10 12 16
5 7 10 13 14
5 7 10 13 15
5 7 10 13 16
5 7 10 14 15
5 7 10 14 16
5 7 10 15 16
5 7 11 12 13
5 7 11 12 14
5 7 11 12 15
5 7 11 12 16
5 7 11 13 14
5 7 11 13 15
5 7 11 13 16
5 7 11 14 15
5 7 11 14 16
5 7 11 15 16
5 7 12 13 14
5 7 12 13 15
5 7 12 13 16
5 7 12 14 15
5 7 12 14 16
5 7 12 15 16
5 7 13 14 15
5 7 13 14 16
5 7 13 15 16
5 7 14 15 16
5 8 9 10 11
5 8 9 10 12
5 8 9 10 13
5 8 9 10 14
5 8 9 10 15
5 8 9 10 16
5 8 9 11 12
5 8 9 11 13
5 8 9 11 14
5 8 9 11 15
5 8 9 11 16
5 8 9 12 13
5 8 9 12 14
5 8 9 12 15
5 8 9 12 16
5 8 9 13 14
5 8 9 13 15
5 8 9 13 16
5 8 9 14 15
5 8 9 14 16
5 8 9 15 16
5 8 10 11 12
5 8 10 11 13
5 8 10 11 14
5 8 10 11 15
5 8 10 11 16
5 8 10 12 13
5 8 10 12 14
5 8 10 12 15
5 8 10 12 16
5 8 10 13 14
5 8 10 13 15
5 8 10 13 16
5 8 10 14 15
5 8 10 14 16
5 8 10 15 16
5 8 11 12 13
5 8 11 12 14
5 8 11 12 15
5 8 11 12 16
5 8 11 13 14
5 8 11 13 15
5 8 11 13 16
5 8 11 14 15
5 8 11 14 16
5 8 11 15 16
5 8 12 13 14
5 8 12 13 15
5 8 12 13 16
5 8 12 14 15
5 8 12 14 16
5 8 12 15 16
5 8 13 14 15
5 8 13 14 16
5 8 13 15 16
5 8 14 15 16
5 9 10 11 12
5 9 10 11 13
5 9 10 11 14
5 9 10 11 15
5 9 10 11 16
5 9 10 12 13
5 9 10 12 14
5 9 10 12 15
5 9 10 12 16
5 9 10 13 14
5 9 10 13 15
5 9 10 13 16
5 9 10 14 15
5 9 10 14 16
5 9 10 15 16
5 9 11 12 13
5 9 11 12 14
5 9 11 12 15
5 9 11 12 16
5 9 11 13 14
5 9 11 13 15
5 9 11 13 16
5 9 11 14 15
5 9 11 14 16
5 9 11 15 16
5 9 12 13 14
5 9 12 13 15
5 9 12 13 16
5 9 12 14 15
5 9 12 14 16
5 9 12 15 16
5 9 13 14 15
5 9 13 14 16
5 9 13 15 16
5 9 14 15 16
5 10 11 12 13
5 10 11 12 14
5 10 11 12 15
5 10 11 12 16
5 10 11 13 14
5 10 11 13 15
5 10 11 13 16
5 10 11 14 15
5 10 11 14 16
5 10 11 15 16
5 10 12 13 14
5 10 12 13 15
5 10 12 13 16
5 10 12 14 15
5 10 12 14 16
5 10 12 15 16
5 10 13 14 15
5 10 13 14 16
5 10 13 15 16
5 10 14 15 16
5 11 12 13 14
5 11 12 13 15
5 11 12 13 16
5 11 12 14 15
5 11 12 14 16
5 11 12 15 16
5 11 13 14 15
5 11 13 14 16
5 11 13 15 16
5 11 14 15 16
5 12 13 14 15
5 12 13 14 16
5 12 13 15 16
5 12 14 15 16
5 13 14 15 16
6 7 8 9 10
6 7 8 9 11
6 7 8 9 12
6 7 8 9 13
6 7 8 9 14
6 7 8 9 15
6 7 8 9 16
6 7 8 10 11
6 7 8 10 12
6 7 8 10 13
6 7 8 10 14
6 7 8 10 15
6 7 8 10 16
6 7 8 11 12
6 7 8 11 13
6 7 8 11 14
6 7 8 11 15
6 7 8 11 16
6 7 8 12 13
6 7 8 12 14
6 7 8 12 15
6 7 8 12 16
6 7 8 13 14
6 7 8 13 15
6 7 8 13 16
6 7 8 14 15
6 7 8 14 16
6 7 8 15 16
6 7 9 10 11
6 7 9 10 12
6 7 9 10 13
6 7 9 10 14
6 7 9 10 15
6 7 9 10 16
6 7 9 11 12
6 7 9 11 13
6 7 9 11 14
6 7 9 11 15
6 7 9 11 16
6 7 9 12 13
6 7 9 12 14
6 7 9 12 15
6 7 9 12 16
6 7 9 13 14
6 7 9 13 15
6 7 9 13 16
6 7 9 14 15
6 7 9 14 16
6 7 9 15 16
6 7 10 11 12
6 7 10 11 13
6 7 10 11 14
6 7 10 11 15
6 7 10 11 16
6 7 10 12 13
6 7 10 12 14
6 7 10 12 15
6 7 10 12 16
6 7 10 13 14
6 7 10 13 15
6 7 10 13 16
6 7 10 14 15
6 7 10 14 16
6 7 10 15 16
6 7 11 12 13
6 7 11 12 14
6 7 11 12 15
6 7 11 12 16
6 7 11 13 14
6 7 11 13 15
6 7 11 13 16
6 7 11 14 15
6 7 11 14 16
6 7 11 15 16
6 7 12 13 14
6 7 12 13 15
6 7 12 13 16
6 7 12 14 15
6 7 12 14 16
6 7 12 15 16
6 7 13 14 15
6 7 13 14 16
6 7 13 15 16
6 7 14 15 16
6 8 9 10 11
6 8 9 10 12
6 8 9 10 13
6 8 9 10 14
6 8 9 10 15
6 8 9 10 16
6 8 9 11 12
6 8 9 11 13
6 8 9 11 14
6 8 9 11 15
6 8 9 11 16
6 8 9 12 13
6 8 9 12 14
6 8 9 12 15
6 8 9 12 16
6 8 9 13 14
6 8 9 13 15
6 8 9 13 16
6 8 9 14 15
6 8 9 14 16
6 8 9 15 16
6 8 10 11 12
6 8 10 11 13
6 8 10 11 14
6 8 10 11 15
6 8 10 11 16
6 8 10 12 13
6 8 10 12 14
6 8 10 12 15
6 8 10 12 16
6 8 10 13 14
6 8 10 13 15
6 8 10 13 16
6 8 10 14 15
6 8 10 14 16
6 8 10 15 16
6 8 11 12 13
6 8 11 12 14
6 8 11 12 15
6 8 11 12 16
6 8 11 13 14
6 8 11 13 15
6 8 11 13 16
6 8 11 14 15
6 8 11 14 16
6 8 11 15 16
6 8 12 13 14
6 8 12 13 15
6 8 12 13 16
6 8 12 14 15
6 8 12 14 16
6 8 12 15 16
6 8 13 14 15
6 8 13 14 16
6 8 13 15 16
6 8 14 15 16
6 9 10 11 12
6 9 10 11 13
6 9 10 11 14
6 9 10 11 15
6 9 10 11 16
6 9 10 12 13
6 9 10 12 14
6 9 10 12 15
6 9 10 12 16
6 9 10 13 14
6 9 10 13 15
6 9 10 13 16
6 9 10 14 15
6 9 10 14 16
6 9 10 15 16
6 9 11 12 13
6 9 11 12 14
6 9 11 12 15
6 9 11 12 16
6 9 11 13 14
6 9 11 13 15
6 9 11 13 16
6 9 11 14 15
6 9 11 14 16
6 9 11 15 16
6 9 12 13 14
6 9 12 13 15
6 9 12 13 16
6 9 12 14 15
6 9 12 14 16
6 9 12 15 16
6 9 13 14 15
6 9 13 14 16
6 9 13 15 16
6 9 14 15 16
6 10 11 12 13
6 10 11 12 14
6 10 11 12 15
6 10 11 12 16
6 10 11 13 14
6 10 11 13 15
6 10 11 13 16
6 10 11 14 15
6 10 11 14 16
6 10 11 15 16
6 10 12 13 14
6 10 12 13 15
6 10 12 13 16
6 10 12 14 15
6 10 12 14 16
6 10 12 15 16
6 10 13 14 15
6 10 13 14 16
6 10 13 15 16
6 10 14 15 16
6 11 12 13 14
6 11 12 13 15
6 11 12 13 16
6 11 12 14 15
6 11 12 14 16
6 11 12 15 16
6 11 13 14 15
6 11 13 14 16
6 11 13 15 16
6 11 14 15 16
6 12 13 14 15
6 12 13 14 16
6 12 13 15 16
6 12 14 15 16
6 13 14 15 16
7 8 9 10 11
7 8 9 10 12
7 8 9 10 13
7 8 9 10 14
7 8 9 10 15
7 8 9 10 16
7 8 9 11 12
7 8 9 11 13
7 8 9 11 14
7 8 9 11 15
7 8 9 11 16
7 8 9 12 13
7 8 9 12 14
7 8 9 12 15
7 8 9 12 16
7 8 9 13 14
7 8 9 13 15
7 8 9 13 16
7 8 9 14 15
7 8 9 14 16
7 8 9 15 16
7 8 10 11 12
7 8 10 11 13
7 8 10 11 14
7 8 10 11 15
7 8 10 11 16
7 8 10 12 13
7 8 10 12 14
7 8 10 12 15
7 8 10 12 16
7 8 10 13 14
7 8 10 13 15
7 8 10 13 16
7 8 10 14 15
7 8 10 14 16
7 8 10 15 16
7 8 11 12 13
7 8 11 12 14
7 8 11 12 15
7 8 11 12 16
7 8 11 13 14
7 8 11 13 15
7 8 11 13 16
7 8 11 14 15
7 8 11 14 16
7 8 11 15 16
7 8 12 13 14
7 8 12 13 15
7 8 12 13 16
7 8 12 14 15
7 8 12 14 16
7 8 12 15 16
7 8 13 14 15
7 8 13 14 16
7 8 13 15 16
7 8 14 15 16
7 9 10 11 12
7 9 10 11 13
7 9 10 11 14
7 9 10 11 15
7 9 10 11 16
7 9 10 12 13
7 9 10 12 14
7 9 10 12 15
7 9 10 12 16
7 9 10 13 14
7 9 10 13 15
7 9 10 13 16
7 9 10 14 15
7 9 10 14 16
7 9 10 15 16
7 9 11 12 13
7 9 11 12 14
7 9 11 12 15
7 9 11 12 16
7 9 11 13 14
7 9 11 13 15
7 9 11 13 16
7 9 11 14 15
7 9 11 14 16
7 9 11 15 16
7 9 12 13 14
7 9 12 13 15
7 9 12 13 16
7 9 12 14 15
7 9 12 14 16
7 9 12 15 16
7 9 13 14 15
7 9 13 14 16
7 9 13 15 16
7 9 14 15 16
7 10 11 12 13
7 10 11 12 14
7 10 11 12 15
7 10 11 12 16
7 10 11 13 14
7 10 11 13 15
7 10 11 13 16
7 10 11 14 15
7 10 11 14 16
7 10 11 15 16
7 10 12 13 14
7 10 12 13 15
7 10 12 13 16
7 10 12 14 15
7 10 12 14 16
7 10 12 15 16
7 10 13 14 15
7 10 13 14 16
7 10 13 15 16
7 10 14 15 16
7 11 12 13 14
7 11 12 13 15
7 11 12 13 16
7 11 12 14 15
7 11 12 14 16
7 11 12 15 16
7 11 13 14 15
7 11 13 14 16
7 11 13 15 16
7 11 14 15 16
7 12 13 14 15
7 12 13 14 16
7 12 13 15 16
7 12 14 15 16
7 13 14 15 16
8 9 10 11 12
8 9 10 11 13
8 9 10 11 14
8 9 10 11 15
8 9 10 11 16
8 9 10 12 13
8 9 10 12 14
8 9 10 12 15
8 9 10 12 16
8 9 10 13 14
8 9 10 13 15
8 9 10 13 16
8 9 10 14 15
8 9 10 14 16
8 9 10 15 16
8 9 11 12 13
8 9 11 12 14
8 9 11 12 15
8 9 11 12 16
8 9 11 13 14
8 9 11 13 15
8 9 11 13 16
8 9 11 14 15
8 9 11 14 16
8 9 11 15 16
8 9 12 13 14
8 9 12 13 15
8 9 12 13 16
8 9 12 14 15
8 9 12 14 16
8 9 12 15 16
8 9 13 14 15
8 9 13 14 16
8 9 13 15 16
8 9 14 15 16
8 10 11 12 13
8 10 11 12 14
8 10 11 12 15
8 10 11 12 16
8 10 11 13 14
8 10 11 13 15
8 10 11 13 16
8 10 11 14 15
8 10 11 14 16
8 10 11 15 16
8 10 12 13 14
8 10 12 13 15
8 10 12 13 16
8 10 12 14 15
8 10 12 14 16
8 10 12 15 16
8 10 13 14 15
8 10 13 14 16
8 10 13 15 16
8 10 14 15 16
8 11 12 13 14
8 11 12 13 15
8 11 12 13 16
8 11 12 14 15
8 11 12 14 16
8 11 12 15 16
8 11 13 14 15
8 11 13 14 16
8 11 13 15 16
8 11 14 15 16
8 12 13 14 15
8 12 13 14 16
8 12 13 15 16
8 12 14 15 16
8 13 14 15 16
9 10 11 12 13
9 10 11 12 14
9 10 11 12 15
9 10 11 12 16
9 10 11 13 14
9 10 11 13 15
9 10 11 13 16
9 10 11 14 15
9 10 11 14 16
9 10 11 15 16
9 10 12 13 14
9 10 12 13 15
9 10 12 13 16
9 10 12 14 15
9 10 12 14 16
9 10 12 15 16
9 10 13 14 15
9 10 13 14 16
9 10 13 15 16
9 10 14 15 16
9 11 12 13 14
9 11 12 13 15
9 11 12 13 16
9 11 12 14 15
9 11 12 14 16
9 11 12 15 16
9 11 13 14 15
9 11 13 14 16
9 11 13 15 16
9 11 14 15 16
9 12 13 14 15
9 12 13 14 16
9 12 13 15 16
9 12 14 15 16
9 13 14 15 16
10 11 12 13 14
10 11 12 13 15
10 11 12 13 16
10 11 12 14 15
10 11 12 14 16
10 11 12 15 16
10 11 13 14 15
10 11 13 14 16
10 11 13 15 16
10 11 14 15 16
10 12 13 14 15
10 12 13 14 16
10 12 13 15 16
10 12 14 15 16
10 13 14 15 16
11 12 13 14 15
11 12 13 14 16
11 12 13 15 16
11 12 14 15 16
11 13 14 15 16
12 13 14 15 16

Is hamiltonian hermitian? 1
Implicit Hamiltonian constructed
E(core)= 9.189534427600
H(1,1) + E(core) energy = -76.325657377900
Davidson: iter=0 dim=0 root=0 eigenvalue=-85.515191805500
Davidson: iter=1 dim=1 root=0 eigenvalue=-85.568946910076
Davidson: iter=2 dim=2 root=0 eigenvalue=-85.575221851745
Davidson: iter=3 dim=3 root=0 eigenvalue=-85.575554721673
Davidson: iter=4 dim=4 root=0 eigenvalue=-85.575582244871
Davidson: iter=5 dim=5 root=0 eigenvalue=-85.575583958845
Davidson: iter=6 dim=6 root=0 eigenvalue=-85.575584212177
Davidson: iter=7 dim=7 root=0 eigenvalue=-85.575584227783
Davidson: iter=8 dim=8 root=0 eigenvalue=-85.575584229533
Davidson: iter=9 dim=9 root=0 eigenvalue=-85.575584229703
Davidson: iter=10 dim=10 root=0 eigenvalue=-85.575584229717
Davidson: iter=11 dim=11 root=0 eigenvalue=-85.575584229718
root no. 0 converged
Davidson converged in 11 iterations.
E(core)= 9.189534427600
E(0)= -76.386049802118
FCI Excitation energies = 1
0.000000000000

Vacuum coefficients in CI state 0 = -0.986286519248
Eigenvector 0 in string basis
0: -0.986286519248 seniority 0 ... 5
1 2 3 4 5
 | 5
1 2 3 4 5

Seniority vectors for all roots (nroots/seniority)
1 6
0.978630670524 0.004526944649 -0.973002348442 0.144406293474 1.000023280297 0.000000000311

Calculating transition densities
Root 0 MO occupations numbers (density matrix diagonal)
16
1.999994246459 1.993097568158 1.982664923765 1.984073711298 1.984940218933 0.004486752540 0.004355084835 0.004778852022 0.004536094946 0.007989627565 0.011650986405 0.002532561769 0.007421164000 0.001440256483 0.001535425944 0.004502524969
Transition densities done:
Trandens between roots 0 0
16 16
1.999994246459 -0.000011135321 0.000000000000 -0.000025789546 0.000000000000 0.000219629750 0.000000000000 0.000000000000 0.000185568560 -0.000145136388 0.000000000000 -0.000142723469 0.000000000000 0.000000000000 0.000000000000 -0.000546623287
-0.000011135321 1.993097568158 0.000000000000 0.002320057287 0.000000000000 0.000677341608 0.000000000000 0.000000000000 -0.006220719869 -0.004065667568 0.000000000000 -0.001975576771 0.000000000000 0.000000000000 0.000000000000 0.000056467186
0.000000000000 0.000000000000 1.982664923765 0.000000000000 0.000000000000 0.000000000000 -0.002912977555 0.000552319901 0.000000000000 0.000000000000 0.000000000000 0.000000000000 -0.009318684790 0.000000000000 0.000000000000 0.000000000000
-0.000025789546 0.002320057287 0.000000000000 1.984073711298 0.000000000000 0.003928658638 0.000000000000 0.000000000000 -0.003430703931 0.000212885690 0.000000000000 -0.006251983332 0.000000000000 0.000000000000 0.000000000000 0.001645719127
0.000000000000 0.000000000000 0.000000000000 0.000000000000 1.984940218933 0.000000000000 0.000000000000 0.000000000000 0.000000000000 0.000000000000 -0.009650469463 0.000000000000 0.000000000000 0.000000000000 0.008448807366 0.000000000000
0.000219629750 0.000677341608 0.000000000000 0.003928658638 0.000000000000 0.004486752540 0.000000000000 0.000000000000 -0.001096960554 -0.005285107606 0.000000000000 -0.002525454241 0.000000000000 0.000000000000 0.000000000000 -0.001333095176
0.000000000000 0.000000000000 -0.002912977555 0.000000000000 0.000000000000 0.000000000000 0.004355084835 0.003602490504 0.000000000000 0.000000000000 0.000000000000 0.000000000000 0.005635034925 0.000000000000 0.000000000000 0.000000000000
0.000000000000 0.000000000000 0.000552319901 0.000000000000 0.000000000000 0.000000000000 0.003602490504 0.004778852022 0.000000000000 0.000000000000 0.000000000000 0.000000000000 0.004625850697 0.000000000000 0.000000000000 0.000000000000
0.000185568560 -0.006220719869 0.000000000000 -0.003430703931 0.000000000000 -0.001096960554 0.000000000000 0.000000000000 0.004536094946 0.002330200817 0.000000000000 0.001410010160 0.000000000000 0.000000000000 0.000000000000 -0.002871829719
-0.000145136388 -0.004065667568 0.000000000000 0.000212885690 0.000000000000 -0.005285107606 0.000000000000 0.000000000000 0.002330200817 0.007989627565 0.000000000000 0.002805415172 0.000000000000 0.000000000000 0.000000000000 -0.000553266584
0.000000000000 0.000000000000 0.000000000000 0.000000000000 -0.009650469463 0.000000000000 0.000000000000 0.000000000000 0.000000000000 0.000000000000 0.011650986405 0.000000000000 0.000000000000 0.000000000000 -0.002469118149 0.000000000000
-0.000142723469 -0.001975576771 0.000000000000 -0.006251983332 0.000000000000 -0.002525454241 0.000000000000 0.000000000000 0.001410010160 0.002805415172 0.000000000000 0.002532561769 0.000000000000 0.000000000000 0.000000000000 -0.000036460401
0.000000000000 0.000000000000 -0.009318684790 0.000000000000 0.000000000000 0.000000000000 0.005635034925 0.004625850697 0.000000000000 0.000000000000 0.000000000000 0.000000000000 0.007421164000 0.000000000000 0.000000000000 0.000000000000
0.000000000000 0.000000000000 0.000000000000 0.000000000000 0.000000000000 0.000000000000 0.000000000000 0.000000000000 0.000000000000 0.000000000000 0.000000000000 0.000000000000 0.000000000000 0.001440256483 0.000000000000 0.000000000000
0.000000000000 0.000000000000 0.000000000000 0.000000000000 0.008448807366 0.000000000000 0.000000000000 0.000000000000 0.000000000000 0.000000000000 -0.002469118149 0.000000000000 0.000000000000 0.000000000000 0.001535425944 0.000000000000
-0.000546623287 0.000056467186 0.000000000000 0.001645719127 0.000000000000 -0.001333095176 0.000000000000 0.000000000000 -0.002871829719 -0.000553266584 0.000000000000 -0.000036460401 0.000000000000 0.000000000000 0.000000000000 0.004502524969

State 0 :
Natural orbital occupations
16
1.999994534726 1.993697608797 1.985023504331 1.983538506323 1.982713393037 0.015038582974 0.014002931945 0.012156826230 0.007233119120 0.001793521692 0.001440256483 0.001426545211 0.000946300721 0.000926517598 0.000041503400 0.000026347503
Natural orbitals (in MO basis)
16 16
-0.999995390632 -0.002697236769 -0.000000000000 -0.001355407010 0.000000000000 0.000000000000 0.000088234475 -0.000000000000 -0.000300917519 0.000071010022 0.000000000000 0.000000000000 0.000000000000 0.000021316855 -0.000000000000 0.000051632850
0.002299336062 -0.971527540779 -0.000000000000 0.236883573689 0.000000000000 -0.000000000000 0.002953127664 -0.000000000000 0.001556638876 0.001125582624 -0.000000000000 0.000000000000 0.000000000000 0.001078942243 -0.000000000000 0.001244161432
-0.000000000000 -0.000000000000 0.000000000000 0.000000000000 -0.999987716748 0.003903278951 0.000000000000 -0.000000000000 0.000000000000 0.000000000000 -0.000000000000 -0.002585146486 -0.000000000000 0.000000000000 0.001627201281 0.000000000000
0.001955772247 -0.236870259088 -0.000000000000 -0.971530248432 0.000000000000 -0.000000000000 0.002567714513 -0.000000000000 0.000932377546 0.002590121443 -0.000000000000 0.000000000000 -0.000000000000 -0.001633633605 0.000000000000 -0.000889788184
0.000000000000 0.000000000000 -0.999978918873 -0.000000000000 -0.000000000000 -0.000000000000 -0.000000000000 -0.005720744982 -0.000000000000 -0.000000000000 0.000000000000 -0.000000000000 0.003071625956 -0.000000000000 0.000000000000 -0.000000000000
-0.000105819444 -0.000808092883 -0.000000000000 -0.001849725222 -0.000000000000 0.000000000000 -0.516210917333 0.000000000000 0.306858062349 -0.154547824926 0.000000000000 -0.000000000000 -0.000000000000 -0.088746971713 -0.000000000001 0.779486547366
0.000000000000 0.000000000000 -0.000000000000 0.000000000000 0.001485367618 0.529257242802 0.000000000000 -0.000000000000 -0.000000000000 0.000000000000 -0.000000000002 -0.279663769469 -0.000000000000 0.000000000000 -0.801044780690 -0.000000000001
0.000000000000 -0.000000000000 -0.000000000000 0.000000000000 -0.000265490391 0.496314686999 0.000000000000 -0.000000000000 -0.000000000000 -0.000000000000 0.000000000006 0.867783908375 0.000000000000 -0.000000000000 0.024954946382 0.000000000000
-0.000103739590 0.003450844066 -0.000000000000 0.000942980804 0.000000000000 -0.000000000000 0.303909390079 -0.000000000000 0.583721157296 0.530486717312 -0.000000000000 0.000000000000 0.000000000001 0.516836320764 -0.000000000000 0.135498875058
0.000068547022 0.001972656644 -0.000000000000 -0.000581790801 -0.000000000000 -0.000000000000 0.728049958457 -0.000000000000 -0.076268696317 -0.530210427997 0.000000000000 -0.000000000000 0.000000000000 0.092749561457 -0.000000000000 0.417608106114
-0.000000000000 -0.000000000000 0.004895577566 0.000000000000 0.000000000000 -0.000000000000 -0.000000000000 -0.975005861213 -0.000000000000 0.000000000000 -0.000000000000 0.000000000000 -0.222125198753 0.000000000001 -0.000000000000 0.000000000000
0.000063208240 0.001714107061 0.000000000000 0.002832197823 -0.000000000000 -0.000000000000 0.327369406667 -0.000000000000 -0.031376495893 0.516306721455 -0.000000000000 0.000000000000 -0.000000000002 -0.751506697259 -0.000000000000 0.245965194563
0.000000000000 -0.000000000000 -0.000000000000 0.000000000000 0.004721181084 0.688144800768 0.000000000000 -0.000000000000 0.000000000000 0.000000000000 -0.000000000003 -0.410770716373 -0.000000000000 -0.000000000000 0.598081818982 0.000000000001
-0.000000000000 0.000000000000 0.000000000000 0.000000000000 0.000000000000 0.000000000000 -0.000000000000 0.000000000000 -0.000000000000 -0.000000000000 -1.000000000000 0.000000000007 0.000000000000 0.000000000000 0.000000000000 0.000000000000
-0.000000000000 0.000000000000 -0.004265574927 0.000000000000 -0.000000000000 0.000000000000 0.000000000000 0.222105478720 -0.000000000000 0.000000000000 -0.000000000000 0.000000000000 -0.975013313341 0.000000000002 -0.000000000000 0.000000000000
0.000275805673 -0.000227827752 0.000000000000 -0.000800780016 -0.000000000000 0.000000000000 -0.062630496650 0.000000000000 -0.747196733505 0.383399404383 -0.000000000000 0.000000000000 0.000000000001 0.389404111491 -0.000000000000 0.373018803519

