Number of strings: 56 56, CI size = 3136
String addressing array alpha: 5 8
0 15 20 21 21 21 21 21
0 0 10 14 15 15 15 15
0 0 0 6 9 10 10 10
0 0 0 0 3 5 6 6
0 0 0 0 0 1 2 3

Alpha strings 56 5
1 2 3 4 5
1 2 3 4 6
1 2 3 4 7
1 2 3 4 8
1 2 3 5 6
1 2 3 5 7
1 2 3 5 8
1 2 3 6 7
1 2 3 6 8
1 2 3 7 8
1 2 4 5 6
1 2 4 5 7
1 2 4 5 8
1 2 4 6 7
1 2 4 6 8
1 2 4 7 8
1 2 5 6 7
1 2 5 6 8
1 2 5 7 8
1 2 6 7 8
1 3 4 5 6
1 3 4 5 7
1 3 4 5 8
1 3 4 6 7
1 3 4 6 8
1 3 4 7 8
1 3 5 6 7
1 3 5 6 8
1 3 5 7 8
1 3 6 7 8
1 4 5 6 7
1 4 5 6 8
1 4 5 7 8
1 4 6 7 8
1 5 6 7 8
2 3 4 5 6
2 3 4 5 7
2 3 4 5 8
2 3 4 6 7
2 3 4 6 8
2 3 4 7 8
2 3 5 6 7
2 3 5 6 8
2 3 5 7 8
2 3 6 7 8
2 4 5 6 7
2 4 5 6 8
2 4 5 7 8
2 4 6 7 8
2 5 6 7 8
3 4 5 6 7
3 4 5 6 8
3 4 5 7 8
3 4 6 7 8
3 5 6 7 8
4 5 6 7 8

Is hamiltonian hermitian? 1
Implicit Hamiltonian constructed
E(core)= 9.189534427600
H(1,1) + E(core) energy = -76.318193407100
Davidson: iter=0 dim=0 root=0 eigenvalue=-85.507727834700
Davidson: iter=1 dim=1 root=0 eigenvalue=-85.514702100808
Davidson: iter=2 dim=2 root=0 eigenvalue=-85.514872935130
Davidson: iter=3 dim=3 root=0 eigenvalue=-85.514876310821
Davidson: iter=4 dim=4 root=0 eigenvalue=-85.514876378951
Davidson: iter=5 dim=5 root=0 eigenvalue=-85.514876380274
Davidson: iter=6 dim=6 root=0 eigenvalue=-85.514876380309
Davidson: iter=7 dim=7 root=0 eigenvalue=-85.514876380310
root no. 0 converged
Davidson converged in 7 iterations.
E(core)= 9.189534427600
E(0)= -76.325341952710
FCI Excitation energies = 1
0.000000000000

Vacuum coefficients in CI state 0 = -0.998047509100
Eigenvector 0 in string basis
0: -0.998047509100 seniority 0 ... 5
1 2 3 4 5
 | 5
1 2 3 4 5

Seniority vectors for all roots (nroots/seniority)
1 6
0.998200938715 0.000824060985 -0.997233632561 0.059829134893 1.000000000000 0.000000000000

Calculating transition densities
Root 0 MO occupations numbers (density matrix diagonal)
8
1.999999581833 1.999124656948 1.995843446583 1.997510556751 1.999759479398 0.002161051716 0.002084897558 0.003516329213
Transition densities done:
Trandens between roots 0 0
8 8
1.999999581833 0.000005520849 0.000000000000 0.000009279220 0.000000000000 0.000273240354 0.000000000000 0.000000000000
0.000005520849 1.999124656948 0.000000000000 0.000800135691 0.000000000000 0.002744206894 0.000000000000 0.000000000000
0.000000000000 0.000000000000 1.995843446583 0.000000000000 0.000000000000 0.000000000000 -0.002732983936 -0.001938989993
0.000009279220 0.000800135691 0.000000000000 1.997510556751 0.000000000000 -0.008988380926 0.000000000000 0.000000000000
0.000000000000 0.000000000000 0.000000000000 0.000000000000 1.999759479398 0.000000000000 0.000000000000 0.000000000000
0.000273240354 0.002744206894 0.000000000000 -0.008988380926 0.000000000000 0.002161051716 0.000000000000 0.000000000000
0.000000000000 0.000000000000 -0.002732983936 0.000000000000 0.000000000000 0.000000000000 0.002084897558 0.002316042754
0.000000000000 0.000000000000 -0.001938989993 0.000000000000 0.000000000000 0.000000000000 0.002316042754 0.003516329213

State 0 :
Natural orbital occupations
8
1.999999762207 1.999759479398 1.999454335204 1.997225005135 1.995849086126 0.005219633941 0.002116744701 0.000375953286
Natural orbitals (in MO basis)
8 8
-0.999876023775 0.000000000001 -0.015634288697 0.001867454719 0.000000000000 0.000000000000 0.000136780557 0.000000000000
-0.013731796394 -0.000000000002 0.923892536535 0.382403092910 0.000000000000 0.000000000000 0.001375948646 0.000000000000
0.000000000000 -0.000000000000 0.000000000000 -0.000000000000 0.999998583813 0.001598679852 -0.000000000000 -0.000525923141
-0.007704558267 -0.000000000001 0.382332243510 -0.923981817853 -0.000000000000 -0.000000000000 -0.004505067261 -0.000000000000
-0.000000000001 -1.000000000000 -0.000000000002 -0.000000000000 -0.000000000000 -0.000000000000 -0.000000000000 -0.000000000000
-0.000120949636 0.000000000000 -0.000453347289 0.004689074753 -0.000000000000 -0.000000000000 -0.999988896151 -0.000000000000
0.000000000000 -0.000000000000 0.000000000000 0.000000000000 -0.001371896338 0.593332937961 0.000000000000 -0.804955988009
-0.000000000000 0.000000000000 -0.000000000000 0.000000000000 -0.000974819398 0.804955569553 -0.000000000000 0.593334290913

