&FCI NORB=  7,NELEC= 10,MS2=0,
 ORBSYM=1,1,1,1,1,1,1
 ISYM=1,
&END
 0.9821459514     1     1     2     2
 0.0710536614     1     1     2     4
 -0.1498724420     1     1     2     6
 0.8584339869     1     1     3     3
 -0.1818324665     1     1     3     7
 0.0710536614     1     1     4     2
 0.9516310831     1     1     4     4
 0.0814451461     1     1     4     6
 1.0041757601     1     1     5     5
 -0.1498724420     1     1     6     2
 0.0814451461     1     1     6     4
 0.3997817295     1     1     6     6
 -0.1818324665     1     1     7     3
 0.3930204535     1     1     7     7
 -0.9821459514     1     2     2     1
 -0.0069350873     1     2     2     4
 -0.0016779611     1     2     2     6
 0.0300641588     1     2     3     3
 -0.0147851221     1     2     3     7
 -0.0710536614     1     2     4     1
 0.0354626823     1     2     4     4
 0.0086519134     1     2     4     6
 0.0408018034     1     2     5     5
 0.1498724420     1     2     6     1
 0.0079673257     1     2     6     4
 0.0027891321     1     2     6     6
 -0.0105837519     1     2     7     3
 0.0071976812     1     2     7     7
 -0.0032895017     1     3     2     7
 -0.8584339869     1     3     3     1
 -0.0300641588     1     3     3     2
 -0.0104392433     1     3     3     4
 0.0047741034     1     3     3     6
 0.0016703999     1     3     4     7
 -0.0025096196     1     3     6     7
 0.1818324665     1     3     7     1
 0.0105837519     1     3     7     2
 0.0039019042     1     3     7     4
 -0.0056815313     1     3     7     6
 -0.0710536614     1     4     2     1
 0.0069350873     1     4     2     2
 0.0001107068     1     4     2     6
 0.0104392433     1     4     3     3
 -0.0023680130     1     4     3     7
 -0.9516310831     1     4     4     1
 -0.0354626823     1     4     4     2
 0.0106250964     1     4     4     6
 0.0138612439     1     4     5     5
 -0.0814451461     1     4     6     1
 -0.0079673257     1     4     6     2
 0.0054257188     1     4     6     6
 -0.0039019042     1     4     7     3
 0.0037964218     1     4     7     7
 -1.0041757601     1     5     5     1
 -0.0408018034     1     5     5     2
 -0.0138612439     1     5     5     4
 0.0100393012     1     5     5     6
 0.1498724420     1     6     2     1
 0.0016779611     1     6     2     2
 -0.0001107068     1     6     2     4
 -0.0047741034     1     6     3     3
 0.0030186902     1     6     3     7
 -0.0814451461     1     6     4     1
 -0.0086519134     1     6     4     2
 -0.0106250964     1     6     4     4
 -0.0100393012     1     6     5     5
 -0.3997817295     1     6     6     1
 -0.0027891321     1     6     6     2
 -0.0054257188     1     6     6     4
 0.0056815313     1     6     7     3
 -0.0028590109     1     6     7     7
 0.0032895017     1     7     2     3
 0.1818324665     1     7     3     1
 0.0147851221     1     7     3     2
 0.0023680130     1     7     3     4
 -0.0030186902     1     7     3     6
 -0.0016703999     1     7     4     3
 0.0025096196     1     7     6     3
 -0.3930204535     1     7     7     1
 -0.0071976812     1     7     7     2
 -0.0037964218     1     7     7     4
 0.0028590109     1     7     7     6
 -0.9821459514     2     1     1     2
 -0.0710536614     2     1     1     4
 0.1498724420     2     1     1     6
 0.0300641588     2     1     3     3
 -0.0105837519     2     1     3     7
 -0.0069350873     2     1     4     2
 0.0354626823     2     1     4     4
 0.0079673257     2     1     4     6
 0.0408018034     2     1     5     5
 -0.0016779611     2     1     6     2
 0.0086519134     2     1     6     4
 0.0027891321     2     1     6     6
 -0.0147851221     2     1     7     3
 0.0071976812     2     1     7     7
 0.9821459514     2     2     1     1
 0.0069350873     2     2     1     4
 0.0016779611     2     2     1     6
 0.5249499387     2     2     3     3
 -0.0717683500     2     2     3     7
 0.0069350873     2     2     4     1
 0.5526265434     2     2     4     4
 0.0336428132     2     2     4     6
 0.5831520635     2     2     5     5
 0.0016779611     2     2     6     1
 0.0336428132     2     2     6     4
 0.3352878374     2     2     6     6
 -0.0717683500     2     2     7     3
 0.3281916469     2     2     7     7
 0.0032895017     2     3     1     7
 -0.0300641588     2     3     3     1
 -0.5249499387     2     3     3     2
 -0.0029621111     2     3     3     4
 0.0681600658     2     3     3     6
 -0.0134980841     2     3     4     7
 0.0402801431     2     3     6     7
 0.0147851221     2     3     7     1
 0.0717683500     2     3     7     2
 -0.0019070231     2     3     7     4
 0.0233589026     2     3     7     6
 0.0710536614     2     4     1     1
 -0.0069350873     2     4     1     2
 -0.0001107068     2     4     1     6
 0.0029621111     2     4     3     3
 -0.0117345930     2     4     3     7
 -0.0354626823     2     4     4     1
 -0.5526265434     2     4     4     2
 0.0681601673     2     4     4     6
 0.0064562032     2     4     5     5
 -0.0086519134     2     4     6     1
 -0.0336428132     2     4     6     2
 -0.0122560181     2     4     6     6
 0.0019070231     2     4     7     3
 -0.0139905574     2     4     7     7
 -0.0408018034     2     5     5     1
 -0.5831520635     2     5     5     2
 -0.0064562032     2     5     5     4
 0.0662889309     2     5     5     6
 -0.1498724420     2     6     1     1
 -0.0016779611     2     6     1     2
 0.0001107068     2     6     1     4
 -0.0681600658     2     6     3     3
 0.0157551503     2     6     3     7
 -0.0079673257     2     6     4     1
 -0.0336428132     2     6     4     2
 -0.0681601673     2     6     4     4
 -0.0662889309     2     6     5     5
 -0.0027891321     2     6     6     1
 -0.3352878374     2     6     6     2
 0.0122560181     2     6     6     4
 -0.0233589026     2     6     7     3
 -0.0138012813     2     6     7     7
 -0.0032895017     2     7     1     3
 0.0105837519     2     7     3     1
 0.0717683500     2     7     3     2
 0.0117345930     2     7     3     4
 -0.0157551503     2     7     3     6
 0.0134980841     2     7     4     3
 -0.0402801431     2     7     6     3
 -0.0071976812     2     7     7     1
 -0.3281916469     2     7     7     2
 0.0139905574     2     7     7     4
 0.0138012813     2     7     7     6
 -0.8584339869     3     1     1     3
 0.1818324665     3     1     1     7
 -0.0300641588     3     1     2     3
 0.0105837519     3     1     2     7
 -0.0104392433     3     1     4     3
 0.0039019042     3     1     4     7
 0.0047741034     3     1     6     3
 -0.0056815313     3     1     6     7
 -0.0032895017     3     1     7     2
 0.0016703999     3     1     7     4
 -0.0025096196     3     1     7     6
 -0.0300641588     3     2     1     3
 0.0147851221     3     2     1     7
 -0.5249499387     3     2     2     3
 0.0717683500     3     2     2     7
 -0.0029621111     3     2     4     3
 -0.0019070231     3     2     4     7
 0.0681600658     3     2     6     3
 0.0233589026     3     2     6     7
 0.0032895017     3     2     7     1
 -0.0134980841     3     2     7     4
 0.0402801431     3     2     7     6
 0.8584339869     3     3     1     1
 0.0300641588     3     3     1     2
 0.0104392433     3     3     1     4
 -0.0047741034     3     3     1     6
 0.0300641588     3     3     2     1
 0.5249499387     3     3     2     2
 0.0029621111     3     3     2     4
 -0.0681600658     3     3     2     6
 0.0104392433     3     3     4     1
 0.0029621111     3     3     4     2
 0.5614345913     3     3     4     4
 0.0363544554     3     3     4     6
 0.5874822878     3     3     5     5
 -0.0047741034     3     3     6     1
 -0.0681600658     3     3     6     2
 0.0363544554     3     3     6     4
 0.3388615505     3     3     6     6
 0.3056834683     3     3     7     7
 -0.0104392433     3     4     1     3
 0.0023680130     3     4     1     7
 -0.0029621111     3     4     2     3
 0.0117345930     3     4     2     7
 -0.5614345913     3     4     4     3
 0.0911261344     3     4     4     7
 -0.0363544554     3     4     6     3
 0.0011773892     3     4     6     7
 -0.0016703999     3     4     7     1
 0.0134980841     3     4     7     2
 -0.0095073313     3     4     7     6
 -0.5874822878     3     5     5     3
 0.0938743380     3     5     5     7
 0.0047741034     3     6     1     3
 -0.0030186902     3     6     1     7
 0.0681600658     3     6     2     3
 -0.0157551503     3     6     2     7
 -0.0363544554     3     6     4     3
 0.0097232576     3     6     4     7
 -0.3388615505     3     6     6     3
 0.0341432484     3     6     6     7
 0.0025096196     3     6     7     1
 -0.0402801431     3     6     7     2
 0.0095073313     3     6     7     4
 -0.1818324665     3     7     1     1
 -0.0147851221     3     7     1     2
 -0.0023680130     3     7     1     4
 0.0030186902     3     7     1     6
 -0.0105837519     3     7     2     1
 -0.0717683500     3     7     2     2
 -0.0117345930     3     7     2     4
 0.0157551503     3     7     2     6
 -0.0039019042     3     7     4     1
 0.0019070231     3     7     4     2
 -0.0911261344     3     7     4     4
 -0.0097232576     3     7     4     6
 -0.0938743380     3     7     5     5
 0.0056815313     3     7     6     1
 -0.0233589026     3     7     6     2
 -0.0011773892     3     7     6     4
 -0.0341432484     3     7     6     6
 -0.3056834683     3     7     7     3
 -0.0710536614     4     1     1     2
 -0.9516310831     4     1     1     4
 -0.0814451461     4     1     1     6
 0.0069350873     4     1     2     2
 -0.0354626823     4     1     2     4
 -0.0079673257     4     1     2     6
 0.0104392433     4     1     3     3
 -0.0039019042     4     1     3     7
 0.0138612439     4     1     5     5
 0.0001107068     4     1     6     2
 0.0106250964     4     1     6     4
 0.0054257188     4     1     6     6
 -0.0023680130     4     1     7     3
 0.0037964218     4     1     7     7
 0.0710536614     4     2     1     1
 -0.0354626823     4     2     1     4
 -0.0086519134     4     2     1     6
 -0.0069350873     4     2     2     1
 -0.5526265434     4     2     2     4
 -0.0336428132     4     2     2     6
 0.0029621111     4     2     3     3
 0.0019070231     4     2     3     7
 0.0064562032     4     2     5     5
 -0.0001107068     4     2     6     1
 0.0681601673     4     2     6     4
 -0.0122560181     4     2     6     6
 -0.0117345930     4     2     7     3
 -0.0139905574     4     2     7     7
 -0.0016703999     4     3     1     7
 0.0134980841     4     3     2     7
 -0.0104392433     4     3     3     1
 -0.0029621111     4     3     3     2
 -0.5614345913     4     3     3     4
 -0.0363544554     4     3     3     6
 -0.0095073313     4     3     6     7
 0.0023680130     4     3     7     1
 0.0117345930     4     3     7     2
 0.0911261344     4     3     7     4
 0.0011773892     4     3     7     6
 0.9516310831     4     4     1     1
 0.0354626823     4     4     1     2
 -0.0106250964     4     4     1     6
 0.0354626823     4     4     2     1
 0.5526265434     4     4     2     2
 -0.0681601673     4     4     2     6
 0.5614345913     4     4     3     3
 -0.0911261344     4     4     3     7
 0.6152128937     4     4     5     5
 -0.0106250964     4     4     6     1
 -0.0681601673     4     4     6     2
 0.3224025375     4     4     6     6
 -0.0911261344     4     4     7     3
 0.3155216945     4     4     7     7
 -0.0138612439     4     5     5     1
 -0.0064562032     4     5     5     2
 -0.6152128937     4     5     5     4
 -0.0446249038     4     5     5     6
 0.0814451461     4     6     1     1
 0.0086519134     4     6     1     2
 0.0106250964     4     6     1     4
 0.0079673257     4     6     2     1
 0.0336428132     4     6     2     2
 0.0681601673     4     6     2     4
 0.0363544554     4     6     3     3
 -0.0097232576     4     6     3     7
 0.0446249038     4     6     5     5
 -0.0054257188     4     6     6     1
 0.0122560181     4     6     6     2
 -0.3224025375     4     6     6     4
 -0.0011773892     4     6     7     3
 0.0142507984     4     6     7     7
 0.0016703999     4     7     1     3
 -0.0134980841     4     7     2     3
 0.0039019042     4     7     3     1
 -0.0019070231     4     7     3     2
 0.0911261344     4     7     3     4
 0.0097232576     4     7     3     6
 0.0095073313     4     7     6     3
 -0.0037964218     4     7     7     1
 0.0139905574     4     7     7     2
 -0.3155216945     4     7     7     4
 -0.0142507984     4     7     7     6
 -1.0041757601     5     1     1     5
 -0.0408018034     5     1     2     5
 -0.0138612439     5     1     4     5
 0.0100393012     5     1     6     5
 -0.0408018034     5     2     1     5
 -0.5831520635     5     2     2     5
 -0.0064562032     5     2     4     5
 0.0662889309     5     2     6     5
 -0.5874822878     5     3     3     5
 0.0938743380     5     3     7     5
 -0.0138612439     5     4     1     5
 -0.0064562032     5     4     2     5
 -0.6152128937     5     4     4     5
 -0.0446249038     5     4     6     5
 1.0041757601     5     5     1     1
 0.0408018034     5     5     1     2
 0.0138612439     5     5     1     4
 -0.0100393012     5     5     1     6
 0.0408018034     5     5     2     1
 0.5831520635     5     5     2     2
 0.0064562032     5     5     2     4
 -0.0662889309     5     5     2     6
 0.5874822878     5     5     3     3
 -0.0938743380     5     5     3     7
 0.0138612439     5     5     4     1
 0.0064562032     5     5     4     2
 0.6152128937     5     5     4     4
 0.0446249038     5     5     4     6
 -0.0100393012     5     5     6     1
 -0.0662889309     5     5     6     2
 0.0446249038     5     5     6     4
 0.3362271587     5     5     6     6
 -0.0938743380     5     5     7     3
 0.3233547391     5     5     7     7
 0.0100393012     5     6     1     5
 0.0662889309     5     6     2     5
 -0.0446249038     5     6     4     5
 -0.3362271587     5     6     6     5
 0.0938743380     5     7     3     5
 -0.3233547391     5     7     7     5
 0.1498724420     6     1     1     2
 -0.0814451461     6     1     1     4
 -0.3997817295     6     1     1     6
 0.0016779611     6     1     2     2
 -0.0086519134     6     1     2     4
 -0.0027891321     6     1     2     6
 -0.0047741034     6     1     3     3
 0.0056815313     6     1     3     7
 -0.0001107068     6     1     4     2
 -0.0106250964     6     1     4     4
 -0.0054257188     6     1     4     6
 -0.0100393012     6     1     5     5
 0.0030186902     6     1     7     3
 -0.0028590109     6     1     7     7
 -0.1498724420     6     2     1     1
 -0.0079673257     6     2     1     4
 -0.0027891321     6     2     1     6
 -0.0016779611     6     2     2     1
 -0.0336428132     6     2     2     4
 -0.3352878374     6     2     2     6
 -0.0681600658     6     2     3     3
 -0.0233589026     6     2     3     7
 0.0001107068     6     2     4     1
 -0.0681601673     6     2     4     4
 0.0122560181     6     2     4     6
 -0.0662889309     6     2     5     5
 0.0157551503     6     2     7     3
 -0.0138012813     6     2     7     7
 0.0025096196     6     3     1     7
 -0.0402801431     6     3     2     7
 0.0047741034     6     3     3     1
 0.0681600658     6     3     3     2
 -0.0363544554     6     3     3     4
 -0.3388615505     6     3     3     6
 0.0095073313     6     3     4     7
 -0.0030186902     6     3     7     1
 -0.0157551503     6     3     7     2
 0.0097232576     6     3     7     4
 0.0341432484     6     3     7     6
 0.0814451461     6     4     1     1
 0.0079673257     6     4     1     2
 -0.0054257188     6     4     1     6
 0.0086519134     6     4     2     1
 0.0336428132     6     4     2     2
 0.0122560181     6     4     2     6
 0.0363544554     6     4     3     3
 -0.0011773892     6     4     3     7
 0.0106250964     6     4     4     1
 0.0681601673     6     4     4     2
 -0.3224025375     6     4     4     6
 0.0446249038     6     4     5     5
 -0.0097232576     6     4     7     3
 0.0142507984     6     4     7     7
 0.0100393012     6     5     5     1
 0.0662889309     6     5     5     2
 -0.0446249038     6     5     5     4
 -0.3362271587     6     5     5     6
 0.3997817295     6     6     1     1
 0.0027891321     6     6     1     2
 0.0054257188     6     6     1     4
 0.0027891321     6     6     2     1
 0.3352878374     6     6     2     2
 -0.0122560181     6     6     2     4
 0.3388615505     6     6     3     3
 -0.0341432484     6     6     3     7
 0.0054257188     6     6     4     1
 -0.0122560181     6     6     4     2
 0.3224025375     6     6     4     4
 0.3362271587     6     6     5     5
 -0.0341432484     6     6     7     3
 0.2155761214     6     6     7     7
 -0.0025096196     6     7     1     3
 0.0402801431     6     7     2     3
 -0.0056815313     6     7     3     1
 0.0233589026     6     7     3     2
 0.0011773892     6     7     3     4
 0.0341432484     6     7     3     6
 -0.0095073313     6     7     4     3
 0.0028590109     6     7     7     1
 0.0138012813     6     7     7     2
 -0.0142507984     6     7     7     4
 -0.2155761214     6     7     7     6
 0.1818324665     7     1     1     3
 -0.3930204535     7     1     1     7
 0.0147851221     7     1     2     3
 -0.0071976812     7     1     2     7
 0.0032895017     7     1     3     2
 -0.0016703999     7     1     3     4
 0.0025096196     7     1     3     6
 0.0023680130     7     1     4     3
 -0.0037964218     7     1     4     7
 -0.0030186902     7     1     6     3
 0.0028590109     7     1     6     7
 0.0105837519     7     2     1     3
 -0.0071976812     7     2     1     7
 0.0717683500     7     2     2     3
 -0.3281916469     7     2     2     7
 -0.0032895017     7     2     3     1
 0.0134980841     7     2     3     4
 -0.0402801431     7     2     3     6
 0.0117345930     7     2     4     3
 0.0139905574     7     2     4     7
 -0.0157551503     7     2     6     3
 0.0138012813     7     2     6     7
 -0.1818324665     7     3     1     1
 -0.0105837519     7     3     1     2
 -0.0039019042     7     3     1     4
 0.0056815313     7     3     1     6
 -0.0147851221     7     3     2     1
 -0.0717683500     7     3     2     2
 0.0019070231     7     3     2     4
 -0.0233589026     7     3     2     6
 -0.3056834683     7     3     3     7
 -0.0023680130     7     3     4     1
 -0.0117345930     7     3     4     2
 -0.0911261344     7     3     4     4
 -0.0011773892     7     3     4     6
 -0.0938743380     7     3     5     5
 0.0030186902     7     3     6     1
 0.0157551503     7     3     6     2
 -0.0097232576     7     3     6     4
 -0.0341432484     7     3     6     6
 0.0039019042     7     4     1     3
 -0.0037964218     7     4     1     7
 -0.0019070231     7     4     2     3
 0.0139905574     7     4     2     7
 0.0016703999     7     4     3     1
 -0.0134980841     7     4     3     2
 0.0095073313     7     4     3     6
 0.0911261344     7     4     4     3
 -0.3155216945     7     4     4     7
 0.0097232576     7     4     6     3
 -0.0142507984     7     4     6     7
 0.0938743380     7     5     5     3
 -0.3233547391     7     5     5     7
 -0.0056815313     7     6     1     3
 0.0028590109     7     6     1     7
 0.0233589026     7     6     2     3
 0.0138012813     7     6     2     7
 -0.0025096196     7     6     3     1
 0.0402801431     7     6     3     2
 -0.0095073313     7     6     3     4
 0.0011773892     7     6     4     3
 -0.0142507984     7     6     4     7
 0.0341432484     7     6     6     3
 -0.2155761214     7     6     6     7
 0.3930204535     7     7     1     1
 0.0071976812     7     7     1     2
 0.0037964218     7     7     1     4
 -0.0028590109     7     7     1     6
 0.0071976812     7     7     2     1
 0.3281916469     7     7     2     2
 -0.0139905574     7     7     2     4
 -0.0138012813     7     7     2     6
 0.3056834683     7     7     3     3
 0.0037964218     7     7     4     1
 -0.0139905574     7     7     4     2
 0.3155216945     7     7     4     4
 0.0142507984     7     7     4     6
 0.3233547391     7     7     5     5
 -0.0028590109     7     7     6     1
 -0.0138012813     7     7     6     2
 0.0142507984     7     7     6     4
 0.2155761214     7     7     6     6
0.0 0 0 0 0
 0.9821459514     1     1     2     2
 0.0710536614     1     1     2     4
 -0.1498724420     1     1     2     6
 0.8584339869     1     1     3     3
 -0.1818324665     1     1     3     7
 0.0710536614     1     1     4     2
 0.9516310831     1     1     4     4
 0.0814451461     1     1     4     6
 1.0041757601     1     1     5     5
 -0.1498724420     1     1     6     2
 0.0814451461     1     1     6     4
 0.3997817295     1     1     6     6
 -0.1818324665     1     1     7     3
 0.3930204535     1     1     7     7
 -0.9821459514     1     2     2     1
 -0.0069350873     1     2     2     4
 -0.0016779611     1     2     2     6
 0.0300641588     1     2     3     3
 -0.0147851221     1     2     3     7
 -0.0710536614     1     2     4     1
 0.0354626823     1     2     4     4
 0.0086519134     1     2     4     6
 0.0408018034     1     2     5     5
 0.1498724420     1     2     6     1
 0.0079673257     1     2     6     4
 0.0027891321     1     2     6     6
 -0.0105837519     1     2     7     3
 0.0071976812     1     2     7     7
 -0.0032895017     1     3     2     7
 -0.8584339869     1     3     3     1
 -0.0300641588     1     3     3     2
 -0.0104392433     1     3     3     4
 0.0047741034     1     3     3     6
 0.0016703999     1     3     4     7
 -0.0025096196     1     3     6     7
 0.1818324665     1     3     7     1
 0.0105837519     1     3     7     2
 0.0039019042     1     3     7     4
 -0.0056815313     1     3     7     6
 -0.0710536614     1     4     2     1
 0.0069350873     1     4     2     2
 0.0001107068     1     4     2     6
 0.0104392433     1     4     3     3
 -0.0023680130     1     4     3     7
 -0.9516310831     1     4     4     1
 -0.0354626823     1     4     4     2
 0.0106250964     1     4     4     6
 0.0138612439     1     4     5     5
 -0.0814451461     1     4     6     1
 -0.0079673257     1     4     6     2
 0.0054257188     1     4     6     6
 -0.0039019042     1     4     7     3
 0.0037964218     1     4     7     7
 -1.0041757601     1     5     5     1
 -0.0408018034     1     5     5     2
 -0.0138612439     1     5     5     4
 0.0100393012     1     5     5     6
 0.1498724420     1     6     2     1
 0.0016779611     1     6     2     2
 -0.0001107068     1     6     2     4
 -0.0047741034     1     6     3     3
 0.0030186902     1     6     3     7
 -0.0814451461     1     6     4     1
 -0.0086519134     1     6     4     2
 -0.0106250964     1     6     4     4
 -0.0100393012     1     6     5     5
 -0.3997817295     1     6     6     1
 -0.0027891321     1     6     6     2
 -0.0054257188     1     6     6     4
 0.0056815313     1     6     7     3
 -0.0028590109     1     6     7     7
 0.0032895017     1     7     2     3
 0.1818324665     1     7     3     1
 0.0147851221     1     7     3     2
 0.0023680130     1     7     3     4
 -0.0030186902     1     7     3     6
 -0.0016703999     1     7     4     3
 0.0025096196     1     7     6     3
 -0.3930204535     1     7     7     1
 -0.0071976812     1     7     7     2
 -0.0037964218     1     7     7     4
 0.0028590109     1     7     7     6
 -0.9821459514     2     1     1     2
 -0.0710536614     2     1     1     4
 0.1498724420     2     1     1     6
 0.0300641588     2     1     3     3
 -0.0105837519     2     1     3     7
 -0.0069350873     2     1     4     2
 0.0354626823     2     1     4     4
 0.0079673257     2     1     4     6
 0.0408018034     2     1     5     5
 -0.0016779611     2     1     6     2
 0.0086519134     2     1     6     4
 0.0027891321     2     1     6     6
 -0.0147851221     2     1     7     3
 0.0071976812     2     1     7     7
 0.9821459514     2     2     1     1
 0.0069350873     2     2     1     4
 0.0016779611     2     2     1     6
 0.5249499387     2     2     3     3
 -0.0717683500     2     2     3     7
 0.0069350873     2     2     4     1
 0.5526265434     2     2     4     4
 0.0336428132     2     2     4     6
 0.5831520635     2     2     5     5
 0.0016779611     2     2     6     1
 0.0336428132     2     2     6     4
 0.3352878374     2     2     6     6
 -0.0717683500     2     2     7     3
 0.3281916469     2     2     7     7
 0.0032895017     2     3     1     7
 -0.0300641588     2     3     3     1
 -0.5249499387     2     3     3     2
 -0.0029621111     2     3     3     4
 0.0681600658     2     3     3     6
 -0.0134980841     2     3     4     7
 0.0402801431     2     3     6     7
 0.0147851221     2     3     7     1
 0.0717683500     2     3     7     2
 -0.0019070231     2     3     7     4
 0.0233589026     2     3     7     6
 0.0710536614     2     4     1     1
 -0.0069350873     2     4     1     2
 -0.0001107068     2     4     1     6
 0.0029621111     2     4     3     3
 -0.0117345930     2     4     3     7
 -0.0354626823     2     4     4     1
 -0.5526265434     2     4     4     2
 0.0681601673     2     4     4     6
 0.0064562032     2     4     5     5
 -0.0086519134     2     4     6     1
 -0.0336428132     2     4     6     2
 -0.0122560181     2     4     6     6
 0.0019070231     2     4     7     3
 -0.0139905574     2     4     7     7
 -0.0408018034     2     5     5     1
 -0.5831520635     2     5     5     2
 -0.0064562032     2     5     5     4
 0.0662889309     2     5     5     6
 -0.1498724420     2     6     1     1
 -0.0016779611     2     6     1     2
 0.0001107068     2     6     1     4
 -0.0681600658     2     6     3     3
 0.0157551503     2     6     3     7
 -0.0079673257     2     6     4     1
 -0.0336428132     2     6     4     2
 -0.0681601673     2     6     4     4
 -0.0662889309     2     6     5     5
 -0.0027891321     2     6     6     1
 -0.3352878374     2     6     6     2
 0.0122560181     2     6     6     4
 -0.0233589026     2     6     7     3
 -0.0138012813     2     6     7     7
 -0.0032895017     2     7     1     3
 0.0105837519     2     7     3     1
 0.0717683500     2     7     3     2
 0.0117345930     2     7     3     4
 -0.0157551503     2     7     3     6
 0.0134980841     2     7     4     3
 -0.0402801431     2     7     6     3
 -0.0071976812     2     7     7     1
 -0.3281916469     2     7     7     2
 0.0139905574     2     7     7     4
 0.0138012813     2     7     7     6
 -0.8584339869     3     1     1     3
 0.1818324665     3     1     1     7
 -0.0300641588     3     1     2     3
 0.0105837519     3     1     2     7
 -0.0104392433     3     1     4     3
 0.0039019042     3     1     4     7
 0.0047741034     3     1     6     3
 -0.0056815313     3     1     6     7
 -0.0032895017     3     1     7     2
 0.0016703999     3     1     7     4
 -0.0025096196     3     1     7     6
 -0.0300641588     3     2     1     3
 0.0147851221     3     2     1     7
 -0.5249499387     3     2     2     3
 0.0717683500     3     2     2     7
 -0.0029621111     3     2     4     3
 -0.0019070231     3     2     4     7
 0.0681600658     3     2     6     3
 0.0233589026     3     2     6     7
 0.0032895017     3     2     7     1
 -0.0134980841     3     2     7     4
 0.0402801431     3     2     7     6
 0.8584339869     3     3     1     1
 0.0300641588     3     3     1     2
 0.0104392433     3     3     1     4
 -0.0047741034     3     3     1     6
 0.0300641588     3     3     2     1
 0.5249499387     3     3     2     2
 0.0029621111     3     3     2     4
 -0.0681600658     3     3     2     6
 0.0104392433     3     3     4     1
 0.0029621111     3     3     4     2
 0.5614345913     3     3     4     4
 0.0363544554     3     3     4     6
 0.5874822878     3     3     5     5
 -0.0047741034     3     3     6     1
 -0.0681600658     3     3     6     2
 0.0363544554     3     3     6     4
 0.3388615505     3     3     6     6
 0.3056834683     3     3     7     7
 -0.0104392433     3     4     1     3
 0.0023680130     3     4     1     7
 -0.0029621111     3     4     2     3
 0.0117345930     3     4     2     7
 -0.5614345913     3     4     4     3
 0.0911261344     3     4     4     7
 -0.0363544554     3     4     6     3
 0.0011773892     3     4     6     7
 -0.0016703999     3     4     7     1
 0.0134980841     3     4     7     2
 -0.0095073313     3     4     7     6
 -0.5874822878     3     5     5     3
 0.0938743380     3     5     5     7
 0.0047741034     3     6     1     3
 -0.0030186902     3     6     1     7
 0.0681600658     3     6     2     3
 -0.0157551503     3     6     2     7
 -0.0363544554     3     6     4     3
 0.0097232576     3     6     4     7
 -0.3388615505     3     6     6     3
 0.0341432484     3     6     6     7
 0.0025096196     3     6     7     1
 -0.0402801431     3     6     7     2
 0.0095073313     3     6     7     4
 -0.1818324665     3     7     1     1
 -0.0147851221     3     7     1     2
 -0.0023680130     3     7     1     4
 0.0030186902     3     7     1     6
 -0.0105837519     3     7     2     1
 -0.0717683500     3     7     2     2
 -0.0117345930     3     7     2     4
 0.0157551503     3     7     2     6
 -0.0039019042     3     7     4     1
 0.0019070231     3     7     4     2
 -0.0911261344     3     7     4     4
 -0.0097232576     3     7     4     6
 -0.0938743380     3     7     5     5
 0.0056815313     3     7     6     1
 -0.0233589026     3     7     6     2
 -0.0011773892     3     7     6     4
 -0.0341432484     3     7     6     6
 -0.3056834683     3     7     7     3
 -0.0710536614     4     1     1     2
 -0.9516310831     4     1     1     4
 -0.0814451461     4     1     1     6
 0.0069350873     4     1     2     2
 -0.0354626823     4     1     2     4
 -0.0079673257     4     1     2     6
 0.0104392433     4     1     3     3
 -0.0039019042     4     1     3     7
 0.0138612439     4     1     5     5
 0.0001107068     4     1     6     2
 0.0106250964     4     1     6     4
 0.0054257188     4     1     6     6
 -0.0023680130     4     1     7     3
 0.0037964218     4     1     7     7
 0.0710536614     4     2     1     1
 -0.0354626823     4     2     1     4
 -0.0086519134     4     2     1     6
 -0.0069350873     4     2     2     1
 -0.5526265434     4     2     2     4
 -0.0336428132     4     2     2     6
 0.0029621111     4     2     3     3
 0.0019070231     4     2     3     7
 0.0064562032     4     2     5     5
 -0.0001107068     4     2     6     1
 0.0681601673     4     2     6     4
 -0.0122560181     4     2     6     6
 -0.0117345930     4     2     7     3
 -0.0139905574     4     2     7     7
 -0.0016703999     4     3     1     7
 0.0134980841     4     3     2     7
 -0.0104392433     4     3     3     1
 -0.0029621111     4     3     3     2
 -0.5614345913     4     3     3     4
 -0.0363544554     4     3     3     6
 -0.0095073313     4     3     6     7
 0.0023680130     4     3     7     1
 0.0117345930     4     3     7     2
 0.0911261344     4     3     7     4
 0.0011773892     4     3     7     6
 0.9516310831     4     4     1     1
 0.0354626823     4     4     1     2
 -0.0106250964     4     4     1     6
 0.0354626823     4     4     2     1
 0.5526265434     4     4     2     2
 -0.0681601673     4     4     2     6
 0.5614345913     4     4     3     3
 -0.0911261344     4     4     3     7
 0.6152128937     4     4     5     5
 -0.0106250964     4     4     6     1
 -0.0681601673     4     4     6     2
 0.3224025375     4     4     6     6
 -0.0911261344     4     4     7     3
 0.3155216945     4     4     7     7
 -0.0138612439     4     5     5     1
 -0.0064562032     4     5     5     2
 -0.6152128937     4     5     5     4
 -0.0446249038     4     5     5     6
 0.0814451461     4     6     1     1
 0.0086519134     4     6     1     2
 0.0106250964     4     6     1     4
 0.0079673257     4     6     2     1
 0.0336428132     4     6     2     2
 0.0681601673     4     6     2     4
 0.0363544554     4     6     3     3
 -0.0097232576     4     6     3     7
 0.0446249038     4     6     5     5
 -0.0054257188     4     6     6     1
 0.0122560181     4     6     6     2
 -0.3224025375     4     6     6     4
 -0.0011773892     4     6     7     3
 0.0142507984     4     6     7     7
 0.0016703999     4     7     1     3
 -0.0134980841     4     7     2     3
 0.0039019042     4     7     3     1
 -0.0019070231     4     7     3     2
 0.0911261344     4     7     3     4
 0.0097232576     4     7     3     6
 0.0095073313     4     7     6     3
 -0.0037964218     4     7     7     1
 0.0139905574     4     7     7     2
 -0.3155216945     4     7     7     4
 -0.0142507984     4     7     7     6
 -1.0041757601     5     1     1     5
 -0.0408018034     5     1     2     5
 -0.0138612439     5     1     4     5
 0.0100393012     5     1     6     5
 -0.0408018034     5     2     1     5
 -0.5831520635     5     2     2     5
 -0.0064562032     5     2     4     5
 0.0662889309     5     2     6     5
 -0.5874822878     5     3     3     5
 0.0938743380     5     3     7     5
 -0.0138612439     5     4     1     5
 -0.0064562032     5     4     2     5
 -0.6152128937     5     4     4     5
 -0.0446249038     5     4     6     5
 1.0041757601     5     5     1     1
 0.0408018034     5     5     1     2
 0.0138612439     5     5     1     4
 -0.0100393012     5     5     1     6
 0.0408018034     5     5     2     1
 0.5831520635     5     5     2     2
 0.0064562032     5     5     2     4
 -0.0662889309     5     5     2     6
 0.5874822878     5     5     3     3
 -0.0938743380     5     5     3     7
 0.0138612439     5     5     4     1
 0.0064562032     5     5     4     2
 0.6152128937     5     5     4     4
 0.0446249038     5     5     4     6
 -0.0100393012     5     5     6     1
 -0.0662889309     5     5     6     2
 0.0446249038     5     5     6     4
 0.3362271587     5     5     6     6
 -0.0938743380     5     5     7     3
 0.3233547391     5     5     7     7
 0.0100393012     5     6     1     5
 0.0662889309     5     6     2     5
 -0.0446249038     5     6     4     5
 -0.3362271587     5     6     6     5
 0.0938743380     5     7     3     5
 -0.3233547391     5     7     7     5
 0.1498724420     6     1     1     2
 -0.0814451461     6     1     1     4
 -0.3997817295     6     1     1     6
 0.0016779611     6     1     2     2
 -0.0086519134     6     1     2     4
 -0.0027891321     6     1     2     6
 -0.0047741034     6     1     3     3
 0.0056815313     6     1     3     7
 -0.0001107068     6     1     4     2
 -0.0106250964     6     1     4     4
 -0.0054257188     6     1     4     6
 -0.0100393012     6     1     5     5
 0.0030186902     6     1     7     3
 -0.0028590109     6     1     7     7
 -0.1498724420     6     2     1     1
 -0.0079673257     6     2     1     4
 -0.0027891321     6     2     1     6
 -0.0016779611     6     2     2     1
 -0.0336428132     6     2     2     4
 -0.3352878374     6     2     2     6
 -0.0681600658     6     2     3     3
 -0.0233589026     6     2     3     7
 0.0001107068     6     2     4     1
 -0.0681601673     6     2     4     4
 0.0122560181     6     2     4     6
 -0.0662889309     6     2     5     5
 0.0157551503     6     2     7     3
 -0.0138012813     6     2     7     7
 0.0025096196     6     3     1     7
 -0.0402801431     6     3     2     7
 0.0047741034     6     3     3     1
 0.0681600658     6     3     3     2
 -0.0363544554     6     3     3     4
 -0.3388615505     6     3     3     6
 0.0095073313     6     3     4     7
 -0.0030186902     6     3     7     1
 -0.0157551503     6     3     7     2
 0.0097232576     6     3     7     4
 0.0341432484     6     3     7     6
 0.0814451461     6     4     1     1
 0.0079673257     6     4     1     2
 -0.0054257188     6     4     1     6
 0.0086519134     6     4     2     1
 0.0336428132     6     4     2     2
 0.0122560181     6     4     2     6
 0.0363544554     6     4     3     3
 -0.0011773892     6     4     3     7
 0.0106250964     6     4     4     1
 0.0681601673     6     4     4     2
 -0.3224025375     6     4     4     6
 0.0446249038     6     4     5     5
 -0.0097232576     6     4     7     3
 0.0142507984     6     4     7     7
 0.0100393012     6     5     5     1
 0.0662889309     6     5     5     2
 -0.0446249038     6     5     5     4
 -0.3362271587     6     5     5     6
 0.3997817295     6     6     1     1
 0.0027891321     6     6     1     2
 0.0054257188     6     6     1     4
 0.0027891321     6     6     2     1
 0.3352878374     6     6     2     2
 -0.0122560181     6     6     2     4
 0.3388615505     6     6     3     3
 -0.0341432484     6     6     3     7
 0.0054257188     6     6     4     1
 -0.0122560181     6     6     4     2
 0.3224025375     6     6     4     4
 0.3362271587     6     6     5     5
 -0.0341432484     6     6     7     3
 0.2155761214     6     6     7     7
 -0.0025096196     6     7     1     3
 0.0402801431     6     7     2     3
 -0.0056815313     6     7     3     1
 0.0233589026     6     7     3     2
 0.0011773892     6     7     3     4
 0.0341432484     6     7     3     6
 -0.0095073313     6     7     4     3
 0.0028590109     6     7     7     1
 0.0138012813     6     7     7     2
 -0.0142507984     6     7     7     4
 -0.2155761214     6     7     7     6
 0.1818324665     7     1     1     3
 -0.3930204535     7     1     1     7
 0.0147851221     7     1     2     3
 -0.0071976812     7     1     2     7
 0.0032895017     7     1     3     2
 -0.0016703999     7     1     3     4
 0.0025096196     7     1     3     6
 0.0023680130     7     1     4     3
 -0.0037964218     7     1     4     7
 -0.0030186902     7     1     6     3
 0.0028590109     7     1     6     7
 0.0105837519     7     2     1     3
 -0.0071976812     7     2     1     7
 0.0717683500     7     2     2     3
 -0.3281916469     7     2     2     7
 -0.0032895017     7     2     3     1
 0.0134980841     7     2     3     4
 -0.0402801431     7     2     3     6
 0.0117345930     7     2     4     3
 0.0139905574     7     2     4     7
 -0.0157551503     7     2     6     3
 0.0138012813     7     2     6     7
 -0.1818324665     7     3     1     1
 -0.0105837519     7     3     1     2
 -0.0039019042     7     3     1     4
 0.0056815313     7     3     1     6
 -0.0147851221     7     3     2     1
 -0.0717683500     7     3     2     2
 0.0019070231     7     3     2     4
 -0.0233589026     7     3     2     6
 -0.3056834683     7     3     3     7
 -0.0023680130     7     3     4     1
 -0.0117345930     7     3     4     2
 -0.0911261344     7     3     4     4
 -0.0011773892     7     3     4     6
 -0.0938743380     7     3     5     5
 0.0030186902     7     3     6     1
 0.0157551503     7     3     6     2
 -0.0097232576     7     3     6     4
 -0.0341432484     7     3     6     6
 0.0039019042     7     4     1     3
 -0.0037964218     7     4     1     7
 -0.0019070231     7     4     2     3
 0.0139905574     7     4     2     7
 0.0016703999     7     4     3     1
 -0.0134980841     7     4     3     2
 0.0095073313     7     4     3     6
 0.0911261344     7     4     4     3
 -0.3155216945     7     4     4     7
 0.0097232576     7     4     6     3
 -0.0142507984     7     4     6     7
 0.0938743380     7     5     5     3
 -0.3233547391     7     5     5     7
 -0.0056815313     7     6     1     3
 0.0028590109     7     6     1     7
 0.0233589026     7     6     2     3
 0.0138012813     7     6     2     7
 -0.0025096196     7     6     3     1
 0.0402801431     7     6     3     2
 -0.0095073313     7     6     3     4
 0.0011773892     7     6     4     3
 -0.0142507984     7     6     4     7
 0.0341432484     7     6     6     3
 -0.2155761214     7     6     6     7
 0.3930204535     7     7     1     1
 0.0071976812     7     7     1     2
 0.0037964218     7     7     1     4
 -0.0028590109     7     7     1     6
 0.0071976812     7     7     2     1
 0.3281916469     7     7     2     2
 -0.0139905574     7     7     2     4
 -0.0138012813     7     7     2     6
 0.3056834683     7     7     3     3
 0.0037964218     7     7     4     1
 -0.0139905574     7     7     4     2
 0.3155216945     7     7     4     4
 0.0142507984     7     7     4     6
 0.3233547391     7     7     5     5
 -0.0028590109     7     7     6     1
 -0.0138012813     7     7     6     2
 0.0142507984     7     7     6     4
 0.2155761214     7     7     6     6
0.0 0 0 0 0
 4.7388786259     1     1     1     1
 0.4302630247     1     1     1     2
 0.1393694149     1     1     1     4
 -0.1440153245     1     1     1     6
 0.4302630247     1     1     2     1
 1.0458926171     1     1     2     2
 0.0877438606     1     1     2     4
 -0.1743056117     1     1     2     6
 0.8782771333     1     1     3     3
 -0.1940980035     1     1     3     7
 0.1393694149     1     1     4     1
 0.0877438606     1     1     4     2
 0.9816272956     1     1     4     4
 0.0827164869     1     1     4     6
 1.0340303840     1     1     5     5
 -0.1440153245     1     1     6     1
 -0.1743056117     1     1     6     2
 0.0827164869     1     1     6     4
 0.4098686606     1     1     6     6
 -0.1940980035     1     1     7     3
 0.3991108126     1     1     7     7
 0.4302630247     1     2     1     1
 0.0613762133     1     2     1     2
 0.0169802360     1     2     1     4
 -0.0230035943     1     2     1     6
 0.0637466657     1     2     2     1
 0.0147779105     1     2     2     2
 0.0076820775     1     2     2     4
 -0.0027929249     1     2     2     6
 0.0068818666     1     2     3     3
 -0.0016421798     1     2     3     7
 0.0166901992     1     2     4     1
 0.0079972206     1     2     4     2
 0.0130419323     1     2     4     4
 -0.0007180891     1     2     4     6
 0.0116863138     1     2     5     5
 -0.0244331697     1     2     6     1
 -0.0014788783     1     2     6     2
 -0.0010720209     1     2     6     4
 0.0017100785     1     2     6     6
 -0.0004885281     1     2     7     3
 0.0019767936     1     2     7     7
 0.0168001623     1     3     1     3
 -0.0109393834     1     3     1     7
 -0.0221049366     1     3     2     3
 0.0095523400     1     3     2     7
 0.0198431464     1     3     3     1
 -0.0231822922     1     3     3     2
 -0.0031295784     1     3     3     4
 0.0043637751     1     3     3     6
 -0.0026625663     1     3     4     3
 0.0037433441     1     3     4     7
 0.0042089713     1     3     6     3
 -0.0049369584     1     3     6     7
 -0.0122655370     1     3     7     1
 0.0100952238     1     3     7     2
 0.0036980808     1     3     7     4
 -0.0049698421     1     3     7     6
 0.1393694149     1     4     1     1
 0.0169802360     1     4     1     2
 0.0270893911     1     4     1     4
 0.0007553459     1     4     1     6
 0.0166901992     1     4     2     1
 0.0146171648     1     4     2     2
 -0.0214825981     1     4     2     4
 -0.0090344044     1     4     2     6
 0.0073096649     1     4     3     3
 -0.0002399721     1     4     3     7
 0.0299962125     1     4     4     1
 -0.0224207500     1     4     4     2
 -0.0085955150     1     4     4     4
 0.0034449191     1     4     4     6
 0.0045513310     1     4     5     5
 0.0012713408     1     4     6     1
 -0.0090393466     1     4     6     2
 0.0029569983     1     4     6     4
 0.0065955932     1     4     6     6
 -0.0002038234     1     4     7     3
 0.0017154587     1     4     7     7
 0.0270604078     1     5     1     5
 -0.0285476517     1     5     2     5
 -0.0089341319     1     5     4     5
 0.0298546239     1     5     5     1
 -0.0291154896     1     5     5     2
 -0.0093099129     1     5     5     4
 0.0075439208     1     5     5     6
 0.0069956039     1     5     6     5
 -0.1440153245     1     6     1     1
 -0.0230035943     1     6     1     2
 0.0007553459     1     6     1     4
 0.0104097499     1     6     1     6
 -0.0244331697     1     6     2     1
 -0.0011149638     1     6     2     2
 -0.0091451112     1     6     2     4
 -0.0017371456     1     6     2     6
 -0.0004103283     1     6     3     3
 0.0001606005     1     6     3     7
 0.0012713408     1     6     4     1
 -0.0093700025     1     6     4     2
 -0.0071801773     1     6     4     4
 0.0016937163     1     6     4     6
 -0.0024953804     1     6     5     5
 0.0100869311     1     6     6     1
 -0.0010790536     1     6     6     2
 0.0011698744     1     6     6     4
 0.0010129076     1     6     6     6
 0.0007116892     1     6     7     3
 -0.0002863632     1     6     7     7
 -0.0109393834     1     7     1     3
 0.0063929956     1     7     1     7
 0.0128418417     1     7     2     3
 -0.0056305899     1     7     2     7
 -0.0122655370     1     7     3     1
 0.0131429423     1     7     3     2
 0.0021280409     1     7     3     4
 -0.0028580897     1     7     3     6
 0.0020729442     1     7     4     3
 -0.0021801206     1     7     4     7
 -0.0024273388     1     7     6     3
 0.0025573504     1     7     6     7
 0.0060903591     1     7     7     1
 -0.0052208876     1     7     7     2
 -0.0020809631     1     7     7     4
 0.0025726477     1     7     7     6
 0.4302630247     2     1     1     1
 0.0637466657     2     1     1     2
 0.0166901992     2     1     1     4
 -0.0244331697     2     1     1     6
 0.0613762133     2     1     2     1
 0.0147779105     2     1     2     2
 0.0079972206     2     1     2     4
 -0.0014788783     2     1     2     6
 0.0068818666     2     1     3     3
 -0.0004885281     2     1     3     7
 0.0169802360     2     1     4     1
 0.0076820775     2     1     4     2
 0.0130419323     2     1     4     4
 -0.0010720209     2     1     4     6
 0.0116863138     2     1     5     5
 -0.0230035943     2     1     6     1
 -0.0027929249     2     1     6     2
 -0.0007180891     2     1     6     4
 0.0017100785     2     1     6     6
 -0.0016421798     2     1     7     3
 0.0019767936     2     1     7     7
 1.0458926171     2     2     1     1
 0.0147779105     2     2     1     2
 0.0146171648     2     2     1     4
 -0.0011149638     2     2     1     6
 0.0147779105     2     2     2     1
 0.7449708086     2     2     2     2
 -0.0164904771     2     2     2     4
 -0.0982335926     2     2     2     6
 0.6733601221     2     2     3     3
 -0.1096670635     2     2     3     7
 0.0146171648     2     2     4     1
 -0.0164904771     2     2     4     2
 0.6742314340     2     2     4     4
 0.0509068799     2     2     4     6
 0.7073558177     2     2     5     5
 -0.0011149638     2     2     6     1
 -0.0982335926     2     2     6     2
 0.0509068799     2     2     6     4
 0.3681360567     2     2     6     6
 -0.1096670635     2     2     7     3
 0.3466016154     2     2     7     7
 -0.0221049366     2     3     1     3
 0.0128418417     2     3     1     7
 0.1425110297     2     3     2     3
 -0.0385992100     2     3     2     7
 -0.0231822922     2     3     3     1
 0.1484101834     2     3     3     2
 -0.0150796753     2     3     3     4
 -0.0015735248     2     3     3     6
 -0.0160245041     2     3     4     3
 -0.0222958882     2     3     4     7
 -0.0016190553     2     3     6     3
 0.0513166824     2     3     6     7
 0.0131429423     2     3     7     1
 -0.0378987135     2     3     7     2
 -0.0210964189     2     3     7     4
 0.0513434370     2     3     7     6
 0.0877438606     2     4     1     1
 0.0076820775     2     4     1     2
 -0.0214825981     2     4     1     4
 -0.0091451112     2     4     1     6
 0.0079972206     2     4     2     1
 -0.0164904771     2     4     2     2
 0.1156725715     2     4     2     4
 0.0173794991     2     4     2     6
 -0.0121175642     2     4     3     3
 -0.0204246196     2     4     3     7
 -0.0224207500     2     4     4     1
 0.1216048906     2     4     4     2
 0.0686377274     2     4     4     4
 0.0007894015     2     4     4     6
 0.0363674764     2     4     5     5
 -0.0093700025     2     4     6     1
 0.0172640667     2     4     6     2
 0.0012093667     2     4     6     4
 -0.0302537037     2     4     6     6
 -0.0191893958     2     4     7     3
 -0.0101914829     2     4     7     7
 -0.0285476517     2     5     1     5
 0.1192988508     2     5     2     5
 0.0296089750     2     5     4     5
 -0.0291154896     2     5     5     1
 0.1242037542     2     5     5     2
 0.0299112732     2     5     5     4
 -0.0230500043     2     5     5     6
 -0.0214698668     2     5     6     5
 -0.1743056117     2     6     1     1
 -0.0027929249     2     6     1     2
 -0.0090344044     2     6     1     4
 -0.0017371456     2     6     1     6
 -0.0014788783     2     6     2     1
 -0.0982335926     2     6     2     2
 0.0173794991     2     6     2     4
 0.0394555678     2     6     2     6
 -0.0697335906     2     6     3     3
 0.0313523638     2     6     3     7
 -0.0090393466     2     6     4     1
 0.0172640667     2     6     4     2
 -0.0673707658     2     6     4     4
 -0.0215064382     2     6     4     6
 -0.0893389352     2     6     5     5
 -0.0010790536     2     6     6     1
 0.0328482193     2     6     6     2
 -0.0179976856     2     6     6     4
 -0.0180480066     2     6     6     6
 0.0279845344     2     6     7     3
 -0.0128597482     2     6     7     7
 0.0095523400     2     7     1     3
 -0.0056305899     2     7     1     7
 -0.0385992100     2     7     2     3
 0.0224512144     2     7     2     7
 0.0100952238     2     7     3     1
 -0.0378987135     2     7     3     2
 -0.0086900266     2     7     3     4
 0.0155972135     2     7     3     6
 -0.0087978041     2     7     4     3
 0.0051640928     2     7     4     7
 0.0110365393     2     7     6     3
 0.0011226476     2     7     6     7
 -0.0052208876     2     7     7     1
 0.0184099685     2     7     7     2
 0.0037990745     2     7     7     4
 0.0009415331     2     7     7     6
 0.0198431464     3     1     1     3
 -0.0122655370     3     1     1     7
 -0.0231822922     3     1     2     3
 0.0100952238     3     1     2     7
 0.0168001623     3     1     3     1
 -0.0221049366     3     1     3     2
 -0.0026625663     3     1     3     4
 0.0042089713     3     1     3     6
 -0.0031295784     3     1     4     3
 0.0036980808     3     1     4     7
 0.0043637751     3     1     6     3
 -0.0049698421     3     1     6     7
 -0.0109393834     3     1     7     1
 0.0095523400     3     1     7     2
 0.0037433441     3     1     7     4
 -0.0049369584     3     1     7     6
 -0.0231822922     3     2     1     3
 0.0131429423     3     2     1     7
 0.1484101834     3     2     2     3
 -0.0378987135     3     2     2     7
 -0.0221049366     3     2     3     1
 0.1425110297     3     2     3     2
 -0.0160245041     3     2     3     4
 -0.0016190553     3     2     3     6
 -0.0150796753     3     2     4     3
 -0.0210964189     3     2     4     7
 -0.0015735248     3     2     6     3
 0.0513434370     3     2     6     7
 0.0128418417     3     2     7     1
 -0.0385992100     3     2     7     2
 -0.0222958882     3     2     7     4
 0.0513166824     3     2     7     6
 0.8782771333     3     3     1     1
 0.0068818666     3     3     1     2
 0.0073096649     3     3     1     4
 -0.0004103283     3     3     1     6
 0.0068818666     3     3     2     1
 0.6733601221     3     3     2     2
 -0.0121175642     3     3     2     4
 -0.0697335906     3     3     2     6
 0.6467983601     3     3     3     3
 -0.0948644767     3     3     3     7
 0.0073096649     3     3     4     1
 -0.0121175642     3     3     4     2
 0.5986594271     3     3     4     4
 0.0321393906     3     3     4     6
 0.6162876490     3     3     5     5
 -0.0004103283     3     3     6     1
 -0.0697335906     3     3     6     2
 0.0321393906     3     3     6     4
 0.3581444381     3     3     6     6
 -0.0948644767     3     3     7     3
 0.3502006191     3     3     7     7
 -0.0031295784     3     4     1     3
 0.0021280409     3     4     1     7
 -0.0150796753     3     4     2     3
 -0.0086900266     3     4     2     7
 -0.0026625663     3     4     3     1
 -0.0160245041     3     4     3     2
 0.0306371179     3     4     3     4
 -0.0039800525     3     4     3     6
 0.0372248358     3     4     4     3
 -0.0081939459     3     4     4     7
 -0.0042150648     3     4     6     3
 -0.0175575421     3     4     6     7
 0.0020729442     3     4     7     1
 -0.0087978041     3     4     7     2
 -0.0080825188     3     4     7     4
 -0.0176625333     3     4     7     6
 0.0227417567     3     5     3     5
 0.0288053612     3     5     5     3
 -0.0115906405     3     5     5     7
 -0.0112745969     3     5     7     5
 0.0043637751     3     6     1     3
 -0.0028580897     3     6     1     7
 -0.0015735248     3     6     2     3
 0.0155972135     3     6     2     7
 0.0042089713     3     6     3     1
 -0.0016190553     3     6     3     2
 -0.0039800525     3     6     3     4
 0.0231840567     3     6     3     6
 -0.0042150648     3     6     4     3
 -0.0099987093     3     6     4     7
 0.0192828876     3     6     6     3
 0.0225012193     3     6     6     7
 -0.0024273388     3     6     7     1
 0.0110365393     3     6     7     2
 -0.0081552020     3     6     7     4
 0.0222120229     3     6     7     6
 -0.1940980035     3     7     1     1
 -0.0016421798     3     7     1     2
 -0.0002399721     3     7     1     4
 0.0001606005     3     7     1     6
 -0.0004885281     3     7     2     1
 -0.1096670635     3     7     2     2
 -0.0204246196     3     7     2     4
 0.0313523638     3     7     2     6
 -0.0948644767     3     7     3     3
 0.0493291023     3     7     3     7
 -0.0002038234     3     7     4     1
 -0.0191893958     3     7     4     2
 -0.0993200803     3     7     4     4
 -0.0197219669     3     7     4     6
 -0.1054649785     3     7     5     5
 0.0007116892     3     7     6     1
 0.0279845344     3     7     6     2
 -0.0187349313     3     7     6     4
 -0.0116420291     3     7     6     6
 0.0445171508     3     7     7     3
 -0.0129469323     3     7     7     7
 0.1393694149     4     1     1     1
 0.0166901992     4     1     1     2
 0.0299962125     4     1     1     4
 0.0012713408     4     1     1     6
 0.0169802360     4     1     2     1
 0.0146171648     4     1     2     2
 -0.0224207500     4     1     2     4
 -0.0090393466     4     1     2     6
 0.0073096649     4     1     3     3
 -0.0002038234     4     1     3     7
 0.0270893911     4     1     4     1
 -0.0214825981     4     1     4     2
 -0.0085955150     4     1     4     4
 0.0029569983     4     1     4     6
 0.0045513310     4     1     5     5
 0.0007553459     4     1     6     1
 -0.0090344044     4     1     6     2
 0.0034449191     4     1     6     4
 0.0065955932     4     1     6     6
 -0.0002399721     4     1     7     3
 0.0017154587     4     1     7     7
 0.0877438606     4     2     1     1
 0.0079972206     4     2     1     2
 -0.0224207500     4     2     1     4
 -0.0093700025     4     2     1     6
 0.0076820775     4     2     2     1
 -0.0164904771     4     2     2     2
 0.1216048906     4     2     2     4
 0.0172640667     4     2     2     6
 -0.0121175642     4     2     3     3
 -0.0191893958     4     2     3     7
 -0.0214825981     4     2     4     1
 0.1156725715     4     2     4     2
 0.0686377274     4     2     4     4
 0.0012093667     4     2     4     6
 0.0363674764     4     2     5     5
 -0.0091451112     4     2     6     1
 0.0173794991     4     2     6     2
 0.0007894015     4     2     6     4
 -0.0302537037     4     2     6     6
 -0.0204246196     4     2     7     3
 -0.0101914829     4     2     7     7
 -0.0026625663     4     3     1     3
 0.0020729442     4     3     1     7
 -0.0160245041     4     3     2     3
 -0.0087978041     4     3     2     7
 -0.0031295784     4     3     3     1
 -0.0150796753     4     3     3     2
 0.0372248358     4     3     3     4
 -0.0042150648     4     3     3     6
 0.0306371179     4     3     4     3
 -0.0080825188     4     3     4     7
 -0.0039800525     4     3     6     3
 -0.0176625333     4     3     6     7
 0.0021280409     4     3     7     1
 -0.0086900266     4     3     7     2
 -0.0081939459     4     3     7     4
 -0.0175575421     4     3     7     6
 0.9816272956     4     4     1     1
 0.0130419323     4     4     1     2
 -0.0085955150     4     4     1     4
 -0.0071801773     4     4     1     6
 0.0130419323     4     4     2     1
 0.6742314340     4     4     2     2
 0.0686377274     4     4     2     4
 -0.0673707658     4     4     2     6
 0.5986594271     4     4     3     3
 -0.0993200803     4     4     3     7
 -0.0085955150     4     4     4     1
 0.0686377274     4     4     4     2
 0.7098574082     4     4     4     4
 0.0506324681     4     4     4     6
 0.6560271722     4     4     5     5
 -0.0071801773     4     4     6     1
 -0.0673707658     4     4     6     2
 0.0506324681     4     4     6     4
 0.3413645196     4     4     6     6
 -0.0993200803     4     4     7     3
 0.3282035048     4     4     7     7
 -0.0089341319     4     5     1     5
 0.0296089750     4     5     2     5
 0.0350985573     4     5     4     5
 -0.0093099129     4     5     5     1
 0.0299112732     4     5     5     2
 0.0408142785     4     5     5     4
 0.0010746974     4     5     5     6
 0.0013527889     4     5     6     5
 0.0827164869     4     6     1     1
 -0.0007180891     4     6     1     2
 0.0034449191     4     6     1     4
 0.0016937163     4     6     1     6
 -0.0010720209     4     6     2     1
 0.0509068799     4     6     2     2
 0.0007894015     4     6     2     4
 -0.0215064382     4     6     2     6
 0.0321393906     4     6     3     3
 -0.0197219669     4     6     3     7
 0.0029569983     4     6     4     1
 0.0012093667     4     6     4     2
 0.0506324681     4     6     4     4
 0.0212994392     4     6     4     6
 0.0456996012     4     6     5     5
 0.0011698744     4     6     6     1
 -0.0179976856     4     6     6     2
 0.0189619821     4     6     6     4
 0.0018636567     4     6     6     6
 -0.0187349313     4     6     7     3
 -0.0022705516     4     6     7     7
 0.0037433441     4     7     1     3
 -0.0021801206     4     7     1     7
 -0.0222958882     4     7     2     3
 0.0051640928     4     7     2     7
 0.0036980808     4     7     3     1
 -0.0210964189     4     7     3     2
 -0.0081939459     4     7     3     4
 -0.0099987093     4     7     3     6
 -0.0080825188     4     7     4     3
 0.0167903395     4     7     4     7
 -0.0081552020     4     7     6     3
 -0.0167375113     4     7     6     7
 -0.0020809631     4     7     7     1
 0.0037990745     4     7     7     2
 0.0126818103     4     7     7     4
 -0.0165213500     4     7     7     6
 0.0298546239     5     1     1     5
 -0.0291154896     5     1     2     5
 -0.0093099129     5     1     4     5
 0.0270604078     5     1     5     1
 -0.0285476517     5     1     5     2
 -0.0089341319     5     1     5     4
 0.0069956039     5     1     5     6
 0.0075439208     5     1     6     5
 -0.0291154896     5     2     1     5
 0.1242037542     5     2     2     5
 0.0299112732     5     2     4     5
 -0.0285476517     5     2     5     1
 0.1192988508     5     2     5     2
 0.0296089750     5     2     5     4
 -0.0214698668     5     2     5     6
 -0.0230500043     5     2     6     5
 0.0288053612     5     3     3     5
 0.0227417567     5     3     5     3
 -0.0112745969     5     3     5     7
 -0.0115906405     5     3     7     5
 -0.0093099129     5     4     1     5
 0.0299112732     5     4     2     5
 0.0408142785     5     4     4     5
 -0.0089341319     5     4     5     1
 0.0296089750     5     4     5     2
 0.0350985573     5     4     5     4
 0.0013527889     5     4     5     6
 0.0010746974     5     4     6     5
 1.0340303840     5     5     1     1
 0.0116863138     5     5     1     2
 0.0045513310     5     5     1     4
 -0.0024953804     5     5     1     6
 0.0116863138     5     5     2     1
 0.7073558177     5     5     2     2
 0.0363674764     5     5     2     4
 -0.0893389352     5     5     2     6
 0.6162876490     5     5     3     3
 -0.1054649785     5     5     3     7
 0.0045513310     5     5     4     1
 0.0363674764     5     5     4     2
 0.6560271722     5     5     4     4
 0.0456996012     5     5     4     6
 0.7415122136     5     5     5     5
 -0.0024953804     5     5     6     1
 -0.0893389352     5     5     6     2
 0.0456996012     5     5     6     4
 0.3478920882     5     5     6     6
 -0.1054649785     5     5     7     3
 0.3297628458     5     5     7     7
 0.0075439208     5     6     1     5
 -0.0230500043     5     6     2     5
 0.0010746974     5     6     4     5
 0.0069956039     5     6     5     1
 -0.0214698668     5     6     5     2
 0.0013527889     5     6     5     4
 0.0157224307     5     6     5     6
 0.0116649295     5     6     6     5
 -0.0115906405     5     7     3     5
 -0.0112745969     5     7     5     3
 0.0089780117     5     7     5     7
 0.0064081067     5     7     7     5
 -0.1440153245     6     1     1     1
 -0.0244331697     6     1     1     2
 0.0012713408     6     1     1     4
 0.0100869311     6     1     1     6
 -0.0230035943     6     1     2     1
 -0.0011149638     6     1     2     2
 -0.0093700025     6     1     2     4
 -0.0010790536     6     1     2     6
 -0.0004103283     6     1     3     3
 0.0007116892     6     1     3     7
 0.0007553459     6     1     4     1
 -0.0091451112     6     1     4     2
 -0.0071801773     6     1     4     4
 0.0011698744     6     1     4     6
 -0.0024953804     6     1     5     5
 0.0104097499     6     1     6     1
 -0.0017371456     6     1     6     2
 0.0016937163     6     1     6     4
 0.0010129076     6     1     6     6
 0.0001606005     6     1     7     3
 -0.0002863632     6     1     7     7
 -0.1743056117     6     2     1     1
 -0.0014788783     6     2     1     2
 -0.0090393466     6     2     1     4
 -0.0010790536     6     2     1     6
 -0.0027929249     6     2     2     1
 -0.0982335926     6     2     2     2
 0.0172640667     6     2     2     4
 0.0328482193     6     2     2     6
 -0.0697335906     6     2     3     3
 0.0279845344     6     2     3     7
 -0.0090344044     6     2     4     1
 0.0173794991     6     2     4     2
 -0.0673707658     6     2     4     4
 -0.0179976856     6     2     4     6
 -0.0893389352     6     2     5     5
 -0.0017371456     6     2     6     1
 0.0394555678     6     2     6     2
 -0.0215064382     6     2     6     4
 -0.0180480066     6     2     6     6
 0.0313523638     6     2     7     3
 -0.0128597482     6     2     7     7
 0.0042089713     6     3     1     3
 -0.0024273388     6     3     1     7
 -0.0016190553     6     3     2     3
 0.0110365393     6     3     2     7
 0.0043637751     6     3     3     1
 -0.0015735248     6     3     3     2
 -0.0042150648     6     3     3     4
 0.0192828876     6     3     3     6
 -0.0039800525     6     3     4     3
 -0.0081552020     6     3     4     7
 0.0231840567     6     3     6     3
 0.0222120229     6     3     6     7
 -0.0028580897     6     3     7     1
 0.0155972135     6     3     7     2
 -0.0099987093     6     3     7     4
 0.0225012193     6     3     7     6
 0.0827164869     6     4     1     1
 -0.0010720209     6     4     1     2
 0.0029569983     6     4     1     4
 0.0011698744     6     4     1     6
 -0.0007180891     6     4     2     1
 0.0509068799     6     4     2     2
 0.0012093667     6     4     2     4
 -0.0179976856     6     4     2     6
 0.0321393906     6     4     3     3
 -0.0187349313     6     4     3     7
 0.0034449191     6     4     4     1
 0.0007894015     6     4     4     2
 0.0506324681     6     4     4     4
 0.0189619821     6     4     4     6
 0.0456996012     6     4     5     5
 0.0016937163     6     4     6     1
 -0.0215064382     6     4     6     2
 0.0212994392     6     4     6     4
 0.0018636567     6     4     6     6
 -0.0197219669     6     4     7     3
 -0.0022705516     6     4     7     7
 0.0069956039     6     5     1     5
 -0.0214698668     6     5     2     5
 0.0013527889     6     5     4     5
 0.0075439208     6     5     5     1
 -0.0230500043     6     5     5     2
 0.0010746974     6     5     5     4
 0.0116649295     6     5     5     6
 0.0157224307     6     5     6     5
 0.4098686606     6     6     1     1
 0.0017100785     6     6     1     2
 0.0065955932     6     6     1     4
 0.0010129076     6     6     1     6
 0.0017100785     6     6     2     1
 0.3681360567     6     6     2     2
 -0.0302537037     6     6     2     4
 -0.0180480066     6     6     2     6
 0.3581444381     6     6     3     3
 -0.0116420291     6     6     3     7
 0.0065955932     6     6     4     1
 -0.0302537037     6     6     4     2
 0.3413645196     6     6     4     4
 0.0018636567     6     6     4     6
 0.3478920882     6     6     5     5
 0.0010129076     6     6     6     1
 -0.0180480066     6     6     6     2
 0.0018636567     6     6     6     4
 0.3014893691     6     6     6     6
 -0.0116420291     6     6     7     3
 0.2893612833     6     6     7     7
 -0.0049369584     6     7     1     3
 0.0025573504     6     7     1     7
 0.0513166824     6     7     2     3
 0.0011226476     6     7     2     7
 -0.0049698421     6     7     3     1
 0.0513434370     6     7     3     2
 -0.0175575421     6     7     3     4
 0.0225012193     6     7     3     6
 -0.0176625333     6     7     4     3
 -0.0167375113     6     7     4     7
 0.0222120229     6     7     6     3
 0.0738074615     6     7     6     7
 0.0025726477     6     7     7     1
 0.0009415331     6     7     7     2
 -0.0165213500     6     7     7     4
 0.0737851619     6     7     7     6
 -0.0122655370     7     1     1     3
 0.0060903591     7     1     1     7
 0.0131429423     7     1     2     3
 -0.0052208876     7     1     2     7
 -0.0109393834     7     1     3     1
 0.0128418417     7     1     3     2
 0.0020729442     7     1     3     4
 -0.0024273388     7     1     3     6
 0.0021280409     7     1     4     3
 -0.0020809631     7     1     4     7
 -0.0028580897     7     1     6     3
 0.0025726477     7     1     6     7
 0.0063929956     7     1     7     1
 -0.0056305899     7     1     7     2
 -0.0021801206     7     1     7     4
 0.0025573504     7     1     7     6
 0.0100952238     7     2     1     3
 -0.0052208876     7     2     1     7
 -0.0378987135     7     2     2     3
 0.0184099685     7     2     2     7
 0.0095523400     7     2     3     1
 -0.0385992100     7     2     3     2
 -0.0087978041     7     2     3     4
 0.0110365393     7     2     3     6
 -0.0086900266     7     2     4     3
 0.0037990745     7     2     4     7
 0.0155972135     7     2     6     3
 0.0009415331     7     2     6     7
 -0.0056305899     7     2     7     1
 0.0224512144     7     2     7     2
 0.0051640928     7     2     7     4
 0.0011226476     7     2     7     6
 -0.1940980035     7     3     1     1
 -0.0004885281     7     3     1     2
 -0.0002038234     7     3     1     4
 0.0007116892     7     3     1     6
 -0.0016421798     7     3     2     1
 -0.1096670635     7     3     2     2
 -0.0191893958     7     3     2     4
 0.0279845344     7     3     2     6
 -0.0948644767     7     3     3     3
 0.0445171508     7     3     3     7
 -0.0002399721     7     3     4     1
 -0.0204246196     7     3     4     2
 -0.0993200803     7     3     4     4
 -0.0187349313     7     3     4     6
 -0.1054649785     7     3     5     5
 0.0001606005     7     3     6     1
 0.0313523638     7     3     6     2
 -0.0197219669     7     3     6     4
 -0.0116420291     7     3     6     6
 0.0493291023     7     3     7     3
 -0.0129469323     7     3     7     7
 0.0036980808     7     4     1     3
 -0.0020809631     7     4     1     7
 -0.0210964189     7     4     2     3
 0.0037990745     7     4     2     7
 0.0037433441     7     4     3     1
 -0.0222958882     7     4     3     2
 -0.0080825188     7     4     3     4
 -0.0081552020     7     4     3     6
 -0.0081939459     7     4     4     3
 0.0126818103     7     4     4     7
 -0.0099987093     7     4     6     3
 -0.0165213500     7     4     6     7
 -0.0021801206     7     4     7     1
 0.0051640928     7     4     7     2
 0.0167903395     7     4     7     4
 -0.0167375113     7     4     7     6
 -0.0112745969     7     5     3     5
 -0.0115906405     7     5     5     3
 0.0064081067     7     5     5     7
 0.0089780117     7     5     7     5
 -0.0049698421     7     6     1     3
 0.0025726477     7     6     1     7
 0.0513434370     7     6     2     3
 0.0009415331     7     6     2     7
 -0.0049369584     7     6     3     1
 0.0513166824     7     6     3     2
 -0.0176625333     7     6     3     4
 0.0222120229     7     6     3     6
 -0.0175575421     7     6     4     3
 -0.0165213500     7     6     4     7
 0.0225012193     7     6     6     3
 0.0737851619     7     6     6     7
 0.0025573504     7     6     7     1
 0.0011226476     7     6     7     2
 -0.0167375113     7     6     7     4
 0.0738074615     7     6     7     6
 0.3991108126     7     7     1     1
 0.0019767936     7     7     1     2
 0.0017154587     7     7     1     4
 -0.0002863632     7     7     1     6
 0.0019767936     7     7     2     1
 0.3466016154     7     7     2     2
 -0.0101914829     7     7     2     4
 -0.0128597482     7     7     2     6
 0.3502006191     7     7     3     3
 -0.0129469323     7     7     3     7
 0.0017154587     7     7     4     1
 -0.0101914829     7     7     4     2
 0.3282035048     7     7     4     4
 -0.0022705516     7     7     4     6
 0.3297628458     7     7     5     5
 -0.0002863632     7     7     6     1
 -0.0128597482     7     7     6     2
 -0.0022705516     7     7     6     4
 0.2893612833     7     7     6     6
 -0.0129469323     7     7     7     3
 0.2958650527     7     7     7     7
0.0 0 0 0 0
 -33.0237551689     1     1     0     0
 -0.5806948596     1     2     0     0
 -0.1864889798     1     4     0     0
 0.1777898278     1     6     0     0
 -0.5806948596     2     1     0     0
 -7.8580543570     2     2     0     0
 -0.2394458798     2     4     0     0
 0.8511534372     2     6     0     0
 -6.7022389489     3     3     0     0
 1.0436386023     3     7     0     0
 -0.1864889798     4     1     0     0
 -0.2394458798     4     2     0     0
 -6.9226317191     4     4     0     0
 -0.4580294780     4     6     0     0
 -7.0901513623     5     5     0     0
 0.1777898278     6     1     0     0
 0.8511534372     6     2     0     0
 -0.4580294780     6     4     0     0
 -3.3651729632     6     6     0     0
 1.0436386023     7     3     0     0
 -3.1544545025     7     7     0     0
0.0 0 0 0 0
 -33.0237551689     1     1     0     0
 -0.5806948596     1     2     0     0
 -0.1864889798     1     4     0     0
 0.1777898278     1     6     0     0
 -0.5806948596     2     1     0     0
 -7.8580543570     2     2     0     0
 -0.2394458798     2     4     0     0
 0.8511534372     2     6     0     0
 -6.7022389489     3     3     0     0
 1.0436386023     3     7     0     0
 -0.1864889798     4     1     0     0
 -0.2394458798     4     2     0     0
 -6.9226317191     4     4     0     0
 -0.4580294780     4     6     0     0
 -7.0901513623     5     5     0     0
 0.1777898278     6     1     0     0
 0.8511534372     6     2     0     0
 -0.4580294780     6     4     0     0
 -3.3651729632     6     6     0     0
 1.0436386023     7     3     0     0
 -3.1544545025     7     7     0     0
9.1895344276 0 0 0 0
