Begin IJ Block
1   1   -2.1888414052
1   3   -0.1391612187
2   2   -1.9537077901
2   3   -0.0000000000
3   3   -1.8151952934

End IJ Block
Begin IA Block
1   2   -0.0726081158
1   3   -0.0000000000
1   4   0.1231716813
1   5   0.0000000000
2   1   -0.2062257404
2   2   -0.0000000000
2   3   0.0477626631
2   5   -0.1029686869
3   1   0.0000000000
3   2   0.1840808918
3   3   -0.0000000000
3   4   0.0576630360
3   5   0.0000000000

End IA Block
Begin AB Block
1   1   -1.4949116392
1   2   0.0000000000
1   3   -0.2967878469
1   4   0.0000000000
1   5   -0.1893456818
2   2   -1.0025765904
2   3   0.0000000000
2   4   0.0048328473
2   5   -0.0000000000
3   3   -0.9286305809
3   4   -0.0000000000
3   5   0.0340700527
4   4   -1.0992195799
4   5   0.0000000001
5   5   -0.8699236066
6   6   -1.3026725259
7   7   -1.3026725259

End AB Block
Begin IJAB Block
1   4   1   8   0.0580543331
1   4   1   9   -0.0000000000
1   4   1   10   0.0233456818
1   4   1   11   -0.0000000000
1   4   1   12   0.0234276117
1   4   2   8   -0.0000000000
1   4   2   9   0.0221877878
1   4   2   10   0.0000000000
1   4   2   11   0.0034945782
1   4   2   12   0.0000000002
1   4   3   8   0.0233456818
1   4   3   9   0.0000000000
1   4   3   10   0.0171833876
1   4   3   11   -0.0000000000
1   4   3   12   0.0080871876
1   4   4   8   -0.0000000000
1   4   4   9   0.0034945782
1   4   4   10   -0.0000000000
1   4   4   11   0.0170141943
1   4   4   12   0.0000000002
1   4   5   8   0.0234276117
1   4   5   9   0.0000000002
1   4   5   10   0.0080871876
1   4   5   11   0.0000000002
1   4   5   12   0.0132875192
1   4   6   13   0.0392359453
1   4   7   14   0.0392359453
1   5   1   8   -0.0000000000
1   5   1   9   0.0238548374
1   5   1   10   -0.0000000000
1   5   1   11   -0.0031401908
1   5   1   12   0.0000000000
1   5   2   8   0.0107942445
1   5   2   9   -0.0000000000
1   5   2   10   -0.0088839996
1   5   2   11   -0.0000000000
1   5   2   12   0.0041149036
1   5   3   8   -0.0000000000
1   5   3   9   -0.0017032384
1   5   3   10   -0.0000000000
1   5   3   11   0.0014331007
1   5   3   12   -0.0000000000
1   5   4   8   -0.0095411607
1   5   4   9   -0.0000000000
1   5   4   10   -0.0001313366
1   5   4   11   -0.0000000001
1   5   4   12   -0.0084030201
1   5   5   8   0.0000000000
1   5   5   9   0.0091983788
1   5   5   10   -0.0000000000
1   5   5   11   -0.0051791588
1   5   5   12   -0.0000000006
1   5   7   14   -0.0000000000
1   6   1   8   0.0042026230
1   6   1   9   0.0000000000
1   6   1   10   0.0092387883
1   6   1   11   0.0000000000
1   6   1   12   0.0097487243
1   6   2   8   0.0000000000
1   6   2   9   -0.0057573992
1   6   2   10   -0.0000000000
1   6   2   11   0.0057916566
1   6   2   12   -0.0000000000
1   6   3   8   -0.0029829058
1   6   3   9   -0.0000000000
1   6   3   10   -0.0057835256
1   6   3   11   -0.0000000000
1   6   3   12   0.0049879513
1   6   4   9   0.0101951883
1   6   4   10   -0.0000000000
1   6   4   11   0.0093491075
1   6   4   12   0.0000000001
1   6   5   8   0.0107087521
1   6   5   9   -0.0000000001
1   6   5   10   0.0091189089
1   6   5   11   -0.0000000000
1   6   5   12   0.0040162541
1   6   6   13   0.0075612939
1   6   7   14   0.0075612939
2   4   1   8   -0.0000000000
2   4   1   9   0.0107942445
2   4   1   10   -0.0000000000
2   4   1   11   -0.0095411607
2   4   1   12   0.0000000000
2   4   2   8   0.0238548374
2   4   2   9   -0.0000000000
2   4   2   10   -0.0017032384
2   4   2   11   -0.0000000000
2   4   2   12   0.0091983788
2   4   3   8   -0.0000000000
2   4   3   9   -0.0088839996
2   4   3   10   -0.0000000000
2   4   3   11   -0.0001313366
2   4   3   12   -0.0000000000
2   4   4   8   -0.0031401908
2   4   4   9   -0.0000000000
2   4   4   10   0.0014331007
2   4   4   11   -0.0000000001
2   4   4   12   -0.0051791588
2   4   5   8   0.0000000000
2   4   5   9   0.0041149036
2   4   5   10   -0.0000000000
2   4   5   11   -0.0084030201
2   4   5   12   -0.0000000006
2   4   7   14   -0.0000000000
2   5   1   8   0.0637729205
2   5   1   9   -0.0000000000
2   5   1   10   0.0250413483
2   5   1   11   -0.0000000000
2   5   1   12   0.0141118314
2   5   2   8   -0.0000000000
2   5   2   9   0.0311971258
2   5   2   10   0.0000000000
2   5   2   11   -0.0019622519
2   5   2   12   0.0000000003
2   5   3   8   0.0250413483
2   5   3   9   0.0000000000
2   5   3   10   0.0265241690
2   5   3   11   -0.0000000000
2   5   3   12   0.0016126647
2   5   4   8   -0.0000000000
2   5   4   9   -0.0019622519
2   5   4   10   -0.0000000000
2   5   4   11   0.0060792263
2   5   4   12   0.0000000002
2   5   5   8   0.0141118314
2   5   5   9   0.0000000003
2   5   5   10   0.0016126647
2   5   5   11   0.0000000002
2   5   5   12   0.0090108851
2   5   6   13   0.0229682367
2   5   7   14   0.0229682367
2   6   1   8   0.0000000000
2   6   1   9   -0.0317179377
2   6   1   10   -0.0000000000
2   6   1   11   -0.0178651159
2   6   1   12   -0.0000000001
2   6   2   8   -0.0037214069
2   6   2   9   0.0000000000
2   6   2   10   0.0124106351
2   6   2   11   0.0000000000
2   6   2   12   0.0012225140
2   6   3   8   -0.0000000000
2   6   3   9   -0.0021113892
2   6   3   10   0.0000000001
2   6   3   11   -0.0105529090
2   6   3   12   0.0000000001
2   6   4   8   -0.0122429557
2   6   4   9   0.0000000000
2   6   4   10   -0.0091870949
2   6   4   11   0.0000000001
2   6   4   12   -0.0002365315
2   6   5   8   -0.0000000001
2   6   5   9   -0.0075006845
2   6   5   10   0.0000000002
2   6   5   11   -0.0032487793
2   6   5   12   0.0000000004
2   6   6   13   0.0000000000
2   6   6   14   -0.0000000000
2   6   7   13   -0.0000000000
2   6   7   14   -0.0000000000
3   4   1   8   0.0042026230
3   4   1   9   0.0000000000
3   4   1   10   -0.0029829058
3   4   1   12   0.0107087521
3   4   2   8   0.0000000000
3   4   2   9   -0.0057573992
3   4   2   10   -0.0000000000
3   4   2   11   0.0101951883
3   4   2   12   -0.0000000001
3   4   3   8   0.0092387883
3   4   3   9   -0.0000000000
3   4   3   10   -0.0057835256
3   4   3   11   -0.0000000000
3   4   3   12   0.0091189089
3   4   4   8   0.0000000000
3   4   4   9   0.0057916566
3   4   4   10   -0.0000000000
3   4   4   11   0.0093491075
3   4   4   12   -0.0000000000
3   4   5   8   0.0097487243
3   4   5   9   -0.0000000000
3   4   5   10   0.0049879513
3   4   5   11   0.0000000001
3   4   5   12   0.0040162541
3   4   6   13   0.0075612939
3   4   7   14   0.0075612939
3   5   1   8   0.0000000000
3   5   1   9   -0.0037214069
3   5   1   10   -0.0000000000
3   5   1   11   -0.0122429557
3   5   1   12   -0.0000000001
3   5   2   8   -0.0317179377
3   5   2   9   0.0000000000
3   5   2   10   -0.0021113892
3   5   2   11   0.0000000000
3   5   2   12   -0.0075006845
3   5   3   8   -0.0000000000
3   5   3   9   0.0124106351
3   5   3   10   0.0000000001
3   5   3   11   -0.0091870949
3   5   3   12   0.0000000002
3   5   4   8   -0.0178651159
3   5   4   9   0.0000000000
3   5   4   10   -0.0105529090
3   5   4   11   0.0000000001
3   5   4   12   -0.0032487793
3   5   5   8   -0.0000000001
3   5   5   9   0.0012225140
3   5   5   10   0.0000000001
3   5   5   11   -0.0002365315
3   5   5   12   0.0000000004
3   5   6   13   0.0000000000
3   5   6   14   -0.0000000000
3   5   7   13   -0.0000000000
3   5   7   14   -0.0000000000
3   6   1   8   0.0770142017
3   6   1   9   -0.0000000000
3   6   1   10   0.0413010181
3   6   1   11   -0.0000000001
3   6   1   12   0.0104853794
3   6   2   8   -0.0000000000
3   6   2   9   0.0272271744
3   6   2   10   0.0000000001
3   6   2   11   0.0107182322
3   6   2   12   0.0000000003
3   6   3   8   0.0413010181
3   6   3   9   0.0000000001
3   6   3   10   0.0340827568
3   6   3   12   0.0063937843
3   6   4   8   -0.0000000001
3   6   4   9   0.0107182322
3   6   4   11   0.0136149284
3   6   4   12   0.0000000003
3   6   5   8   0.0104853794
3   6   5   9   0.0000000003
3   6   5   10   0.0063937843
3   6   5   11   0.0000000003
3   6   5   12   0.0066556097
3   6   6   13   0.0188140713
3   6   7   14   0.0188140713

End IJAB Block
Begin IJKL Block
1   4   1   4   0.3996651759
1   4   1   5   0.0000000000
1   4   1   6   0.0710768879
1   4   2   4   0.0000000000
1   4   2   5   0.1184361260
1   4   3   4   0.0710768879
1   4   3   6   0.0845743784
1   5   1   4   0.0000000000
1   5   1   5   0.3186163469
1   5   1   6   -0.0000000000
1   5   2   4   0.1181124774
1   5   2   6   -0.0872889362
1   5   3   5   -0.0202734475
1   5   3   6   -0.0000000000
1   6   1   4   0.0710768879
1   6   1   5   -0.0000000000
1   6   1   6   0.3292237145
1   6   2   5   -0.0892728151
1   6   3   4   0.0865107062
1   6   3   6   0.0193498910
2   4   1   4   0.0000000000
2   4   1   5   0.1181124774
2   4   2   4   0.3186163469
2   4   2   6   -0.0202734475
2   4   3   4   -0.0000000000
2   4   3   5   -0.0872889362
2   4   3   6   -0.0000000000
2   5   1   4   0.1184361260
2   5   1   6   -0.0892728151
2   5   2   5   0.3393757113
2   5   3   4   -0.0892728151
2   5   3   6   0.1036549769
2   6   1   5   -0.0872889362
2   6   2   4   -0.0202734475
2   6   2   6   0.3076876260
2   6   3   5   0.1056837628
2   6   3   6   0.0000000000
3   4   1   4   0.0710768879
3   4   1   6   0.0865107062
3   4   2   4   -0.0000000000
3   4   2   5   -0.0892728151
3   4   3   4   0.3292237145
3   4   3   6   0.0193498910
3   5   1   5   -0.0202734475
3   5   2   4   -0.0872889362
3   5   2   6   0.1056837628
3   5   3   5   0.3076876260
3   5   3   6   0.0000000000
3   6   1   4   0.0845743784
3   6   1   5   -0.0000000000
3   6   1   6   0.0193498910
3   6   2   4   -0.0000000000
3   6   2   5   0.1036549769
3   6   2   6   0.0000000000
3   6   3   4   0.0193498910
3   6   3   5   0.0000000000
3   6   3   6   0.3173933280

End IJKL Block
Begin ABCD Block
1   8   1   8   0.2610291172
1   8   1   9   0.0000000000
1   8   1   10   0.0413644815
1   8   1   11   0.0000000001
1   8   1   12   0.0238029243
1   8   2   8   0.0000000000
1   8   2   9   0.0543821098
1   8   2   10   -0.0000000000
1   8   2   11   0.0109840634
1   8   2   12   0.0000000000
1   8   3   8   0.0413644815
1   8   3   9   -0.0000000000
1   8   3   10   0.0298206618
1   8   3   11   -0.0000000004
1   8   3   12   0.0165579333
1   8   4   8   0.0000000001
1   8   4   9   0.0109840634
1   8   4   10   -0.0000000004
1   8   4   11   0.0077723450
1   8   4   12   0.0000000002
1   8   5   8   0.0238029243
1   8   5   9   0.0000000000
1   8   5   10   0.0165579333
1   8   5   11   0.0000000002
1   8   5   12   0.0154327062
1   8   6   13   0.0114588473
1   8   7   14   0.0114588473
1   9   1   8   0.0000000000
1   9   1   9   0.2036410692
1   9   1   10   0.0000000000
1   9   1   11   0.0042097647
1   9   1   12   0.0000000001
1   9   2   8   0.0543821098
1   9   2   9   0.0000000000
1   9   2   10   -0.0473322579
1   9   2   11   0.0000000000
1   9   2   12   -0.0161947708
1   9   3   8   -0.0000000000
1   9   3   9   0.0046018577
1   9   3   10   -0.0000000004
1   9   3   11   -0.0023830052
1   9   3   12   -0.0000000006
1   9   4   8   0.0109840634
1   9   4   9   0.0000000002
1   9   4   10   -0.0090247147
1   9   4   11   0.0000000003
1   9   4   12   -0.0047754479
1   9   5   8   0.0000000000
1   9   5   9   0.0021272928
1   9   5   10   0.0000000001
1   9   5   11   -0.0025761450
1   9   5   12   -0.0000000002
1   9   6   13   -0.0000000000
1   9   6   14   0.0000000000
1   9   7   13   0.0000000000
1   9   7   14   0.0000000000
1   10   1   8   0.0413644815
1   10   1   9   0.0000000000
1   10   1   10   0.1989341220
1   10   1   11   -0.0000000001
1   10   1   12   0.0041295805
1   10   2   8   -0.0000000000
1   10   2   9   -0.0473322579
1   10   2   10   0.0000000001
1   10   2   11   0.0086602048
1   10   2   12   -0.0000000000
1   10   3   8   0.0298206618
1   10   3   9   -0.0000000004
1   10   3   10   0.0123185880
1   10   3   11   0.0000000006
1   10   3   12   -0.0076260606
1   10   4   8   -0.0000000004
1   10   4   9   -0.0090247147
1   10   4   10   0.0000000021
1   10   4   11   0.0048991471
1   10   4   12   0.0000000017
1   10   5   8   0.0165579333
1   10   5   9   0.0000000001
1   10   5   10   0.0037870221
1   10   5   11   -0.0000000001
1   10   5   12   -0.0041909326
1   10   6   13   0.0057064918
1   10   7   14   0.0057064918
1   11   1   8   0.0000000001
1   11   1   9   0.0042097647
1   11   1   10   -0.0000000001
1   11   1   11   0.2036644989
1   11   1   12   0.0000000001
1   11   2   8   0.0109840634
1   11   2   9   0.0000000000
1   11   2   10   0.0086602048
1   11   2   11   0.0000000000
1   11   2   12   -0.0270497604
1   11   3   8   -0.0000000004
1   11   3   9   -0.0023830052
1   11   3   10   0.0000000006
1   11   3   11   0.0361797850
1   11   3   12   -0.0000000010
1   11   4   8   0.0077723450
1   11   4   9   0.0000000003
1   11   4   10   0.0048991471
1   11   4   11   0.0000000005
1   11   4   12   -0.0048140330
1   11   5   8   0.0000000002
1   11   5   9   -0.0025761450
1   11   5   10   -0.0000000001
1   11   5   11   0.0205866471
1   11   5   12   0.0000000004
1   11   6   13   -0.0000000000
1   11   6   14   0.0000000000
1   11   7   13   0.0000000000
1   11   7   14   0.0000000000
1   12   1   8   0.0238029243
1   12   1   9   0.0000000001
1   12   1   10   0.0041295805
1   12   1   11   0.0000000001
1   12   1   12   0.1887594978
1   12   2   8   0.0000000000
1   12   2   9   -0.0161947708
1   12   2   10   -0.0000000000
1   12   2   11   -0.0270497604
1   12   2   12   0.0000000001
1   12   3   8   0.0165579333
1   12   3   9   -0.0000000006
1   12   3   10   -0.0076260606
1   12   3   11   -0.0000000010
1   12   3   12   0.0178919771
1   12   4   8   0.0000000002
1   12   4   9   -0.0047754479
1   12   4   10   0.0000000017
1   12   4   11   -0.0048140330
1   12   4   12   0.0000000023
1   12   5   8   0.0154327062
1   12   5   9   -0.0000000002
1   12   5   10   -0.0041909326
1   12   5   11   0.0000000004
1   12   5   12   0.0118527004
1   12   6   13   0.0010607272
1   12   7   14   0.0010607272
1   13   1   13   0.2511987545
1   13   3   13   0.0538643237
1   13   4   13   -0.0000000000
1   13   5   13   0.0343346870
1   13   6   8   0.0114588473
1   13   6   9   -0.0000000000
1   13   6   10   0.0057064918
1   13   6   11   -0.0000000000
1   13   6   12   0.0010607272
1   13   7   9   0.0000000000
1   13   7   11   0.0000000000
1   14   1   14   0.2511987545
1   14   3   14   0.0538643237
1   14   4   14   -0.0000000000
1   14   5   14   0.0343346870
1   14   6   9   0.0000000000
1   14   6   11   0.0000000000
1   14   7   8   0.0114588473
1   14   7   9   0.0000000000
1   14   7   10   0.0057064918
1   14   7   11   0.0000000000
1   14   7   12   0.0010607272
2   8   1   8   0.0000000000
2   8   1   9   0.0543821098
2   8   1   10   -0.0000000000
2   8   1   11   0.0109840634
2   8   1   12   0.0000000000
2   8   2   8   0.2036410692
2   8   2   9   0.0000000000
2   8   2   10   0.0046018577
2   8   2   11   0.0000000002
2   8   2   12   0.0021272928
2   8   3   8   0.0000000000
2   8   3   9   -0.0473322579
2   8   3   10   -0.0000000004
2   8   3   11   -0.0090247147
2   8   3   12   0.0000000001
2   8   4   8   0.0042097647
2   8   4   9   0.0000000000
2   8   4   10   -0.0023830052
2   8   4   11   0.0000000003
2   8   4   12   -0.0025761450
2   8   5   8   0.0000000001
2   8   5   9   -0.0161947708
2   8   5   10   -0.0000000006
2   8   5   11   -0.0047754479
2   8   5   12   -0.0000000002
2   8   6   13   -0.0000000000
2   8   6   14   0.0000000000
2   8   7   13   0.0000000000
2   8   7   14   0.0000000000
2   9   1   8   0.0543821098
2   9   1   9   0.0000000000
2   9   1   10   -0.0473322579
2   9   1   11   0.0000000000
2   9   1   12   -0.0161947708
2   9   2   8   0.0000000000
2   9   2   9   0.1950401707
2   9   2   10   0.0000000003
2   9   2   11   0.0061301669
2   9   2   12   0.0000000004
2   9   3   8   -0.0473322579
2   9   3   9   0.0000000003
2   9   3   10   0.0520802427
2   9   3   11   0.0000000004
2   9   3   12   0.0208671873
2   9   4   8   0.0000000000
2   9   4   9   0.0061301669
2   9   4   10   0.0000000004
2   9   4   11   0.0035773656
2   9   4   12   0.0000000004
2   9   5   8   -0.0161947708
2   9   5   9   0.0000000004
2   9   5   10   0.0208671873
2   9   5   11   0.0000000004
2   9   5   12   0.0139428278
2   9   6   13   0.0040898195
2   9   7   14   0.0040898195
2   10   1   8   -0.0000000000
2   10   1   9   -0.0473322579
2   10   1   10   0.0000000001
2   10   1   11   0.0086602048
2   10   1   12   -0.0000000000
2   10   2   8   0.0046018577
2   10   2   9   0.0000000003
2   10   2   10   0.1824093400
2   10   2   11   -0.0000000003
2   10   2   12   0.0115543322
2   10   3   8   -0.0000000004
2   10   3   9   0.0520802427
2   10   3   10   0.0000000019
2   10   3   11   -0.0054678752
2   10   3   12   0.0000000023
2   10   4   8   -0.0023830052
2   10   4   9   0.0000000004
2   10   4   10   0.0043004611
2   10   4   11   -0.0000000004
2   10   4   12   0.0051223900
2   10   5   8   -0.0000000006
2   10   5   9   0.0208671873
2   10   5   10   0.0000000027
2   10   5   11   0.0018423475
2   10   5   12   0.0000000039
2   10   6   13   0.0000000002
2   10   6   14   -0.0000000001
2   10   7   13   -0.0000000001
2   10   7   14   -0.0000000002
2   11   1   8   0.0109840634
2   11   1   9   0.0000000000
2   11   1   10   0.0086602048
2   11   1   11   0.0000000000
2   11   1   12   -0.0270497604
2   11   2   8   0.0000000002
2   11   2   9   0.0061301669
2   11   2   10   -0.0000000003
2   11   2   11   0.1603949182
2   11   2   12   0.0000000006
2   11   3   8   -0.0090247147
2   11   3   9   0.0000000004
2   11   3   10   -0.0054678752
2   11   3   11   0.0000000004
2   11   3   12   0.0243504481
2   11   4   8   0.0000000003
2   11   4   9   0.0035773656
2   11   4   10   -0.0000000004
2   11   4   11   -0.0049215100
2   11   4   12   0.0000000007
2   11   5   8   -0.0047754479
2   11   5   9   0.0000000004
2   11   5   10   0.0018423475
2   11   5   11   0.0000000004
2   11   5   12   0.0039902538
2   11   6   13   -0.0009567970
2   11   7   14   -0.0009567970
2   12   1   8   0.0000000000
2   12   1   9   -0.0161947708
2   12   1   10   -0.0000000000
2   12   1   11   -0.0270497604
2   12   1   12   0.0000000001
2   12   2   8   0.0021272928
2   12   2   9   0.0000000004
2   12   2   10   0.0115543322
2   12   2   11   0.0000000006
2   12   2   12   0.1651780206
2   12   3   8   0.0000000001
2   12   3   9   0.0208671873
2   12   3   10   0.0000000023
2   12   3   11   0.0243504481
2   12   3   12   0.0000000025
2   12   4   8   -0.0025761450
2   12   4   9   0.0000000004
2   12   4   10   0.0051223900
2   12   4   11   0.0000000007
2   12   4   12   -0.0007461362
2   12   5   8   -0.0000000002
2   12   5   9   0.0139428278
2   12   5   10   0.0000000039
2   12   5   11   0.0039902538
2   12   5   12   0.0000000039
2   12   6   13   0.0000000003
2   12   6   14   -0.0000000001
2   12   7   13   -0.0000000001
2   12   7   14   -0.0000000003
2   13   2   13   0.1849243739
2   13   3   13   -0.0000000000
2   13   3   14   0.0000000000
2   13   4   13   -0.0032557377
2   13   5   13   -0.0000000000
2   13   5   14   0.0000000000
2   13   6   8   -0.0000000000
2   13   6   9   0.0040898195
2   13   6   10   0.0000000002
2   13   6   11   -0.0009567970
2   13   6   12   0.0000000003
2   13   7   8   0.0000000000
2   13   7   10   -0.0000000001
2   13   7   12   -0.0000000001
2   14   2   14   0.1849243739
2   14   3   13   0.0000000000
2   14   3   14   -0.0000000000
2   14   4   14   -0.0032557377
2   14   5   13   0.0000000000
2   14   5   14   -0.0000000000
2   14   6   8   0.0000000000
2   14   6   10   -0.0000000001
2   14   6   12   -0.0000000001
2   14   7   8   0.0000000000
2   14   7   9   0.0040898195
2   14   7   10   -0.0000000002
2   14   7   11   -0.0009567970
2   14   7   12   -0.0000000003
3   8   1   8   0.0413644815
3   8   1   9   -0.0000000000
3   8   1   10   0.0298206618
3   8   1   11   -0.0000000004
3   8   1   12   0.0165579333
3   8   2   8   0.0000000000
3   8   2   9   -0.0473322579
3   8   2   10   -0.0000000004
3   8   2   11   -0.0090247147
3   8   2   12   0.0000000001
3   8   3   8   0.1989341220
3   8   3   9   0.0000000001
3   8   3   10   0.0123185880
3   8   3   11   0.0000000021
3   8   3   12   0.0037870221
3   8   4   8   -0.0000000001
3   8   4   9   0.0086602048
3   8   4   10   0.0000000006
3   8   4   11   0.0048991471
3   8   4   12   -0.0000000001
3   8   5   8   0.0041295805
3   8   5   9   -0.0000000000
3   8   5   10   -0.0076260606
3   8   5   11   0.0000000017
3   8   5   12   -0.0041909326
3   8   6   13   0.0057064918
3   8   7   14   0.0057064918
3   9   1   8   -0.0000000000
3   9   1   9   0.0046018577
3   9   1   10   -0.0000000004
3   9   1   11   -0.0023830052
3   9   1   12   -0.0000000006
3   9   2   8   -0.0473322579
3   9   2   9   0.0000000003
3   9   2   10   0.0520802427
3   9   2   11   0.0000000004
3   9   2   12   0.0208671873
3   9   3   8   0.0000000001
3   9   3   9   0.1824093400
3   9   3   10   0.0000000019
3   9   3   11   0.0043004611
3   9   3   12   0.0000000027
3   9   4   8   0.0086602048
3   9   4   9   -0.0000000003
3   9   4   10   -0.0054678752
3   9   4   11   -0.0000000004
3   9   4   12   0.0018423475
3   9   5   8   -0.0000000000
3   9   5   9   0.0115543322
3   9   5   10   0.0000000023
3   9   5   11   0.0051223900
3   9   5   12   0.0000000039
3   9   6   13   0.0000000002
3   9   6   14   -0.0000000001
3   9   7   13   -0.0000000001
3   9   7   14   -0.0000000002
3   10   1   8   0.0298206618
3   10   1   9   -0.0000000004
3   10   1   10   0.0123185880
3   10   1   11   0.0000000006
3   10   1   12   -0.0076260606
3   10   2   8   -0.0000000004
3   10   2   9   0.0520802427
3   10   2   10   0.0000000019
3   10   2   11   -0.0054678752
3   10   2   12   0.0000000023
3   10   3   8   0.0123185880
3   10   3   9   0.0000000019
3   10   3   10   0.1793464741
3   10   3   11   -0.0000000029
3   10   3   12   0.0070015588
3   10   4   8   0.0000000006
3   10   4   9   -0.0054678752
3   10   4   10   -0.0000000029
3   10   4   11   0.0094235579
3   10   4   12   -0.0000000026
3   10   5   8   -0.0076260606
3   10   5   9   0.0000000023
3   10   5   10   0.0070015588
3   10   5   11   -0.0000000026
3   10   5   12   0.0144100690
3   10   6   13   0.0044691109
3   10   7   14   0.0044691109
3   11   1   8   -0.0000000004
3   11   1   9   -0.0023830052
3   11   1   10   0.0000000006
3   11   1   11   0.0361797850
3   11   1   12   -0.0000000010
3   11   2   8   -0.0090247147
3   11   2   9   0.0000000004
3   11   2   10   -0.0054678752
3   11   2   11   0.0000000004
3   11   2   12   0.0243504481
3   11   3   8   0.0000000021
3   11   3   9   0.0043004611
3   11   3   10   -0.0000000029
3   11   3   11   0.1654209049
3   11   3   12   0.0000000046
3   11   4   8   0.0048991471
3   11   4   9   -0.0000000004
3   11   4   10   0.0094235579
3   11   4   11   -0.0000000007
3   11   4   12   -0.0129024748
3   11   5   8   0.0000000017
3   11   5   9   0.0051223900
3   11   5   10   -0.0000000026
3   11   5   11   -0.0150342657
3   11   5   12   0.0000000041
3   11   6   13   0.0000000002
3   11   6   14   -0.0000000001
3   11   7   13   -0.0000000001
3   11   7   14   -0.0000000002
3   12   1   8   0.0165579333
3   12   1   9   -0.0000000006
3   12   1   10   -0.0076260606
3   12   1   11   -0.0000000010
3   12   1   12   0.0178919771
3   12   2   8   0.0000000001
3   12   2   9   0.0208671873
3   12   2   10   0.0000000023
3   12   2   11   0.0243504481
3   12   2   12   0.0000000025
3   12   3   8   0.0037870221
3   12   3   9   0.0000000027
3   12   3   10   0.0070015588
3   12   3   11   0.0000000046
3   12   3   12   0.1647414561
3   12   4   8   -0.0000000001
3   12   4   9   0.0018423475
3   12   4   10   -0.0000000026
3   12   4   11   -0.0129024748
3   12   4   12   -0.0000000037
3   12   5   8   -0.0041909326
3   12   5   9   0.0000000039
3   12   5   10   0.0144100690
3   12   5   11   0.0000000041
3   12   5   12   -0.0067934990
3   12   6   13   -0.0005558890
3   12   7   14   -0.0005558890
3   13   1   13   0.0538643237
3   13   2   13   -0.0000000000
3   13   2   14   0.0000000000
3   13   3   13   0.1866260264
3   13   3   14   -0.0000000000
3   13   4   13   0.0000000000
3   13   5   13   -0.0102057715
3   13   6   8   0.0057064918
3   13   6   9   0.0000000002
3   13   6   10   0.0044691109
3   13   6   11   0.0000000002
3   13   6   12   -0.0005558890
3   13   7   9   -0.0000000001
3   13   7   11   -0.0000000001
3   14   1   14   0.0538643237
3   14   2   13   0.0000000000
3   14   2   14   -0.0000000000
3   14   3   13   -0.0000000000
3   14   3   14   0.1866260264
3   14   4   14   0.0000000000
3   14   5   14   -0.0102057715
3   14   6   9   -0.0000000001
3   14   6   11   -0.0000000001
3   14   7   8   0.0057064918
3   14   7   9   -0.0000000002
3   14   7   10   0.0044691109
3   14   7   11   -0.0000000002
3   14   7   12   -0.0005558890
4   8   1   8   0.0000000001
4   8   1   9   0.0109840634
4   8   1   10   -0.0000000004
4   8   1   11   0.0077723450
4   8   1   12   0.0000000002
4   8   2   8   0.0042097647
4   8   2   9   0.0000000000
4   8   2   10   -0.0023830052
4   8   2   11   0.0000000003
4   8   2   12   -0.0025761450
4   8   3   8   -0.0000000001
4   8   3   9   0.0086602048
4   8   3   10   0.0000000006
4   8   3   11   0.0048991471
4   8   3   12   -0.0000000001
4   8   4   8   0.2036644989
4   8   4   9   0.0000000000
4   8   4   10   0.0361797850
4   8   4   11   0.0000000005
4   8   4   12   0.0205866471
4   8   5   8   0.0000000001
4   8   5   9   -0.0270497604
4   8   5   10   -0.0000000010
4   8   5   11   -0.0048140330
4   8   5   12   0.0000000004
4   8   6   13   -0.0000000000
4   8   6   14   0.0000000000
4   8   7   13   0.0000000000
4   8   7   14   0.0000000000
4   9   1   8   0.0109840634
4   9   1   9   0.0000000002
4   9   1   10   -0.0090247147
4   9   1   11   0.0000000003
4   9   1   12   -0.0047754479
4   9   2   8   0.0000000000
4   9   2   9   0.0061301669
4   9   2   10   0.0000000004
4   9   2   11   0.0035773656
4   9   2   12   0.0000000004
4   9   3   8   0.0086602048
4   9   3   9   -0.0000000003
4   9   3   10   -0.0054678752
4   9   3   11   -0.0000000004
4   9   3   12   0.0018423475
4   9   4   8   0.0000000000
4   9   4   9   0.1603949182
4   9   4   10   0.0000000004
4   9   4   11   -0.0049215100
4   9   4   12   0.0000000004
4   9   5   8   -0.0270497604
4   9   5   9   0.0000000006
4   9   5   10   0.0243504481
4   9   5   11   0.0000000007
4   9   5   12   0.0039902538
4   9   6   13   -0.0009567970
4   9   7   14   -0.0009567970
4   10   1   8   -0.0000000004
4   10   1   9   -0.0090247147
4   10   1   10   0.0000000021
4   10   1   11   0.0048991471
4   10   1   12   0.0000000017
4   10   2   8   -0.0023830052
4   10   2   9   0.0000000004
4   10   2   10   0.0043004611
4   10   2   11   -0.0000000004
4   10   2   12   0.0051223900
4   10   3   8   0.0000000006
4   10   3   9   -0.0054678752
4   10   3   10   -0.0000000029
4   10   3   11   0.0094235579
4   10   3   12   -0.0000000026
4   10   4   8   0.0361797850
4   10   4   9   0.0000000004
4   10   4   10   0.1654209049
4   10   4   11   -0.0000000007
4   10   4   12   -0.0150342657
4   10   5   8   -0.0000000010
4   10   5   9   0.0243504481
4   10   5   10   0.0000000046
4   10   5   11   -0.0129024748
4   10   5   12   0.0000000041
4   10   6   13   0.0000000002
4   10   6   14   -0.0000000001
4   10   7   13   -0.0000000001
4   10   7   14   -0.0000000002
4   11   1   8   0.0077723450
4   11   1   9   0.0000000003
4   11   1   10   0.0048991471
4   11   1   11   0.0000000005
4   11   1   12   -0.0048140330
4   11   2   8   0.0000000003
4   11   2   9   0.0035773656
4   11   2   10   -0.0000000004
4   11   2   11   -0.0049215100
4   11   2   12   0.0000000007
4   11   3   8   0.0048991471
4   11   3   9   -0.0000000004
4   11   3   10   0.0094235579
4   11   3   11   -0.0000000007
4   11   3   12   -0.0129024748
4   11   4   8   0.0000000005
4   11   4   9   -0.0049215100
4   11   4   10   -0.0000000007
4   11   4   11   0.2230243884
4   11   4   12   0.0000000011
4   11   5   8   -0.0048140330
4   11   5   9   0.0000000007
4   11   5   10   -0.0129024748
4   11   5   11   0.0000000011
4   11   5   12   0.0310165841
4   11   6   13   0.0123465495
4   11   7   14   0.0123465495
4   12   1   8   0.0000000002
4   12   1   9   -0.0047754479
4   12   1   10   0.0000000017
4   12   1   11   -0.0048140330
4   12   1   12   0.0000000023
4   12   2   8   -0.0025761450
4   12   2   9   0.0000000004
4   12   2   10   0.0051223900
4   12   2   11   0.0000000007
4   12   2   12   -0.0007461362
4   12   3   8   -0.0000000001
4   12   3   9   0.0018423475
4   12   3   10   -0.0000000026
4   12   3   11   -0.0129024748
4   12   3   12   -0.0000000037
4   12   4   8   0.0205866471
4   12   4   9   0.0000000004
4   12   4   10   -0.0150342657
4   12   4   11   0.0000000011
4   12   4   12   0.1834257900
4   12   5   8   0.0000000004
4   12   5   9   0.0039902538
4   12   5   10   0.0000000041
4   12   5   11   0.0310165841
4   12   5   12   0.0000000056
4   12   6   13   0.0000000002
4   12   6   14   -0.0000000001
4   12   7   13   -0.0000000001
4   12   7   14   -0.0000000002
4   13   1   13   -0.0000000000
4   13   2   13   -0.0032557377
4   13   3   13   0.0000000000
4   13   4   13   0.2417108484
4   13   5   13   -0.0000000000
4   13   6   8   -0.0000000000
4   13   6   9   -0.0009567970
4   13   6   10   0.0000000002
4   13   6   11   0.0123465495
4   13   6   12   0.0000000002
4   13   7   8   0.0000000000
4   13   7   10   -0.0000000001
4   13   7   12   -0.0000000001
4   14   1   14   -0.0000000000
4   14   2   14   -0.0032557377
4   14   3   14   0.0000000000
4   14   4   14   0.2417108484
4   14   5   14   -0.0000000000
4   14   6   8   0.0000000000
4   14   6   10   -0.0000000001
4   14   6   12   -0.0000000001
4   14   7   8   0.0000000000
4   14   7   9   -0.0009567970
4   14   7   10   -0.0000000002
4   14   7   11   0.0123465495
4   14   7   12   -0.0000000002
5   8   1   8   0.0238029243
5   8   1   9   0.0000000000
5   8   1   10   0.0165579333
5   8   1   11   0.0000000002
5   8   1   12   0.0154327062
5   8   2   8   0.0000000001
5   8   2   9   -0.0161947708
5   8   2   10   -0.0000000006
5   8   2   11   -0.0047754479
5   8   2   12   -0.0000000002
5   8   3   8   0.0041295805
5   8   3   9   -0.0000000000
5   8   3   10   -0.0076260606
5   8   3   11   0.0000000017
5   8   3   12   -0.0041909326
5   8   4   8   0.0000000001
5   8   4   9   -0.0270497604
5   8   4   10   -0.0000000010
5   8   4   11   -0.0048140330
5   8   4   12   0.0000000004
5   8   5   8   0.1887594978
5   8   5   9   0.0000000001
5   8   5   10   0.0178919771
5   8   5   11   0.0000000023
5   8   5   12   0.0118527004
5   8   6   13   0.0010607272
5   8   7   14   0.0010607272
5   9   1   8   0.0000000000
5   9   1   9   0.0021272928
5   9   1   10   0.0000000001
5   9   1   11   -0.0025761450
5   9   1   12   -0.0000000002
5   9   2   8   -0.0161947708
5   9   2   9   0.0000000004
5   9   2   10   0.0208671873
5   9   2   11   0.0000000004
5   9   2   12   0.0139428278
5   9   3   8   -0.0000000000
5   9   3   9   0.0115543322
5   9   3   10   0.0000000023
5   9   3   11   0.0051223900
5   9   3   12   0.0000000039
5   9   4   8   -0.0270497604
5   9   4   9   0.0000000006
5   9   4   10   0.0243504481
5   9   4   11   0.0000000007
5   9   4   12   0.0039902538
5   9   5   8   0.0000000001
5   9   5   9   0.1651780206
5   9   5   10   0.0000000025
5   9   5   11   -0.0007461362
5   9   5   12   0.0000000039
5   9   6   13   0.0000000003
5   9   6   14   -0.0000000001
5   9   7   13   -0.0000000001
5   9   7   14   -0.0000000003
5   10   1   8   0.0165579333
5   10   1   9   0.0000000001
5   10   1   10   0.0037870221
5   10   1   11   -0.0000000001
5   10   1   12   -0.0041909326
5   10   2   8   -0.0000000006
5   10   2   9   0.0208671873
5   10   2   10   0.0000000027
5   10   2   11   0.0018423475
5   10   2   12   0.0000000039
5   10   3   8   -0.0076260606
5   10   3   9   0.0000000023
5   10   3   10   0.0070015588
5   10   3   11   -0.0000000026
5   10   3   12   0.0144100690
5   10   4   8   -0.0000000010
5   10   4   9   0.0243504481
5   10   4   10   0.0000000046
5   10   4   11   -0.0129024748
5   10   4   12   0.0000000041
5   10   5   8   0.0178919771
5   10   5   9   0.0000000025
5   10   5   10   0.1647414561
5   10   5   11   -0.0000000037
5   10   5   12   -0.0067934990
5   10   6   13   -0.0005558890
5   10   7   14   -0.0005558890
5   11   1   8   0.0000000002
5   11   1   9   -0.0025761450
5   11   1   10   -0.0000000001
5   11   1   11   0.0205866471
5   11   1   12   0.0000000004
5   11   2   8   -0.0047754479
5   11   2   9   0.0000000004
5   11   2   10   0.0018423475
5   11   2   11   0.0000000004
5   11   2   12   0.0039902538
5   11   3   8   0.0000000017
5   11   3   9   0.0051223900
5   11   3   10   -0.0000000026
5   11   3   11   -0.0150342657
5   11   3   12   0.0000000041
5   11   4   8   -0.0048140330
5   11   4   9   0.0000000007
5   11   4   10   -0.0129024748
5   11   4   11   0.0000000011
5   11   4   12   0.0310165841
5   11   5   8   0.0000000023
5   11   5   9   -0.0007461362
5   11   5   10   -0.0000000037
5   11   5   11   0.1834257900
5   11   5   12   0.0000000056
5   11   6   13   0.0000000002
5   11   6   14   -0.0000000001
5   11   7   13   -0.0000000001
5   11   7   14   -0.0000000002
5   12   1   8   0.0154327062
5   12   1   9   -0.0000000002
5   12   1   10   -0.0041909326
5   12   1   11   0.0000000004
5   12   1   12   0.0118527004
5   12   2   8   -0.0000000002
5   12   2   9   0.0139428278
5   12   2   10   0.0000000039
5   12   2   11   0.0039902538
5   12   2   12   0.0000000039
5   12   3   8   -0.0041909326
5   12   3   9   0.0000000039
5   12   3   10   0.0144100690
5   12   3   11   0.0000000041
5   12   3   12   -0.0067934990
5   12   4   8   0.0000000004
5   12   4   9   0.0039902538
5   12   4   10   0.0000000041
5   12   4   11   0.0310165841
5   12   4   12   0.0000000056
5   12   5   8   0.0118527004
5   12   5   9   0.0000000039
5   12   5   10   -0.0067934990
5   12   5   11   0.0000000056
5   12   5   12   0.1750112758
5   12   6   13   0.0035747564
5   12   7   14   0.0035747564
5   13   1   13   0.0343346870
5   13   2   13   -0.0000000000
5   13   2   14   0.0000000000
5   13   3   13   -0.0102057715
5   13   4   13   -0.0000000000
5   13   5   13   0.1989953703
5   13   6   8   0.0010607272
5   13   6   9   0.0000000003
5   13   6   10   -0.0005558890
5   13   6   11   0.0000000002
5   13   6   12   0.0035747564
5   13   7   9   -0.0000000001
5   13   7   11   -0.0000000001
5   14   1   14   0.0343346870
5   14   2   13   0.0000000000
5   14   2   14   -0.0000000000
5   14   3   14   -0.0102057715
5   14   4   14   -0.0000000000
5   14   5   14   0.1989953703
5   14   6   9   -0.0000000001
5   14   6   11   -0.0000000001
5   14   7   8   0.0010607272
5   14   7   9   -0.0000000003
5   14   7   10   -0.0005558890
5   14   7   11   -0.0000000002
5   14   7   12   0.0035747564
6   8   1   13   0.0114588473
6   8   2   13   -0.0000000000
6   8   2   14   0.0000000000
6   8   3   13   0.0057064918
6   8   4   13   -0.0000000000
6   8   4   14   0.0000000000
6   8   5   13   0.0010607272
6   8   6   8   0.2511987545
6   8   6   10   0.0538643237
6   8   6   11   -0.0000000000
6   8   6   12   0.0343346870
6   9   1   13   -0.0000000000
6   9   1   14   0.0000000000
6   9   2   13   0.0040898195
6   9   3   13   0.0000000002
6   9   3   14   -0.0000000001
6   9   4   13   -0.0009567970
6   9   5   13   0.0000000003
6   9   5   14   -0.0000000001
6   9   6   9   0.1849243739
6   9   6   10   -0.0000000000
6   9   6   11   -0.0032557377
6   9   6   12   -0.0000000000
6   9   7   10   0.0000000000
6   9   7   12   0.0000000000
6   10   1   13   0.0057064918
6   10   2   13   0.0000000002
6   10   2   14   -0.0000000001
6   10   3   13   0.0044691109
6   10   4   13   0.0000000002
6   10   4   14   -0.0000000001
6   10   5   13   -0.0005558890
6   10   6   8   0.0538643237
6   10   6   9   -0.0000000000
6   10   6   10   0.1866260264
6   10   6   11   0.0000000000
6   10   6   12   -0.0102057715
6   10   7   9   0.0000000000
6   10   7   10   -0.0000000000
6   11   1   13   -0.0000000000
6   11   1   14   0.0000000000
6   11   2   13   -0.0009567970
6   11   3   13   0.0000000002
6   11   3   14   -0.0000000001
6   11   4   13   0.0123465495
6   11   5   13   0.0000000002
6   11   5   14   -0.0000000001
6   11   6   8   -0.0000000000
6   11   6   9   -0.0032557377
6   11   6   10   0.0000000000
6   11   6   11   0.2417108484
6   11   6   12   -0.0000000000
6   12   1   13   0.0010607272
6   12   2   13   0.0000000003
6   12   2   14   -0.0000000001
6   12   3   13   -0.0005558890
6   12   4   13   0.0000000002
6   12   4   14   -0.0000000001
6   12   5   13   0.0035747564
6   12   6   8   0.0343346870
6   12   6   9   -0.0000000000
6   12   6   10   -0.0102057715
6   12   6   11   -0.0000000000
6   12   6   12   0.1989953703
6   12   7   9   0.0000000000
6   13   1   8   0.0114588473
6   13   1   9   -0.0000000000
6   13   1   10   0.0057064918
6   13   1   11   -0.0000000000
6   13   1   12   0.0010607272
6   13   2   8   -0.0000000000
6   13   2   9   0.0040898195
6   13   2   10   0.0000000002
6   13   2   11   -0.0009567970
6   13   2   12   0.0000000003
6   13   3   8   0.0057064918
6   13   3   9   0.0000000002
6   13   3   10   0.0044691109
6   13   3   11   0.0000000002
6   13   3   12   -0.0005558890
6   13   4   8   -0.0000000000
6   13   4   9   -0.0009567970
6   13   4   10   0.0000000002
6   13   4   11   0.0123465495
6   13   4   12   0.0000000002
6   13   5   8   0.0010607272
6   13   5   9   0.0000000003
6   13   5   10   -0.0005558890
6   13   5   11   0.0000000002
6   13   5   12   0.0035747564
6   13   6   13   0.3167646929
6   13   7   14   0.0128135770
6   14   1   9   0.0000000000
6   14   1   11   0.0000000000
6   14   2   8   0.0000000000
6   14   2   10   -0.0000000001
6   14   2   12   -0.0000000001
6   14   3   9   -0.0000000001
6   14   3   11   -0.0000000001
6   14   4   8   0.0000000000
6   14   4   10   -0.0000000001
6   14   4   12   -0.0000000001
6   14   5   9   -0.0000000001
6   14   5   11   -0.0000000001
6   14   6   14   0.2911375389
6   14   7   13   0.0128135770
7   8   1   14   0.0114588473
7   8   2   13   0.0000000000
7   8   2   14   0.0000000000
7   8   3   14   0.0057064918
7   8   4   13   0.0000000000
7   8   4   14   0.0000000000
7   8   5   14   0.0010607272
7   8   7   8   0.2511987545
7   8   7   10   0.0538643237
7   8   7   11   -0.0000000000
7   8   7   12   0.0343346870
7   9   1   13   0.0000000000
7   9   1   14   0.0000000000
7   9   2   14   0.0040898195
7   9   3   13   -0.0000000001
7   9   3   14   -0.0000000002
7   9   4   14   -0.0009567970
7   9   5   13   -0.0000000001
7   9   5   14   -0.0000000003
7   9   6   10   0.0000000000
7   9   6   12   0.0000000000
7   9   7   9   0.1849243739
7   9   7   10   -0.0000000000
7   9   7   11   -0.0032557377
7   9   7   12   -0.0000000000
7   10   1   14   0.0057064918
7   10   2   13   -0.0000000001
7   10   2   14   -0.0000000002
7   10   3   14   0.0044691109
7   10   4   13   -0.0000000001
7   10   4   14   -0.0000000002
7   10   5   14   -0.0005558890
7   10   6   9   0.0000000000
7   10   6   10   -0.0000000000
7   10   7   8   0.0538643237
7   10   7   9   -0.0000000000
7   10   7   10   0.1866260264
7   10   7   11   0.0000000000
7   10   7   12   -0.0102057715
7   11   1   13   0.0000000000
7   11   1   14   0.0000000000
7   11   2   14   -0.0009567970
7   11   3   13   -0.0000000001
7   11   3   14   -0.0000000002
7   11   4   14   0.0123465495
7   11   5   13   -0.0000000001
7   11   5   14   -0.0000000002
7   11   7   8   -0.0000000000
7   11   7   9   -0.0032557377
7   11   7   10   0.0000000000
7   11   7   11   0.2417108484
7   11   7   12   -0.0000000000
7   12   1   14   0.0010607272
7   12   2   13   -0.0000000001
7   12   2   14   -0.0000000003
7   12   3   14   -0.0005558890
7   12   4   13   -0.0000000001
7   12   4   14   -0.0000000002
7   12   5   14   0.0035747564
7   12   6   9   0.0000000000
7   12   7   8   0.0343346870
7   12   7   9   -0.0000000000
7   12   7   10   -0.0102057715
7   12   7   11   -0.0000000000
7   12   7   12   0.1989953703
7   13   1   9   0.0000000000
7   13   1   11   0.0000000000
7   13   2   8   0.0000000000
7   13   2   10   -0.0000000001
7   13   2   12   -0.0000000001
7   13   3   9   -0.0000000001
7   13   3   11   -0.0000000001
7   13   4   8   0.0000000000
7   13   4   10   -0.0000000001
7   13   4   12   -0.0000000001
7   13   5   9   -0.0000000001
7   13   5   11   -0.0000000001
7   13   6   14   0.0128135770
7   13   7   13   0.2911375389
7   14   1   8   0.0114588473
7   14   1   9   0.0000000000
7   14   1   10   0.0057064918
7   14   1   11   0.0000000000
7   14   1   12   0.0010607272
7   14   2   8   0.0000000000
7   14   2   9   0.0040898195
7   14   2   10   -0.0000000002
7   14   2   11   -0.0009567970
7   14   2   12   -0.0000000003
7   14   3   8   0.0057064918
7   14   3   9   -0.0000000002
7   14   3   10   0.0044691109
7   14   3   11   -0.0000000002
7   14   3   12   -0.0005558890
7   14   4   8   0.0000000000
7   14   4   9   -0.0009567970
7   14   4   10   -0.0000000002
7   14   4   11   0.0123465495
7   14   4   12   -0.0000000002
7   14   5   8   0.0010607272
7   14   5   9   -0.0000000003
7   14   5   10   -0.0005558890
7   14   5   11   -0.0000000002
7   14   5   12   0.0035747564
7   14   6   13   0.0128135770
7   14   7   14   0.3167646929

End ABCD Block
Begin AIJB Block
1   4   1   8   0.0539748369
1   4   1   10   0.0205205834
1   4   1   11   0.0000000000
1   4   1   12   0.0215177440
1   4   2   8   0.0000000000
1   4   2   9   0.0091509524
1   4   2   10   -0.0000000000
1   4   2   11   -0.0094502956
1   4   2   12   0.0000000000
1   4   3   8   0.0072685451
1   4   3   10   -0.0015126309
1   4   3   12   0.0101368825
1   5   1   8   0.0000000000
1   5   1   9   0.0214823060
1   5   1   11   -0.0034446917
1   5   1   12   -0.0000000000
1   5   2   8   0.0567665834
1   5   2   10   0.0206789815
1   5   2   11   0.0000000000
1   5   2   12   0.0124919544
1   5   3   8   0.0000000000
1   5   3   9   -0.0005050910
1   5   3   10   0.0000000000
1   5   3   11   -0.0111881891
1   5   3   12   -0.0000000000
1   6   1   8   0.0072685451
1   6   1   9   -0.0000000000
1   6   1   10   0.0103371352
1   6   1   12   0.0099016536
1   6   2   8   0.0000000000
1   6   2   9   -0.0266012119
1   6   2   10   -0.0000000000
1   6   2   11   -0.0171162470
1   6   2   12   0.0000000000
1   6   3   8   0.0624681362
1   6   3   9   -0.0000000000
1   6   3   10   0.0336264192
1   6   3   11   -0.0000000000
1   6   3   12   0.0067041127
2   4   1   9   0.0175335065
2   4   1   10   -0.0000000000
2   4   1   11   0.0024322122
2   4   1   12   0.0000000000
2   4   2   8   0.0214823060
2   4   2   10   -0.0011558920
2   4   2   11   0.0000000000
2   4   2   12   0.0087100490
2   4   3   8   -0.0000000000
2   4   3   9   -0.0054862704
2   4   3   10   0.0000000000
2   4   3   11   0.0092925194
2   4   3   12   -0.0000000000
2   5   1   8   0.0091509524
2   5   1   10   -0.0074820812
2   5   1   11   0.0000000000
2   5   1   12   0.0041702680
2   5   2   9   0.0251545783
2   5   2   11   -0.0028904202
2   5   3   8   -0.0266012119
2   5   3   10   -0.0008680912
2   5   3   11   -0.0000000000
2   5   3   12   -0.0069156899
2   6   1   9   -0.0054862704
2   6   1   10   -0.0000000000
2   6   1   11   0.0052486162
2   6   1   12   0.0000000000
2   6   2   8   -0.0005050910
2   6   2   10   0.0122389451
2   6   2   12   0.0011436004
2   6   3   8   -0.0000000000
2   6   3   9   0.0238944003
2   6   3   10   0.0000000000
2   6   3   11   0.0096390559
2   6   3   12   -0.0000000000
3   4   1   8   0.0205205834
3   4   1   9   -0.0000000000
3   4   1   10   0.0140665116
3   4   1   11   -0.0000000000
3   4   1   12   0.0065919243
3   4   2   9   -0.0074820812
3   4   2   10   -0.0000000000
3   4   2   11   0.0003412329
3   4   2   12   0.0000000000
3   4   3   8   0.0103371352
3   4   3   9   -0.0000000000
3   4   3   10   -0.0046405157
3   4   3   11   -0.0000000001
3   4   3   12   0.0088650967
3   5   1   8   -0.0000000000
3   5   1   9   -0.0011558920
3   5   1   10   -0.0000000000
3   5   1   11   0.0017031703
3   5   1   12   0.0000000000
3   5   2   8   0.0206789815
3   5   2   10   0.0217586701
3   5   2   11   0.0000000000
3   5   2   12   0.0002565900
3   5   3   8   -0.0000000000
3   5   3   9   0.0122389451
3   5   3   10   -0.0000000000
3   5   3   11   -0.0087753781
3   5   3   12   0.0000000001
3   6   1   8   -0.0015126309
3   6   1   9   0.0000000000
3   6   1   10   -0.0046405157
3   6   1   12   0.0052055861
3   6   2   8   0.0000000000
3   6   2   9   -0.0008680912
3   6   2   10   -0.0000000000
3   6   2   11   -0.0102192279
3   6   2   12   0.0000000000
3   6   3   8   0.0336264192
3   6   3   9   0.0000000000
3   6   3   10   0.0288409896
3   6   3   11   -0.0000000000
3   6   3   12   0.0040871681
4   4   1   8   0.0000000000
4   4   1   9   0.0024322122
4   4   1   10   -0.0000000000
4   4   1   11   0.0157587742
4   4   1   12   0.0000000000
4   4   2   8   -0.0034446917
4   4   2   9   0.0000000000
4   4   2   10   0.0017031703
4   4   2   11   0.0000000000
4   4   2   12   -0.0053034984
4   4   3   9   0.0052486162
4   4   3   11   0.0088125358
4   4   3   12   0.0000000000
4   5   1   8   -0.0094502956
4   5   1   9   0.0000000000
4   5   1   10   0.0003412329
4   5   1   11   0.0000000000
4   5   1   12   -0.0081669775
4   5   2   8   0.0000000000
4   5   2   9   -0.0028904202
4   5   2   10   0.0000000000
4   5   2   11   0.0056160300
4   5   2   12   -0.0000000000
4   5   3   8   -0.0171162470
4   5   3   10   -0.0102192279
4   5   3   11   0.0000000000
4   5   3   12   -0.0026897133
4   6   1   9   0.0092925194
4   6   1   10   -0.0000000001
4   6   1   11   0.0088125358
4   6   1   12   0.0000000001
4   6   2   8   -0.0111881891
4   6   2   9   -0.0000000000
4   6   2   10   -0.0087753781
4   6   2   11   0.0000000000
4   6   2   12   0.0000730495
4   6   3   8   -0.0000000000
4   6   3   9   0.0096390559
4   6   3   10   -0.0000000000
4   6   3   11   0.0127859311
4   6   3   12   0.0000000000
5   4   1   8   0.0215177440
5   4   1   9   0.0000000000
5   4   1   10   0.0065919243
5   4   1   11   0.0000000000
5   4   1   12   0.0116151501
5   4   2   8   -0.0000000000
5   4   2   9   0.0041702680
5   4   2   10   0.0000000000
5   4   2   11   -0.0081669775
5   4   2   12   -0.0000000000
5   4   3   8   0.0099016536
5   4   3   9   0.0000000000
5   4   3   10   0.0052055861
5   4   3   11   0.0000000001
5   4   3   12   0.0033513131
5   5   1   8   0.0000000000
5   5   1   9   0.0087100490
5   5   1   10   0.0000000000
5   5   1   11   -0.0053034984
5   5   1   12   -0.0000000000
5   5   2   8   0.0124919544
5   5   2   10   0.0002565900
5   5   2   11   -0.0000000000
5   5   2   12   0.0083054041
5   5   3   8   0.0000000000
5   5   3   9   0.0011436004
5   5   3   10   0.0000000000
5   5   3   11   0.0000730495
5   5   3   12   -0.0000000001
5   6   1   8   0.0101368825
5   6   1   9   -0.0000000000
5   6   1   10   0.0088650967
5   6   1   11   0.0000000000
5   6   1   12   0.0033513131
5   6   2   8   -0.0000000000
5   6   2   9   -0.0069156899
5   6   2   10   0.0000000001
5   6   2   11   -0.0026897133
5   6   2   12   -0.0000000001
5   6   3   8   0.0067041127
5   6   3   9   -0.0000000000
5   6   3   10   0.0040871681
5   6   3   11   0.0000000000
5   6   3   12   0.0050292862
6   4   1   13   0.0348976687
6   4   2   13   0.0000000000
6   4   3   13   0.0090682734
6   5   1   13   0.0000000000
6   5   2   13   0.0186057712
6   5   3   13   0.0000000000
6   5   3   14   -0.0000000000
6   6   1   13   0.0090682734
6   6   2   13   0.0000000000
6   6   2   14   -0.0000000000
6   6   3   13   0.0162726711
7   4   1   14   0.0348976687
7   4   2   14   -0.0000000000
7   4   3   14   0.0090682734
7   5   1   14   -0.0000000000
7   5   2   14   0.0186057712
7   5   3   13   -0.0000000000
7   5   3   14   -0.0000000000
7   6   1   14   0.0090682734
7   6   2   13   -0.0000000000
7   6   2   14   -0.0000000000
7   6   3   14   0.0162726711

1   4   4   1   -0.2947585264
1   4   4   2   0.0000000000
1   4   4   3   -0.0725522962
1   4   4   4   -0.0000000000
1   4   4   5   -0.0533165616
1   4   5   1   0.0000000000
1   4   5   2   -0.0539335237
1   4   5   3   -0.0000000000
1   4   5   4   -0.0041688141
1   4   5   5   -0.0000000000
1   4   6   1   -0.0131562295
1   4   6   2   0.0000000000
1   4   6   3   -0.0162495456
1   4   6   4   -0.0000000000
1   4   6   5   -0.0189763919
1   5   4   1   0.0000000000
1   5   4   2   -0.0535931601
1   5   4   3   -0.0000000000
1   5   4   4   -0.0039877262
1   5   4   5   -0.0000000000
1   5   5   1   -0.2796161254
1   5   5   3   -0.0548650662
1   5   5   4   0.0000000000
1   5   5   5   -0.0316122189
1   5   6   1   -0.0000000000
1   5   6   2   0.0558788660
1   5   6   3   0.0000000000
1   5   6   4   0.0174978327
1   5   6   5   -0.0000000000
1   6   4   1   -0.0131562295
1   6   4   2   0.0000000000
1   6   4   3   -0.0159615708
1   6   4   4   -0.0000000000
1   6   4   5   -0.0192197063
1   6   5   1   -0.0000000000
1   6   5   2   0.0555566079
1   6   5   3   0.0000000000
1   6   5   4   0.0174412881
1   6   6   1   -0.2785280013
1   6   6   2   0.0000000000
1   6   6   3   -0.0590076312
1   6   6   4   0.0000000000
1   6   6   5   -0.0307875986
2   4   4   1   0.0000000000
2   4   4   2   -0.2030997245
2   4   4   3   -0.0000000000
2   4   4   4   -0.0003695314
2   4   4   5   -0.0000000000
2   4   5   1   -0.0535931601
2   4   5   2   0.0000000000
2   4   5   3   0.0364545548
2   4   5   5   -0.0012498320
2   4   6   1   0.0000000000
2   4   6   2   0.0097872069
2   4   6   3   -0.0000000000
2   4   6   4   -0.0027197046
2   4   6   5   -0.0000000000
2   5   4   1   -0.0539335237
2   5   4   2   0.0000000000
2   5   4   3   0.0362638240
2   5   4   5   -0.0013281469
2   5   5   2   -0.2132601400
2   5   5   3   0.0000000000
2   5   5   4   0.0020792842
2   5   5   5   0.0000000000
2   5   6   1   0.0555566079
2   5   6   2   -0.0000000000
2   5   6   3   -0.0409054581
2   5   6   4   -0.0000000000
2   5   6   5   -0.0057046277
2   6   4   1   0.0000000000
2   6   4   2   0.0097872069
2   6   4   3   -0.0000000000
2   6   4   4   -0.0027868795
2   6   4   5   -0.0000000000
2   6   5   1   0.0558788660
2   6   5   2   -0.0000000000
2   6   5   3   -0.0405432525
2   6   5   4   -0.0000000000
2   6   5   5   -0.0054701818
2   6   6   1   0.0000000000
2   6   6   2   -0.2073638716
2   6   6   3   0.0000000000
2   6   6   4   -0.0042438711
3   4   4   1   -0.0725522962
3   4   4   2   -0.0000000000
3   4   4   3   -0.2017795451
3   4   4   4   0.0000000000
3   4   4   5   0.0025982526
3   4   5   1   -0.0000000000
3   4   5   2   0.0362638240
3   4   5   3   0.0000000000
3   4   5   4   -0.0173678795
3   4   5   5   0.0000000000
3   4   6   1   -0.0159615708
3   4   6   2   -0.0000000000
3   4   6   3   0.0067045871
3   4   6   4   -0.0000000000
3   4   6   5   -0.0040138102
3   5   4   1   -0.0000000000
3   5   4   2   0.0364545548
3   5   4   3   0.0000000000
3   5   4   4   -0.0173066940
3   5   4   5   0.0000000000
3   5   5   1   -0.0548650662
3   5   5   2   0.0000000000
3   5   5   3   -0.2093425059
3   5   5   4   0.0000000000
3   5   5   5   0.0067375489
3   5   6   1   0.0000000000
3   5   6   2   -0.0405432525
3   5   6   3   -0.0000000000
3   5   6   4   0.0206772572
3   5   6   5   -0.0000000000
3   6   4   1   -0.0162495456
3   6   4   2   -0.0000000000
3   6   4   3   0.0067045871
3   6   4   4   -0.0000000000
3   6   4   5   -0.0041891466
3   6   5   1   0.0000000000
3   6   5   2   -0.0409054581
3   6   5   3   -0.0000000000
3   6   5   4   0.0206168541
3   6   5   5   -0.0000000000
3   6   6   1   -0.0590076312
3   6   6   2   0.0000000000
3   6   6   3   -0.2092748031
3   6   6   4   -0.0000000000
3   6   6   5   0.0016701551
4   4   4   1   -0.0000000000
4   4   4   2   -0.0003695314
4   4   4   3   0.0000000000
4   4   4   4   -0.2538525328
4   4   4   5   -0.0000000000
4   4   5   1   -0.0039877262
4   4   5   3   -0.0173066940
4   4   5   4   -0.0000000000
4   4   5   5   0.0419939769
4   4   6   1   -0.0000000000
4   4   6   2   -0.0027868795
4   4   6   3   -0.0000000000
4   4   6   4   -0.0340264225
4   4   6   5   -0.0000000000
4   5   4   1   -0.0041688141
4   5   4   3   -0.0173678795
4   5   4   4   -0.0000000000
4   5   4   5   0.0419371296
4   5   5   1   0.0000000000
4   5   5   2   0.0020792842
4   5   5   3   0.0000000000
4   5   5   4   -0.2164144035
4   5   5   5   0.0000000000
4   5   6   1   0.0174412881
4   5   6   2   -0.0000000000
4   5   6   3   0.0206168541
4   5   6   4   -0.0000000000
4   5   6   5   -0.0319451886
4   6   4   1   -0.0000000000
4   6   4   2   -0.0027197046
4   6   4   3   -0.0000000000
4   6   4   4   -0.0340264225
4   6   4   5   -0.0000000000
4   6   5   1   0.0174978327
4   6   5   2   -0.0000000000
4   6   5   3   0.0206772572
4   6   5   4   -0.0000000000
4   6   5   5   -0.0318043186
4   6   6   1   0.0000000000
4   6   6   2   -0.0042438711
4   6   6   3   -0.0000000000
4   6   6   4   -0.2241836182
4   6   6   5   0.0000000000
5   4   4   1   -0.0533165616
5   4   4   2   -0.0000000000
5   4   4   3   0.0025982526
5   4   4   4   -0.0000000000
5   4   4   5   -0.2099829400
5   4   5   1   -0.0000000000
5   4   5   2   -0.0013281469
5   4   5   3   0.0000000000
5   4   5   4   0.0419371296
5   4   5   5   0.0000000000
5   4   6   1   -0.0192197063
5   4   6   2   -0.0000000000
5   4   6   3   -0.0041891466
5   4   6   4   -0.0000000000
5   4   6   5   -0.0085461861
5   5   4   1   -0.0000000000
5   5   4   2   -0.0012498320
5   5   4   3   0.0000000000
5   5   4   4   0.0419939769
5   5   4   5   0.0000000000
5   5   5   1   -0.0316122189
5   5   5   2   0.0000000000
5   5   5   3   0.0067375489
5   5   5   4   0.0000000000
5   5   5   5   -0.2000372111
5   5   6   2   -0.0054701818
5   5   6   3   -0.0000000000
5   5   6   4   -0.0318043186
5   5   6   5   -0.0000000000
5   6   4   1   -0.0189763919
5   6   4   2   -0.0000000000
5   6   4   3   -0.0040138102
5   6   4   4   -0.0000000000
5   6   4   5   -0.0085461861
5   6   5   1   -0.0000000000
5   6   5   2   -0.0057046277
5   6   5   3   -0.0000000000
5   6   5   4   -0.0319451886
5   6   5   5   -0.0000000000
5   6   6   1   -0.0307875986
5   6   6   3   0.0016701551
5   6   6   4   0.0000000000
5   6   6   5   -0.1969503314
6   4   4   6   -0.3297516824
6   4   6   6   -0.0481739078
6   5   5   6   -0.2761302060
6   6   4   6   -0.0481739078
6   6   6   6   -0.2813968489
7   4   4   7   -0.3297516824
7   4   6   7   -0.0481739078
7   5   5   7   -0.2761302060
7   6   4   7   -0.0481739078
7   6   6   7   -0.2813968489

End AIJB Block
Begin IJKA Block
1   4   1   8   0.0000000000
1   4   1   9   0.0101788060
1   4   1   10   0.0000000000
1   4   1   11   -0.0425826448
1   4   1   12   0.0000000000
1   4   2   8   0.0415162964
1   4   2   9   -0.0000000000
1   4   2   10   -0.0003423809
1   4   2   12   0.0220674715
1   4   3   8   -0.0000000000
1   4   3   9   -0.0213821710
1   4   3   10   -0.0000000000
1   4   3   11   -0.0182769880
1   4   3   12   -0.0000000000
1   5   1   8   0.0667345068
1   5   1   9   -0.0000000000
1   5   1   10   -0.0014303197
1   5   1   11   0.0000000000
1   5   1   12   0.0300147268
1   5   2   8   -0.0000000000
1   5   2   9   0.0353979186
1   5   2   11   -0.0127304448
1   5   2   12   0.0000000000
1   5   3   8   0.0386726827
1   5   3   9   0.0000000000
1   5   3   10   0.0281424444
1   5   3   11   -0.0000000000
1   5   3   12   0.0073226425
1   6   1   8   0.0000000000
1   6   1   9   -0.0573804589
1   6   1   11   -0.0273893122
1   6   1   12   0.0000000000
1   6   2   8   0.0571103714
1   6   2   9   0.0000000000
1   6   2   10   0.0448195090
1   6   2   11   0.0000000000
1   6   2   12   0.0082080044
1   6   3   8   -0.0000000000
1   6   3   9   -0.0202607093
1   6   3   10   0.0000000000
1   6   3   11   -0.0264780193
1   6   3   12   0.0000000000
2   4   1   8   0.0408065803
2   4   1   9   -0.0000000000
2   4   1   10   -0.0001803082
2   4   1   11   -0.0000000000
2   4   1   12   0.0220595934
2   4   2   8   -0.0000000000
2   4   2   9   0.0307409815
2   4   2   10   0.0000000000
2   4   2   11   -0.0231517803
2   4   2   12   0.0000000000
2   4   3   8   0.0018976955
2   4   3   9   0.0000000000
2   4   3   10   0.0185728629
2   4   3   11   -0.0000000000
2   4   3   12   -0.0052749631
2   5   1   8   -0.0000000000
2   5   1   9   0.0352061125
2   5   1   10   0.0000000000
2   5   1   11   -0.0128266478
2   5   1   12   0.0000000000
2   5   2   8   0.0218965561
2   5   2   9   -0.0000000000
2   5   2   10   -0.0329816161
2   5   2   11   -0.0000000000
2   5   2   12   0.0212934891
2   5   3   8   -0.0000000000
2   5   3   9   -0.0211822243
2   5   3   10   -0.0000000000
2   5   3   11   0.0110494805
2   5   3   12   -0.0000000000
2   6   1   8   0.0593245655
2   6   1   9   0.0000000000
2   6   1   10   0.0456628519
2   6   1   11   0.0000000000
2   6   1   12   0.0091779155
2   6   2   8   0.0000000000
2   6   2   9   -0.0333640267
2   6   2   10   -0.0000000000
2   6   2   11   0.0006101346
2   6   2   12   -0.0000000000
2   6   3   8   -0.0558691816
2   6   3   9   0.0000000000
2   6   3   10   -0.0395665807
2   6   3   11   0.0000000000
2   6   3   12   0.0000862342
3   4   1   8   0.0000000000
3   4   1   9   -0.0200513182
3   4   1   10   -0.0000000000
3   4   1   11   -0.0178930232
3   4   1   12   0.0000000000
3   4   2   8   0.0009775012
3   4   2   9   0.0000000000
3   4   2   10   0.0181590524
3   4   2   11   0.0000000000
3   4   2   12   -0.0055012670
3   4   3   8   -0.0000000000
3   4   3   9   0.0065160058
3   4   3   10   0.0000000000
3   4   3   11   -0.0329911508
3   4   3   12   -0.0000000000
3   5   1   8   0.0390633108
3   5   1   9   0.0000000000
3   5   1   10   0.0283089730
3   5   1   11   0.0000000000
3   5   1   12   0.0079910742
3   5   2   8   0.0000000000
3   5   2   9   -0.0199887767
3   5   2   10   -0.0000000000
3   5   2   11   0.0109218828
3   5   2   12   -0.0000000000
3   5   3   8   0.0172170726
3   5   3   9   0.0000000000
3   5   3   10   -0.0225684860
3   5   3   11   0.0000000000
3   5   3   12   0.0187572176
3   6   1   8   -0.0000000000
3   6   1   9   -0.0209595253
3   6   1   10   -0.0000000000
3   6   1   11   -0.0265915533
3   6   1   12   0.0000000000
3   6   2   8   -0.0580624021
3   6   2   9   -0.0000000000
3   6   2   10   -0.0419098651
3   6   2   11   -0.0000000000
3   6   2   12   -0.0005048775
3   6   3   8   -0.0000000000
3   6   3   9   -0.0341309210
3   6   3   10   -0.0000000000
3   6   3   11   -0.0096583402
3   6   3   12   -0.0000000000

End IJKA Block
Begin IABC Block
1   8   1   8   0.0000000000
1   8   1   9   0.0032096084
1   8   1   10   -0.0000000000
1   8   1   11   -0.0122561478
1   8   1   12   0.0000000000
1   8   2   8   0.0083752494
1   8   2   9   -0.0000000000
1   8   2   10   0.0021826411
1   8   2   11   0.0000000000
1   8   2   12   0.0038761628
1   8   3   8   -0.0000000000
1   8   3   9   -0.0039482323
1   8   3   10   0.0000000001
1   8   3   11   -0.0063831613
1   8   3   12   -0.0000000000
1   8   4   8   -0.0270086815
1   8   4   9   0.0000000000
1   8   4   10   -0.0111686743
1   8   4   11   0.0000000001
1   8   4   12   -0.0095311085
1   8   5   8   0.0000000000
1   8   5   9   0.0058811460
1   8   5   10   -0.0000000002
1   8   5   11   -0.0048097497
1   8   5   12   0.0000000001
1   8   6   13   0.0000000000
1   8   6   14   -0.0000000000
1   8   7   13   -0.0000000000
1   8   7   14   -0.0000000000
1   9   1   8   0.0038045871
1   9   1   9   0.0000000000
1   9   1   10   -0.0005602228
1   9   1   11   0.0000000000
1   9   1   12   0.0062825835
1   9   2   8   0.0000000000
1   9   2   9   0.0071816508
1   9   2   10   0.0000000000
1   9   2   11   -0.0035727041
1   9   2   12   0.0000000000
1   9   3   8   -0.0035168554
1   9   3   9   -0.0000000000
1   9   3   10   0.0010153308
1   9   3   11   -0.0000000001
1   9   3   12   -0.0003907646
1   9   4   8   0.0000000000
1   9   4   9   -0.0114002028
1   9   4   10   0.0000000000
1   9   4   11   -0.0034954959
1   9   4   12   0.0000000000
1   9   5   8   0.0056866879
1   9   5   9   0.0000000001
1   9   5   10   -0.0032982514
1   9   5   11   0.0000000002
1   9   5   12   0.0007967833
1   9   6   13   -0.0019410595
1   9   7   14   -0.0019410595
1   10   1   8   -0.0000000000
1   10   1   9   -0.0011997049
1   10   1   10   0.0000000002
1   10   1   11   -0.0011428323
1   10   1   12   0.0000000002
1   10   2   8   0.0019357973
1   10   2   9   0.0000000000
1   10   2   10   0.0032661893
1   10   2   11   -0.0000000000
1   10   2   12   -0.0033240522
1   10   3   8   0.0000000001
1   10   3   9   0.0006560123
1   10   3   10   -0.0000000003
1   10   3   11   -0.0031168638
1   10   3   12   -0.0000000003
1   10   4   8   -0.0112638904
1   10   4   9   0.0000000000
1   10   4   10   -0.0104412099
1   10   4   11   -0.0000000001
1   10   4   12   -0.0055567950
1   10   5   8   -0.0000000001
1   10   5   9   -0.0032236901
1   10   5   10   0.0000000009
1   10   5   11   -0.0019900945
1   10   5   12   0.0000000007
1   10   6   13   0.0000000000
1   10   6   14   -0.0000000000
1   10   7   13   -0.0000000000
1   10   7   14   -0.0000000000
1   11   1   8   -0.0134962382
1   11   1   9   0.0000000000
1   11   1   10   -0.0017404792
1   11   1   11   0.0000000000
1   11   1   12   -0.0145544529
1   11   2   8   0.0000000000
1   11   2   9   -0.0040463797
1   11   2   10   -0.0000000000
1   11   2   11   0.0008742879
1   11   2   12   0.0000000000
1   11   3   8   -0.0070395421
1   11   3   9   -0.0000000001
1   11   3   10   -0.0034546471
1   11   3   11   -0.0000000001
1   11   3   12   -0.0045974215
1   11   4   8   0.0000000001
1   11   4   9   -0.0035734454
1   11   4   10   -0.0000000001
1   11   4   11   -0.0076232635
1   11   4   12   0.0000000001
1   11   5   8   -0.0054336810
1   11   5   9   0.0000000002
1   11   5   10   -0.0023341166
1   11   5   11   0.0000000003
1   11   5   12   -0.0043885619
1   11   6   13   0.0117858825
1   11   7   14   0.0117858825
1   12   1   8   0.0000000000
1   12   1   9   0.0067823259
1   12   1   10   0.0000000000
1   12   1   11   -0.0139000425
1   12   1   12   0.0000000000
1   12   2   8   0.0041234397
1   12   2   9   0.0000000000
1   12   2   10   -0.0033136087
1   12   2   11   0.0000000000
1   12   2   12   0.0047509141
1   12   3   8   -0.0000000001
1   12   3   9   -0.0002678047
1   12   3   10   -0.0000000003
1   12   3   11   -0.0042987832
1   12   3   12   -0.0000000005
1   12   4   8   -0.0095928642
1   12   4   9   -0.0000000000
1   12   4   10   -0.0056500108
1   12   4   11   0.0000000001
1   12   4   12   -0.0060806403
1   12   5   8   0.0000000000
1   12   5   9   0.0010096586
1   12   5   10   0.0000000005
1   12   5   11   -0.0041022907
1   12   5   12   0.0000000008
1   12   6   13   -0.0000000000
1   12   6   14   0.0000000000
1   12   7   13   0.0000000000
1   12   7   14   0.0000000000
1   13   1   13   -0.0000000000
1   13   2   13   0.0066394550
1   13   4   13   -0.0184747592
1   13   5   13   -0.0000000000
1   13   5   14   0.0000000000
1   13   6   8   0.0000000000
1   13   6   9   -0.0021268833
1   13   6   10   0.0000000000
1   13   6   11   0.0129565952
1   13   6   12   -0.0000000000
1   13   7   8   -0.0000000000
1   13   7   10   -0.0000000000
1   13   7   12   0.0000000000
1   14   1   14   0.0000000000
1   14   2   14   0.0066394550
1   14   3   14   0.0000000000
1   14   4   14   -0.0184747592
1   14   5   13   0.0000000000
1   14   5   14   0.0000000000
1   14   6   8   -0.0000000000
1   14   6   10   -0.0000000000
1   14   6   12   0.0000000000
1   14   7   8   -0.0000000000
1   14   7   9   -0.0021268833
1   14   7   10   -0.0000000000
1   14   7   11   0.0129565952
1   14   7   12   0.0000000000
2   8   1   8   0.0145809739
2   8   1   9   -0.0000000000
2   8   1   10   0.0119424332
2   8   1   11   0.0000000000
2   8   1   12   0.0209851840
2   8   2   8   -0.0000000000
2   8   2   9   0.0049525488
2   8   2   10   -0.0000000000
2   8   2   11   -0.0025890994
2   8   2   12   0.0000000000
2   8   3   8   -0.0158119465
2   8   3   9   0.0000000000
2   8   3   10   -0.0068514444
2   8   3   11   0.0000000000
2   8   3   12   0.0027187133
2   8   4   8   0.0000000000
2   8   4   9   -0.0060143937
2   8   4   10   -0.0000000001
2   8   4   11   0.0004658820
2   8   4   12   0.0000000000
2   8   5   8   0.0199406105
2   8   5   9   0.0000000000
2   8   5   10   0.0067793303
2   8   5   11   -0.0000000001
2   8   5   12   0.0066416843
2   8   6   13   0.0072248670
2   8   7   14   0.0072248670
2   9   1   8   -0.0000000000
2   9   1   9   0.0005077854
2   9   1   10   0.0000000000
2   9   1   11   -0.0041406768
2   9   1   12   0.0000000000
2   9   2   8   0.0056905890
2   9   2   9   0.0000000000
2   9   2   10   0.0017295230
2   9   2   11   0.0000000000
2   9   2   12   0.0092274746
2   9   3   8   0.0000000000
2   9   3   9   -0.0096697407
2   9   3   10   0.0000000000
2   9   3   11   0.0001850880
2   9   3   12   -0.0000000000
2   9   4   8   -0.0061693330
2   9   4   9   0.0000000000
2   9   4   10   0.0036134505
2   9   4   11   0.0000000001
2   9   4   12   0.0010893283
2   9   5   9   0.0106484143
2   9   5   10   -0.0000000001
2   9   5   11   0.0008073828
2   9   5   12   -0.0000000001
2   9   6   13   0.0000000000
2   9   6   14   -0.0000000000
2   9   7   13   -0.0000000000
2   9   7   14   -0.0000000000
2   10   1   8   0.0105845871
2   10   1   10   -0.0060831524
2   10   1   11   -0.0000000000
2   10   1   12   -0.0029350658
2   10   2   8   -0.0000000000
2   10   2   9   0.0009350225
2   10   2   10   0.0000000001
2   10   2   11   0.0042164258
2   10   2   12   0.0000000000
2   10   3   8   -0.0073830589
2   10   3   9   -0.0000000000
2   10   3   10   -0.0130420282
2   10   3   11   -0.0000000000
2   10   3   12   0.0016664564
2   10   4   8   -0.0000000001
2   10   4   9   0.0035628561
2   10   4   10   0.0000000004
2   10   4   11   0.0011901068
2   10   4   12   0.0000000003
2   10   5   8   0.0064414931
2   10   5   9   -0.0000000001
2   10   5   10   0.0071900982
2   10   5   11   0.0000000001
2   10   5   12   0.0041551732
2   10   6   13   0.0037441474
2   10   7   14   0.0037441474
2   11   1   8   0.0000000000
2   11   1   9   -0.0045795588
2   11   1   10   -0.0000000000
2   11   1   11   0.0288386202
2   11   1   12   0.0000000000
2   11   2   8   -0.0033166831
2   11   2   9   0.0000000000
2   11   2   10   0.0041335989
2   11   2   11   0.0000000000
2   11   2   12   -0.0066335548
2   11   3   8   0.0000000000
2   11   3   9   0.0001770642
2   11   3   10   -0.0000000000
2   11   3   11   0.0026639616
2   11   3   12   0.0000000000
2   11   4   8   0.0001111025
2   11   4   9   0.0000000001
2   11   4   10   0.0011298667
2   11   4   11   0.0000000001
2   11   4   12   -0.0002531953
2   11   5   8   -0.0000000001
2   11   5   9   0.0007206134
2   11   5   10   0.0000000001
2   11   5   11   0.0061564900
2   11   5   12   -0.0000000002
2   11   6   13   0.0000000000
2   11   6   14   -0.0000000000
2   11   7   13   -0.0000000000
2   11   7   14   -0.0000000000
2   12   1   8   0.0216938568
2   12   1   9   0.0000000001
2   12   1   10   -0.0023697872
2   12   1   11   0.0000000001
2   12   1   12   0.0137241173
2   12   2   8   0.0000000000
2   12   2   9   0.0096541087
2   12   2   10   -0.0000000000
2   12   2   11   -0.0063168014
2   12   2   12   -0.0000000000
2   12   3   8   0.0028987792
2   12   3   9   -0.0000000000
2   12   3   10   0.0018931667
2   12   3   11   0.0000000000
2   12   3   12   -0.0011182121
2   12   4   8   0.0000000000
2   12   4   9   0.0012702265
2   12   4   10   0.0000000003
2   12   4   11   -0.0001431690
2   12   4   12   0.0000000005
2   12   5   8   0.0068916112
2   12   5   9   -0.0000000001
2   12   5   10   0.0043754947
2   12   5   11   -0.0000000001
2   12   5   12   0.0038603503
2   12   6   13   -0.0026166158
2   12   7   14   -0.0026166158
2   13   1   13   0.0472695738
2   13   3   13   0.0008407818
2   13   5   13   0.0152961142
2   13   6   8   0.0070499990
2   13   6   9   0.0000000000
2   13   6   10   0.0044324477
2   13   6   11   0.0000000000
2   13   6   12   -0.0032163697
2   13   7   9   -0.0000000000
2   13   7   11   -0.0000000000
2   14   1   14   0.0472695738
2   14   3   14   0.0008407818
2   14   4   14   -0.0000000000
2   14   5   14   0.0152961142
2   14   6   9   -0.0000000000
2   14   6   11   -0.0000000000
2   14   7   8   0.0070499990
2   14   7   9   -0.0000000000
2   14   7   10   0.0044324477
2   14   7   11   -0.0000000000
2   14   7   12   -0.0032163697
3   8   1   8   0.0000000000
3   8   1   9   0.0415386707
3   8   1   10   -0.0000000000
3   8   1   11   0.0094784503
3   8   1   12   -0.0000000000
3   8   2   8   -0.0204457212
3   8   2   9   0.0000000000
3   8   2   10   -0.0178245876
3   8   2   11   -0.0000000000
3   8   2   12   -0.0148147048
3   8   3   8   -0.0000000001
3   8   3   9   0.0156542957
3   8   3   10   0.0000000004
3   8   3   11   0.0040376333
3   8   3   12   -0.0000000002
3   8   4   8   -0.0051570974
3   8   4   9   0.0000000000
3   8   4   10   -0.0045701140
3   8   4   11   0.0000000000
3   8   4   12   -0.0085445810
3   8   5   8   0.0000000001
3   8   5   9   -0.0001142379
3   8   5   10   -0.0000000005
3   8   5   11   -0.0028236261
3   8   5   12   0.0000000003
3   8   6   13   -0.0000000000
3   8   6   14   0.0000000000
3   8   7   13   0.0000000000
3   8   7   14   0.0000000000
3   9   1   8   0.0381131665
3   9   1   9   0.0000000000
3   9   1   10   -0.0350584981
3   9   1   11   0.0000000000
3   9   1   12   -0.0123340081
3   9   2   8   0.0000000000
3   9   2   9   -0.0026048228
3   9   2   10   -0.0000000000
3   9   2   11   0.0026284090
3   9   2   12   -0.0000000000
3   9   3   8   0.0146891510
3   9   3   9   -0.0000000002
3   9   3   10   -0.0090146681
3   9   3   11   -0.0000000003
3   9   3   12   0.0011983426
3   9   4   8   0.0000000000
3   9   4   9   0.0014633091
3   9   4   10   -0.0000000001
3   9   4   11   -0.0014678589
3   9   4   12   -0.0000000001
3   9   5   8   -0.0015232787
3   9   5   9   0.0000000003
3   9   5   10   -0.0005964021
3   9   5   11   0.0000000004
3   9   5   12   0.0013949849
3   9   6   13   -0.0048894314
3   9   7   14   -0.0048894314
3   10   1   8   -0.0000000000
3   10   1   9   -0.0328143896
3   10   1   10   0.0000000001
3   10   1   11   0.0110070158
3   10   1   12   0.0000000001
3   10   2   8   -0.0163291807
3   10   2   9   -0.0000000000
3   10   2   10   -0.0034555773
3   10   2   11   0.0000000001
3   10   2   12   0.0051473273
3   10   3   8   0.0000000005
3   10   3   9   -0.0084461601
3   10   3   10   -0.0000000018
3   10   3   11   0.0083269106
3   10   3   12   -0.0000000014
3   10   4   8   -0.0046243505
3   10   4   9   -0.0000000000
3   10   4   10   0.0021981791
3   10   4   11   -0.0000000000
3   10   4   12   -0.0007270135
3   10   5   8   -0.0000000004
3   10   5   9   0.0000413110
3   10   5   10   0.0000000027
3   10   5   11   0.0012591224
3   10   5   12   0.0000000020
3   10   6   13   0.0000000000
3   10   6   14   -0.0000000000
3   10   7   13   -0.0000000000
3   10   7   14   -0.0000000000
3   11   1   8   0.0086524058
3   11   1   9   0.0000000000
3   11   1   10   0.0102570027
3   11   1   11   0.0000000000
3   11   1   12   -0.0278270164
3   11   2   8   -0.0000000000
3   11   2   9   0.0030624022
3   11   2   10   0.0000000000
3   11   2   11   -0.0267544835
3   11   2   12   -0.0000000001
3   11   3   8   0.0031371628
3   11   3   9   -0.0000000003
3   11   3   10   0.0078938278
3   11   3   11   -0.0000000005
3   11   3   12   -0.0135465076
3   11   4   8   0.0000000000
3   11   4   9   -0.0014196256
3   11   4   10   -0.0000000000
3   11   4   11   -0.0094008209
3   11   4   12   0.0000000000
3   11   5   8   -0.0034982299
3   11   5   9   0.0000000004
3   11   5   10   0.0009648720
3   11   5   11   0.0000000007
3   11   5   12   -0.0065136626
3   11   6   13   0.0013911593
3   11   7   14   0.0013911593
3   12   1   8   0.0000000000
3   12   1   9   -0.0117929211
3   12   1   10   -0.0000000001
3   12   1   11   -0.0274426342
3   12   1   12   -0.0000000002
3   12   2   8   -0.0156954954
3   12   2   9   -0.0000000001
3   12   2   10   0.0046554771
3   12   2   11   -0.0000000001
3   12   2   12   -0.0116128015
3   12   3   8   -0.0000000003
3   12   3   9   0.0014362918
3   12   3   10   -0.0000000016
3   12   3   11   -0.0133031372
3   12   3   12   -0.0000000022
3   12   4   8   -0.0087854854
3   12   4   9   -0.0000000001
3   12   4   10   -0.0008074509
3   12   4   11   -0.0000000000
3   12   4   12   -0.0053485297
3   12   5   8   0.0000000001
3   12   5   9   0.0017012103
3   12   5   10   0.0000000018
3   12   5   11   -0.0062897093
3   12   5   12   0.0000000027
3   12   6   13   0.0000000000
3   12   6   14   -0.0000000000
3   12   7   13   -0.0000000000
3   12   7   14   -0.0000000000
3   13   1   13   -0.0000000000
3   13   2   13   -0.0418609204
3   13   3   13   0.0000000000
3   13   4   13   -0.0152070380
3   13   5   13   -0.0000000000
3   13   6   8   -0.0000000000
3   13   6   9   -0.0041325301
3   13   6   10   0.0000000000
3   13   6   11   0.0017990847
3   13   6   12   0.0000000000
3   13   7   8   0.0000000000
3   13   7   10   -0.0000000000
3   13   7   12   -0.0000000000
3   14   1   14   0.0000000000
3   14   2   14   -0.0418609204
3   14   3   14   0.0000000000
3   14   4   14   -0.0152070380
3   14   5   14   -0.0000000000
3   14   6   8   0.0000000000
3   14   6   10   -0.0000000000
3   14   6   12   -0.0000000000
3   14   7   8   0.0000000000
3   14   7   9   -0.0041325301
3   14   7   10   -0.0000000000
3   14   7   11   0.0017990847
3   14   7   12   -0.0000000000

End IABC Block
