Number of strings: 462 462, CI size = 213444
String addressing array alpha: 5 11
0 126 196 231 246 251 252 252 252 252 252
0 0 56 91 111 121 125 126 126 126 126
0 0 0 21 36 46 52 55 56 56 56
0 0 0 0 6 11 15 18 20 21 21
0 0 0 0 0 1 2 3 4 5 6

Alpha strings 462 5
1 2 3 4 5
1 2 3 4 6
1 2 3 4 7
1 2 3 4 8
1 2 3 4 9
1 2 3 4 10
1 2 3 4 11
1 2 3 5 6
1 2 3 5 7
1 2 3 5 8
1 2 3 5 9
1 2 3 5 10
1 2 3 5 11
1 2 3 6 7
1 2 3 6 8
1 2 3 6 9
1 2 3 6 10
1 2 3 6 11
1 2 3 7 8
1 2 3 7 9
1 2 3 7 10
1 2 3 7 11
1 2 3 8 9
1 2 3 8 10
1 2 3 8 11
1 2 3 9 10
1 2 3 9 11
1 2 3 10 11
1 2 4 5 6
1 2 4 5 7
1 2 4 5 8
1 2 4 5 9
1 2 4 5 10
1 2 4 5 11
1 2 4 6 7
1 2 4 6 8
1 2 4 6 9
1 2 4 6 10
1 2 4 6 11
1 2 4 7 8
1 2 4 7 9
1 2 4 7 10
1 2 4 7 11
1 2 4 8 9
1 2 4 8 10
1 2 4 8 11
1 2 4 9 10
1 2 4 9 11
1 2 4 10 11
1 2 5 6 7
1 2 5 6 8
1 2 5 6 9
1 2 5 6 10
1 2 5 6 11
1 2 5 7 8
1 2 5 7 9
1 2 5 7 10
1 2 5 7 11
1 2 5 8 9
1 2 5 8 10
1 2 5 8 11
1 2 5 9 10
1 2 5 9 11
1 2 5 10 11
1 2 6 7 8
1 2 6 7 9
1 2 6 7 10
1 2 6 7 11
1 2 6 8 9
1 2 6 8 10
1 2 6 8 11
1 2 6 9 10
1 2 6 9 11
1 2 6 10 11
1 2 7 8 9
1 2 7 8 10
1 2 7 8 11
1 2 7 9 10
1 2 7 9 11
1 2 7 10 11
1 2 8 9 10
1 2 8 9 11
1 2 8 10 11
1 2 9 10 11
1 3 4 5 6
1 3 4 5 7
1 3 4 5 8
1 3 4 5 9
1 3 4 5 10
1 3 4 5 11
1 3 4 6 7
1 3 4 6 8
1 3 4 6 9
1 3 4 6 10
1 3 4 6 11
1 3 4 7 8
1 3 4 7 9
1 3 4 7 10
1 3 4 7 11
1 3 4 8 9
1 3 4 8 10
1 3 4 8 11
1 3 4 9 10
1 3 4 9 11
1 3 4 10 11
1 3 5 6 7
1 3 5 6 8
1 3 5 6 9
1 3 5 6 10
1 3 5 6 11
1 3 5 7 8
1 3 5 7 9
1 3 5 7 10
1 3 5 7 11
1 3 5 8 9
1 3 5 8 10
1 3 5 8 11
1 3 5 9 10
1 3 5 9 11
1 3 5 10 11
1 3 6 7 8
1 3 6 7 9
1 3 6 7 10
1 3 6 7 11
1 3 6 8 9
1 3 6 8 10
1 3 6 8 11
1 3 6 9 10
1 3 6 9 11
1 3 6 10 11
1 3 7 8 9
1 3 7 8 10
1 3 7 8 11
1 3 7 9 10
1 3 7 9 11
1 3 7 10 11
1 3 8 9 10
1 3 8 9 11
1 3 8 10 11
1 3 9 10 11
1 4 5 6 7
1 4 5 6 8
1 4 5 6 9
1 4 5 6 10
1 4 5 6 11
1 4 5 7 8
1 4 5 7 9
1 4 5 7 10
1 4 5 7 11
1 4 5 8 9
1 4 5 8 10
1 4 5 8 11
1 4 5 9 10
1 4 5 9 11
1 4 5 10 11
1 4 6 7 8
1 4 6 7 9
1 4 6 7 10
1 4 6 7 11
1 4 6 8 9
1 4 6 8 10
1 4 6 8 11
1 4 6 9 10
1 4 6 9 11
1 4 6 10 11
1 4 7 8 9
1 4 7 8 10
1 4 7 8 11
1 4 7 9 10
1 4 7 9 11
1 4 7 10 11
1 4 8 9 10
1 4 8 9 11
1 4 8 10 11
1 4 9 10 11
1 5 6 7 8
1 5 6 7 9
1 5 6 7 10
1 5 6 7 11
1 5 6 8 9
1 5 6 8 10
1 5 6 8 11
1 5 6 9 10
1 5 6 9 11
1 5 6 10 11
1 5 7 8 9
1 5 7 8 10
1 5 7 8 11
1 5 7 9 10
1 5 7 9 11
1 5 7 10 11
1 5 8 9 10
1 5 8 9 11
1 5 8 10 11
1 5 9 10 11
1 6 7 8 9
1 6 7 8 10
1 6 7 8 11
1 6 7 9 10
1 6 7 9 11
1 6 7 10 11
1 6 8 9 10
1 6 8 9 11
1 6 8 10 11
1 6 9 10 11
1 7 8 9 10
1 7 8 9 11
1 7 8 10 11
1 7 9 10 11
1 8 9 10 11
2 3 4 5 6
2 3 4 5 7
2 3 4 5 8
2 3 4 5 9
2 3 4 5 10
2 3 4 5 11
2 3 4 6 7
2 3 4 6 8
2 3 4 6 9
2 3 4 6 10
2 3 4 6 11
2 3 4 7 8
2 3 4 7 9
2 3 4 7 10
2 3 4 7 11
2 3 4 8 9
2 3 4 8 10
2 3 4 8 11
2 3 4 9 10
2 3 4 9 11
2 3 4 10 11
2 3 5 6 7
2 3 5 6 8
2 3 5 6 9
2 3 5 6 10
2 3 5 6 11
2 3 5 7 8
2 3 5 7 9
2 3 5 7 10
2 3 5 7 11
2 3 5 8 9
2 3 5 8 10
2 3 5 8 11
2 3 5 9 10
2 3 5 9 11
2 3 5 10 11
2 3 6 7 8
2 3 6 7 9
2 3 6 7 10
2 3 6 7 11
2 3 6 8 9
2 3 6 8 10
2 3 6 8 11
2 3 6 9 10
2 3 6 9 11
2 3 6 10 11
2 3 7 8 9
2 3 7 8 10
2 3 7 8 11
2 3 7 9 10
2 3 7 9 11
2 3 7 10 11
2 3 8 9 10
2 3 8 9 11
2 3 8 10 11
2 3 9 10 11
2 4 5 6 7
2 4 5 6 8
2 4 5 6 9
2 4 5 6 10
2 4 5 6 11
2 4 5 7 8
2 4 5 7 9
2 4 5 7 10
2 4 5 7 11
2 4 5 8 9
2 4 5 8 10
2 4 5 8 11
2 4 5 9 10
2 4 5 9 11
2 4 5 10 11
2 4 6 7 8
2 4 6 7 9
2 4 6 7 10
2 4 6 7 11
2 4 6 8 9
2 4 6 8 10
2 4 6 8 11
2 4 6 9 10
2 4 6 9 11
2 4 6 10 11
2 4 7 8 9
2 4 7 8 10
2 4 7 8 11
2 4 7 9 10
2 4 7 9 11
2 4 7 10 11
2 4 8 9 10
2 4 8 9 11
2 4 8 10 11
2 4 9 10 11
2 5 6 7 8
2 5 6 7 9
2 5 6 7 10
2 5 6 7 11
2 5 6 8 9
2 5 6 8 10
2 5 6 8 11
2 5 6 9 10
2 5 6 9 11
2 5 6 10 11
2 5 7 8 9
2 5 7 8 10
2 5 7 8 11
2 5 7 9 10
2 5 7 9 11
2 5 7 10 11
2 5 8 9 10
2 5 8 9 11
2 5 8 10 11
2 5 9 10 11
2 6 7 8 9
2 6 7 8 10
2 6 7 8 11
2 6 7 9 10
2 6 7 9 11
2 6 7 10 11
2 6 8 9 10
2 6 8 9 11
2 6 8 10 11
2 6 9 10 11
2 7 8 9 10
2 7 8 9 11
2 7 8 10 11
2 7 9 10 11
2 8 9 10 11
3 4 5 6 7
3 4 5 6 8
3 4 5 6 9
3 4 5 6 10
3 4 5 6 11
3 4 5 7 8
3 4 5 7 9
3 4 5 7 10
3 4 5 7 11
3 4 5 8 9
3 4 5 8 10
3 4 5 8 11
3 4 5 9 10
3 4 5 9 11
3 4 5 10 11
3 4 6 7 8
3 4 6 7 9
3 4 6 7 10
3 4 6 7 11
3 4 6 8 9
3 4 6 8 10
3 4 6 8 11
3 4 6 9 10
3 4 6 9 11
3 4 6 10 11
3 4 7 8 9
3 4 7 8 10
3 4 7 8 11
3 4 7 9 10
3 4 7 9 11
3 4 7 10 11
3 4 8 9 10
3 4 8 9 11
3 4 8 10 11
3 4 9 10 11
3 5 6 7 8
3 5 6 7 9
3 5 6 7 10
3 5 6 7 11
3 5 6 8 9
3 5 6 8 10
3 5 6 8 11
3 5 6 9 10
3 5 6 9 11
3 5 6 10 11
3 5 7 8 9
3 5 7 8 10
3 5 7 8 11
3 5 7 9 10
3 5 7 9 11
3 5 7 10 11
3 5 8 9 10
3 5 8 9 11
3 5 8 10 11
3 5 9 10 11
3 6 7 8 9
3 6 7 8 10
3 6 7 8 11
3 6 7 9 10
3 6 7 9 11
3 6 7 10 11
3 6 8 9 10
3 6 8 9 11
3 6 8 10 11
3 6 9 10 11
3 7 8 9 10
3 7 8 9 11
3 7 8 10 11
3 7 9 10 11
3 8 9 10 11
4 5 6 7 8
4 5 6 7 9
4 5 6 7 10
4 5 6 7 11
4 5 6 8 9
4 5 6 8 10
4 5 6 8 11
4 5 6 9 10
4 5 6 9 11
4 5 6 10 11
4 5 7 8 9
4 5 7 8 10
4 5 7 8 11
4 5 7 9 10
4 5 7 9 11
4 5 7 10 11
4 5 8 9 10
4 5 8 9 11
4 5 8 10 11
4 5 9 10 11
4 6 7 8 9
4 6 7 8 10
4 6 7 8 11
4 6 7 9 10
4 6 7 9 11
4 6 7 10 11
4 6 8 9 10
4 6 8 9 11
4 6 8 10 11
4 6 9 10 11
4 7 8 9 10
4 7 8 9 11
4 7 8 10 11
4 7 9 10 11
4 8 9 10 11
5 6 7 8 9
5 6 7 8 10
5 6 7 8 11
5 6 7 9 10
5 6 7 9 11
5 6 7 10 11
5 6 8 9 10
5 6 8 9 11
5 6 8 10 11
5 6 9 10 11
5 7 8 9 10
5 7 8 9 11
5 7 8 10 11
5 7 9 10 11
5 8 9 10 11
6 7 8 9 10
6 7 8 9 11
6 7 8 10 11
6 7 9 10 11
6 8 9 10 11
7 8 9 10 11

Is hamiltonian hermitian? 1
Implicit Hamiltonian constructed
E(core)= 9.189534427600
H(1,1) + E(core) energy = -76.154349763400
Davidson: iter=0 dim=0 root=0 eigenvalue=-85.343884191000
Davidson: iter=1 dim=1 root=0 eigenvalue=-85.412895100779
Davidson: iter=2 dim=2 root=0 eigenvalue=-85.417161631780
Davidson: iter=3 dim=3 root=0 eigenvalue=-85.417559071749
Davidson: iter=4 dim=4 root=0 eigenvalue=-85.417580194692
Davidson: iter=5 dim=5 root=0 eigenvalue=-85.417581759529
Davidson: iter=6 dim=6 root=0 eigenvalue=-85.417581891337
Davidson: iter=7 dim=7 root=0 eigenvalue=-85.417581902089
Davidson: iter=8 dim=8 root=0 eigenvalue=-85.417581903103
Davidson: iter=9 dim=9 root=0 eigenvalue=-85.417581903201
Davidson: iter=10 dim=10 root=0 eigenvalue=-85.417581903207
Davidson: iter=11 dim=11 root=0 eigenvalue=-85.417581903208
root no. 0 converged
Davidson converged in 11 iterations.
E(core)= 9.189534427600
E(0)= -76.228047475608
FCI Excitation energies = 1
0.000000000000

Vacuum coefficients in CI state 0 = -0.985778825137
Eigenvector 0 in string basis
0: -0.985778825137 seniority 0 ... 5
1 2 3 4 5
 | 5
1 2 3 4 5

2778: 0.050644374778 seniority 0 ... 5
1 2 3 4 11
 | 5
1 2 3 4 11

Seniority vectors for all roots (nroots/seniority)
1 6
0.981113589506 0.003974642070 -0.973379807856 0.153449208610 1.000023730735 0.000000000221

Calculating transition densities
Root 0 MO occupations numbers (density matrix diagonal)
11
1.999986571379 1.993008079152 1.981628056345 1.981818165635 1.986425888236 0.007836769575 0.008629613727 0.009529578308 0.009550103019 0.008714081731 0.012873092894
Transition densities done:
Trandens between roots 0 0
11 11
1.999986571379 0.000041430635 0.000000000000 0.000054366168 0.000000000000 0.000093679429 0.000000000000 0.000000000000 -0.000068185102 0.000123531493 0.000000000000
0.000041430635 1.993008079152 0.000000000000 0.005559292831 0.000000000000 0.005029120938 0.000000000000 0.000000000000 0.000759543595 0.007473907226 0.000000000000
0.000000000000 0.000000000000 1.981628056345 0.000000000000 0.000000000000 0.000000000000 0.005407926709 -0.002113385995 0.000000000000 0.000000000000 0.000000000000
0.000054366168 0.005559292831 0.000000000000 1.981818165635 0.000000000000 -0.010267965369 0.000000000000 0.000000000000 0.004498462886 -0.002639905279 0.000000000000
0.000000000000 0.000000000000 0.000000000000 0.000000000000 1.986425888236 0.000000000000 0.000000000000 0.000000000000 0.000000000000 0.000000000000 -0.002164623070
0.000093679429 0.005029120938 0.000000000000 -0.010267965369 0.000000000000 0.007836769575 0.000000000000 0.000000000000 -0.007774207699 -0.003421757352 0.000000000000
0.000000000000 0.000000000000 0.005407926709 0.000000000000 0.000000000000 0.000000000000 0.008629613727 -0.007770301331 0.000000000000 0.000000000000 0.000000000000
0.000000000000 0.000000000000 -0.002113385995 0.000000000000 0.000000000000 0.000000000000 -0.007770301331 0.009529578308 0.000000000000 0.000000000000 0.000000000000
-0.000068185102 0.000759543595 0.000000000000 0.004498462886 0.000000000000 -0.007774207699 0.000000000000 0.000000000000 0.009550103019 0.003603056361 0.000000000000
0.000123531493 0.007473907226 0.000000000000 -0.002639905279 0.000000000000 -0.003421757352 0.000000000000 0.000000000000 0.003603056361 0.008714081731 0.000000000000
0.000000000000 0.000000000000 0.000000000000 0.000000000000 -0.002164623070 0.000000000000 0.000000000000 0.000000000000 0.000000000000 0.000000000000 0.012873092894

State 0 :
Natural orbital occupations
11
1.999987394843 1.995320435893 1.986428262425 1.981645189863 1.979613619255 0.018896728692 0.016848896865 0.012870718705 0.006248486768 0.001293161652 0.000847105040
Natural orbitals (in MO basis)
11 11
-0.999917868596 0.012709926423 0.000000000000 -0.000000000000 0.001645175421 0.000024153773 -0.000000000000 -0.000000000000 -0.000080225141 -0.000000000000 -0.000014522733
-0.011128899218 -0.924787147199 0.000000000000 -0.000000000000 0.380294759557 -0.000375491700 0.000000000000 -0.000000000000 -0.003939455442 0.000000000000 -0.002261753242
0.000000000000 -0.000000000000 -0.000000000000 -0.999995646096 -0.000000000000 0.000000000000 0.002670885449 0.000000000000 0.000000000000 -0.001254655069 0.000000000000
-0.006355513916 -0.380258755213 0.000000000000 0.000000000000 -0.924839783715 -0.004084020066 0.000000000000 0.000000000000 0.003406669860 0.000000000000 0.002444660568
-0.000000000000 -0.000000000000 -0.999999398500 0.000000000000 -0.000000000000 -0.000000000000 0.000000000000 0.001096813406 -0.000000000000 -0.000000000000 -0.000000000000
-0.000042254669 -0.000365050745 -0.000000000000 -0.000000000000 0.005789304278 -0.601398139759 0.000000000000 0.000000000000 0.270387534398 0.000000000000 0.751782686450
0.000000000000 0.000000000000 -0.000000000000 -0.002745195809 0.000000000000 -0.000000000000 -0.686049719490 -0.000000000000 -0.000000000000 0.727549480302 -0.000000000000
-0.000000000000 0.000000000000 0.000000000000 0.001082445562 -0.000000000000 0.000000000000 0.727549756896 0.000000000000 0.000000000000 0.686054064599 -0.000000000000
0.000015635654 -0.001219548186 0.000000000000 -0.000000000000 -0.001983192865 0.667480574900 -0.000000000000 -0.000000000000 -0.347058413259 0.000000000000 0.658797935122
-0.000095275134 -0.002974671426 -0.000000000000 -0.000000000000 0.002667322793 0.439059379616 -0.000000000000 0.000000000000 0.898005516622 0.000000000000 0.028230850666
0.000000000000 0.000000000000 0.001096813406 -0.000000000000 0.000000000000 0.000000000000 -0.000000000000 0.999999398500 -0.000000000000 -0.000000000000 -0.000000000000

