Number of strings: 56 56, CI size = 3136
String addressing array alpha: 5 8
0 15 20 21 21 21 21 21
0 0 10 14 15 15 15 15
0 0 0 6 9 10 10 10
0 0 0 0 3 5 6 6
0 0 0 0 0 1 2 3

Alpha strings 56 5
1 2 3 4 5
1 2 3 4 6
1 2 3 4 7
1 2 3 4 8
1 2 3 5 6
1 2 3 5 7
1 2 3 5 8
1 2 3 6 7
1 2 3 6 8
1 2 3 7 8
1 2 4 5 6
1 2 4 5 7
1 2 4 5 8
1 2 4 6 7
1 2 4 6 8
1 2 4 7 8
1 2 5 6 7
1 2 5 6 8
1 2 5 7 8
1 2 6 7 8
1 3 4 5 6
1 3 4 5 7
1 3 4 5 8
1 3 4 6 7
1 3 4 6 8
1 3 4 7 8
1 3 5 6 7
1 3 5 6 8
1 3 5 7 8
1 3 6 7 8
1 4 5 6 7
1 4 5 6 8
1 4 5 7 8
1 4 6 7 8
1 5 6 7 8
2 3 4 5 6
2 3 4 5 7
2 3 4 5 8
2 3 4 6 7
2 3 4 6 8
2 3 4 7 8
2 3 5 6 7
2 3 5 6 8
2 3 5 7 8
2 3 6 7 8
2 4 5 6 7
2 4 5 6 8
2 4 5 7 8
2 4 6 7 8
2 5 6 7 8
3 4 5 6 7
3 4 5 6 8
3 4 5 7 8
3 4 6 7 8
3 5 6 7 8
4 5 6 7 8

Is hamiltonian hermitian? 1
Implicit Hamiltonian constructed
E(core)= 9.189534427600
H(1,1) + E(core) energy = -76.405386979100
Davidson: iter=0 dim=0 root=0 eigenvalue=-85.594921406700
Davidson: iter=1 dim=1 root=0 eigenvalue=-85.596573188687
Davidson: iter=2 dim=2 root=0 eigenvalue=-85.596624973213
Davidson: iter=3 dim=3 root=0 eigenvalue=-85.596625673201
Davidson: iter=4 dim=4 root=0 eigenvalue=-85.596625684278
Davidson: iter=5 dim=5 root=0 eigenvalue=-85.596625684414
Davidson: iter=6 dim=6 root=0 eigenvalue=-85.596625684416
root no. 0 converged
Davidson converged in 6 iterations.
E(core)= 9.189534427600
E(0)= -76.407091256816
FCI Excitation energies = 1
0.000000000000

Vacuum coefficients in CI state 0 = -0.999539406874
Eigenvector 0 in string basis
0: -0.999539406874 seniority 0 ... 5
1 2 3 4 5
 | 5
1 2 3 4 5

Seniority vectors for all roots (nroots/seniority)
1 6
0.999475752626 0.000155437773 -0.999214012436 0.028916865215 1.000000000000 0.000000000000

Calculating transition densities
Root 0 MO occupations numbers (density matrix diagonal)
8
1.999999864653 1.999667504139 1.999383552197 1.999257225384 1.999889833505 0.000675444827 0.000516104872 0.000610470423
Transition densities done:
Trandens between roots 0 0
8 8
1.999999864653 -0.000000795107 0.000000000000 0.000000715074 0.000000000000 -0.000187447057 0.000000000000 0.000211318166
-0.000000795107 1.999667504139 0.000000000000 -0.000067599577 0.000000000000 -0.000339055369 0.000000000000 0.005688161458
0.000000000000 0.000000000000 1.999383552197 0.000000000000 0.000000000000 0.000000000000 -0.001451163878 0.000000000000
0.000000715074 -0.000067599577 0.000000000000 1.999257225384 0.000000000000 -0.004371614555 0.000000000000 -0.005994123771
0.000000000000 0.000000000000 0.000000000000 0.000000000000 1.999889833505 0.000000000000 0.000000000000 0.000000000000
-0.000187447057 -0.000339055369 0.000000000000 -0.004371614555 0.000000000000 0.000675444827 0.000000000000 0.000065815260
0.000000000000 0.000000000000 -0.001451163878 0.000000000000 0.000000000000 0.000000000000 0.000516104872 0.000000000000
0.000211318166 0.005688161458 0.000000000000 -0.005994123771 0.000000000000 0.000065815260 0.000000000000 0.000610470423

State 0 :
Natural orbital occupations
8
1.999999905055 1.999889833505 1.999700676509 1.999384605731 1.999267833378 0.000690946619 0.000551147864 0.000515051337
Natural orbitals (in MO basis)
8 8
0.999999435375 0.000000000003 0.000855638132 0.000000000000 0.000614145445 -0.000040086156 -0.000135471350 0.000000000000
-0.000717585036 0.000000000002 0.980242347243 0.000000000000 -0.197778415304 0.001052940080 -0.002648678989 0.000000000000
0.000000000000 0.000000000000 0.000000000000 -0.999999736467 -0.000000000000 -0.000000000000 0.000000000000 0.000725992478
0.000771341982 0.000000000000 -0.197769305053 0.000000000000 -0.980241260294 -0.003252743746 0.001788374936 -0.000000000000
0.000000000003 -1.000000000000 0.000000000002 -0.000000000000 -0.000000000001 -0.000000000000 -0.000000000000 -0.000000000000
-0.000095316690 -0.000000000000 0.000266268255 -0.000000000000 0.002177700740 -0.905630955876 -0.424061020839 -0.000000000000
-0.000000000000 -0.000000000000 -0.000000000000 0.000725992478 -0.000000000000 -0.000000000000 0.000000000000 0.999999736467
0.000101334193 0.000000000000 0.003382252960 -0.000000000000 0.002377078270 -0.424052922555 0.905627969128 -0.000000000000

