Begin IJ Block
1   1   -33.0258217068
1   2   -0.5831393576
1   4   -0.1856698609
2   2   -7.8674842720
2   4   -0.2223932540
3   3   -6.7427758550
4   4   -6.9006942207
5   5   -7.0415518267

End IJ Block
Begin IA Block
1   1   0.1549612751
1   3   -0.0000000000
1   4   0.1467919006
2   1   0.7393635967
2   3   -0.0000000000
2   4   0.5277006654
3   2   -0.8805512146
3   3   -0.3870798833
3   4   -0.0000000000
4   1   -0.3774596000
4   3   -0.0000000000
4   4   -0.2546356856

End IA Block
Begin AB Block
1   1   -3.0225023662
1   3   0.0000000000
1   4   -0.7461499730
2   2   -2.7133651261
2   3   -0.6832450571
2   4   -0.0000000000
3   3   -3.6010964267
3   4   -0.0000000000
4   4   -3.5567606411

End AB Block
Begin IJAB Block
1   6   1   5   0.0079623012
1   6   1   8   0.0078094492
1   6   2   6   0.0045753141
1   6   2   7   0.0038005505
1   6   3   6   0.0038005505
1   6   3   7   0.0031236806
1   6   4   5   0.0078094492
1   6   4   8   0.0076410106
1   7   1   5   -0.0010940402
1   7   1   8   -0.0008894289
1   7   2   6   -0.0038626060
1   7   2   7   -0.0027229529
1   7   3   6   -0.0031851949
1   7   3   7   -0.0024742018
1   7   4   5   -0.0012122099
1   7   4   8   -0.0011875192
1   8   1   6   -0.0000361621
1   8   1   7   -0.0013745562
1   8   2   5   0.0020758864
1   8   2   8   0.0000085271
1   8   3   5   0.0016128289
1   8   3   8   0.0000283613
1   8   4   6   -0.0003061968
1   8   4   7   -0.0015698251
1   9   1   5   0.0013139484
1   9   1   8   0.0011990737
1   9   2   6   -0.0014404104
1   9   2   7   -0.0031570817
1   9   3   6   -0.0014365575
1   9   3   7   -0.0027565546
1   9   4   5   0.0013482393
1   9   4   8   0.0013262976
2   6   1   5   -0.0010940402
2   6   1   8   -0.0012122099
2   6   2   6   -0.0038626060
2   6   2   7   -0.0031851949
2   6   3   6   -0.0027229529
2   6   3   7   -0.0024742018
2   6   4   5   -0.0008894289
2   6   4   8   -0.0011875192
2   7   1   5   0.0277652994
2   7   1   8   0.0236097738
2   7   2   6   0.0145962991
2   7   2   7   0.0105244237
2   7   3   6   0.0105244237
2   7   3   7   0.0258451077
2   7   4   5   0.0236097738
2   7   4   8   0.0357124401
2   8   1   6   -0.0217985196
2   8   1   7   -0.0092307423
2   8   2   5   -0.0103202592
2   8   2   8   -0.0020596932
2   8   3   5   -0.0082946815
2   8   3   8   -0.0173932582
2   8   4   6   -0.0141652321
2   8   4   7   -0.0164944230
2   9   1   5   -0.0148096116
2   9   1   8   -0.0127805103
2   9   2   6   0.0027528190
2   9   2   7   0.0085988451
2   9   3   6   0.0032818042
2   9   3   7   -0.0032593858
2   9   4   5   -0.0129390813
2   9   4   8   -0.0205448506
3   6   1   6   0.0020758864
3   6   1   7   0.0016128289
3   6   2   5   -0.0000361621
3   6   2   8   -0.0003061968
3   6   3   5   -0.0013745562
3   6   3   8   -0.0015698251
3   6   4   6   0.0000085271
3   6   4   7   0.0000283613
3   7   1   6   -0.0103202592
3   7   1   7   -0.0082946815
3   7   2   5   -0.0217985196
3   7   2   8   -0.0141652321
3   7   3   5   -0.0092307423
3   7   3   8   -0.0164944230
3   7   4   6   -0.0020596932
3   7   4   7   -0.0173932582
3   8   1   5   0.0161612837
3   8   1   8   0.0201955690
3   8   2   6   0.0324249505
3   8   2   7   0.0235497369
3   8   3   6   0.0235497369
3   8   3   7   0.0543849423
3   8   4   5   0.0201955690
3   8   4   8   0.0569944140
3   9   1   6   0.0055545018
3   9   1   7   0.0106095148
3   9   2   5   0.0124487180
3   9   2   8   0.0097454121
3   9   3   5   0.0132626546
3   9   3   8   0.0160355864
3   9   4   6   0.0110698984
3   9   4   7   0.0345426478
4   6   1   5   0.0013139484
4   6   1   8   0.0013482393
4   6   2   6   -0.0014404104
4   6   2   7   -0.0014365575
4   6   3   6   -0.0031570817
4   6   3   7   -0.0027565546
4   6   4   5   0.0011990737
4   6   4   8   0.0013262976
4   7   1   5   -0.0148096116
4   7   1   8   -0.0129390813
4   7   2   6   0.0027528190
4   7   2   7   0.0032818042
4   7   3   6   0.0085988451
4   7   3   7   -0.0032593858
4   7   4   5   -0.0127805103
4   7   4   8   -0.0205448506
4   8   1   6   0.0124487180
4   8   1   7   0.0132626546
4   8   2   5   0.0055545018
4   8   2   8   0.0110698984
4   8   3   5   0.0106095148
4   8   3   8   0.0345426478
4   8   4   6   0.0097454121
4   8   4   7   0.0160355864
4   9   1   5   0.0154007881
4   9   1   8   0.0107262654
4   9   2   6   0.0097631609
4   9   2   7   0.0151565939
4   9   3   6   0.0151565939
4   9   3   7   0.0427325297
4   9   4   5   0.0107262654
4   9   4   8   0.0170665261
5   10   1   5   0.0117707219
5   10   1   8   0.0082669741
5   10   2   6   0.0061786312
5   10   2   7   0.0046873971
5   10   3   6   0.0046873971
5   10   3   7   0.0076095487
5   10   4   5   0.0082669741
5   10   4   8   0.0210494816

End IJAB Block
Begin IJKL Block
1   6   1   6   4.7302669499
1   6   1   7   0.4309578391
1   6   1   9   0.1378026773
1   6   2   6   0.4309578391
1   6   2   7   0.0601556599
1   6   2   9   0.0161352766
1   6   3   8   0.0173584266
1   6   4   6   0.1378026773
1   6   4   7   0.0161352766
1   6   4   9   0.0268302040
1   6   5   10   0.0262775115
1   7   1   6   0.4309578391
1   7   1   7   1.0480607407
1   7   1   9   0.0845234868
1   7   2   6   0.0636834602
1   7   2   7   0.0144972209
1   7   2   9   0.0076307832
1   7   3   8   -0.0231137365
1   7   4   6   0.0163101161
1   7   4   7   0.0145880782
1   7   4   9   -0.0221560300
1   7   5   10   -0.0287029536
1   8   1   8   0.8895923847
1   8   2   8   0.0070362363
1   8   3   6   0.0208631941
1   8   3   7   -0.0237253111
1   8   3   9   -0.0030925851
1   8   4   8   0.0075075740
1   9   1   6   0.1378026773
1   9   1   7   0.0845234868
1   9   1   9   0.9816816845
1   9   2   6   0.0163101161
1   9   2   7   0.0078732534
1   9   2   9   0.0130342518
1   9   3   8   -0.0027730463
1   9   4   6   0.0308428572
1   9   4   7   -0.0226943791
1   9   4   9   -0.0083355472
1   9   5   10   -0.0087255694
1   10   1   10   1.0288112312
1   10   2   10   0.0117021393
1   10   4   10   0.0047634334
1   10   5   6   0.0307119796
1   10   5   7   -0.0289823641
1   10   5   9   -0.0090146027
2   6   1   6   0.4309578391
2   6   1   7   0.0636834602
2   6   1   9   0.0163101161
2   6   2   6   1.0480607407
2   6   2   7   0.0144972209
2   6   2   9   0.0145880782
2   6   3   8   -0.0231137365
2   6   4   6   0.0845234868
2   6   4   7   0.0076307832
2   6   4   9   -0.0221560300
2   6   5   10   -0.0287029536
2   7   1   6   0.0601556599
2   7   1   7   0.0144972209
2   7   1   9   0.0078732534
2   7   2   6   0.0144972209
2   7   2   7   0.7460373153
2   7   2   9   -0.0177433090
2   7   3   8   0.1447710181
2   7   4   6   0.0078732534
2   7   4   7   -0.0177433090
2   7   4   9   0.1157294023
2   7   5   10   0.1185931190
2   8   1   8   0.0070362363
2   8   2   8   0.6754317737
2   8   3   6   -0.0237253111
2   8   3   7   0.1477486439
2   8   3   9   -0.0144801326
2   8   4   8   -0.0123376615
2   9   1   6   0.0161352766
2   9   1   7   0.0076307832
2   9   1   9   0.0130342518
2   9   2   6   0.0145880782
2   9   2   7   -0.0177433090
2   9   2   9   0.6701771009
2   9   3   8   -0.0149024567
2   9   4   6   -0.0226943791
2   9   4   7   0.1193890973
2   9   4   9   0.0636018600
2   9   5   10   0.0273765613
2   10   1   10   0.0117021393
2   10   2   10   0.7000263663
2   10   4   10   0.0325424854
2   10   5   6   -0.0289823641
2   10   5   7   0.1218726490
2   10   5   9   0.0276066218
3   6   1   8   0.0208631941
3   6   2   8   -0.0237253111
3   6   3   6   0.8895923847
3   6   3   7   0.0070362363
3   6   3   9   0.0075075740
3   6   4   8   -0.0030925851
3   7   1   8   -0.0237253111
3   7   2   8   0.1477486439
3   7   3   6   0.0070362363
3   7   3   7   0.6754317737
3   7   3   9   -0.0123376615
3   7   4   8   -0.0144801326
3   8   1   6   0.0173584266
3   8   1   7   -0.0231137365
3   8   1   9   -0.0027730463
3   8   2   6   -0.0231137365
3   8   2   7   0.1447710181
3   8   2   9   -0.0149024567
3   8   3   8   0.6527353479
3   8   4   6   -0.0027730463
3   8   4   7   -0.0149024567
3   8   4   9   0.0330098566
3   8   5   10   0.0234926304
3   9   1   8   -0.0030925851
3   9   2   8   -0.0144801326
3   9   3   6   0.0075075740
3   9   3   7   -0.0123376615
3   9   3   9   0.5978626698
3   9   4   8   0.0375044960
3   10   3   10   0.6117524031
3   10   5   8   0.0281337116
4   6   1   6   0.1378026773
4   6   1   7   0.0163101161
4   6   1   9   0.0308428572
4   6   2   6   0.0845234868
4   6   2   7   0.0078732534
4   6   2   9   -0.0226943791
4   6   3   8   -0.0027730463
4   6   4   6   0.9816816845
4   6   4   7   0.0130342518
4   6   4   9   -0.0083355472
4   6   5   10   -0.0087255694
4   7   1   6   0.0161352766
4   7   1   7   0.0145880782
4   7   1   9   -0.0226943791
4   7   2   6   0.0076307832
4   7   2   7   -0.0177433090
4   7   2   9   0.1193890973
4   7   3   8   -0.0149024567
4   7   4   6   0.0130342518
4   7   4   7   0.6701771009
4   7   4   9   0.0636018600
4   7   5   10   0.0273765613
4   8   1   8   0.0075075740
4   8   2   8   -0.0123376615
4   8   3   6   -0.0030925851
4   8   3   7   -0.0144801326
4   8   3   9   0.0375044960
4   8   4   8   0.5978626698
4   9   1   6   0.0268302040
4   9   1   7   -0.0221560300
4   9   1   9   -0.0083355472
4   9   2   6   -0.0221560300
4   9   2   7   0.1157294023
4   9   2   9   0.0636018600
4   9   3   8   0.0330098566
4   9   4   6   -0.0083355472
4   9   4   7   0.0636018600
4   9   4   9   0.6975284301
4   9   5   10   0.0333271110
4   10   1   10   0.0047634334
4   10   2   10   0.0325424854
4   10   4   10   0.6426858378
4   10   5   6   -0.0090146027
4   10   5   7   0.0276066218
4   10   5   9   0.0382943866
5   6   1   10   0.0307119796
5   6   2   10   -0.0289823641
5   6   4   10   -0.0090146027
5   6   5   6   1.0288112312
5   6   5   7   0.0117021393
5   6   5   9   0.0047634334
5   7   1   10   -0.0289823641
5   7   2   10   0.1218726490
5   7   4   10   0.0276066218
5   7   5   6   0.0117021393
5   7   5   7   0.7000263663
5   7   5   9   0.0325424854
5   8   3   10   0.0281337116
5   8   5   8   0.6117524031
5   9   1   10   -0.0090146027
5   9   2   10   0.0276066218
5   9   4   10   0.0382943866
5   9   5   6   0.0047634334
5   9   5   7   0.0325424854
5   9   5   9   0.6426858378
5   10   1   6   0.0262775115
5   10   1   7   -0.0287029536
5   10   1   9   -0.0087255694
5   10   2   6   -0.0287029536
5   10   2   7   0.1185931190
5   10   2   9   0.0273765613
5   10   3   8   0.0234926304
5   10   4   6   -0.0087255694
5   10   4   7   0.0273765613
5   10   4   9   0.0333271110
5   10   5   10   0.7216419791

End IJKL Block
Begin ABCD Block
1   5   1   5   0.2662831115
1   5   1   8   0.0210220908
1   5   2   6   0.0656745629
1   5   2   7   0.0000160918
1   5   3   6   0.0000160918
1   5   3   7   0.0174509106
1   5   4   5   0.0210220908
1   5   4   8   0.0296164401
1   6   1   6   0.2533277313
1   6   1   7   0.0242202204
1   6   2   5   0.0656745629
1   6   2   8   0.0101162327
1   6   3   5   0.0000160918
1   6   3   8   0.0069709153
1   6   4   6   0.0233081551
1   6   4   7   0.0124711799
1   7   1   6   0.0242202204
1   7   1   7   0.2838496673
1   7   2   5   0.0000160918
1   7   2   8   0.0363022240
1   7   3   5   0.0174509106
1   7   3   8   0.0151764411
1   7   4   6   0.0124711799
1   7   4   7   0.0495284187
1   8   1   5   0.0210220908
1   8   1   8   0.3001217537
1   8   2   6   0.0101162327
1   8   2   7   0.0363022240
1   8   3   6   0.0069709153
1   8   3   7   0.0151764411
1   8   4   5   0.0296164401
1   8   4   8   0.0567521775
2   5   1   6   0.0656745629
2   5   1   7   0.0000160918
2   5   2   5   0.2533277313
2   5   2   8   0.0233081551
2   5   3   5   0.0242202204
2   5   3   8   0.0124711799
2   5   4   6   0.0101162327
2   5   4   7   0.0069709153
2   6   1   5   0.0656745629
2   6   1   8   0.0101162327
2   6   2   6   0.2585412502
2   6   2   7   0.0194238180
2   6   3   6   0.0194238180
2   6   3   7   0.0182590852
2   6   4   5   0.0101162327
2   6   4   8   0.0120435639
2   7   1   5   0.0000160918
2   7   1   8   0.0363022240
2   7   2   6   0.0194238180
2   7   2   7   0.2657637714
2   7   3   6   0.0182590852
2   7   3   7   0.0432181293
2   7   4   5   0.0069709153
2   7   4   8   0.0179572517
2   8   1   6   0.0101162327
2   8   1   7   0.0363022240
2   8   2   5   0.0233081551
2   8   2   8   0.2806818422
2   8   3   5   0.0124711799
2   8   3   8   0.0467993691
2   8   4   6   0.0120435639
2   8   4   7   0.0179572517
3   5   1   6   0.0000160918
3   5   1   7   0.0174509106
3   5   2   5   0.0242202204
3   5   2   8   0.0124711799
3   5   3   5   0.2838496673
3   5   3   8   0.0495284187
3   5   4   6   0.0363022240
3   5   4   7   0.0151764411
3   6   1   5   0.0000160918
3   6   1   8   0.0069709153
3   6   2   6   0.0194238180
3   6   2   7   0.0182590852
3   6   3   6   0.2657637714
3   6   3   7   0.0432181293
3   6   4   5   0.0363022240
3   6   4   8   0.0179572517
3   7   1   5   0.0174509106
3   7   1   8   0.0151764411
3   7   2   6   0.0182590852
3   7   2   7   0.0432181293
3   7   3   6   0.0432181293
3   7   3   7   0.3735488563
3   7   4   5   0.0151764411
3   7   4   8   0.0508452483
3   8   1   6   0.0069709153
3   8   1   7   0.0151764411
3   8   2   5   0.0124711799
3   8   2   8   0.0467993691
3   8   3   5   0.0495284187
3   8   3   8   0.3643120206
3   8   4   6   0.0179572517
3   8   4   7   0.0508452483
4   5   1   5   0.0210220908
4   5   1   8   0.0296164401
4   5   2   6   0.0101162327
4   5   2   7   0.0069709153
4   5   3   6   0.0363022240
4   5   3   7   0.0151764411
4   5   4   5   0.3001217537
4   5   4   8   0.0567521775
4   6   1   6   0.0233081551
4   6   1   7   0.0124711799
4   6   2   5   0.0101162327
4   6   2   8   0.0120435639
4   6   3   5   0.0363022240
4   6   3   8   0.0179572517
4   6   4   6   0.2806818422
4   6   4   7   0.0467993691
4   7   1   6   0.0124711799
4   7   1   7   0.0495284187
4   7   2   5   0.0069709153
4   7   2   8   0.0179572517
4   7   3   5   0.0151764411
4   7   3   8   0.0508452483
4   7   4   6   0.0467993691
4   7   4   7   0.3643120206
4   8   1   5   0.0296164401
4   8   1   8   0.0567521775
4   8   2   6   0.0120435639
4   8   2   7   0.0179572517
4   8   3   6   0.0179572517
4   8   3   7   0.0508452483
4   8   4   5   0.0567521775
4   8   4   8   0.4098455237

End ABCD Block
Begin AIJB Block
1   6   1   5   0.0072884581
1   6   1   8   0.0071380017
1   6   2   5   -0.0006233317
1   6   2   8   -0.0008119013
1   6   3   6   0.0017672528
1   6   3   7   0.0013450574
1   6   4   5   0.0008966369
1   6   4   8   0.0009657115
1   7   1   5   -0.0006233317
1   7   1   8   -0.0005130743
1   7   2   5   0.0239664544
1   7   2   8   0.0211403690
1   7   3   6   -0.0074113977
1   7   3   7   -0.0064793448
1   7   4   5   -0.0129820984
1   7   4   8   -0.0119669450
1   8   1   6   -0.0004515190
1   8   1   7   -0.0016399041
1   8   2   6   -0.0202010438
1   8   2   7   -0.0086251489
1   8   3   5   0.0140742898
1   8   3   8   0.0193611277
1   8   4   6   0.0129030339
1   8   4   7   0.0137975198
1   9   1   5   0.0008966369
1   9   1   8   0.0008488544
1   9   2   5   -0.0129820984
1   9   2   8   -0.0116834849
1   9   3   6   0.0053184636
1   9   3   7   0.0107218579
1   9   4   5   0.0142825585
1   9   4   8   0.0100700659
1   10   5   5   0.0091307955
1   10   5   8   0.0065369912
2   6   1   6   0.0042379112
2   6   1   7   0.0035337790
2   6   2   6   -0.0035094984
2   6   2   7   -0.0029215141
2   6   3   5   -0.0004515190
2   6   3   8   -0.0006180274
2   6   4   6   -0.0013293441
2   6   4   7   -0.0013359607
2   7   1   6   -0.0035094984
2   7   1   7   -0.0024565544
2   7   2   6   0.0119310442
2   7   2   7   0.0089947246
2   7   3   5   -0.0202010438
2   7   3   8   -0.0145495627
2   7   4   6   0.0023629308
2   7   4   7   0.0024404289
2   8   1   5   0.0017672528
2   8   1   8   -0.0001841221
2   8   2   5   -0.0074113977
2   8   2   8   -0.0005209056
2   8   3   6   0.0301255515
2   8   3   7   0.0231762471
2   8   4   5   0.0053184636
2   8   4   8   0.0106611700
2   9   1   6   -0.0013293441
2   9   1   7   -0.0030013373
2   9   2   6   0.0023629308
2   9   2   7   0.0081309770
2   9   3   5   0.0129030339
2   9   3   8   0.0100219564
2   9   4   6   0.0077253491
2   9   4   7   0.0141866972
2   10   5   6   0.0041943298
2   10   5   7   0.0035359073
3   6   1   6   0.0035337790
3   6   1   7   0.0029670501
3   6   2   6   -0.0024565544
3   6   2   7   -0.0022014909
3   6   3   5   -0.0016399041
3   6   3   8   -0.0018210589
3   6   4   6   -0.0030013373
3   6   4   7   -0.0027023521
3   7   1   6   -0.0029215141
3   7   1   7   -0.0022014909
3   7   2   6   0.0089947246
3   7   2   7   0.0235590654
3   7   3   5   -0.0086251489
3   7   3   8   -0.0166078111
3   7   4   6   0.0081309770
3   7   4   7   -0.0029118329
3   8   1   5   0.0013450574
3   8   1   8   -0.0002307610
3   8   2   5   -0.0064793448
3   8   2   8   -0.0159571451
3   8   3   6   0.0231762471
3   8   3   7   0.0541963575
3   8   4   5   0.0107218579
3   8   4   8   0.0349708017
3   9   1   6   -0.0013359607
3   9   1   7   -0.0027023521
3   9   2   6   0.0024404289
3   9   2   7   -0.0029118329
3   9   3   5   0.0137975198
3   9   3   8   0.0164585868
3   9   4   6   0.0141866972
3   9   4   7   0.0426631821
3   10   5   6   0.0035359073
3   10   5   7   0.0073831864
4   6   1   5   0.0071380017
4   6   1   8   0.0070391339
4   6   2   5   -0.0005130743
4   6   2   8   -0.0008103426
4   6   3   6   -0.0001841221
4   6   3   7   -0.0002307610
4   6   4   5   0.0008488544
4   6   4   8   0.0009389534
4   7   1   5   -0.0008119013
4   7   1   8   -0.0008103426
4   7   2   5   0.0211403690
4   7   2   8   0.0331155362
4   7   3   6   -0.0005209056
4   7   3   7   -0.0159571451
4   7   4   5   -0.0116834849
4   7   4   8   -0.0193386137
4   8   1   6   -0.0006180274
4   8   1   7   -0.0018210589
4   8   2   6   -0.0145495627
4   8   2   7   -0.0166078111
4   8   3   5   0.0193611277
4   8   3   8   0.0566567883
4   8   4   6   0.0100219564
4   8   4   7   0.0164585868
4   9   1   5   0.0009657115
4   9   1   8   0.0009389534
4   9   2   5   -0.0119669450
4   9   2   8   -0.0193386137
4   9   3   6   0.0106611700
4   9   3   7   0.0349708017
4   9   4   5   0.0100700659
4   9   4   8   0.0172629608
4   10   5   5   0.0065369912
4   10   5   8   0.0204874984

1   6   6   1   -0.3550800070
1   6   6   4   -0.1143340874
1   6   7   1   -0.0012779922
1   6   7   4   -0.0014689148
1   6   8   2   -0.0039031304
1   6   8   3   -0.0009112869
1   6   9   1   -0.0049449422
1   6   9   4   -0.0037908646
1   7   6   1   -0.0012779922
1   7   6   4   -0.0014630995
1   7   7   1   -0.3264595760
1   7   7   4   -0.0800286965
1   7   8   2   0.0413768626
1   7   8   3   0.0063648954
1   7   9   1   0.0236028099
1   7   9   4   0.0087604554
1   8   6   2   -0.0039196252
1   8   6   3   -0.0009913429
1   8   7   2   0.0413332501
1   8   7   3   0.0064762786
1   8   8   1   -0.3201204776
1   8   8   4   -0.0790653020
1   8   9   2   -0.0126343071
1   8   9   3   -0.0104287726
1   9   6   1   -0.0049449422
1   9   6   4   -0.0037898061
1   9   7   1   0.0236028099
1   9   7   4   0.0087950219
1   9   8   2   -0.0127662466
1   9   8   3   -0.0105585508
1   9   9   1   -0.3065893035
1   9   9   4   -0.0663290382
1   10   10   1   -0.3112640025
1   10   10   4   -0.0678378262
2   6   6   2   -0.3295318535
2   6   6   3   -0.1023389251
2   6   6   4   -0.0000000000
2   6   7   2   -0.0013830290
2   6   7   3   -0.0014045916
2   6   8   1   -0.0039196252
2   6   8   4   -0.0017431953
2   6   9   2   -0.0014230065
2   6   9   3   0.0002022006
2   7   6   2   -0.0013830290
2   7   6   3   -0.0013892702
2   7   7   2   -0.2960924851
2   7   7   3   -0.0696791870
2   7   8   1   0.0413332501
2   7   8   4   0.0165193784
2   7   9   2   0.0102521454
2   7   9   3   0.0000084268
2   8   6   1   -0.0039031304
2   8   6   4   -0.0017897009
2   8   7   1   0.0413768626
2   8   7   4   0.0166423885
2   8   8   2   -0.3001351351
2   8   8   3   -0.0691513362
2   8   9   1   -0.0127662466
2   8   9   4   -0.0078810061
2   9   6   2   -0.0014230065
2   9   6   3   0.0001211399
2   9   7   2   0.0102521454
2   9   7   3   0.0002735096
2   9   8   1   -0.0126343071
2   9   8   4   -0.0079911885
2   9   9   2   -0.2817712199
2   9   9   3   -0.0672385304
2   10   10   2   -0.2836492731
2   10   10   3   -0.0625098862
3   6   6   2   -0.1023389251
3   6   6   3   -0.4572814208
3   6   7   2   -0.0013892702
3   6   7   3   -0.0011690400
3   6   8   1   -0.0009913429
3   6   8   4   -0.0026971512
3   6   9   2   0.0001211399
3   6   9   3   -0.0000887400
3   7   6   2   -0.0014045916
3   7   6   3   -0.0011690400
3   7   7   2   -0.0696791870
3   7   7   3   -0.4295520918
3   7   8   1   0.0064762786
3   7   8   4   0.0454446392
3   7   9   2   0.0002735096
3   7   9   3   0.0083064858
3   8   6   1   -0.0009112869
3   8   6   4   -0.0026621236
3   8   7   1   0.0063648954
3   8   7   4   0.0452764538
3   8   8   2   -0.0691513362
3   8   8   3   -0.4339567669
3   8   9   1   -0.0105585508
3   8   9   4   -0.0253394177
3   9   6   2   0.0002022006
3   9   6   3   -0.0000887400
3   9   7   2   0.0000084268
3   9   7   3   0.0083064858
3   9   8   1   -0.0104287726
3   9   8   4   -0.0258451731
3   9   9   2   -0.0672385304
3   9   9   3   -0.4188519490
3   10   10   2   -0.0625098862
3   10   10   3   -0.4018229683
4   6   6   1   -0.1143340874
4   6   6   2   -0.0000000000
4   6   6   4   -0.4614299542
4   6   7   1   -0.0014630995
4   6   7   4   -0.0009433727
4   6   8   2   -0.0017897009
4   6   8   3   -0.0026621236
4   6   9   1   -0.0037898061
4   6   9   4   -0.0069014457
4   7   6   1   -0.0014689148
4   7   6   4   -0.0009433727
4   7   7   1   -0.0800286965
4   7   7   4   -0.4408045615
4   7   8   2   0.0166423885
4   7   8   3   0.0452764538
4   7   8   4   0.0000000000
4   7   9   1   0.0087950219
4   7   9   4   0.0452821131
4   8   6   2   -0.0017431953
4   8   6   3   -0.0026971512
4   8   7   2   0.0165193784
4   8   7   3   0.0454446392
4   8   7   4   0.0000000000
4   8   8   1   -0.0790653020
4   8   8   4   -0.4468097446
4   8   9   2   -0.0079911885
4   8   9   3   -0.0258451731
4   9   6   1   -0.0037908646
4   9   6   4   -0.0069014457
4   9   7   1   0.0087604554
4   9   7   4   0.0452821131
4   9   8   2   -0.0078810061
4   9   8   3   -0.0253394177
4   9   9   1   -0.0663290382
4   9   9   4   -0.3956388448
4   10   10   1   -0.0678378262
4   10   10   4   -0.4055985303

End AIJB Block
Begin IJKA Block
1   6   1   5   -0.1261370693
1   6   1   7   0.0000000000
1   6   1   8   -0.1197672075
1   6   2   5   -0.0204604218
1   6   2   8   -0.0194791676
1   6   3   6   0.0094167022
1   6   3   7   0.0078549268
1   6   4   5   0.0000555845
1   6   4   8   0.0010516501
1   7   1   5   -0.1493172795
1   7   1   8   -0.1242169735
1   7   2   5   -0.0024411500
1   7   2   8   -0.0026649744
1   7   3   6   -0.0081379214
1   7   3   7   -0.0055499513
1   7   4   5   -0.0077863802
1   7   4   8   -0.0073089954
1   8   1   6   0.1612143859
1   8   1   7   0.0978630777
1   8   1   8   0.0000000000
1   8   2   6   0.0012578124
1   8   2   7   0.0020845648
1   8   3   5   0.0040100461
1   8   3   8   -0.0007127860
1   8   4   6   0.0004089375
1   8   4   7   -0.0045602312
1   9   1   5   0.0663604979
1   9   1   8   0.0551725357
1   9   2   5   -0.0008474734
1   9   2   8   -0.0003852631
1   9   3   6   -0.0029591867
1   9   3   7   -0.0070015748
1   9   4   5   0.0031225947
1   9   4   8   0.0036104905
1   10   5   5   0.0065885601
1   10   5   8   0.0101696033
2   6   1   5   -0.0214527622
2   6   1   8   -0.0202870215
2   6   2   5   -0.0014436293
2   6   2   8   -0.0011078697
2   6   3   6   -0.0107786932
2   6   3   7   -0.0088191851
2   6   4   5   -0.0074983603
2   6   4   8   -0.0078612870
2   7   1   5   -0.0014360173
2   7   1   8   -0.0018213508
2   7   2   5   -0.0849078923
2   7   2   8   -0.0540302943
2   7   3   6   0.0326028408
2   7   3   7   0.0042254400
2   7   4   5   0.0145832518
2   7   4   8   0.0083283734
2   8   1   6   0.0005593790
2   8   1   7   0.0014158074
2   8   2   6   0.0930308787
2   8   2   7   0.0203653839
2   8   3   5   -0.0028996092
2   8   3   8   0.0482070239
2   8   4   6   0.0141371987
2   8   4   7   0.0524258066
2   9   1   5   -0.0009562687
2   9   1   8   -0.0005338542
2   9   2   5   0.0418441179
2   9   2   8   0.0248603674
2   9   3   6   0.0160103493
2   9   3   7   0.0580346691
2   9   4   5   0.0001825837
2   9   4   8   -0.0027358757
2   10   5   5   -0.0182487709
2   10   5   8   -0.0427521897
3   6   1   6   0.0101974059
3   6   1   7   0.0086298464
3   6   2   6   -0.0109225695
3   6   2   7   -0.0089982494
3   6   3   5   -0.0005057134
3   6   3   8   -0.0009100845
3   6   4   6   -0.0017174437
3   6   4   7   -0.0020856151
3   7   1   6   -0.0081325583
3   7   1   7   -0.0057785219
3   7   2   6   0.0318645019
3   7   2   7   0.0041145806
3   7   3   5   -0.0633794831
3   7   3   8   -0.0188382978
3   7   4   6   0.0054620381
3   7   4   7   0.0250132115
3   8   1   5   0.0038137107
3   8   1   8   -0.0004613682
3   8   2   5   -0.0018784849
3   8   2   8   0.0483080085
3   8   3   6   0.0826887976
3   8   3   7   0.0095046225
3   8   4   5   -0.0026307104
3   8   4   8   -0.0168244729
3   9   1   6   -0.0027887213
3   9   1   7   -0.0064213369
3   9   2   6   0.0156301683
3   9   2   7   0.0569112515
3   9   3   5   0.0280260280
3   9   3   8   0.0056075775
3   9   4   6   0.0064130355
3   9   4   7   -0.0019471303
3   10   5   6   0.0088344596
3   10   5   7   0.0088654672
4   6   1   5   0.0002291513
4   6   1   8   0.0013396505
4   6   2   5   -0.0076640837
4   6   2   8   -0.0079887353
4   6   3   6   -0.0016572973
4   6   3   7   -0.0019828930
4   6   4   5   -0.0060081428
4   6   4   8   -0.0059897497
4   7   1   5   -0.0074742105
4   7   1   8   -0.0070545329
4   7   2   5   0.0139957809
4   7   2   8   0.0080259450
4   7   3   6   0.0054541286
4   7   3   7   0.0246688358
4   7   4   5   -0.0595442219
4   7   4   8   -0.0390243524
4   8   1   6   0.0004431125
4   8   1   7   -0.0040104583
4   8   2   6   0.0135221440
4   8   2   7   0.0501164159
4   8   3   5   -0.0025771590
4   8   3   8   -0.0163379989
4   8   4   6   0.0831954250
4   8   4   7   0.0384951824
4   9   1   5   0.0027652966
4   9   1   8   0.0031797567
4   9   2   5   0.0008100474
4   9   2   8   -0.0020183238
4   9   3   6   0.0058997946
4   9   3   7   -0.0023756473
4   9   4   5   0.0412906980
4   9   4   8   0.0246693556
4   10   5   5   0.0004169322
4   10   5   8   -0.0049657748
5   6   5   5   -0.0023062132
5   6   5   8   -0.0016626821
5   7   5   5   -0.0763092108
5   7   5   8   -0.0636502769
5   8   5   6   0.0881134536
5   8   5   7   0.0406204596
5   9   5   5   0.0375774966
5   9   5   8   0.0220394637
5   10   1   5   0.0060374643
5   10   1   8   0.0092476017
5   10   2   5   -0.0171392117
5   10   2   8   -0.0395364080
5   10   3   6   0.0082214460
5   10   3   7   0.0083449194
5   10   4   5   0.0006819983
5   10   4   8   -0.0045852710

End IJKA Block
Begin IABC Block
1   5   1   5   0.0005613567
1   5   1   8   0.0002887117
1   5   2   6   0.0016397371
1   5   2   7   0.0003967027
1   5   3   6   0.0013074864
1   5   3   7   0.0002866394
1   5   4   5   0.0006705362
1   5   4   8   0.0003746538
1   6   1   6   -0.0001266986
1   6   1   7   -0.0004414038
1   6   2   5   0.0016437081
1   6   2   8   0.0007404646
1   6   3   5   0.0013074972
1   6   3   8   0.0005636294
1   6   4   6   -0.0001787215
1   6   4   7   -0.0004975502
1   7   1   6   -0.0004341851
1   7   1   7   -0.0002940054
1   7   2   5   0.0004054500
1   7   2   8   0.0011106206
1   7   3   5   0.0002749723
1   7   3   8   0.0008246215
1   7   4   6   -0.0004934030
1   7   4   7   -0.0003859076
1   8   1   5   0.0002895307
1   8   1   8   0.0010809058
1   8   2   6   0.0007454632
1   8   2   7   0.0011079917
1   8   3   6   0.0005671217
1   8   3   7   0.0008370779
1   8   4   5   0.0003606706
1   8   4   8   0.0011833452
2   5   1   5   -0.0108161146
2   5   1   8   -0.0102393915
2   5   2   6   0.0009143405
2   5   2   7   0.0009439271
2   5   3   6   0.0065095511
2   5   3   7   0.0104288417
2   5   4   5   -0.0049815143
2   5   4   8   0.0018419304
2   6   1   6   -0.0070494807
2   6   1   7   -0.0060546159
2   6   2   5   0.0007929269
2   6   2   8   -0.0000259846
2   6   3   5   0.0064827241
2   6   3   8   0.0053117192
2   6   4   6   0.0016786198
2   6   4   7   -0.0005435728
2   7   1   6   -0.0060620291
2   7   1   7   -0.0136277155
2   7   2   5   0.0009530162
2   7   2   8   0.0016229567
2   7   3   5   0.0111682030
2   7   3   8   0.0207895057
2   7   4   6   -0.0003810375
2   7   4   7   0.0091455923
2   8   1   5   -0.0103205000
2   8   1   8   -0.0177688930
2   8   2   6   0.0000735428
2   8   2   7   0.0017265623
2   8   3   6   0.0056677913
2   8   3   7   0.0206217048
2   8   4   5   0.0024699737
2   8   4   8   0.0104053661
3   5   1   6   -0.0185955397
3   5   1   7   -0.0005069097
3   5   2   5   0.0074346178
3   5   2   8   0.0076847442
3   5   3   5   -0.0136722588
3   5   3   8   -0.0050713769
3   5   4   6   -0.0321272237
3   5   4   7   -0.0076677593
3   6   1   5   -0.0183977900
3   6   1   8   -0.0051927533
3   6   2   6   0.0053485261
3   6   2   7   0.0095961048
3   6   3   6   -0.0091341371
3   6   3   7   -0.0044359974
3   6   4   5   -0.0318994940
3   6   4   8   -0.0158297147
3   7   1   5   -0.0008935180
3   7   1   8   -0.0157037555
3   7   2   6   0.0094395745
3   7   2   7   0.0234026031
3   7   3   6   -0.0055900882
3   7   3   7   -0.0166696527
3   7   4   5   -0.0085223783
3   7   4   8   -0.0446695377
3   8   1   6   -0.0056932340
3   8   1   7   -0.0154570777
3   8   2   5   0.0075230332
3   8   2   8   0.0148877489
3   8   3   5   -0.0054108327
3   8   3   8   -0.0397546052
3   8   4   6   -0.0173395526
3   8   4   7   -0.0445432158
3   8   4   8   -0.0000000000
4   5   1   5   -0.0012409111
4   5   1   8   0.0068163348
4   5   2   6   -0.0121320536
4   5   2   7   -0.0019179743
4   5   3   6   -0.0265245242
4   5   3   7   -0.0035514032
4   5   4   5   0.0010241730
4   5   4   8   -0.0040752449
4   6   1   6   -0.0042067153
4   6   1   7   -0.0006389895
4   6   2   5   -0.0121687451
4   6   2   8   -0.0029304398
4   6   3   5   -0.0263962404
4   6   3   8   -0.0095635350
4   6   4   6   -0.0044249893
4   6   4   7   -0.0017512953
4   7   1   6   -0.0012065697
4   7   1   7   0.0054211004
4   7   2   5   -0.0023388477
4   7   2   8   -0.0092391493
4   7   3   5   -0.0043185049
4   7   3   8   -0.0303580003
4   7   4   6   -0.0021173924
4   7   4   7   -0.0100385761
4   8   1   5   0.0068822950
4   8   1   8   -0.0007764346
4   8   2   6   -0.0032238136
4   8   2   7   -0.0093212223
4   8   3   6   -0.0104438988
4   8   3   7   -0.0304972236
4   8   4   5   -0.0043871850
4   8   4   8   -0.0145072484

End IABC Block
