Begin IJ Block
1   1   -33.0267020102
1   2   -0.5833639984
1   4   0.1847156273
2   2   -7.8702774599
2   3   -0.0000000000
2   4   0.2155680622
3   3   -6.7588073737
3   4   0.0000000000
4   4   -6.8932844632
5   5   -7.0194605317

End IJ Block
Begin IA Block
1   1   0.1364074887
1   3   0.0000000000
2   1   0.6490841466
2   2   0.0000000000
2   3   0.0000000000
3   1   -0.0000000000
3   2   0.7457240203
3   3   0.2821591893
4   1   0.3212535081
4   2   -0.0000000000
4   3   -0.0000000001

End IA Block
Begin AB Block
1   1   -2.7935971021
1   2   -0.0000000000
1   3   0.0000000000
2   2   -2.4324703215
2   3   -0.4673205211
3   3   -3.1863471397

End AB Block
Begin IJAB Block
1   6   1   4   0.0063014650
1   6   2   5   0.0033033583
1   6   2   6   0.0024738708
1   6   3   5   0.0024738708
1   6   3   6   0.0018327579
1   7   1   4   -0.0008727833
1   7   1   6   0.0000000000
1   7   2   5   -0.0027549339
1   7   2   6   -0.0017192268
1   7   3   4   0.0000000000
1   7   3   5   -0.0020219605
1   7   3   6   -0.0014148917
1   8   1   5   -0.0000462819
1   8   1   6   0.0009060136
1   8   2   4   -0.0016333319
1   8   3   4   -0.0011838187
1   8   3   6   -0.0000000000
1   9   1   4   -0.0010869241
1   9   1   6   -0.0000000000
1   9   2   5   0.0009438322
1   9   2   6   0.0020526717
1   9   3   4   0.0000000000
1   9   3   5   0.0008629537
1   9   3   6   0.0015913950
2   6   1   4   -0.0008727833
2   6   1   6   0.0000000000
2   6   2   5   -0.0027549339
2   6   2   6   -0.0020219605
2   6   3   4   0.0000000000
2   6   3   5   -0.0017192268
2   6   3   6   -0.0014148917
2   7   1   4   0.0233617170
2   7   1   6   -0.0000000000
2   7   2   5   0.0108739132
2   7   2   6   0.0070367653
2   7   3   4   -0.0000000000
2   7   3   5   0.0070367653
2   7   3   6   0.0170985467
2   8   1   5   0.0175954868
2   8   1   6   0.0074171463
2   8   2   4   0.0087043569
2   8   3   4   0.0071781061
2   8   3   5   0.0000000000
2   8   3   6   0.0000000000
2   9   1   4   0.0128728301
2   9   1   6   -0.0000000000
2   9   2   5   -0.0019080630
2   9   2   6   -0.0055868542
2   9   3   4   -0.0000000000
2   9   3   5   -0.0020813006
2   9   3   6   0.0023796721
3   6   1   5   -0.0016333319
3   6   1   6   -0.0011838187
3   6   2   4   -0.0000462819
3   6   3   4   0.0009060136
3   6   3   6   -0.0000000000
3   7   1   5   0.0087043569
3   7   1   6   0.0071781061
3   7   2   4   0.0175954868
3   7   2   6   0.0000000000
3   7   3   4   0.0074171463
3   7   3   6   0.0000000000
3   8   1   4   0.0147294980
3   8   1   6   0.0000000000
3   8   2   5   0.0243836318
3   8   2   6   0.0164490076
3   8   3   4   0.0000000000
3   8   3   5   0.0164490076
3   8   3   6   0.0384727567
3   9   1   5   0.0047209404
3   9   1   6   0.0097368408
3   9   2   4   0.0098672172
3   9   2   6   -0.0000000000
3   9   3   4   0.0111027432
3   9   3   5   -0.0000000000
4   6   1   4   -0.0010869241
4   6   1   6   0.0000000000
4   6   2   5   0.0009438322
4   6   2   6   0.0008629537
4   6   3   4   -0.0000000000
4   6   3   5   0.0020526717
4   6   3   6   0.0015913950
4   7   1   4   0.0128728301
4   7   1   6   -0.0000000000
4   7   2   5   -0.0019080630
4   7   2   6   -0.0020813006
4   7   3   4   -0.0000000000
4   7   3   5   -0.0055868542
4   7   3   6   0.0023796721
4   8   1   5   0.0098672172
4   8   1   6   0.0111027432
4   8   2   4   0.0047209404
4   8   2   6   -0.0000000000
4   8   3   4   0.0097368408
4   8   3   5   -0.0000000000
4   9   1   4   0.0135491396
4   9   1   6   -0.0000000000
4   9   2   5   0.0072898494
4   9   2   6   0.0105856395
4   9   3   4   -0.0000000000
4   9   3   5   0.0105856395
4   9   3   6   0.0306935516
5   10   1   4   0.0106252577
5   10   2   5   0.0046308050
5   10   2   6   0.0029291536
5   10   3   5   0.0029291536
5   10   3   6   0.0048695455

End IJAB Block
Begin IJKL Block
1   6   1   6   4.7196042097
1   6   1   7   0.4296672715
1   6   1   9   -0.1363896320
1   6   2   6   0.4296672715
1   6   2   7   0.0600894644
1   6   2   9   -0.0161068856
1   6   3   8   0.0170785356
1   6   4   6   -0.1363896320
1   6   4   7   -0.0161068856
1   6   4   9   0.0264139551
1   6   5   10   0.0258057754
1   7   1   6   0.4296672715
1   7   1   7   1.0482989223
1   7   1   9   -0.0830131453
1   7   2   6   0.0634521858
1   7   2   7   0.0144987249
1   7   2   9   -0.0075589723
1   7   3   8   -0.0231805181
1   7   4   6   -0.0160750537
1   7   4   7   -0.0145415673
1   7   4   9   -0.0221371916
1   7   5   10   -0.0285061354
1   8   1   8   0.8927641916
1   8   2   8   0.0070927079
1   8   3   6   0.0210301958
1   8   3   7   -0.0238494443
1   8   3   9   0.0030242421
1   8   4   8   -0.0075642923
1   9   1   6   -0.1363896320
1   9   1   7   -0.0830131453
1   9   1   9   0.9802129086
1   9   2   6   -0.0160750537
1   9   2   7   -0.0078010972
1   9   2   9   0.0129945476
1   9   3   8   0.0027075542
1   9   4   6   0.0307435132
1   9   4   7   -0.0226772095
1   9   4   9   0.0081950057
1   9   5   10   0.0085918368
1   10   1   10   1.0244177338
1   10   2   10   0.0116384818
1   10   4   10   -0.0047456443
1   10   5   6   0.0305608400
1   10   5   7   -0.0287535939
1   10   5   9   0.0088784318
2   6   1   6   0.4296672715
2   6   1   7   0.0634521858
2   6   1   9   -0.0160750537
2   6   2   6   1.0482989223
2   6   2   7   0.0144987249
2   6   2   9   -0.0145415673
2   6   3   8   -0.0231805181
2   6   4   6   -0.0830131453
2   6   4   7   -0.0075589723
2   6   4   9   -0.0221371916
2   6   5   10   -0.0285061354
2   7   1   6   0.0600894644
2   7   1   7   0.0144987249
2   7   1   9   -0.0078010972
2   7   2   6   0.0144987249
2   7   2   7   0.7445406951
2   7   2   9   0.0176845023
2   7   3   8   0.1429228505
2   7   4   6   -0.0078010972
2   7   4   7   0.0176845023
2   7   4   9   0.1140505717
2   7   5   10   0.1166818784
2   8   1   8   0.0070927079
2   8   2   8   0.6755397067
2   8   3   6   -0.0238494443
2   8   3   7   0.1469689972
2   8   3   9   0.0137815923
2   8   4   8   0.0120085716
2   9   1   6   -0.0161068856
2   9   1   7   -0.0075589723
2   9   1   9   0.0129945476
2   9   2   6   -0.0145415673
2   9   2   7   0.0176845023
2   9   2   9   0.6680956323
2   9   3   8   0.0140772214
2   9   4   6   -0.0226772095
2   9   4   7   0.1179659899
2   9   4   9   -0.0623940088
2   9   5   10   -0.0270351651
2   10   1   10   0.0116384818
2   10   2   10   0.6964660126
2   10   4   10   -0.0312482491
2   10   5   6   -0.0287535939
2   10   5   7   0.1202014448
2   10   5   9   -0.0269877757
3   6   1   8   0.0210301958
3   6   2   8   -0.0238494443
3   6   3   6   0.8927641916
3   6   3   7   0.0070927079
3   6   3   9   -0.0075642923
3   6   4   8   0.0030242421
3   7   1   8   -0.0238494443
3   7   2   8   0.1469689972
3   7   3   6   0.0070927079
3   7   3   7   0.6755397067
3   7   3   9   0.0120085716
3   7   4   8   0.0137815923
3   8   1   6   0.0170785356
3   8   1   7   -0.0231805181
3   8   1   9   0.0027075542
3   8   2   6   -0.0231805181
3   8   2   7   0.1429228505
3   8   2   9   0.0140772214
3   8   3   8   0.6508642237
3   8   4   6   0.0027075542
3   8   4   7   0.0140772214
3   8   4   9   0.0312950838
3   8   5   10   0.0223240440
3   9   1   8   0.0030242421
3   9   2   8   0.0137815923
3   9   3   6   -0.0075642923
3   9   3   7   0.0120085716
3   9   3   9   0.5966919842
3   9   4   8   0.0362626416
3   10   3   10   0.6102068556
3   10   5   8   0.0275358041
4   6   1   6   -0.1363896320
4   6   1   7   -0.0160750537
4   6   1   9   0.0307435132
4   6   2   6   -0.0830131453
4   6   2   7   -0.0078010972
4   6   2   9   -0.0226772095
4   6   3   8   0.0027075542
4   6   4   6   0.9802129086
4   6   4   7   0.0129945476
4   6   4   9   0.0081950057
4   6   5   10   0.0085918368
4   7   1   6   -0.0161068856
4   7   1   7   -0.0145415673
4   7   1   9   -0.0226772095
4   7   2   6   -0.0075589723
4   7   2   7   0.0176845023
4   7   2   9   0.1179659899
4   7   3   8   0.0140772214
4   7   4   6   0.0129945476
4   7   4   7   0.6680956323
4   7   4   9   -0.0623940088
4   7   5   10   -0.0270351651
4   8   1   8   -0.0075642923
4   8   2   8   0.0120085716
4   8   3   6   0.0030242421
4   8   3   7   0.0137815923
4   8   3   9   0.0362626416
4   8   4   8   0.5966919842
4   9   1   6   0.0264139551
4   9   1   7   -0.0221371916
4   9   1   9   0.0081950057
4   9   2   6   -0.0221371916
4   9   2   7   0.1140505717
4   9   2   9   -0.0623940088
4   9   3   8   0.0312950838
4   9   4   6   0.0081950057
4   9   4   7   -0.0623940088
4   9   4   9   0.6923757889
4   9   5   10   0.0321814218
4   10   1   10   -0.0047456443
4   10   2   10   -0.0312482491
4   10   4   10   0.6382655401
4   10   5   6   0.0088784318
4   10   5   7   -0.0269877757
4   10   5   9   0.0372146304
5   6   1   10   0.0305608400
5   6   2   10   -0.0287535939
5   6   4   10   0.0088784318
5   6   5   6   1.0244177338
5   6   5   7   0.0116384818
5   6   5   9   -0.0047456443
5   7   1   10   -0.0287535939
5   7   2   10   0.1202014448
5   7   4   10   -0.0269877757
5   7   5   6   0.0116384818
5   7   5   7   0.6964660126
5   7   5   9   -0.0312482491
5   8   3   10   0.0275358041
5   8   5   8   0.6102068556
5   9   1   10   0.0088784318
5   9   2   10   -0.0269877757
5   9   4   10   0.0372146304
5   9   5   6   -0.0047456443
5   9   5   7   -0.0312482491
5   9   5   9   0.6382655401
5   10   1   6   0.0258057754
5   10   1   7   -0.0285061354
5   10   1   9   0.0085918368
5   10   2   6   -0.0285061354
5   10   2   7   0.1166818784
5   10   2   9   -0.0270351651
5   10   3   8   0.0223240440
5   10   4   6   0.0085918368
5   10   4   7   -0.0270351651
5   10   4   9   0.0321814218
5   10   5   10   0.7137126352

End IJKL Block
Begin ABCD Block
1   4   1   4   0.2446607356
1   4   1   6   -0.0000000000
1   4   2   5   0.0602852562
1   4   2   6   0.0009553141
1   4   3   4   -0.0000000000
1   4   3   5   0.0009553141
1   4   3   6   0.0191148769
1   5   1   5   0.2308623270
1   5   1   6   0.0199255904
1   5   2   4   0.0602852562
1   5   2   6   0.0000000000
1   5   3   4   0.0009553141
1   5   3   5   -0.0000000000
1   5   3   6   -0.0000000000
1   6   1   4   -0.0000000000
1   6   1   5   0.0199255904
1   6   1   6   0.2526832467
1   6   2   4   0.0009553141
1   6   2   5   0.0000000000
1   6   2   6   -0.0000000000
1   6   3   4   0.0191148769
1   6   3   5   -0.0000000000
1   6   3   6   0.0000000000
2   4   1   5   0.0602852562
2   4   1   6   0.0009553141
2   4   2   4   0.2308623270
2   4   2   6   -0.0000000000
2   4   3   4   0.0199255904
2   4   3   5   0.0000000000
2   4   3   6   -0.0000000000
2   5   1   4   0.0602852562
2   5   1   6   0.0000000000
2   5   2   5   0.2356572381
2   5   2   6   0.0157446625
2   5   3   4   0.0000000000
2   5   3   5   0.0157446625
2   5   3   6   0.0147547146
2   6   1   4   0.0009553141
2   6   1   5   0.0000000000
2   6   1   6   -0.0000000000
2   6   2   4   -0.0000000000
2   6   2   5   0.0157446625
2   6   2   6   0.2316726706
2   6   3   4   -0.0000000000
2   6   3   5   0.0147547146
2   6   3   6   0.0229608619
3   4   1   4   -0.0000000000
3   4   1   5   0.0009553141
3   4   1   6   0.0191148769
3   4   2   4   0.0199255904
3   4   2   5   0.0000000000
3   4   2   6   -0.0000000000
3   4   3   4   0.2526832467
3   4   3   5   -0.0000000000
3   4   3   6   0.0000000000
3   5   1   4   0.0009553141
3   5   1   5   -0.0000000000
3   5   1   6   -0.0000000000
3   5   2   4   0.0000000000
3   5   2   5   0.0157446625
3   5   2   6   0.0147547146
3   5   3   4   -0.0000000000
3   5   3   5   0.2316726706
3   5   3   6   0.0229608619
3   6   1   4   0.0191148769
3   6   1   5   -0.0000000000
3   6   1   6   0.0000000000
3   6   2   4   -0.0000000000
3   6   2   5   0.0147547146
3   6   2   6   0.0229608619
3   6   3   4   0.0000000000
3   6   3   5   0.0229608619
3   6   3   6   0.3209327918

End ABCD Block
Begin AIJB Block
1   6   1   4   0.0056657224
1   6   2   4   -0.0004785349
1   6   2   6   0.0000000000
1   6   3   5   -0.0013395257
1   6   3   6   -0.0008908207
1   6   4   4   -0.0007048131
1   7   1   4   -0.0004785349
1   7   1   6   0.0000000000
1   7   2   4   0.0186753521
1   7   2   6   -0.0000000000
1   7   3   5   0.0057300305
1   7   3   6   0.0044457133
1   7   4   4   0.0100548767
1   7   4   6   -0.0000000000
1   8   1   5   0.0002938710
1   8   1   6   0.0011310649
1   8   2   5   0.0152023014
1   8   2   6   0.0057186747
1   8   3   4   0.0110482932
1   8   3   6   0.0000000000
1   8   4   5   0.0094819884
1   8   4   6   0.0105166445
1   9   1   4   -0.0007048131
1   9   1   6   -0.0000000000
1   9   2   4   0.0100548767
1   9   2   6   -0.0000000000
1   9   3   5   0.0038672207
1   9   3   6   0.0084564547
1   9   4   4   0.0114310393
1   9   4   6   -0.0000000000
1   10   5   4   0.0076139926
2   6   1   5   0.0029932422
2   6   1   6   0.0022559691
2   6   2   5   -0.0024910733
2   6   2   6   -0.0018443279
2   6   3   4   0.0002938710
2   6   4   5   0.0008908387
2   6   4   6   0.0008317391
2   7   1   5   -0.0024910733
2   7   1   6   -0.0015341723
2   7   2   5   0.0086123823
2   7   2   6   0.0057820054
2   7   3   4   0.0152023014
2   7   3   6   0.0000000000
2   7   4   5   -0.0014987468
2   7   4   6   -0.0015338521
2   8   1   4   -0.0013395257
2   8   2   4   0.0057300305
2   8   3   5   0.0216427225
2   8   3   6   0.0151462993
2   8   4   4   0.0038672207
2   9   1   5   0.0008908387
2   9   1   6   0.0019997262
2   9   2   5   -0.0014987468
2   9   2   6   -0.0053158315
2   9   3   4   0.0094819884
2   9   3   6   -0.0000000000
2   9   4   5   0.0053311017
2   9   4   6   0.0095761265
2   10   5   5   0.0030835568
2   10   5   6   0.0022051972
3   6   1   5   0.0022559691
3   6   1   6   0.0017160148
3   6   2   4   0.0000000000
3   6   2   5   -0.0015341723
3   6   2   6   -0.0012325390
3   6   3   4   0.0011310649
3   6   3   6   -0.0000000000
3   6   4   4   -0.0000000000
3   6   4   5   0.0019997262
3   6   4   6   0.0016341009
3   7   1   4   0.0000000000
3   7   1   5   -0.0018443279
3   7   1   6   -0.0012325390
3   7   2   4   -0.0000000000
3   7   2   5   0.0057820054
3   7   2   6   0.0151418266
3   7   3   4   0.0057186747
3   7   3   6   0.0000000000
3   7   4   4   -0.0000000000
3   7   4   5   -0.0053158315
3   7   4   6   0.0014832270
3   8   1   4   -0.0008908207
3   8   1   6   -0.0000000000
3   8   2   4   0.0044457133
3   8   2   5   0.0000000000
3   8   2   6   0.0000000000
3   8   3   4   0.0000000000
3   8   3   5   0.0151462993
3   8   3   6   0.0364115018
3   8   4   4   0.0084564547
3   8   4   5   -0.0000000000
3   8   4   6   0.0000000000
3   9   1   5   0.0008317391
3   9   1   6   0.0016341009
3   9   2   4   -0.0000000000
3   9   2   5   -0.0015338521
3   9   2   6   0.0014832270
3   9   3   4   0.0105166445
3   9   3   6   0.0000000000
3   9   4   4   -0.0000000000
3   9   4   5   0.0095761265
3   9   4   6   0.0303242473
3   10   5   5   0.0022051972
3   10   5   6   0.0051610036

1   6   6   1   -0.3208897841
1   6   6   3   0.0000000000
1   6   7   1   -0.0009848836
1   6   8   2   0.0032005027
1   6   8   3   0.0004580970
1   6   9   1   0.0039378709
1   6   9   3   -0.0000000000
1   7   6   1   -0.0009848836
1   7   7   1   -0.2994636871
1   7   7   3   0.0000000000
1   7   8   2   -0.0355304483
1   7   8   3   -0.0040866752
1   7   9   1   -0.0201425353
1   7   9   3   0.0000000000
1   8   6   2   0.0032257288
1   8   6   3   0.0005441346
1   8   7   2   -0.0354388779
1   8   7   3   -0.0043151364
1   8   8   1   -0.2948821689
1   8   8   3   0.0000000000
1   8   9   2   -0.0105429678
1   8   9   3   -0.0097638507
1   9   6   1   0.0039378709
1   9   6   3   -0.0000000000
1   9   7   1   -0.0201425353
1   9   7   3   0.0000000000
1   9   8   2   -0.0106730667
1   9   8   3   -0.0098126997
1   9   9   1   -0.2830044209
1   10   10   1   -0.2868128393
1   10   10   3   0.0000000000
2   6   6   2   -0.2866024137
2   6   6   3   -0.0672994974
2   6   7   2   -0.0009470642
2   6   7   3   -0.0008576964
2   6   8   1   0.0032257288
2   6   9   2   0.0012076143
2   6   9   3   0.0001067487
2   7   6   2   -0.0009470642
2   7   6   3   -0.0008424938
2   7   7   2   -0.2642629445
2   7   7   3   -0.0486943656
2   7   8   1   -0.0354388779
2   7   8   3   -0.0000000000
2   7   9   2   -0.0098183445
2   7   9   3   -0.0040062986
2   8   6   1   0.0032005027
2   8   7   1   -0.0355304483
2   8   7   3   -0.0000000000
2   8   8   2   -0.2682819285
2   8   8   3   -0.0492404360
2   8   9   1   -0.0106730667
2   8   9   3   0.0000000000
2   9   6   2   0.0012076143
2   9   6   3   0.0001674778
2   9   7   2   -0.0098183445
2   9   7   3   -0.0042513437
2   9   8   1   -0.0105429678
2   9   8   3   0.0000000000
2   9   9   2   -0.2522781146
2   9   9   3   -0.0457644199
2   10   10   2   -0.2539383675
2   10   10   3   -0.0422132519
3   6   6   1   0.0000000000
3   6   6   2   -0.0672994974
3   6   6   3   -0.3904995909
3   6   7   2   -0.0008424938
3   6   7   3   -0.0007546364
3   6   8   1   0.0005441346
3   6   9   1   -0.0000000000
3   6   9   2   0.0001674778
3   6   9   3   -0.0003660879
3   7   6   2   -0.0008576964
3   7   6   3   -0.0007546364
3   7   7   1   0.0000000000
3   7   7   2   -0.0486943656
3   7   7   3   -0.3730258204
3   7   8   1   -0.0043151364
3   7   8   2   -0.0000000000
3   7   8   3   0.0000000000
3   7   9   1   0.0000000000
3   7   9   2   -0.0042513437
3   7   9   3   -0.0007697352
3   8   6   1   0.0004580970
3   8   7   1   -0.0040866752
3   8   7   2   -0.0000000000
3   8   7   3   0.0000000000
3   8   8   1   0.0000000000
3   8   8   2   -0.0492404360
3   8   8   3   -0.3769269420
3   8   9   1   -0.0098126997
3   8   9   2   0.0000000000
3   8   9   3   -0.0000000000
3   9   6   1   -0.0000000000
3   9   6   2   0.0001067487
3   9   6   3   -0.0003660879
3   9   7   1   0.0000000000
3   9   7   2   -0.0040062986
3   9   7   3   -0.0007697352
3   9   8   1   -0.0097638507
3   9   8   2   0.0000000000
3   9   8   3   -0.0000000000
3   9   9   2   -0.0457644199
3   9   9   3   -0.3697962256
3   10   10   1   0.0000000000
3   10   10   2   -0.0422132519
3   10   10   3   -0.3546655634

End AIJB Block
Begin IJKA Block
1   6   1   4   -0.1108915015
1   6   1   6   -0.0000000000
1   6   2   4   -0.0180236281
1   6   2   6   -0.0000000000
1   6   3   5   -0.0079773104
1   6   3   6   -0.0060185348
1   6   4   4   -0.0002631582
1   6   4   6   0.0000000000
1   7   1   4   -0.1302691214
1   7   1   5   -0.0000000000
1   7   1   6   -0.0000000000
1   7   2   4   -0.0020280939
1   7   2   6   -0.0000000000
1   7   3   5   0.0069217747
1   7   3   6   0.0041661368
1   7   4   4   0.0066903372
1   7   4   6   -0.0000000000
1   8   1   5   -0.1344231073
1   8   1   6   -0.0714524166
1   8   2   5   -0.0008609970
1   8   2   6   -0.0014105727
1   8   3   4   0.0036240591
1   8   4   5   0.0003347420
1   8   4   6   -0.0038324694
1   9   1   4   -0.0557514642
1   9   1   6   0.0000000000
1   9   2   4   0.0008300462
1   9   2   6   0.0000000000
1   9   3   5   -0.0023673934
1   9   3   6   -0.0055887455
1   9   4   4   0.0027855211
1   9   4   6   0.0000000000
1   10   5   4   0.0057094051
1   10   5   6   0.0000000000
2   6   1   4   -0.0189350315
2   6   1   6   -0.0000000000
2   6   2   4   -0.0012036661
2   6   2   6   -0.0000000000
2   6   3   5   0.0090519899
2   6   3   6   0.0065966549
2   6   4   4   0.0065461248
2   6   4   6   -0.0000000000
2   7   1   4   -0.0011271724
2   7   1   6   -0.0000000000
2   7   2   4   -0.0757681525
2   7   2   6   -0.0000000000
2   7   3   5   -0.0282260607
2   7   3   6   -0.0036938707
2   7   4   4   -0.0132477171
2   7   4   6   0.0000000000
2   8   1   5   -0.0002609179
2   8   1   6   -0.0008305243
2   8   2   5   -0.0803293000
2   8   2   6   -0.0148753700
2   8   3   4   -0.0031570738
2   8   3   6   0.0000000000
2   8   4   5   0.0106830209
2   8   4   6   0.0420567611
2   9   1   4   0.0009425387
2   9   1   6   0.0000000000
2   9   2   4   -0.0366800387
2   9   2   6   0.0000000000
2   9   3   5   0.0123215469
2   9   3   6   0.0467927021
2   9   4   4   -0.0005057909
2   9   4   6   -0.0000000000
2   10   5   4   -0.0155328326
2   10   5   6   -0.0000000000
3   6   1   5   -0.0086876303
3   6   1   6   -0.0068003753
3   6   2   5   0.0092649105
3   6   2   6   0.0069249078
3   6   3   4   -0.0005251257
3   6   3   6   -0.0000000000
3   6   4   5   -0.0014196272
3   6   4   6   -0.0015914714
3   7   1   5   0.0069609492
3   7   1   6   0.0045552804
3   7   2   5   -0.0278037258
3   7   2   6   -0.0045827437
3   7   3   4   -0.0557409071
3   7   3   6   0.0000000000
3   7   4   5   0.0042930052
3   7   4   6   0.0195757703
3   8   1   4   0.0033911084
3   8   2   4   -0.0035310539
3   8   2   6   0.0000000000
3   8   3   5   -0.0725457555
3   8   3   6   -0.0074212150
3   8   4   4   0.0017342149
3   8   4   5   -0.0000000000
3   8   4   6   0.0000000000
3   9   1   5   -0.0022729929
3   9   1   6   -0.0051827314
3   9   2   5   0.0113615870
3   9   2   6   0.0437814553
3   9   3   4   -0.0243672444
3   9   3   6   0.0000000000
3   9   4   5   -0.0061362207
3   9   4   6   0.0001168923
3   10   5   5   -0.0075357964
3   10   5   6   -0.0069266804
4   6   1   4   -0.0005277907
4   6   1   6   0.0000000000
4   6   2   4   0.0067485520
4   6   2   6   -0.0000000000
4   6   3   5   -0.0013597585
4   6   3   6   -0.0015293019
4   6   4   4   -0.0052692131
4   6   4   6   0.0000000000
4   7   1   4   0.0064567914
4   7   1   6   -0.0000000000
4   7   2   4   -0.0132640924
4   7   2   6   0.0000000000
4   7   3   5   0.0044590365
4   7   3   6   0.0197080123
4   7   4   4   -0.0527362739
4   7   4   6   -0.0000000000
4   8   1   5   0.0003340768
4   8   1   6   -0.0033963096
4   8   2   5   0.0098235110
4   8   2   6   0.0392631169
4   8   3   4   0.0021286428
4   8   3   6   0.0000000000
4   8   4   5   -0.0711186483
4   8   4   6   -0.0299458245
4   9   1   4   0.0023899939
4   9   1   6   0.0000000000
4   9   2   4   -0.0005024312
4   9   2   6   -0.0000000000
4   9   3   5   -0.0058657961
4   9   3   6   0.0004767322
4   9   4   4   -0.0359041166
4   9   4   6   0.0000000000
4   10   5   4   -0.0007612216
4   10   5   6   0.0000000000
5   6   5   4   -0.0020385554
5   6   5   6   -0.0000000000
5   7   5   4   -0.0669325657
5   7   5   6   -0.0000000000
5   8   5   5   -0.0746435000
5   8   5   6   -0.0298710749
5   9   5   4   -0.0321596080
5   9   5   6   0.0000000000
5   10   1   4   0.0050763894
5   10   1   6   0.0000000000
5   10   2   4   -0.0149729536
5   10   2   6   -0.0000000000
5   10   3   5   -0.0074695774
5   10   3   6   -0.0068559817
5   10   4   4   -0.0011394657
5   10   4   6   0.0000000000

End IJKA Block
Begin IABC Block
1   4   1   4   0.0004000923
1   4   2   5   0.0011217244
1   4   2   6   0.0001740651
1   4   3   4   -0.0000000000
1   4   3   5   0.0008035498
1   4   3   6   0.0001015823
1   5   1   5   -0.0000361434
1   5   1   6   -0.0001941535
1   5   2   4   0.0011256019
1   5   3   4   0.0008046098
1   6   1   5   -0.0001897324
1   6   1   6   -0.0002240153
1   6   2   4   0.0001799382
1   6   3   4   0.0000921971
2   4   1   4   -0.0076214171
2   4   1   6   0.0000000000
2   4   2   5   0.0009574426
2   4   2   6   0.0011353401
2   4   3   5   0.0044110049
2   4   3   6   0.0087704204
2   5   1   5   -0.0044477887
2   5   1   6   -0.0031321552
2   5   2   4   0.0008307576
2   5   3   4   0.0043126548
2   5   3   6   -0.0000000000
2   6   1   4   0.0000000000
2   6   1   5   -0.0030410757
2   6   1   6   -0.0077398239
2   6   2   4   0.0011860177
2   6   2   6   -0.0000000000
2   6   3   4   0.0094260446
2   6   3   5   -0.0000000000
2   6   3   6   0.0000000000
3   4   1   5   0.0150883195
3   4   1   6   0.0007701440
3   4   2   4   -0.0050454320
3   4   2   6   -0.0000000000
3   4   3   4   0.0112646478
3   4   3   5   0.0000000000
3   4   3   6   -0.0000000000
3   5   1   4   0.0147790421
3   5   1   6   0.0000000000
3   5   2   5   -0.0023524225
3   5   2   6   -0.0041614301
3   5   3   4   0.0000000000
3   5   3   5   0.0084825625
3   5   3   6   0.0071518523
3   6   1   4   0.0011975751
3   6   1   5   0.0000000000
3   6   1   6   -0.0000000000
3   6   2   4   -0.0000000000
3   6   2   5   -0.0039411550
3   6   2   6   -0.0152389324
3   6   3   4   -0.0000000000
3   6   3   5   0.0082058852
3   6   3   6   0.0060258754
4   4   1   4   0.0021250650
4   4   1   6   -0.0000000000
4   4   2   5   0.0090757207
4   4   2   6   0.0021568529
4   4   3   4   0.0000000000
4   4   3   5   0.0211450029
4   4   3   6   0.0014882044
4   5   1   5   0.0044633345
4   5   1   6   0.0029853098
4   5   2   4   0.0090095394
4   5   3   4   0.0208288036
4   5   3   5   0.0000000000
4   5   3   6   0.0000000000
4   6   1   4   -0.0000000000
4   6   1   5   0.0035336476
4   6   1   6   -0.0052760689
4   6   2   4   0.0024666124
4   6   2   6   -0.0000000000
4   6   3   4   0.0021022414
4   6   3   5   0.0000000000
4   6   3   6   -0.0000000000

End IABC Block
