Number of strings: 2002 2002, CI size = 4008004
String addressing array alpha: 5 14
0 495 825 1035 1161 1231 1266 1281 1286 1287 1287 1287 1287 1287
0 0 165 285 369 425 460 480 490 494 495 495 495 495
0 0 0 45 81 109 130 145 155 161 164 165 165 165
0 0 0 0 9 17 24 30 35 39 42 44 45 45
0 0 0 0 0 1 2 3 4 5 6 7 8 9

Alpha strings 2002 5
1 2 3 4 5
1 2 3 4 6
1 2 3 4 7
1 2 3 4 8
1 2 3 4 9
1 2 3 4 10
1 2 3 4 11
1 2 3 4 12
1 2 3 4 13
1 2 3 4 14
1 2 3 5 6
1 2 3 5 7
1 2 3 5 8
1 2 3 5 9
1 2 3 5 10
1 2 3 5 11
1 2 3 5 12
1 2 3 5 13
1 2 3 5 14
1 2 3 6 7
1 2 3 6 8
1 2 3 6 9
1 2 3 6 10
1 2 3 6 11
1 2 3 6 12
1 2 3 6 13
1 2 3 6 14
1 2 3 7 8
1 2 3 7 9
1 2 3 7 10
1 2 3 7 11
1 2 3 7 12
1 2 3 7 13
1 2 3 7 14
1 2 3 8 9
1 2 3 8 10
1 2 3 8 11
1 2 3 8 12
1 2 3 8 13
1 2 3 8 14
1 2 3 9 10
1 2 3 9 11
1 2 3 9 12
1 2 3 9 13
1 2 3 9 14
1 2 3 10 11
1 2 3 10 12
1 2 3 10 13
1 2 3 10 14
1 2 3 11 12
1 2 3 11 13
1 2 3 11 14
1 2 3 12 13
1 2 3 12 14
1 2 3 13 14
1 2 4 5 6
1 2 4 5 7
1 2 4 5 8
1 2 4 5 9
1 2 4 5 10
1 2 4 5 11
1 2 4 5 12
1 2 4 5 13
1 2 4 5 14
1 2 4 6 7
1 2 4 6 8
1 2 4 6 9
1 2 4 6 10
1 2 4 6 11
1 2 4 6 12
1 2 4 6 13
1 2 4 6 14
1 2 4 7 8
1 2 4 7 9
1 2 4 7 10
1 2 4 7 11
1 2 4 7 12
1 2 4 7 13
1 2 4 7 14
1 2 4 8 9
1 2 4 8 10
1 2 4 8 11
1 2 4 8 12
1 2 4 8 13
1 2 4 8 14
1 2 4 9 10
1 2 4 9 11
1 2 4 9 12
1 2 4 9 13
1 2 4 9 14
1 2 4 10 11
1 2 4 10 12
1 2 4 10 13
1 2 4 10 14
1 2 4 11 12
1 2 4 11 13
1 2 4 11 14
1 2 4 12 13
1 2 4 12 14
1 2 4 13 14
1 2 5 6 7
1 2 5 6 8
1 2 5 6 9
1 2 5 6 10
1 2 5 6 11
1 2 5 6 12
1 2 5 6 13
1 2 5 6 14
1 2 5 7 8
1 2 5 7 9
1 2 5 7 10
1 2 5 7 11
1 2 5 7 12
1 2 5 7 13
1 2 5 7 14
1 2 5 8 9
1 2 5 8 10
1 2 5 8 11
1 2 5 8 12
1 2 5 8 13
1 2 5 8 14
1 2 5 9 10
1 2 5 9 11
1 2 5 9 12
1 2 5 9 13
1 2 5 9 14
1 2 5 10 11
1 2 5 10 12
1 2 5 10 13
1 2 5 10 14
1 2 5 11 12
1 2 5 11 13
1 2 5 11 14
1 2 5 12 13
1 2 5 12 14
1 2 5 13 14
1 2 6 7 8
1 2 6 7 9
1 2 6 7 10
1 2 6 7 11
1 2 6 7 12
1 2 6 7 13
1 2 6 7 14
1 2 6 8 9
1 2 6 8 10
1 2 6 8 11
1 2 6 8 12
1 2 6 8 13
1 2 6 8 14
1 2 6 9 10
1 2 6 9 11
1 2 6 9 12
1 2 6 9 13
1 2 6 9 14
1 2 6 10 11
1 2 6 10 12
1 2 6 10 13
1 2 6 10 14
1 2 6 11 12
1 2 6 11 13
1 2 6 11 14
1 2 6 12 13
1 2 6 12 14
1 2 6 13 14
1 2 7 8 9
1 2 7 8 10
1 2 7 8 11
1 2 7 8 12
1 2 7 8 13
1 2 7 8 14
1 2 7 9 10
1 2 7 9 11
1 2 7 9 12
1 2 7 9 13
1 2 7 9 14
1 2 7 10 11
1 2 7 10 12
1 2 7 10 13
1 2 7 10 14
1 2 7 11 12
1 2 7 11 13
1 2 7 11 14
1 2 7 12 13
1 2 7 12 14
1 2 7 13 14
1 2 8 9 10
1 2 8 9 11
1 2 8 9 12
1 2 8 9 13
1 2 8 9 14
1 2 8 10 11
1 2 8 10 12
1 2 8 10 13
1 2 8 10 14
1 2 8 11 12
1 2 8 11 13
1 2 8 11 14
1 2 8 12 13
1 2 8 12 14
1 2 8 13 14
1 2 9 10 11
1 2 9 10 12
1 2 9 10 13
1 2 9 10 14
1 2 9 11 12
1 2 9 11 13
1 2 9 11 14
1 2 9 12 13
1 2 9 12 14
1 2 9 13 14
1 2 10 11 12
1 2 10 11 13
1 2 10 11 14
1 2 10 12 13
1 2 10 12 14
1 2 10 13 14
1 2 11 12 13
1 2 11 12 14
1 2 11 13 14
1 2 12 13 14
1 3 4 5 6
1 3 4 5 7
1 3 4 5 8
1 3 4 5 9
1 3 4 5 10
1 3 4 5 11
1 3 4 5 12
1 3 4 5 13
1 3 4 5 14
1 3 4 6 7
1 3 4 6 8
1 3 4 6 9
1 3 4 6 10
1 3 4 6 11
1 3 4 6 12
1 3 4 6 13
1 3 4 6 14
1 3 4 7 8
1 3 4 7 9
1 3 4 7 10
1 3 4 7 11
1 3 4 7 12
1 3 4 7 13
1 3 4 7 14
1 3 4 8 9
1 3 4 8 10
1 3 4 8 11
1 3 4 8 12
1 3 4 8 13
1 3 4 8 14
1 3 4 9 10
1 3 4 9 11
1 3 4 9 12
1 3 4 9 13
1 3 4 9 14
1 3 4 10 11
1 3 4 10 12
1 3 4 10 13
1 3 4 10 14
1 3 4 11 12
1 3 4 11 13
1 3 4 11 14
1 3 4 12 13
1 3 4 12 14
1 3 4 13 14
1 3 5 6 7
1 3 5 6 8
1 3 5 6 9
1 3 5 6 10
1 3 5 6 11
1 3 5 6 12
1 3 5 6 13
1 3 5 6 14
1 3 5 7 8
1 3 5 7 9
1 3 5 7 10
1 3 5 7 11
1 3 5 7 12
1 3 5 7 13
1 3 5 7 14
1 3 5 8 9
1 3 5 8 10
1 3 5 8 11
1 3 5 8 12
1 3 5 8 13
1 3 5 8 14
1 3 5 9 10
1 3 5 9 11
1 3 5 9 12
1 3 5 9 13
1 3 5 9 14
1 3 5 10 11
1 3 5 10 12
1 3 5 10 13
1 3 5 10 14
1 3 5 11 12
1 3 5 11 13
1 3 5 11 14
1 3 5 12 13
1 3 5 12 14
1 3 5 13 14
1 3 6 7 8
1 3 6 7 9
1 3 6 7 10
1 3 6 7 11
1 3 6 7 12
1 3 6 7 13
1 3 6 7 14
1 3 6 8 9
1 3 6 8 10
1 3 6 8 11
1 3 6 8 12
1 3 6 8 13
1 3 6 8 14
1 3 6 9 10
1 3 6 9 11
1 3 6 9 12
1 3 6 9 13
1 3 6 9 14
1 3 6 10 11
1 3 6 10 12
1 3 6 10 13
1 3 6 10 14
1 3 6 11 12
1 3 6 11 13
1 3 6 11 14
1 3 6 12 13
1 3 6 12 14
1 3 6 13 14
1 3 7 8 9
1 3 7 8 10
1 3 7 8 11
1 3 7 8 12
1 3 7 8 13
1 3 7 8 14
1 3 7 9 10
1 3 7 9 11
1 3 7 9 12
1 3 7 9 13
1 3 7 9 14
1 3 7 10 11
1 3 7 10 12
1 3 7 10 13
1 3 7 10 14
1 3 7 11 12
1 3 7 11 13
1 3 7 11 14
1 3 7 12 13
1 3 7 12 14
1 3 7 13 14
1 3 8 9 10
1 3 8 9 11
1 3 8 9 12
1 3 8 9 13
1 3 8 9 14
1 3 8 10 11
1 3 8 10 12
1 3 8 10 13
1 3 8 10 14
1 3 8 11 12
1 3 8 11 13
1 3 8 11 14
1 3 8 12 13
1 3 8 12 14
1 3 8 13 14
1 3 9 10 11
1 3 9 10 12
1 3 9 10 13
1 3 9 10 14
1 3 9 11 12
1 3 9 11 13
1 3 9 11 14
1 3 9 12 13
1 3 9 12 14
1 3 9 13 14
1 3 10 11 12
1 3 10 11 13
1 3 10 11 14
1 3 10 12 13
1 3 10 12 14
1 3 10 13 14
1 3 11 12 13
1 3 11 12 14
1 3 11 13 14
1 3 12 13 14
1 4 5 6 7
1 4 5 6 8
1 4 5 6 9
1 4 5 6 10
1 4 5 6 11
1 4 5 6 12
1 4 5 6 13
1 4 5 6 14
1 4 5 7 8
1 4 5 7 9
1 4 5 7 10
1 4 5 7 11
1 4 5 7 12
1 4 5 7 13
1 4 5 7 14
1 4 5 8 9
1 4 5 8 10
1 4 5 8 11
1 4 5 8 12
1 4 5 8 13
1 4 5 8 14
1 4 5 9 10
1 4 5 9 11
1 4 5 9 12
1 4 5 9 13
1 4 5 9 14
1 4 5 10 11
1 4 5 10 12
1 4 5 10 13
1 4 5 10 14
1 4 5 11 12
1 4 5 11 13
1 4 5 11 14
1 4 5 12 13
1 4 5 12 14
1 4 5 13 14
1 4 6 7 8
1 4 6 7 9
1 4 6 7 10
1 4 6 7 11
1 4 6 7 12
1 4 6 7 13
1 4 6 7 14
1 4 6 8 9
1 4 6 8 10
1 4 6 8 11
1 4 6 8 12
1 4 6 8 13
1 4 6 8 14
1 4 6 9 10
1 4 6 9 11
1 4 6 9 12
1 4 6 9 13
1 4 6 9 14
1 4 6 10 11
1 4 6 10 12
1 4 6 10 13
1 4 6 10 14
1 4 6 11 12
1 4 6 11 13
1 4 6 11 14
1 4 6 12 13
1 4 6 12 14
1 4 6 13 14
1 4 7 8 9
1 4 7 8 10
1 4 7 8 11
1 4 7 8 12
1 4 7 8 13
1 4 7 8 14
1 4 7 9 10
1 4 7 9 11
1 4 7 9 12
1 4 7 9 13
1 4 7 9 14
1 4 7 10 11
1 4 7 10 12
1 4 7 10 13
1 4 7 10 14
1 4 7 11 12
1 4 7 11 13
1 4 7 11 14
1 4 7 12 13
1 4 7 12 14
1 4 7 13 14
1 4 8 9 10
1 4 8 9 11
1 4 8 9 12
1 4 8 9 13
1 4 8 9 14
1 4 8 10 11
1 4 8 10 12
1 4 8 10 13
1 4 8 10 14
1 4 8 11 12
1 4 8 11 13
1 4 8 11 14
1 4 8 12 13
1 4 8 12 14
1 4 8 13 14
1 4 9 10 11
1 4 9 10 12
1 4 9 10 13
1 4 9 10 14
1 4 9 11 12
1 4 9 11 13
1 4 9 11 14
1 4 9 12 13
1 4 9 12 14
1 4 9 13 14
1 4 10 11 12
1 4 10 11 13
1 4 10 11 14
1 4 10 12 13
1 4 10 12 14
1 4 10 13 14
1 4 11 12 13
1 4 11 12 14
1 4 11 13 14
1 4 12 13 14
1 5 6 7 8
1 5 6 7 9
1 5 6 7 10
1 5 6 7 11
1 5 6 7 12
1 5 6 7 13
1 5 6 7 14
1 5 6 8 9
1 5 6 8 10
1 5 6 8 11
1 5 6 8 12
1 5 6 8 13
1 5 6 8 14
1 5 6 9 10
1 5 6 9 11
1 5 6 9 12
1 5 6 9 13
1 5 6 9 14
1 5 6 10 11
1 5 6 10 12
1 5 6 10 13
1 5 6 10 14
1 5 6 11 12
1 5 6 11 13
1 5 6 11 14
1 5 6 12 13
1 5 6 12 14
1 5 6 13 14
1 5 7 8 9
1 5 7 8 10
1 5 7 8 11
1 5 7 8 12
1 5 7 8 13
1 5 7 8 14
1 5 7 9 10
1 5 7 9 11
1 5 7 9 12
1 5 7 9 13
1 5 7 9 14
1 5 7 10 11
1 5 7 10 12
1 5 7 10 13
1 5 7 10 14
1 5 7 11 12
1 5 7 11 13
1 5 7 11 14
1 5 7 12 13
1 5 7 12 14
1 5 7 13 14
1 5 8 9 10
1 5 8 9 11
1 5 8 9 12
1 5 8 9 13
1 5 8 9 14
1 5 8 10 11
1 5 8 10 12
1 5 8 10 13
1 5 8 10 14
1 5 8 11 12
1 5 8 11 13
1 5 8 11 14
1 5 8 12 13
1 5 8 12 14
1 5 8 13 14
1 5 9 10 11
1 5 9 10 12
1 5 9 10 13
1 5 9 10 14
1 5 9 11 12
1 5 9 11 13
1 5 9 11 14
1 5 9 12 13
1 5 9 12 14
1 5 9 13 14
1 5 10 11 12
1 5 10 11 13
1 5 10 11 14
1 5 10 12 13
1 5 10 12 14
1 5 10 13 14
1 5 11 12 13
1 5 11 12 14
1 5 11 13 14
1 5 12 13 14
1 6 7 8 9
1 6 7 8 10
1 6 7 8 11
1 6 7 8 12
1 6 7 8 13
1 6 7 8 14
1 6 7 9 10
1 6 7 9 11
1 6 7 9 12
1 6 7 9 13
1 6 7 9 14
1 6 7 10 11
1 6 7 10 12
1 6 7 10 13
1 6 7 10 14
1 6 7 11 12
1 6 7 11 13
1 6 7 11 14
1 6 7 12 13
1 6 7 12 14
1 6 7 13 14
1 6 8 9 10
1 6 8 9 11
1 6 8 9 12
1 6 8 9 13
1 6 8 9 14
1 6 8 10 11
1 6 8 10 12
1 6 8 10 13
1 6 8 10 14
1 6 8 11 12
1 6 8 11 13
1 6 8 11 14
1 6 8 12 13
1 6 8 12 14
1 6 8 13 14
1 6 9 10 11
1 6 9 10 12
1 6 9 10 13
1 6 9 10 14
1 6 9 11 12
1 6 9 11 13
1 6 9 11 14
1 6 9 12 13
1 6 9 12 14
1 6 9 13 14
1 6 10 11 12
1 6 10 11 13
1 6 10 11 14
1 6 10 12 13
1 6 10 12 14
1 6 10 13 14
1 6 11 12 13
1 6 11 12 14
1 6 11 13 14
1 6 12 13 14
1 7 8 9 10
1 7 8 9 11
1 7 8 9 12
1 7 8 9 13
1 7 8 9 14
1 7 8 10 11
1 7 8 10 12
1 7 8 10 13
1 7 8 10 14
1 7 8 11 12
1 7 8 11 13
1 7 8 11 14
1 7 8 12 13
1 7 8 12 14
1 7 8 13 14
1 7 9 10 11
1 7 9 10 12
1 7 9 10 13
1 7 9 10 14
1 7 9 11 12
1 7 9 11 13
1 7 9 11 14
1 7 9 12 13
1 7 9 12 14
1 7 9 13 14
1 7 10 11 12
1 7 10 11 13
1 7 10 11 14
1 7 10 12 13
1 7 10 12 14
1 7 10 13 14
1 7 11 12 13
1 7 11 12 14
1 7 11 13 14
1 7 12 13 14
1 8 9 10 11
1 8 9 10 12
1 8 9 10 13
1 8 9 10 14
1 8 9 11 12
1 8 9 11 13
1 8 9 11 14
1 8 9 12 13
1 8 9 12 14
1 8 9 13 14
1 8 10 11 12
1 8 10 11 13
1 8 10 11 14
1 8 10 12 13
1 8 10 12 14
1 8 10 13 14
1 8 11 12 13
1 8 11 12 14
1 8 11 13 14
1 8 12 13 14
1 9 10 11 12
1 9 10 11 13
1 9 10 11 14
1 9 10 12 13
1 9 10 12 14
1 9 10 13 14
1 9 11 12 13
1 9 11 12 14
1 9 11 13 14
1 9 12 13 14
1 10 11 12 13
1 10 11 12 14
1 10 11 13 14
1 10 12 13 14
1 11 12 13 14
2 3 4 5 6
2 3 4 5 7
2 3 4 5 8
2 3 4 5 9
2 3 4 5 10
2 3 4 5 11
2 3 4 5 12
2 3 4 5 13
2 3 4 5 14
2 3 4 6 7
2 3 4 6 8
2 3 4 6 9
2 3 4 6 10
2 3 4 6 11
2 3 4 6 12
2 3 4 6 13
2 3 4 6 14
2 3 4 7 8
2 3 4 7 9
2 3 4 7 10
2 3 4 7 11
2 3 4 7 12
2 3 4 7 13
2 3 4 7 14
2 3 4 8 9
2 3 4 8 10
2 3 4 8 11
2 3 4 8 12
2 3 4 8 13
2 3 4 8 14
2 3 4 9 10
2 3 4 9 11
2 3 4 9 12
2 3 4 9 13
2 3 4 9 14
2 3 4 10 11
2 3 4 10 12
2 3 4 10 13
2 3 4 10 14
2 3 4 11 12
2 3 4 11 13
2 3 4 11 14
2 3 4 12 13
2 3 4 12 14
2 3 4 13 14
2 3 5 6 7
2 3 5 6 8
2 3 5 6 9
2 3 5 6 10
2 3 5 6 11
2 3 5 6 12
2 3 5 6 13
2 3 5 6 14
2 3 5 7 8
2 3 5 7 9
2 3 5 7 10
2 3 5 7 11
2 3 5 7 12
2 3 5 7 13
2 3 5 7 14
2 3 5 8 9
2 3 5 8 10
2 3 5 8 11
2 3 5 8 12
2 3 5 8 13
2 3 5 8 14
2 3 5 9 10
2 3 5 9 11
2 3 5 9 12
2 3 5 9 13
2 3 5 9 14
2 3 5 10 11
2 3 5 10 12
2 3 5 10 13
2 3 5 10 14
2 3 5 11 12
2 3 5 11 13
2 3 5 11 14
2 3 5 12 13
2 3 5 12 14
2 3 5 13 14
2 3 6 7 8
2 3 6 7 9
2 3 6 7 10
2 3 6 7 11
2 3 6 7 12
2 3 6 7 13
2 3 6 7 14
2 3 6 8 9
2 3 6 8 10
2 3 6 8 11
2 3 6 8 12
2 3 6 8 13
2 3 6 8 14
2 3 6 9 10
2 3 6 9 11
2 3 6 9 12
2 3 6 9 13
2 3 6 9 14
2 3 6 10 11
2 3 6 10 12
2 3 6 10 13
2 3 6 10 14
2 3 6 11 12
2 3 6 11 13
2 3 6 11 14
2 3 6 12 13
2 3 6 12 14
2 3 6 13 14
2 3 7 8 9
2 3 7 8 10
2 3 7 8 11
2 3 7 8 12
2 3 7 8 13
2 3 7 8 14
2 3 7 9 10
2 3 7 9 11
2 3 7 9 12
2 3 7 9 13
2 3 7 9 14
2 3 7 10 11
2 3 7 10 12
2 3 7 10 13
2 3 7 10 14
2 3 7 11 12
2 3 7 11 13
2 3 7 11 14
2 3 7 12 13
2 3 7 12 14
2 3 7 13 14
2 3 8 9 10
2 3 8 9 11
2 3 8 9 12
2 3 8 9 13
2 3 8 9 14
2 3 8 10 11
2 3 8 10 12
2 3 8 10 13
2 3 8 10 14
2 3 8 11 12
2 3 8 11 13
2 3 8 11 14
2 3 8 12 13
2 3 8 12 14
2 3 8 13 14
2 3 9 10 11
2 3 9 10 12
2 3 9 10 13
2 3 9 10 14
2 3 9 11 12
2 3 9 11 13
2 3 9 11 14
2 3 9 12 13
2 3 9 12 14
2 3 9 13 14
2 3 10 11 12
2 3 10 11 13
2 3 10 11 14
2 3 10 12 13
2 3 10 12 14
2 3 10 13 14
2 3 11 12 13
2 3 11 12 14
2 3 11 13 14
2 3 12 13 14
2 4 5 6 7
2 4 5 6 8
2 4 5 6 9
2 4 5 6 10
2 4 5 6 11
2 4 5 6 12
2 4 5 6 13
2 4 5 6 14
2 4 5 7 8
2 4 5 7 9
2 4 5 7 10
2 4 5 7 11
2 4 5 7 12
2 4 5 7 13
2 4 5 7 14
2 4 5 8 9
2 4 5 8 10
2 4 5 8 11
2 4 5 8 12
2 4 5 8 13
2 4 5 8 14
2 4 5 9 10
2 4 5 9 11
2 4 5 9 12
2 4 5 9 13
2 4 5 9 14
2 4 5 10 11
2 4 5 10 12
2 4 5 10 13
2 4 5 10 14
2 4 5 11 12
2 4 5 11 13
2 4 5 11 14
2 4 5 12 13
2 4 5 12 14
2 4 5 13 14
2 4 6 7 8
2 4 6 7 9
2 4 6 7 10
2 4 6 7 11
2 4 6 7 12
2 4 6 7 13
2 4 6 7 14
2 4 6 8 9
2 4 6 8 10
2 4 6 8 11
2 4 6 8 12
2 4 6 8 13
2 4 6 8 14
2 4 6 9 10
2 4 6 9 11
2 4 6 9 12
2 4 6 9 13
2 4 6 9 14
2 4 6 10 11
2 4 6 10 12
2 4 6 10 13
2 4 6 10 14
2 4 6 11 12
2 4 6 11 13
2 4 6 11 14
2 4 6 12 13
2 4 6 12 14
2 4 6 13 14
2 4 7 8 9
2 4 7 8 10
2 4 7 8 11
2 4 7 8 12
2 4 7 8 13
2 4 7 8 14
2 4 7 9 10
2 4 7 9 11
2 4 7 9 12
2 4 7 9 13
2 4 7 9 14
2 4 7 10 11
2 4 7 10 12
2 4 7 10 13
2 4 7 10 14
2 4 7 11 12
2 4 7 11 13
2 4 7 11 14
2 4 7 12 13
2 4 7 12 14
2 4 7 13 14
2 4 8 9 10
2 4 8 9 11
2 4 8 9 12
2 4 8 9 13
2 4 8 9 14
2 4 8 10 11
2 4 8 10 12
2 4 8 10 13
2 4 8 10 14
2 4 8 11 12
2 4 8 11 13
2 4 8 11 14
2 4 8 12 13
2 4 8 12 14
2 4 8 13 14
2 4 9 10 11
2 4 9 10 12
2 4 9 10 13
2 4 9 10 14
2 4 9 11 12
2 4 9 11 13
2 4 9 11 14
2 4 9 12 13
2 4 9 12 14
2 4 9 13 14
2 4 10 11 12
2 4 10 11 13
2 4 10 11 14
2 4 10 12 13
2 4 10 12 14
2 4 10 13 14
2 4 11 12 13
2 4 11 12 14
2 4 11 13 14
2 4 12 13 14
2 5 6 7 8
2 5 6 7 9
2 5 6 7 10
2 5 6 7 11
2 5 6 7 12
2 5 6 7 13
2 5 6 7 14
2 5 6 8 9
2 5 6 8 10
2 5 6 8 11
2 5 6 8 12
2 5 6 8 13
2 5 6 8 14
2 5 6 9 10
2 5 6 9 11
2 5 6 9 12
2 5 6 9 13
2 5 6 9 14
2 5 6 10 11
2 5 6 10 12
2 5 6 10 13
2 5 6 10 14
2 5 6 11 12
2 5 6 11 13
2 5 6 11 14
2 5 6 12 13
2 5 6 12 14
2 5 6 13 14
2 5 7 8 9
2 5 7 8 10
2 5 7 8 11
2 5 7 8 12
2 5 7 8 13
2 5 7 8 14
2 5 7 9 10
2 5 7 9 11
2 5 7 9 12
2 5 7 9 13
2 5 7 9 14
2 5 7 10 11
2 5 7 10 12
2 5 7 10 13
2 5 7 10 14
2 5 7 11 12
2 5 7 11 13
2 5 7 11 14
2 5 7 12 13
2 5 7 12 14
2 5 7 13 14
2 5 8 9 10
2 5 8 9 11
2 5 8 9 12
2 5 8 9 13
2 5 8 9 14
2 5 8 10 11
2 5 8 10 12
2 5 8 10 13
2 5 8 10 14
2 5 8 11 12
2 5 8 11 13
2 5 8 11 14
2 5 8 12 13
2 5 8 12 14
2 5 8 13 14
2 5 9 10 11
2 5 9 10 12
2 5 9 10 13
2 5 9 10 14
2 5 9 11 12
2 5 9 11 13
2 5 9 11 14
2 5 9 12 13
2 5 9 12 14
2 5 9 13 14
2 5 10 11 12
2 5 10 11 13
2 5 10 11 14
2 5 10 12 13
2 5 10 12 14
2 5 10 13 14
2 5 11 12 13
2 5 11 12 14
2 5 11 13 14
2 5 12 13 14
2 6 7 8 9
2 6 7 8 10
2 6 7 8 11
2 6 7 8 12
2 6 7 8 13
2 6 7 8 14
2 6 7 9 10
2 6 7 9 11
2 6 7 9 12
2 6 7 9 13
2 6 7 9 14
2 6 7 10 11
2 6 7 10 12
2 6 7 10 13
2 6 7 10 14
2 6 7 11 12
2 6 7 11 13
2 6 7 11 14
2 6 7 12 13
2 6 7 12 14
2 6 7 13 14
2 6 8 9 10
2 6 8 9 11
2 6 8 9 12
2 6 8 9 13
2 6 8 9 14
2 6 8 10 11
2 6 8 10 12
2 6 8 10 13
2 6 8 10 14
2 6 8 11 12
2 6 8 11 13
2 6 8 11 14
2 6 8 12 13
2 6 8 12 14
2 6 8 13 14
2 6 9 10 11
2 6 9 10 12
2 6 9 10 13
2 6 9 10 14
2 6 9 11 12
2 6 9 11 13
2 6 9 11 14
2 6 9 12 13
2 6 9 12 14
2 6 9 13 14
2 6 10 11 12
2 6 10 11 13
2 6 10 11 14
2 6 10 12 13
2 6 10 12 14
2 6 10 13 14
2 6 11 12 13
2 6 11 12 14
2 6 11 13 14
2 6 12 13 14
2 7 8 9 10
2 7 8 9 11
2 7 8 9 12
2 7 8 9 13
2 7 8 9 14
2 7 8 10 11
2 7 8 10 12
2 7 8 10 13
2 7 8 10 14
2 7 8 11 12
2 7 8 11 13
2 7 8 11 14
2 7 8 12 13
2 7 8 12 14
2 7 8 13 14
2 7 9 10 11
2 7 9 10 12
2 7 9 10 13
2 7 9 10 14
2 7 9 11 12
2 7 9 11 13
2 7 9 11 14
2 7 9 12 13
2 7 9 12 14
2 7 9 13 14
2 7 10 11 12
2 7 10 11 13
2 7 10 11 14
2 7 10 12 13
2 7 10 12 14
2 7 10 13 14
2 7 11 12 13
2 7 11 12 14
2 7 11 13 14
2 7 12 13 14
2 8 9 10 11
2 8 9 10 12
2 8 9 10 13
2 8 9 10 14
2 8 9 11 12
2 8 9 11 13
2 8 9 11 14
2 8 9 12 13
2 8 9 12 14
2 8 9 13 14
2 8 10 11 12
2 8 10 11 13
2 8 10 11 14
2 8 10 12 13
2 8 10 12 14
2 8 10 13 14
2 8 11 12 13
2 8 11 12 14
2 8 11 13 14
2 8 12 13 14
2 9 10 11 12
2 9 10 11 13
2 9 10 11 14
2 9 10 12 13
2 9 10 12 14
2 9 10 13 14
2 9 11 12 13
2 9 11 12 14
2 9 11 13 14
2 9 12 13 14
2 10 11 12 13
2 10 11 12 14
2 10 11 13 14
2 10 12 13 14
2 11 12 13 14
3 4 5 6 7
3 4 5 6 8
3 4 5 6 9
3 4 5 6 10
3 4 5 6 11
3 4 5 6 12
3 4 5 6 13
3 4 5 6 14
3 4 5 7 8
3 4 5 7 9
3 4 5 7 10
3 4 5 7 11
3 4 5 7 12
3 4 5 7 13
3 4 5 7 14
3 4 5 8 9
3 4 5 8 10
3 4 5 8 11
3 4 5 8 12
3 4 5 8 13
3 4 5 8 14
3 4 5 9 10
3 4 5 9 11
3 4 5 9 12
3 4 5 9 13
3 4 5 9 14
3 4 5 10 11
3 4 5 10 12
3 4 5 10 13
3 4 5 10 14
3 4 5 11 12
3 4 5 11 13
3 4 5 11 14
3 4 5 12 13
3 4 5 12 14
3 4 5 13 14
3 4 6 7 8
3 4 6 7 9
3 4 6 7 10
3 4 6 7 11
3 4 6 7 12
3 4 6 7 13
3 4 6 7 14
3 4 6 8 9
3 4 6 8 10
3 4 6 8 11
3 4 6 8 12
3 4 6 8 13
3 4 6 8 14
3 4 6 9 10
3 4 6 9 11
3 4 6 9 12
3 4 6 9 13
3 4 6 9 14
3 4 6 10 11
3 4 6 10 12
3 4 6 10 13
3 4 6 10 14
3 4 6 11 12
3 4 6 11 13
3 4 6 11 14
3 4 6 12 13
3 4 6 12 14
3 4 6 13 14
3 4 7 8 9
3 4 7 8 10
3 4 7 8 11
3 4 7 8 12
3 4 7 8 13
3 4 7 8 14
3 4 7 9 10
3 4 7 9 11
3 4 7 9 12
3 4 7 9 13
3 4 7 9 14
3 4 7 10 11
3 4 7 10 12
3 4 7 10 13
3 4 7 10 14
3 4 7 11 12
3 4 7 11 13
3 4 7 11 14
3 4 7 12 13
3 4 7 12 14
3 4 7 13 14
3 4 8 9 10
3 4 8 9 11
3 4 8 9 12
3 4 8 9 13
3 4 8 9 14
3 4 8 10 11
3 4 8 10 12
3 4 8 10 13
3 4 8 10 14
3 4 8 11 12
3 4 8 11 13
3 4 8 11 14
3 4 8 12 13
3 4 8 12 14
3 4 8 13 14
3 4 9 10 11
3 4 9 10 12
3 4 9 10 13
3 4 9 10 14
3 4 9 11 12
3 4 9 11 13
3 4 9 11 14
3 4 9 12 13
3 4 9 12 14
3 4 9 13 14
3 4 10 11 12
3 4 10 11 13
3 4 10 11 14
3 4 10 12 13
3 4 10 12 14
3 4 10 13 14
3 4 11 12 13
3 4 11 12 14
3 4 11 13 14
3 4 12 13 14
3 5 6 7 8
3 5 6 7 9
3 5 6 7 10
3 5 6 7 11
3 5 6 7 12
3 5 6 7 13
3 5 6 7 14
3 5 6 8 9
3 5 6 8 10
3 5 6 8 11
3 5 6 8 12
3 5 6 8 13
3 5 6 8 14
3 5 6 9 10
3 5 6 9 11
3 5 6 9 12
3 5 6 9 13
3 5 6 9 14
3 5 6 10 11
3 5 6 10 12
3 5 6 10 13
3 5 6 10 14
3 5 6 11 12
3 5 6 11 13
3 5 6 11 14
3 5 6 12 13
3 5 6 12 14
3 5 6 13 14
3 5 7 8 9
3 5 7 8 10
3 5 7 8 11
3 5 7 8 12
3 5 7 8 13
3 5 7 8 14
3 5 7 9 10
3 5 7 9 11
3 5 7 9 12
3 5 7 9 13
3 5 7 9 14
3 5 7 10 11
3 5 7 10 12
3 5 7 10 13
3 5 7 10 14
3 5 7 11 12
3 5 7 11 13
3 5 7 11 14
3 5 7 12 13
3 5 7 12 14
3 5 7 13 14
3 5 8 9 10
3 5 8 9 11
3 5 8 9 12
3 5 8 9 13
3 5 8 9 14
3 5 8 10 11
3 5 8 10 12
3 5 8 10 13
3 5 8 10 14
3 5 8 11 12
3 5 8 11 13
3 5 8 11 14
3 5 8 12 13
3 5 8 12 14
3 5 8 13 14
3 5 9 10 11
3 5 9 10 12
3 5 9 10 13
3 5 9 10 14
3 5 9 11 12
3 5 9 11 13
3 5 9 11 14
3 5 9 12 13
3 5 9 12 14
3 5 9 13 14
3 5 10 11 12
3 5 10 11 13
3 5 10 11 14
3 5 10 12 13
3 5 10 12 14
3 5 10 13 14
3 5 11 12 13
3 5 11 12 14
3 5 11 13 14
3 5 12 13 14
3 6 7 8 9
3 6 7 8 10
3 6 7 8 11
3 6 7 8 12
3 6 7 8 13
3 6 7 8 14
3 6 7 9 10
3 6 7 9 11
3 6 7 9 12
3 6 7 9 13
3 6 7 9 14
3 6 7 10 11
3 6 7 10 12
3 6 7 10 13
3 6 7 10 14
3 6 7 11 12
3 6 7 11 13
3 6 7 11 14
3 6 7 12 13
3 6 7 12 14
3 6 7 13 14
3 6 8 9 10
3 6 8 9 11
3 6 8 9 12
3 6 8 9 13
3 6 8 9 14
3 6 8 10 11
3 6 8 10 12
3 6 8 10 13
3 6 8 10 14
3 6 8 11 12
3 6 8 11 13
3 6 8 11 14
3 6 8 12 13
3 6 8 12 14
3 6 8 13 14
3 6 9 10 11
3 6 9 10 12
3 6 9 10 13
3 6 9 10 14
3 6 9 11 12
3 6 9 11 13
3 6 9 11 14
3 6 9 12 13
3 6 9 12 14
3 6 9 13 14
3 6 10 11 12
3 6 10 11 13
3 6 10 11 14
3 6 10 12 13
3 6 10 12 14
3 6 10 13 14
3 6 11 12 13
3 6 11 12 14
3 6 11 13 14
3 6 12 13 14
3 7 8 9 10
3 7 8 9 11
3 7 8 9 12
3 7 8 9 13
3 7 8 9 14
3 7 8 10 11
3 7 8 10 12
3 7 8 10 13
3 7 8 10 14
3 7 8 11 12
3 7 8 11 13
3 7 8 11 14
3 7 8 12 13
3 7 8 12 14
3 7 8 13 14
3 7 9 10 11
3 7 9 10 12
3 7 9 10 13
3 7 9 10 14
3 7 9 11 12
3 7 9 11 13
3 7 9 11 14
3 7 9 12 13
3 7 9 12 14
3 7 9 13 14
3 7 10 11 12
3 7 10 11 13
3 7 10 11 14
3 7 10 12 13
3 7 10 12 14
3 7 10 13 14
3 7 11 12 13
3 7 11 12 14
3 7 11 13 14
3 7 12 13 14
3 8 9 10 11
3 8 9 10 12
3 8 9 10 13
3 8 9 10 14
3 8 9 11 12
3 8 9 11 13
3 8 9 11 14
3 8 9 12 13
3 8 9 12 14
3 8 9 13 14
3 8 10 11 12
3 8 10 11 13
3 8 10 11 14
3 8 10 12 13
3 8 10 12 14
3 8 10 13 14
3 8 11 12 13
3 8 11 12 14
3 8 11 13 14
3 8 12 13 14
3 9 10 11 12
3 9 10 11 13
3 9 10 11 14
3 9 10 12 13
3 9 10 12 14
3 9 10 13 14
3 9 11 12 13
3 9 11 12 14
3 9 11 13 14
3 9 12 13 14
3 10 11 12 13
3 10 11 12 14
3 10 11 13 14
3 10 12 13 14
3 11 12 13 14
4 5 6 7 8
4 5 6 7 9
4 5 6 7 10
4 5 6 7 11
4 5 6 7 12
4 5 6 7 13
4 5 6 7 14
4 5 6 8 9
4 5 6 8 10
4 5 6 8 11
4 5 6 8 12
4 5 6 8 13
4 5 6 8 14
4 5 6 9 10
4 5 6 9 11
4 5 6 9 12
4 5 6 9 13
4 5 6 9 14
4 5 6 10 11
4 5 6 10 12
4 5 6 10 13
4 5 6 10 14
4 5 6 11 12
4 5 6 11 13
4 5 6 11 14
4 5 6 12 13
4 5 6 12 14
4 5 6 13 14
4 5 7 8 9
4 5 7 8 10
4 5 7 8 11
4 5 7 8 12
4 5 7 8 13
4 5 7 8 14
4 5 7 9 10
4 5 7 9 11
4 5 7 9 12
4 5 7 9 13
4 5 7 9 14
4 5 7 10 11
4 5 7 10 12
4 5 7 10 13
4 5 7 10 14
4 5 7 11 12
4 5 7 11 13
4 5 7 11 14
4 5 7 12 13
4 5 7 12 14
4 5 7 13 14
4 5 8 9 10
4 5 8 9 11
4 5 8 9 12
4 5 8 9 13
4 5 8 9 14
4 5 8 10 11
4 5 8 10 12
4 5 8 10 13
4 5 8 10 14
4 5 8 11 12
4 5 8 11 13
4 5 8 11 14
4 5 8 12 13
4 5 8 12 14
4 5 8 13 14
4 5 9 10 11
4 5 9 10 12
4 5 9 10 13
4 5 9 10 14
4 5 9 11 12
4 5 9 11 13
4 5 9 11 14
4 5 9 12 13
4 5 9 12 14
4 5 9 13 14
4 5 10 11 12
4 5 10 11 13
4 5 10 11 14
4 5 10 12 13
4 5 10 12 14
4 5 10 13 14
4 5 11 12 13
4 5 11 12 14
4 5 11 13 14
4 5 12 13 14
4 6 7 8 9
4 6 7 8 10
4 6 7 8 11
4 6 7 8 12
4 6 7 8 13
4 6 7 8 14
4 6 7 9 10
4 6 7 9 11
4 6 7 9 12
4 6 7 9 13
4 6 7 9 14
4 6 7 10 11
4 6 7 10 12
4 6 7 10 13
4 6 7 10 14
4 6 7 11 12
4 6 7 11 13
4 6 7 11 14
4 6 7 12 13
4 6 7 12 14
4 6 7 13 14
4 6 8 9 10
4 6 8 9 11
4 6 8 9 12
4 6 8 9 13
4 6 8 9 14
4 6 8 10 11
4 6 8 10 12
4 6 8 10 13
4 6 8 10 14
4 6 8 11 12
4 6 8 11 13
4 6 8 11 14
4 6 8 12 13
4 6 8 12 14
4 6 8 13 14
4 6 9 10 11
4 6 9 10 12
4 6 9 10 13
4 6 9 10 14
4 6 9 11 12
4 6 9 11 13
4 6 9 11 14
4 6 9 12 13
4 6 9 12 14
4 6 9 13 14
4 6 10 11 12
4 6 10 11 13
4 6 10 11 14
4 6 10 12 13
4 6 10 12 14
4 6 10 13 14
4 6 11 12 13
4 6 11 12 14
4 6 11 13 14
4 6 12 13 14
4 7 8 9 10
4 7 8 9 11
4 7 8 9 12
4 7 8 9 13
4 7 8 9 14
4 7 8 10 11
4 7 8 10 12
4 7 8 10 13
4 7 8 10 14
4 7 8 11 12
4 7 8 11 13
4 7 8 11 14
4 7 8 12 13
4 7 8 12 14
4 7 8 13 14
4 7 9 10 11
4 7 9 10 12
4 7 9 10 13
4 7 9 10 14
4 7 9 11 12
4 7 9 11 13
4 7 9 11 14
4 7 9 12 13
4 7 9 12 14
4 7 9 13 14
4 7 10 11 12
4 7 10 11 13
4 7 10 11 14
4 7 10 12 13
4 7 10 12 14
4 7 10 13 14
4 7 11 12 13
4 7 11 12 14
4 7 11 13 14
4 7 12 13 14
4 8 9 10 11
4 8 9 10 12
4 8 9 10 13
4 8 9 10 14
4 8 9 11 12
4 8 9 11 13
4 8 9 11 14
4 8 9 12 13
4 8 9 12 14
4 8 9 13 14
4 8 10 11 12
4 8 10 11 13
4 8 10 11 14
4 8 10 12 13
4 8 10 12 14
4 8 10 13 14
4 8 11 12 13
4 8 11 12 14
4 8 11 13 14
4 8 12 13 14
4 9 10 11 12
4 9 10 11 13
4 9 10 11 14
4 9 10 12 13
4 9 10 12 14
4 9 10 13 14
4 9 11 12 13
4 9 11 12 14
4 9 11 13 14
4 9 12 13 14
4 10 11 12 13
4 10 11 12 14
4 10 11 13 14
4 10 12 13 14
4 11 12 13 14
5 6 7 8 9
5 6 7 8 10
5 6 7 8 11
5 6 7 8 12
5 6 7 8 13
5 6 7 8 14
5 6 7 9 10
5 6 7 9 11
5 6 7 9 12
5 6 7 9 13
5 6 7 9 14
5 6 7 10 11
5 6 7 10 12
5 6 7 10 13
5 6 7 10 14
5 6 7 11 12
5 6 7 11 13
5 6 7 11 14
5 6 7 12 13
5 6 7 12 14
5 6 7 13 14
5 6 8 9 10
5 6 8 9 11
5 6 8 9 12
5 6 8 9 13
5 6 8 9 14
5 6 8 10 11
5 6 8 10 12
5 6 8 10 13
5 6 8 10 14
5 6 8 11 12
5 6 8 11 13
5 6 8 11 14
5 6 8 12 13
5 6 8 12 14
5 6 8 13 14
5 6 9 10 11
5 6 9 10 12
5 6 9 10 13
5 6 9 10 14
5 6 9 11 12
5 6 9 11 13
5 6 9 11 14
5 6 9 12 13
5 6 9 12 14
5 6 9 13 14
5 6 10 11 12
5 6 10 11 13
5 6 10 11 14
5 6 10 12 13
5 6 10 12 14
5 6 10 13 14
5 6 11 12 13
5 6 11 12 14
5 6 11 13 14
5 6 12 13 14
5 7 8 9 10
5 7 8 9 11
5 7 8 9 12
5 7 8 9 13
5 7 8 9 14
5 7 8 10 11
5 7 8 10 12
5 7 8 10 13
5 7 8 10 14
5 7 8 11 12
5 7 8 11 13
5 7 8 11 14
5 7 8 12 13
5 7 8 12 14
5 7 8 13 14
5 7 9 10 11
5 7 9 10 12
5 7 9 10 13
5 7 9 10 14
5 7 9 11 12
5 7 9 11 13
5 7 9 11 14
5 7 9 12 13
5 7 9 12 14
5 7 9 13 14
5 7 10 11 12
5 7 10 11 13
5 7 10 11 14
5 7 10 12 13
5 7 10 12 14
5 7 10 13 14
5 7 11 12 13
5 7 11 12 14
5 7 11 13 14
5 7 12 13 14
5 8 9 10 11
5 8 9 10 12
5 8 9 10 13
5 8 9 10 14
5 8 9 11 12
5 8 9 11 13
5 8 9 11 14
5 8 9 12 13
5 8 9 12 14
5 8 9 13 14
5 8 10 11 12
5 8 10 11 13
5 8 10 11 14
5 8 10 12 13
5 8 10 12 14
5 8 10 13 14
5 8 11 12 13
5 8 11 12 14
5 8 11 13 14
5 8 12 13 14
5 9 10 11 12
5 9 10 11 13
5 9 10 11 14
5 9 10 12 13
5 9 10 12 14
5 9 10 13 14
5 9 11 12 13
5 9 11 12 14
5 9 11 13 14
5 9 12 13 14
5 10 11 12 13
5 10 11 12 14
5 10 11 13 14
5 10 12 13 14
5 11 12 13 14
6 7 8 9 10
6 7 8 9 11
6 7 8 9 12
6 7 8 9 13
6 7 8 9 14
6 7 8 10 11
6 7 8 10 12
6 7 8 10 13
6 7 8 10 14
6 7 8 11 12
6 7 8 11 13
6 7 8 11 14
6 7 8 12 13
6 7 8 12 14
6 7 8 13 14
6 7 9 10 11
6 7 9 10 12
6 7 9 10 13
6 7 9 10 14
6 7 9 11 12
6 7 9 11 13
6 7 9 11 14
6 7 9 12 13
6 7 9 12 14
6 7 9 13 14
6 7 10 11 12
6 7 10 11 13
6 7 10 11 14
6 7 10 12 13
6 7 10 12 14
6 7 10 13 14
6 7 11 12 13
6 7 11 12 14
6 7 11 13 14
6 7 12 13 14
6 8 9 10 11
6 8 9 10 12
6 8 9 10 13
6 8 9 10 14
6 8 9 11 12
6 8 9 11 13
6 8 9 11 14
6 8 9 12 13
6 8 9 12 14
6 8 9 13 14
6 8 10 11 12
6 8 10 11 13
6 8 10 11 14
6 8 10 12 13
6 8 10 12 14
6 8 10 13 14
6 8 11 12 13
6 8 11 12 14
6 8 11 13 14
6 8 12 13 14
6 9 10 11 12
6 9 10 11 13
6 9 10 11 14
6 9 10 12 13
6 9 10 12 14
6 9 10 13 14
6 9 11 12 13
6 9 11 12 14
6 9 11 13 14
6 9 12 13 14
6 10 11 12 13
6 10 11 12 14
6 10 11 13 14
6 10 12 13 14
6 11 12 13 14
7 8 9 10 11
7 8 9 10 12
7 8 9 10 13
7 8 9 10 14
7 8 9 11 12
7 8 9 11 13
7 8 9 11 14
7 8 9 12 13
7 8 9 12 14
7 8 9 13 14
7 8 10 11 12
7 8 10 11 13
7 8 10 11 14
7 8 10 12 13
7 8 10 12 14
7 8 10 13 14
7 8 11 12 13
7 8 11 12 14
7 8 11 13 14
7 8 12 13 14
7 9 10 11 12
7 9 10 11 13
7 9 10 11 14
7 9 10 12 13
7 9 10 12 14
7 9 10 13 14
7 9 11 12 13
7 9 11 12 14
7 9 11 13 14
7 9 12 13 14
7 10 11 12 13
7 10 11 12 14
7 10 11 13 14
7 10 12 13 14
7 11 12 13 14
8 9 10 11 12
8 9 10 11 13
8 9 10 11 14
8 9 10 12 13
8 9 10 12 14
8 9 10 13 14
8 9 11 12 13
8 9 11 12 14
8 9 11 13 14
8 9 12 13 14
8 10 11 12 13
8 10 11 12 14
8 10 11 13 14
8 10 12 13 14
8 11 12 13 14
9 10 11 12 13
9 10 11 12 14
9 10 11 13 14
9 10 12 13 14
9 11 12 13 14
10 11 12 13 14

Is hamiltonian hermitian? 0
Implicit Hamiltonian constructed
E(core)= 9.189534427600
H(1,1) + E(core) energy = -76.367956840100
Davidson: iter=0 dim=0 root=0 eigenvalue=-85.557491267700
Davidson: iter=1 dim=1 root=0 eigenvalue=-85.584132783511
Davidson: iter=2 dim=2 root=0 eigenvalue=-85.586981595043
Davidson: iter=3 dim=3 root=0 eigenvalue=-85.587082534309
Davidson: iter=4 dim=4 root=0 eigenvalue=-85.587089876326
Davidson: iter=5 dim=5 root=0 eigenvalue=-85.587090218756
Davidson: iter=6 dim=6 root=0 eigenvalue=-85.587090246622
Davidson: iter=7 dim=7 root=0 eigenvalue=-85.587090248365
Davidson: iter=8 dim=8 root=0 eigenvalue=-85.587090248473
Davidson: iter=9 dim=9 root=0 eigenvalue=-85.587090248481
Davidson: iter=10 dim=10 root=0 eigenvalue=-85.587090248482
root no. 0 converged
Davidson converged in 10 iterations.
E(core)= 9.189534427600
E(0)= -76.397555820882
FCI Excitation energies = 1
0.000000000000

Vacuum coefficients in CI state 0 = 0.992148133298
Eigenvector 0 in string basis
0: 0.992148133298 seniority 0 ... 5
1 2 3 4 5
 | 5
1 2 3 4 5

Seniority vectors for all roots (nroots/seniority)
1 6
0.987936610624 0.002842187690 0.009093161202 0.000125196403 0.000002844066 0.000000000018

Calculating transition densities
Root 0 MO occupations numbers (density matrix diagonal)
14
1.999998260163 1.996694473499 1.988865160986 1.990666062409 1.992362933064 0.002720375114 0.002287399785 0.002312101467 0.001872448693 0.006691632810 0.006424303686 0.006862775990 0.001580086703 0.000661985647
Transition densities done:
Trandens between roots 0 0
14 14
1.999998260163 0.000015866113 0.000000000000 0.000010862370 0.000000000000 0.000182675237 0.000000000000 -0.000206362191 0.000000000000 0.000000000000 0.000146672229 0.000000000000 -0.000088514150 0.000000000000
0.000015866113 1.996694473499 0.000000000000 0.002861976148 0.000000000000 -0.000534592574 0.000000000000 -0.005535568939 0.000000000000 0.000000000000 -0.004357328554 0.000000000000 0.002303488218 0.000000000000
0.000000000000 0.000000000000 1.988865160986 0.000000000000 0.000000000000 0.000000000000 -0.002421729537 0.000000000000 0.001270622149 0.000000000000 0.000000000000 0.007897277302 0.000000000000 0.000000000000
0.000010862370 0.002861976148 0.000000000000 1.990666062409 0.000000000000 -0.003471553244 0.000000000000 -0.005610110383 0.000000000000 0.000000000000 -0.001440281457 0.000000000000 0.006605405991 0.000000000000
0.000000000000 0.000000000000 0.000000000000 0.000000000000 1.992362933064 0.000000000000 0.000000000000 0.000000000000 0.000000000000 -0.016186966246 0.000000000000 0.000000000000 0.000000000000 0.000000000000
0.000182675237 -0.000534592574 0.000000000000 -0.003471553244 0.000000000000 0.002720375114 0.000000000000 0.000348372615 0.000000000000 0.000000000000 0.003867913772 0.000000000000 -0.001530632540 0.000000000000
0.000000000000 0.000000000000 -0.002421729537 0.000000000000 0.000000000000 0.000000000000 0.002287399785 0.000000000000 0.001570433295 0.000000000000 0.000000000000 -0.003925218611 0.000000000000 0.000000000000
-0.000206362191 -0.005535568939 0.000000000000 -0.005610110383 0.000000000000 0.000348372615 0.000000000000 0.002312101467 0.000000000000 0.000000000000 0.001340906146 0.000000000000 -0.000944071933 0.000000000000
0.000000000000 0.000000000000 0.001270622149 0.000000000000 0.000000000000 0.000000000000 0.001570433295 0.000000000000 0.001872448693 0.000000000000 0.000000000000 -0.002927115688 0.000000000000 0.000000000000
0.000000000000 0.000000000000 0.000000000000 0.000000000000 -0.016186966246 0.000000000000 0.000000000000 0.000000000000 0.000000000000 0.006691632810 0.000000000000 0.000000000000 0.000000000000 0.000000000000
0.000146672229 -0.004357328554 0.000000000000 -0.001440281457 0.000000000000 0.003867913772 0.000000000000 0.001340906146 0.000000000000 0.000000000000 0.006424303686 0.000000000000 -0.002155249043 0.000000000000
0.000000000000 0.000000000000 0.007897277302 0.000000000000 0.000000000000 0.000000000000 -0.003925218611 0.000000000000 -0.002927115688 0.000000000000 0.000000000000 0.006862775990 0.000000000000 0.000000000000
-0.000088514150 0.002303488218 0.000000000000 0.006605405991 0.000000000000 -0.001530632540 0.000000000000 -0.000944071933 0.000000000000 0.000000000000 -0.002155249043 0.000000000000 0.001580086703 0.000000000000
0.000000000000 0.000000000000 0.000000000000 0.000000000000 0.000000000000 0.000000000000 0.000000000000 0.000000000000 0.000000000000 0.000000000000 0.000000000000 0.000000000000 0.000000000000 0.000661985647

State 0 :
Natural orbital occupations
14
1.999998482015 1.997885549689 1.992494878602 1.989547419311 1.988900412712 0.010384709109 0.009994937880 0.006559687272 0.002202376339 0.000690004202 0.000661985647 0.000588361599 0.000076893607 0.000014302033
Natural orbitals (in MO basis)
14 14
0.999960263630 -0.008905024889 -0.000000000000 0.000381101566 -0.000000000000 -0.000000000000 -0.000097133603 0.000000000000 0.000122471597 -0.000044614535 0.000000000000 0.000000000000 -0.000005436440 0.000000000000
0.008117899838 0.927564866168 0.000000000000 0.373555374776 0.000000000000 0.000000000000 0.002760338887 -0.000000000000 0.002451600963 -0.000404949890 0.000000000000 -0.000000000000 0.000326997052 -0.000000000000
0.000000000000 -0.000000000000 0.000000000000 -0.000000000000 0.999991104217 0.003560489863 -0.000000000000 0.000000000000 0.000000000000 0.000000000000 0.000000000000 0.001889119428 0.000000000000 0.001243232338
0.003679959916 0.373523082002 0.000000000000 -0.927601410332 -0.000000000000 0.000000000000 0.003018689971 0.000000000000 0.002680491637 0.002445330492 0.000000000000 -0.000000000000 -0.000558114311 0.000000000000
-0.000000000000 0.000000000000 -0.999966779447 -0.000000000000 0.000000000000 0.000000000000 -0.000000000000 -0.008151073648 -0.000000000000 -0.000000000000 0.000000000000 -0.000000000000 0.000000000000 0.000000000000
0.000082986231 -0.000906153313 -0.000000000000 0.001522353648 -0.000000000000 0.000000000000 0.492705770751 0.000000000000 -0.298153255939 0.257258194650 0.000000000000 0.000000000000 -0.775990164349 0.000000000000
-0.000000000000 -0.000000000000 0.000000000000 0.000000000000 -0.001226388815 0.461664363240 -0.000000000000 0.000000000000 -0.000000000000 0.000000000000 0.000000000000 0.322808942960 -0.000000000000 -0.826231745958
-0.000136064544 -0.003624952383 -0.000000000000 0.001579516697 0.000000000000 0.000000000000 0.194078554627 -0.000000000000 0.923774162090 -0.164438574927 0.000000000000 0.000000000000 -0.286215152462 0.000000000000
0.000000000000 -0.000000000000 0.000000000000 -0.000000000000 0.000632612005 0.363886785682 -0.000000000000 0.000000000000 0.000000000000 -0.000000000000 0.000000000000 -0.918373821834 -0.000000000000 -0.155484823625
-0.000000000000 -0.000000000000 0.008151073648 -0.000000000000 -0.000000000000 0.000000000000 0.000000000000 -0.999966779447 -0.000000000000 0.000000000000 0.000000000000 -0.000000000000 -0.000000000000 0.000000000000
0.000053261924 -0.002307017972 -0.000000000000 -0.000140142809 0.000000000000 0.000000000000 0.789413738428 0.000000000000 -0.122363659565 -0.450154102446 0.000000000000 -0.000000000000 0.399010054562 -0.000000000000
0.000000000000 -0.000000000000 0.000000000000 -0.000000000000 0.003985882518 -0.808974502585 0.000000000000 -0.000000000000 -0.000000000000 0.000000000000 0.000000000000 -0.228867518320 -0.000000000000 -0.541446235527
-0.000022826490 0.002311507959 0.000000000000 -0.002651078040 0.000000000000 -0.000000000000 -0.310457317984 -0.000000000000 -0.206784568728 -0.839126518945 0.000000000000 0.000000000000 -0.395867034804 0.000000000000
0.000000000000 -0.000000000000 0.000000000000 0.000000000000 0.000000000000 0.000000000000 0.000000000000 0.000000000000 0.000000000000 0.000000000000 1.000000000000 0.000000000000 0.000000000000 0.000000000000

