Number of strings: 4368 4368, CI size = 19079424
String addressing array alpha: 5 16
0 1001 1716 2211 2541 2751 2877 2947 2982 2997 3002 3003 3003 3003 3003 3003
0 0 286 506 671 791 875 931 966 986 996 1000 1001 1001 1001 1001
0 0 0 66 121 166 202 230 251 266 276 282 285 286 286 286
0 0 0 0 11 21 30 38 45 51 56 60 63 65 66 66
0 0 0 0 0 1 2 3 4 5 6 7 8 9 10 11

Alpha strings 4368 5
1 2 3 4 5
1 2 3 4 6
1 2 3 4 7
1 2 3 4 8
1 2 3 4 9
1 2 3 4 10
1 2 3 4 11
1 2 3 4 12
1 2 3 4 13
1 2 3 4 14
1 2 3 4 15
1 2 3 4 16
1 2 3 5 6
1 2 3 5 7
1 2 3 5 8
1 2 3 5 9
1 2 3 5 10
1 2 3 5 11
1 2 3 5 12
1 2 3 5 13
1 2 3 5 14
1 2 3 5 15
1 2 3 5 16
1 2 3 6 7
1 2 3 6 8
1 2 3 6 9
1 2 3 6 10
1 2 3 6 11
1 2 3 6 12
1 2 3 6 13
1 2 3 6 14
1 2 3 6 15
1 2 3 6 16
1 2 3 7 8
1 2 3 7 9
1 2 3 7 10
1 2 3 7 11
1 2 3 7 12
1 2 3 7 13
1 2 3 7 14
1 2 3 7 15
1 2 3 7 16
1 2 3 8 9
1 2 3 8 10
1 2 3 8 11
1 2 3 8 12
1 2 3 8 13
1 2 3 8 14
1 2 3 8 15
1 2 3 8 16
1 2 3 9 10
1 2 3 9 11
1 2 3 9 12
1 2 3 9 13
1 2 3 9 14
1 2 3 9 15
1 2 3 9 16
1 2 3 10 11
1 2 3 10 12
1 2 3 10 13
1 2 3 10 14
1 2 3 10 15
1 2 3 10 16
1 2 3 11 12
1 2 3 11 13
1 2 3 11 14
1 2 3 11 15
1 2 3 11 16
1 2 3 12 13
1 2 3 12 14
1 2 3 12 15
1 2 3 12 16
1 2 3 13 14
1 2 3 13 15
1 2 3 13 16
1 2 3 14 15
1 2 3 14 16
1 2 3 15 16
1 2 4 5 6
1 2 4 5 7
1 2 4 5 8
1 2 4 5 9
1 2 4 5 10
1 2 4 5 11
1 2 4 5 12
1 2 4 5 13
1 2 4 5 14
1 2 4 5 15
1 2 4 5 16
1 2 4 6 7
1 2 4 6 8
1 2 4 6 9
1 2 4 6 10
1 2 4 6 11
1 2 4 6 12
1 2 4 6 13
1 2 4 6 14
1 2 4 6 15
1 2 4 6 16
1 2 4 7 8
1 2 4 7 9
1 2 4 7 10
1 2 4 7 11
1 2 4 7 12
1 2 4 7 13
1 2 4 7 14
1 2 4 7 15
1 2 4 7 16
1 2 4 8 9
1 2 4 8 10
1 2 4 8 11
1 2 4 8 12
1 2 4 8 13
1 2 4 8 14
1 2 4 8 15
1 2 4 8 16
1 2 4 9 10
1 2 4 9 11
1 2 4 9 12
1 2 4 9 13
1 2 4 9 14
1 2 4 9 15
1 2 4 9 16
1 2 4 10 11
1 2 4 10 12
1 2 4 10 13
1 2 4 10 14
1 2 4 10 15
1 2 4 10 16
1 2 4 11 12
1 2 4 11 13
1 2 4 11 14
1 2 4 11 15
1 2 4 11 16
1 2 4 12 13
1 2 4 12 14
1 2 4 12 15
1 2 4 12 16
1 2 4 13 14
1 2 4 13 15
1 2 4 13 16
1 2 4 14 15
1 2 4 14 16
1 2 4 15 16
1 2 5 6 7
1 2 5 6 8
1 2 5 6 9
1 2 5 6 10
1 2 5 6 11
1 2 5 6 12
1 2 5 6 13
1 2 5 6 14
1 2 5 6 15
1 2 5 6 16
1 2 5 7 8
1 2 5 7 9
1 2 5 7 10
1 2 5 7 11
1 2 5 7 12
1 2 5 7 13
1 2 5 7 14
1 2 5 7 15
1 2 5 7 16
1 2 5 8 9
1 2 5 8 10
1 2 5 8 11
1 2 5 8 12
1 2 5 8 13
1 2 5 8 14
1 2 5 8 15
1 2 5 8 16
1 2 5 9 10
1 2 5 9 11
1 2 5 9 12
1 2 5 9 13
1 2 5 9 14
1 2 5 9 15
1 2 5 9 16
1 2 5 10 11
1 2 5 10 12
1 2 5 10 13
1 2 5 10 14
1 2 5 10 15
1 2 5 10 16
1 2 5 11 12
1 2 5 11 13
1 2 5 11 14
1 2 5 11 15
1 2 5 11 16
1 2 5 12 13
1 2 5 12 14
1 2 5 12 15
1 2 5 12 16
1 2 5 13 14
1 2 5 13 15
1 2 5 13 16
1 2 5 14 15
1 2 5 14 16
1 2 5 15 16
1 2 6 7 8
1 2 6 7 9
1 2 6 7 10
1 2 6 7 11
1 2 6 7 12
1 2 6 7 13
1 2 6 7 14
1 2 6 7 15
1 2 6 7 16
1 2 6 8 9
1 2 6 8 10
1 2 6 8 11
1 2 6 8 12
1 2 6 8 13
1 2 6 8 14
1 2 6 8 15
1 2 6 8 16
1 2 6 9 10
1 2 6 9 11
1 2 6 9 12
1 2 6 9 13
1 2 6 9 14
1 2 6 9 15
1 2 6 9 16
1 2 6 10 11
1 2 6 10 12
1 2 6 10 13
1 2 6 10 14
1 2 6 10 15
1 2 6 10 16
1 2 6 11 12
1 2 6 11 13
1 2 6 11 14
1 2 6 11 15
1 2 6 11 16
1 2 6 12 13
1 2 6 12 14
1 2 6 12 15
1 2 6 12 16
1 2 6 13 14
1 2 6 13 15
1 2 6 13 16
1 2 6 14 15
1 2 6 14 16
1 2 6 15 16
1 2 7 8 9
1 2 7 8 10
1 2 7 8 11
1 2 7 8 12
1 2 7 8 13
1 2 7 8 14
1 2 7 8 15
1 2 7 8 16
1 2 7 9 10
1 2 7 9 11
1 2 7 9 12
1 2 7 9 13
1 2 7 9 14
1 2 7 9 15
1 2 7 9 16
1 2 7 10 11
1 2 7 10 12
1 2 7 10 13
1 2 7 10 14
1 2 7 10 15
1 2 7 10 16
1 2 7 11 12
1 2 7 11 13
1 2 7 11 14
1 2 7 11 15
1 2 7 11 16
1 2 7 12 13
1 2 7 12 14
1 2 7 12 15
1 2 7 12 16
1 2 7 13 14
1 2 7 13 15
1 2 7 13 16
1 2 7 14 15
1 2 7 14 16
1 2 7 15 16
1 2 8 9 10
1 2 8 9 11
1 2 8 9 12
1 2 8 9 13
1 2 8 9 14
1 2 8 9 15
1 2 8 9 16
1 2 8 10 11
1 2 8 10 12
1 2 8 10 13
1 2 8 10 14
1 2 8 10 15
1 2 8 10 16
1 2 8 11 12
1 2 8 11 13
1 2 8 11 14
1 2 8 11 15
1 2 8 11 16
1 2 8 12 13
1 2 8 12 14
1 2 8 12 15
1 2 8 12 16
1 2 8 13 14
1 2 8 13 15
1 2 8 13 16
1 2 8 14 15
1 2 8 14 16
1 2 8 15 16
1 2 9 10 11
1 2 9 10 12
1 2 9 10 13
1 2 9 10 14
1 2 9 10 15
1 2 9 10 16
1 2 9 11 12
1 2 9 11 13
1 2 9 11 14
1 2 9 11 15
1 2 9 11 16
1 2 9 12 13
1 2 9 12 14
1 2 9 12 15
1 2 9 12 16
1 2 9 13 14
1 2 9 13 15
1 2 9 13 16
1 2 9 14 15
1 2 9 14 16
1 2 9 15 16
1 2 10 11 12
1 2 10 11 13
1 2 10 11 14
1 2 10 11 15
1 2 10 11 16
1 2 10 12 13
1 2 10 12 14
1 2 10 12 15
1 2 10 12 16
1 2 10 13 14
1 2 10 13 15
1 2 10 13 16
1 2 10 14 15
1 2 10 14 16
1 2 10 15 16
1 2 11 12 13
1 2 11 12 14
1 2 11 12 15
1 2 11 12 16
1 2 11 13 14
1 2 11 13 15
1 2 11 13 16
1 2 11 14 15
1 2 11 14 16
1 2 11 15 16
1 2 12 13 14
1 2 12 13 15
1 2 12 13 16
1 2 12 14 15
1 2 12 14 16
1 2 12 15 16
1 2 13 14 15
1 2 13 14 16
1 2 13 15 16
1 2 14 15 16
1 3 4 5 6
1 3 4 5 7
1 3 4 5 8
1 3 4 5 9
1 3 4 5 10
1 3 4 5 11
1 3 4 5 12
1 3 4 5 13
1 3 4 5 14
1 3 4 5 15
1 3 4 5 16
1 3 4 6 7
1 3 4 6 8
1 3 4 6 9
1 3 4 6 10
1 3 4 6 11
1 3 4 6 12
1 3 4 6 13
1 3 4 6 14
1 3 4 6 15
1 3 4 6 16
1 3 4 7 8
1 3 4 7 9
1 3 4 7 10
1 3 4 7 11
1 3 4 7 12
1 3 4 7 13
1 3 4 7 14
1 3 4 7 15
1 3 4 7 16
1 3 4 8 9
1 3 4 8 10
1 3 4 8 11
1 3 4 8 12
1 3 4 8 13
1 3 4 8 14
1 3 4 8 15
1 3 4 8 16
1 3 4 9 10
1 3 4 9 11
1 3 4 9 12
1 3 4 9 13
1 3 4 9 14
1 3 4 9 15
1 3 4 9 16
1 3 4 10 11
1 3 4 10 12
1 3 4 10 13
1 3 4 10 14
1 3 4 10 15
1 3 4 10 16
1 3 4 11 12
1 3 4 11 13
1 3 4 11 14
1 3 4 11 15
1 3 4 11 16
1 3 4 12 13
1 3 4 12 14
1 3 4 12 15
1 3 4 12 16
1 3 4 13 14
1 3 4 13 15
1 3 4 13 16
1 3 4 14 15
1 3 4 14 16
1 3 4 15 16
1 3 5 6 7
1 3 5 6 8
1 3 5 6 9
1 3 5 6 10
1 3 5 6 11
1 3 5 6 12
1 3 5 6 13
1 3 5 6 14
1 3 5 6 15
1 3 5 6 16
1 3 5 7 8
1 3 5 7 9
1 3 5 7 10
1 3 5 7 11
1 3 5 7 12
1 3 5 7 13
1 3 5 7 14
1 3 5 7 15
1 3 5 7 16
1 3 5 8 9
1 3 5 8 10
1 3 5 8 11
1 3 5 8 12
1 3 5 8 13
1 3 5 8 14
1 3 5 8 15
1 3 5 8 16
1 3 5 9 10
1 3 5 9 11
1 3 5 9 12
1 3 5 9 13
1 3 5 9 14
1 3 5 9 15
1 3 5 9 16
1 3 5 10 11
1 3 5 10 12
1 3 5 10 13
1 3 5 10 14
1 3 5 10 15
1 3 5 10 16
1 3 5 11 12
1 3 5 11 13
1 3 5 11 14
1 3 5 11 15
1 3 5 11 16
1 3 5 12 13
1 3 5 12 14
1 3 5 12 15
1 3 5 12 16
1 3 5 13 14
1 3 5 13 15
1 3 5 13 16
1 3 5 14 15
1 3 5 14 16
1 3 5 15 16
1 3 6 7 8
1 3 6 7 9
1 3 6 7 10
1 3 6 7 11
1 3 6 7 12
1 3 6 7 13
1 3 6 7 14
1 3 6 7 15
1 3 6 7 16
1 3 6 8 9
1 3 6 8 10
1 3 6 8 11
1 3 6 8 12
1 3 6 8 13
1 3 6 8 14
1 3 6 8 15
1 3 6 8 16
1 3 6 9 10
1 3 6 9 11
1 3 6 9 12
1 3 6 9 13
1 3 6 9 14
1 3 6 9 15
1 3 6 9 16
1 3 6 10 11
1 3 6 10 12
1 3 6 10 13
1 3 6 10 14
1 3 6 10 15
1 3 6 10 16
1 3 6 11 12
1 3 6 11 13
1 3 6 11 14
1 3 6 11 15
1 3 6 11 16
1 3 6 12 13
1 3 6 12 14
1 3 6 12 15
1 3 6 12 16
1 3 6 13 14
1 3 6 13 15
1 3 6 13 16
1 3 6 14 15
1 3 6 14 16
1 3 6 15 16
1 3 7 8 9
1 3 7 8 10
1 3 7 8 11
1 3 7 8 12
1 3 7 8 13
1 3 7 8 14
1 3 7 8 15
1 3 7 8 16
1 3 7 9 10
1 3 7 9 11
1 3 7 9 12
1 3 7 9 13
1 3 7 9 14
1 3 7 9 15
1 3 7 9 16
1 3 7 10 11
1 3 7 10 12
1 3 7 10 13
1 3 7 10 14
1 3 7 10 15
1 3 7 10 16
1 3 7 11 12
1 3 7 11 13
1 3 7 11 14
1 3 7 11 15
1 3 7 11 16
1 3 7 12 13
1 3 7 12 14
1 3 7 12 15
1 3 7 12 16
1 3 7 13 14
1 3 7 13 15
1 3 7 13 16
1 3 7 14 15
1 3 7 14 16
1 3 7 15 16
1 3 8 9 10
1 3 8 9 11
1 3 8 9 12
1 3 8 9 13
1 3 8 9 14
1 3 8 9 15
1 3 8 9 16
1 3 8 10 11
1 3 8 10 12
1 3 8 10 13
1 3 8 10 14
1 3 8 10 15
1 3 8 10 16
1 3 8 11 12
1 3 8 11 13
1 3 8 11 14
1 3 8 11 15
1 3 8 11 16
1 3 8 12 13
1 3 8 12 14
1 3 8 12 15
1 3 8 12 16
1 3 8 13 14
1 3 8 13 15
1 3 8 13 16
1 3 8 14 15
1 3 8 14 16
1 3 8 15 16
1 3 9 10 11
1 3 9 10 12
1 3 9 10 13
1 3 9 10 14
1 3 9 10 15
1 3 9 10 16
1 3 9 11 12
1 3 9 11 13
1 3 9 11 14
1 3 9 11 15
1 3 9 11 16
1 3 9 12 13
1 3 9 12 14
1 3 9 12 15
1 3 9 12 16
1 3 9 13 14
1 3 9 13 15
1 3 9 13 16
1 3 9 14 15
1 3 9 14 16
1 3 9 15 16
1 3 10 11 12
1 3 10 11 13
1 3 10 11 14
1 3 10 11 15
1 3 10 11 16
1 3 10 12 13
1 3 10 12 14
1 3 10 12 15
1 3 10 12 16
1 3 10 13 14
1 3 10 13 15
1 3 10 13 16
1 3 10 14 15
1 3 10 14 16
1 3 10 15 16
1 3 11 12 13
1 3 11 12 14
1 3 11 12 15
1 3 11 12 16
1 3 11 13 14
1 3 11 13 15
1 3 11 13 16
1 3 11 14 15
1 3 11 14 16
1 3 11 15 16
1 3 12 13 14
1 3 12 13 15
1 3 12 13 16
1 3 12 14 15
1 3 12 14 16
1 3 12 15 16
1 3 13 14 15
1 3 13 14 16
1 3 13 15 16
1 3 14 15 16
1 4 5 6 7
1 4 5 6 8
1 4 5 6 9
1 4 5 6 10
1 4 5 6 11
1 4 5 6 12
1 4 5 6 13
1 4 5 6 14
1 4 5 6 15
1 4 5 6 16
1 4 5 7 8
1 4 5 7 9
1 4 5 7 10
1 4 5 7 11
1 4 5 7 12
1 4 5 7 13
1 4 5 7 14
1 4 5 7 15
1 4 5 7 16
1 4 5 8 9
1 4 5 8 10
1 4 5 8 11
1 4 5 8 12
1 4 5 8 13
1 4 5 8 14
1 4 5 8 15
1 4 5 8 16
1 4 5 9 10
1 4 5 9 11
1 4 5 9 12
1 4 5 9 13
1 4 5 9 14
1 4 5 9 15
1 4 5 9 16
1 4 5 10 11
1 4 5 10 12
1 4 5 10 13
1 4 5 10 14
1 4 5 10 15
1 4 5 10 16
1 4 5 11 12
1 4 5 11 13
1 4 5 11 14
1 4 5 11 15
1 4 5 11 16
1 4 5 12 13
1 4 5 12 14
1 4 5 12 15
1 4 5 12 16
1 4 5 13 14
1 4 5 13 15
1 4 5 13 16
1 4 5 14 15
1 4 5 14 16
1 4 5 15 16
1 4 6 7 8
1 4 6 7 9
1 4 6 7 10
1 4 6 7 11
1 4 6 7 12
1 4 6 7 13
1 4 6 7 14
1 4 6 7 15
1 4 6 7 16
1 4 6 8 9
1 4 6 8 10
1 4 6 8 11
1 4 6 8 12
1 4 6 8 13
1 4 6 8 14
1 4 6 8 15
1 4 6 8 16
1 4 6 9 10
1 4 6 9 11
1 4 6 9 12
1 4 6 9 13
1 4 6 9 14
1 4 6 9 15
1 4 6 9 16
1 4 6 10 11
1 4 6 10 12
1 4 6 10 13
1 4 6 10 14
1 4 6 10 15
1 4 6 10 16
1 4 6 11 12
1 4 6 11 13
1 4 6 11 14
1 4 6 11 15
1 4 6 11 16
1 4 6 12 13
1 4 6 12 14
1 4 6 12 15
1 4 6 12 16
1 4 6 13 14
1 4 6 13 15
1 4 6 13 16
1 4 6 14 15
1 4 6 14 16
1 4 6 15 16
1 4 7 8 9
1 4 7 8 10
1 4 7 8 11
1 4 7 8 12
1 4 7 8 13
1 4 7 8 14
1 4 7 8 15
1 4 7 8 16
1 4 7 9 10
1 4 7 9 11
1 4 7 9 12
1 4 7 9 13
1 4 7 9 14
1 4 7 9 15
1 4 7 9 16
1 4 7 10 11
1 4 7 10 12
1 4 7 10 13
1 4 7 10 14
1 4 7 10 15
1 4 7 10 16
1 4 7 11 12
1 4 7 11 13
1 4 7 11 14
1 4 7 11 15
1 4 7 11 16
1 4 7 12 13
1 4 7 12 14
1 4 7 12 15
1 4 7 12 16
1 4 7 13 14
1 4 7 13 15
1 4 7 13 16
1 4 7 14 15
1 4 7 14 16
1 4 7 15 16
1 4 8 9 10
1 4 8 9 11
1 4 8 9 12
1 4 8 9 13
1 4 8 9 14
1 4 8 9 15
1 4 8 9 16
1 4 8 10 11
1 4 8 10 12
1 4 8 10 13
1 4 8 10 14
1 4 8 10 15
1 4 8 10 16
1 4 8 11 12
1 4 8 11 13
1 4 8 11 14
1 4 8 11 15
1 4 8 11 16
1 4 8 12 13
1 4 8 12 14
1 4 8 12 15
1 4 8 12 16
1 4 8 13 14
1 4 8 13 15
1 4 8 13 16
1 4 8 14 15
1 4 8 14 16
1 4 8 15 16
1 4 9 10 11
1 4 9 10 12
1 4 9 10 13
1 4 9 10 14
1 4 9 10 15
1 4 9 10 16
1 4 9 11 12
1 4 9 11 13
1 4 9 11 14
1 4 9 11 15
1 4 9 11 16
1 4 9 12 13
1 4 9 12 14
1 4 9 12 15
1 4 9 12 16
1 4 9 13 14
1 4 9 13 15
1 4 9 13 16
1 4 9 14 15
1 4 9 14 16
1 4 9 15 16
1 4 10 11 12
1 4 10 11 13
1 4 10 11 14
1 4 10 11 15
1 4 10 11 16
1 4 10 12 13
1 4 10 12 14
1 4 10 12 15
1 4 10 12 16
1 4 10 13 14
1 4 10 13 15
1 4 10 13 16
1 4 10 14 15
1 4 10 14 16
1 4 10 15 16
1 4 11 12 13
1 4 11 12 14
1 4 11 12 15
1 4 11 12 16
1 4 11 13 14
1 4 11 13 15
1 4 11 13 16
1 4 11 14 15
1 4 11 14 16
1 4 11 15 16
1 4 12 13 14
1 4 12 13 15
1 4 12 13 16
1 4 12 14 15
1 4 12 14 16
1 4 12 15 16
1 4 13 14 15
1 4 13 14 16
1 4 13 15 16
1 4 14 15 16
1 5 6 7 8
1 5 6 7 9
1 5 6 7 10
1 5 6 7 11
1 5 6 7 12
1 5 6 7 13
1 5 6 7 14
1 5 6 7 15
1 5 6 7 16
1 5 6 8 9
1 5 6 8 10
1 5 6 8 11
1 5 6 8 12
1 5 6 8 13
1 5 6 8 14
1 5 6 8 15
1 5 6 8 16
1 5 6 9 10
1 5 6 9 11
1 5 6 9 12
1 5 6 9 13
1 5 6 9 14
1 5 6 9 15
1 5 6 9 16
1 5 6 10 11
1 5 6 10 12
1 5 6 10 13
1 5 6 10 14
1 5 6 10 15
1 5 6 10 16
1 5 6 11 12
1 5 6 11 13
1 5 6 11 14
1 5 6 11 15
1 5 6 11 16
1 5 6 12 13
1 5 6 12 14
1 5 6 12 15
1 5 6 12 16
1 5 6 13 14
1 5 6 13 15
1 5 6 13 16
1 5 6 14 15
1 5 6 14 16
1 5 6 15 16
1 5 7 8 9
1 5 7 8 10
1 5 7 8 11
1 5 7 8 12
1 5 7 8 13
1 5 7 8 14
1 5 7 8 15
1 5 7 8 16
1 5 7 9 10
1 5 7 9 11
1 5 7 9 12
1 5 7 9 13
1 5 7 9 14
1 5 7 9 15
1 5 7 9 16
1 5 7 10 11
1 5 7 10 12
1 5 7 10 13
1 5 7 10 14
1 5 7 10 15
1 5 7 10 16
1 5 7 11 12
1 5 7 11 13
1 5 7 11 14
1 5 7 11 15
1 5 7 11 16
1 5 7 12 13
1 5 7 12 14
1 5 7 12 15
1 5 7 12 16
1 5 7 13 14
1 5 7 13 15
1 5 7 13 16
1 5 7 14 15
1 5 7 14 16
1 5 7 15 16
1 5 8 9 10
1 5 8 9 11
1 5 8 9 12
1 5 8 9 13
1 5 8 9 14
1 5 8 9 15
1 5 8 9 16
1 5 8 10 11
1 5 8 10 12
1 5 8 10 13
1 5 8 10 14
1 5 8 10 15
1 5 8 10 16
1 5 8 11 12
1 5 8 11 13
1 5 8 11 14
1 5 8 11 15
1 5 8 11 16
1 5 8 12 13
1 5 8 12 14
1 5 8 12 15
1 5 8 12 16
1 5 8 13 14
1 5 8 13 15
1 5 8 13 16
1 5 8 14 15
1 5 8 14 16
1 5 8 15 16
1 5 9 10 11
1 5 9 10 12
1 5 9 10 13
1 5 9 10 14
1 5 9 10 15
1 5 9 10 16
1 5 9 11 12
1 5 9 11 13
1 5 9 11 14
1 5 9 11 15
1 5 9 11 16
1 5 9 12 13
1 5 9 12 14
1 5 9 12 15
1 5 9 12 16
1 5 9 13 14
1 5 9 13 15
1 5 9 13 16
1 5 9 14 15
1 5 9 14 16
1 5 9 15 16
1 5 10 11 12
1 5 10 11 13
1 5 10 11 14
1 5 10 11 15
1 5 10 11 16
1 5 10 12 13
1 5 10 12 14
1 5 10 12 15
1 5 10 12 16
1 5 10 13 14
1 5 10 13 15
1 5 10 13 16
1 5 10 14 15
1 5 10 14 16
1 5 10 15 16
1 5 11 12 13
1 5 11 12 14
1 5 11 12 15
1 5 11 12 16
1 5 11 13 14
1 5 11 13 15
1 5 11 13 16
1 5 11 14 15
1 5 11 14 16
1 5 11 15 16
1 5 12 13 14
1 5 12 13 15
1 5 12 13 16
1 5 12 14 15
1 5 12 14 16
1 5 12 15 16
1 5 13 14 15
1 5 13 14 16
1 5 13 15 16
1 5 14 15 16
1 6 7 8 9
1 6 7 8 10
1 6 7 8 11
1 6 7 8 12
1 6 7 8 13
1 6 7 8 14
1 6 7 8 15
1 6 7 8 16
1 6 7 9 10
1 6 7 9 11
1 6 7 9 12
1 6 7 9 13
1 6 7 9 14
1 6 7 9 15
1 6 7 9 16
1 6 7 10 11
1 6 7 10 12
1 6 7 10 13
1 6 7 10 14
1 6 7 10 15
1 6 7 10 16
1 6 7 11 12
1 6 7 11 13
1 6 7 11 14
1 6 7 11 15
1 6 7 11 16
1 6 7 12 13
1 6 7 12 14
1 6 7 12 15
1 6 7 12 16
1 6 7 13 14
1 6 7 13 15
1 6 7 13 16
1 6 7 14 15
1 6 7 14 16
1 6 7 15 16
1 6 8 9 10
1 6 8 9 11
1 6 8 9 12
1 6 8 9 13
1 6 8 9 14
1 6 8 9 15
1 6 8 9 16
1 6 8 10 11
1 6 8 10 12
1 6 8 10 13
1 6 8 10 14
1 6 8 10 15
1 6 8 10 16
1 6 8 11 12
1 6 8 11 13
1 6 8 11 14
1 6 8 11 15
1 6 8 11 16
1 6 8 12 13
1 6 8 12 14
1 6 8 12 15
1 6 8 12 16
1 6 8 13 14
1 6 8 13 15
1 6 8 13 16
1 6 8 14 15
1 6 8 14 16
1 6 8 15 16
1 6 9 10 11
1 6 9 10 12
1 6 9 10 13
1 6 9 10 14
1 6 9 10 15
1 6 9 10 16
1 6 9 11 12
1 6 9 11 13
1 6 9 11 14
1 6 9 11 15
1 6 9 11 16
1 6 9 12 13
1 6 9 12 14
1 6 9 12 15
1 6 9 12 16
1 6 9 13 14
1 6 9 13 15
1 6 9 13 16
1 6 9 14 15
1 6 9 14 16
1 6 9 15 16
1 6 10 11 12
1 6 10 11 13
1 6 10 11 14
1 6 10 11 15
1 6 10 11 16
1 6 10 12 13
1 6 10 12 14
1 6 10 12 15
1 6 10 12 16
1 6 10 13 14
1 6 10 13 15
1 6 10 13 16
1 6 10 14 15
1 6 10 14 16
1 6 10 15 16
1 6 11 12 13
1 6 11 12 14
1 6 11 12 15
1 6 11 12 16
1 6 11 13 14
1 6 11 13 15
1 6 11 13 16
1 6 11 14 15
1 6 11 14 16
1 6 11 15 16
1 6 12 13 14
1 6 12 13 15
1 6 12 13 16
1 6 12 14 15
1 6 12 14 16
1 6 12 15 16
1 6 13 14 15
1 6 13 14 16
1 6 13 15 16
1 6 14 15 16
1 7 8 9 10
1 7 8 9 11
1 7 8 9 12
1 7 8 9 13
1 7 8 9 14
1 7 8 9 15
1 7 8 9 16
1 7 8 10 11
1 7 8 10 12
1 7 8 10 13
1 7 8 10 14
1 7 8 10 15
1 7 8 10 16
1 7 8 11 12
1 7 8 11 13
1 7 8 11 14
1 7 8 11 15
1 7 8 11 16
1 7 8 12 13
1 7 8 12 14
1 7 8 12 15
1 7 8 12 16
1 7 8 13 14
1 7 8 13 15
1 7 8 13 16
1 7 8 14 15
1 7 8 14 16
1 7 8 15 16
1 7 9 10 11
1 7 9 10 12
1 7 9 10 13
1 7 9 10 14
1 7 9 10 15
1 7 9 10 16
1 7 9 11 12
1 7 9 11 13
1 7 9 11 14
1 7 9 11 15
1 7 9 11 16
1 7 9 12 13
1 7 9 12 14
1 7 9 12 15
1 7 9 12 16
1 7 9 13 14
1 7 9 13 15
1 7 9 13 16
1 7 9 14 15
1 7 9 14 16
1 7 9 15 16
1 7 10 11 12
1 7 10 11 13
1 7 10 11 14
1 7 10 11 15
1 7 10 11 16
1 7 10 12 13
1 7 10 12 14
1 7 10 12 15
1 7 10 12 16
1 7 10 13 14
1 7 10 13 15
1 7 10 13 16
1 7 10 14 15
1 7 10 14 16
1 7 10 15 16
1 7 11 12 13
1 7 11 12 14
1 7 11 12 15
1 7 11 12 16
1 7 11 13 14
1 7 11 13 15
1 7 11 13 16
1 7 11 14 15
1 7 11 14 16
1 7 11 15 16
1 7 12 13 14
1 7 12 13 15
1 7 12 13 16
1 7 12 14 15
1 7 12 14 16
1 7 12 15 16
1 7 13 14 15
1 7 13 14 16
1 7 13 15 16
1 7 14 15 16
1 8 9 10 11
1 8 9 10 12
1 8 9 10 13
1 8 9 10 14
1 8 9 10 15
1 8 9 10 16
1 8 9 11 12
1 8 9 11 13
1 8 9 11 14
1 8 9 11 15
1 8 9 11 16
1 8 9 12 13
1 8 9 12 14
1 8 9 12 15
1 8 9 12 16
1 8 9 13 14
1 8 9 13 15
1 8 9 13 16
1 8 9 14 15
1 8 9 14 16
1 8 9 15 16
1 8 10 11 12
1 8 10 11 13
1 8 10 11 14
1 8 10 11 15
1 8 10 11 16
1 8 10 12 13
1 8 10 12 14
1 8 10 12 15
1 8 10 12 16
1 8 10 13 14
1 8 10 13 15
1 8 10 13 16
1 8 10 14 15
1 8 10 14 16
1 8 10 15 16
1 8 11 12 13
1 8 11 12 14
1 8 11 12 15
1 8 11 12 16
1 8 11 13 14
1 8 11 13 15
1 8 11 13 16
1 8 11 14 15
1 8 11 14 16
1 8 11 15 16
1 8 12 13 14
1 8 12 13 15
1 8 12 13 16
1 8 12 14 15
1 8 12 14 16
1 8 12 15 16
1 8 13 14 15
1 8 13 14 16
1 8 13 15 16
1 8 14 15 16
1 9 10 11 12
1 9 10 11 13
1 9 10 11 14
1 9 10 11 15
1 9 10 11 16
1 9 10 12 13
1 9 10 12 14
1 9 10 12 15
1 9 10 12 16
1 9 10 13 14
1 9 10 13 15
1 9 10 13 16
1 9 10 14 15
1 9 10 14 16
1 9 10 15 16
1 9 11 12 13
1 9 11 12 14
1 9 11 12 15
1 9 11 12 16
1 9 11 13 14
1 9 11 13 15
1 9 11 13 16
1 9 11 14 15
1 9 11 14 16
1 9 11 15 16
1 9 12 13 14
1 9 12 13 15
1 9 12 13 16
1 9 12 14 15
1 9 12 14 16
1 9 12 15 16
1 9 13 14 15
1 9 13 14 16
1 9 13 15 16
1 9 14 15 16
1 10 11 12 13
1 10 11 12 14
1 10 11 12 15
1 10 11 12 16
1 10 11 13 14
1 10 11 13 15
1 10 11 13 16
1 10 11 14 15
1 10 11 14 16
1 10 11 15 16
1 10 12 13 14
1 10 12 13 15
1 10 12 13 16
1 10 12 14 15
1 10 12 14 16
1 10 12 15 16
1 10 13 14 15
1 10 13 14 16
1 10 13 15 16
1 10 14 15 16
1 11 12 13 14
1 11 12 13 15
1 11 12 13 16
1 11 12 14 15
1 11 12 14 16
1 11 12 15 16
1 11 13 14 15
1 11 13 14 16
1 11 13 15 16
1 11 14 15 16
1 12 13 14 15
1 12 13 14 16
1 12 13 15 16
1 12 14 15 16
1 13 14 15 16
2 3 4 5 6
2 3 4 5 7
2 3 4 5 8
2 3 4 5 9
2 3 4 5 10
2 3 4 5 11
2 3 4 5 12
2 3 4 5 13
2 3 4 5 14
2 3 4 5 15
2 3 4 5 16
2 3 4 6 7
2 3 4 6 8
2 3 4 6 9
2 3 4 6 10
2 3 4 6 11
2 3 4 6 12
2 3 4 6 13
2 3 4 6 14
2 3 4 6 15
2 3 4 6 16
2 3 4 7 8
2 3 4 7 9
2 3 4 7 10
2 3 4 7 11
2 3 4 7 12
2 3 4 7 13
2 3 4 7 14
2 3 4 7 15
2 3 4 7 16
2 3 4 8 9
2 3 4 8 10
2 3 4 8 11
2 3 4 8 12
2 3 4 8 13
2 3 4 8 14
2 3 4 8 15
2 3 4 8 16
2 3 4 9 10
2 3 4 9 11
2 3 4 9 12
2 3 4 9 13
2 3 4 9 14
2 3 4 9 15
2 3 4 9 16
2 3 4 10 11
2 3 4 10 12
2 3 4 10 13
2 3 4 10 14
2 3 4 10 15
2 3 4 10 16
2 3 4 11 12
2 3 4 11 13
2 3 4 11 14
2 3 4 11 15
2 3 4 11 16
2 3 4 12 13
2 3 4 12 14
2 3 4 12 15
2 3 4 12 16
2 3 4 13 14
2 3 4 13 15
2 3 4 13 16
2 3 4 14 15
2 3 4 14 16
2 3 4 15 16
2 3 5 6 7
2 3 5 6 8
2 3 5 6 9
2 3 5 6 10
2 3 5 6 11
2 3 5 6 12
2 3 5 6 13
2 3 5 6 14
2 3 5 6 15
2 3 5 6 16
2 3 5 7 8
2 3 5 7 9
2 3 5 7 10
2 3 5 7 11
2 3 5 7 12
2 3 5 7 13
2 3 5 7 14
2 3 5 7 15
2 3 5 7 16
2 3 5 8 9
2 3 5 8 10
2 3 5 8 11
2 3 5 8 12
2 3 5 8 13
2 3 5 8 14
2 3 5 8 15
2 3 5 8 16
2 3 5 9 10
2 3 5 9 11
2 3 5 9 12
2 3 5 9 13
2 3 5 9 14
2 3 5 9 15
2 3 5 9 16
2 3 5 10 11
2 3 5 10 12
2 3 5 10 13
2 3 5 10 14
2 3 5 10 15
2 3 5 10 16
2 3 5 11 12
2 3 5 11 13
2 3 5 11 14
2 3 5 11 15
2 3 5 11 16
2 3 5 12 13
2 3 5 12 14
2 3 5 12 15
2 3 5 12 16
2 3 5 13 14
2 3 5 13 15
2 3 5 13 16
2 3 5 14 15
2 3 5 14 16
2 3 5 15 16
2 3 6 7 8
2 3 6 7 9
2 3 6 7 10
2 3 6 7 11
2 3 6 7 12
2 3 6 7 13
2 3 6 7 14
2 3 6 7 15
2 3 6 7 16
2 3 6 8 9
2 3 6 8 10
2 3 6 8 11
2 3 6 8 12
2 3 6 8 13
2 3 6 8 14
2 3 6 8 15
2 3 6 8 16
2 3 6 9 10
2 3 6 9 11
2 3 6 9 12
2 3 6 9 13
2 3 6 9 14
2 3 6 9 15
2 3 6 9 16
2 3 6 10 11
2 3 6 10 12
2 3 6 10 13
2 3 6 10 14
2 3 6 10 15
2 3 6 10 16
2 3 6 11 12
2 3 6 11 13
2 3 6 11 14
2 3 6 11 15
2 3 6 11 16
2 3 6 12 13
2 3 6 12 14
2 3 6 12 15
2 3 6 12 16
2 3 6 13 14
2 3 6 13 15
2 3 6 13 16
2 3 6 14 15
2 3 6 14 16
2 3 6 15 16
2 3 7 8 9
2 3 7 8 10
2 3 7 8 11
2 3 7 8 12
2 3 7 8 13
2 3 7 8 14
2 3 7 8 15
2 3 7 8 16
2 3 7 9 10
2 3 7 9 11
2 3 7 9 12
2 3 7 9 13
2 3 7 9 14
2 3 7 9 15
2 3 7 9 16
2 3 7 10 11
2 3 7 10 12
2 3 7 10 13
2 3 7 10 14
2 3 7 10 15
2 3 7 10 16
2 3 7 11 12
2 3 7 11 13
2 3 7 11 14
2 3 7 11 15
2 3 7 11 16
2 3 7 12 13
2 3 7 12 14
2 3 7 12 15
2 3 7 12 16
2 3 7 13 14
2 3 7 13 15
2 3 7 13 16
2 3 7 14 15
2 3 7 14 16
2 3 7 15 16
2 3 8 9 10
2 3 8 9 11
2 3 8 9 12
2 3 8 9 13
2 3 8 9 14
2 3 8 9 15
2 3 8 9 16
2 3 8 10 11
2 3 8 10 12
2 3 8 10 13
2 3 8 10 14
2 3 8 10 15
2 3 8 10 16
2 3 8 11 12
2 3 8 11 13
2 3 8 11 14
2 3 8 11 15
2 3 8 11 16
2 3 8 12 13
2 3 8 12 14
2 3 8 12 15
2 3 8 12 16
2 3 8 13 14
2 3 8 13 15
2 3 8 13 16
2 3 8 14 15
2 3 8 14 16
2 3 8 15 16
2 3 9 10 11
2 3 9 10 12
2 3 9 10 13
2 3 9 10 14
2 3 9 10 15
2 3 9 10 16
2 3 9 11 12
2 3 9 11 13
2 3 9 11 14
2 3 9 11 15
2 3 9 11 16
2 3 9 12 13
2 3 9 12 14
2 3 9 12 15
2 3 9 12 16
2 3 9 13 14
2 3 9 13 15
2 3 9 13 16
2 3 9 14 15
2 3 9 14 16
2 3 9 15 16
2 3 10 11 12
2 3 10 11 13
2 3 10 11 14
2 3 10 11 15
2 3 10 11 16
2 3 10 12 13
2 3 10 12 14
2 3 10 12 15
2 3 10 12 16
2 3 10 13 14
2 3 10 13 15
2 3 10 13 16
2 3 10 14 15
2 3 10 14 16
2 3 10 15 16
2 3 11 12 13
2 3 11 12 14
2 3 11 12 15
2 3 11 12 16
2 3 11 13 14
2 3 11 13 15
2 3 11 13 16
2 3 11 14 15
2 3 11 14 16
2 3 11 15 16
2 3 12 13 14
2 3 12 13 15
2 3 12 13 16
2 3 12 14 15
2 3 12 14 16
2 3 12 15 16
2 3 13 14 15
2 3 13 14 16
2 3 13 15 16
2 3 14 15 16
2 4 5 6 7
2 4 5 6 8
2 4 5 6 9
2 4 5 6 10
2 4 5 6 11
2 4 5 6 12
2 4 5 6 13
2 4 5 6 14
2 4 5 6 15
2 4 5 6 16
2 4 5 7 8
2 4 5 7 9
2 4 5 7 10
2 4 5 7 11
2 4 5 7 12
2 4 5 7 13
2 4 5 7 14
2 4 5 7 15
2 4 5 7 16
2 4 5 8 9
2 4 5 8 10
2 4 5 8 11
2 4 5 8 12
2 4 5 8 13
2 4 5 8 14
2 4 5 8 15
2 4 5 8 16
2 4 5 9 10
2 4 5 9 11
2 4 5 9 12
2 4 5 9 13
2 4 5 9 14
2 4 5 9 15
2 4 5 9 16
2 4 5 10 11
2 4 5 10 12
2 4 5 10 13
2 4 5 10 14
2 4 5 10 15
2 4 5 10 16
2 4 5 11 12
2 4 5 11 13
2 4 5 11 14
2 4 5 11 15
2 4 5 11 16
2 4 5 12 13
2 4 5 12 14
2 4 5 12 15
2 4 5 12 16
2 4 5 13 14
2 4 5 13 15
2 4 5 13 16
2 4 5 14 15
2 4 5 14 16
2 4 5 15 16
2 4 6 7 8
2 4 6 7 9
2 4 6 7 10
2 4 6 7 11
2 4 6 7 12
2 4 6 7 13
2 4 6 7 14
2 4 6 7 15
2 4 6 7 16
2 4 6 8 9
2 4 6 8 10
2 4 6 8 11
2 4 6 8 12
2 4 6 8 13
2 4 6 8 14
2 4 6 8 15
2 4 6 8 16
2 4 6 9 10
2 4 6 9 11
2 4 6 9 12
2 4 6 9 13
2 4 6 9 14
2 4 6 9 15
2 4 6 9 16
2 4 6 10 11
2 4 6 10 12
2 4 6 10 13
2 4 6 10 14
2 4 6 10 15
2 4 6 10 16
2 4 6 11 12
2 4 6 11 13
2 4 6 11 14
2 4 6 11 15
2 4 6 11 16
2 4 6 12 13
2 4 6 12 14
2 4 6 12 15
2 4 6 12 16
2 4 6 13 14
2 4 6 13 15
2 4 6 13 16
2 4 6 14 15
2 4 6 14 16
2 4 6 15 16
2 4 7 8 9
2 4 7 8 10
2 4 7 8 11
2 4 7 8 12
2 4 7 8 13
2 4 7 8 14
2 4 7 8 15
2 4 7 8 16
2 4 7 9 10
2 4 7 9 11
2 4 7 9 12
2 4 7 9 13
2 4 7 9 14
2 4 7 9 15
2 4 7 9 16
2 4 7 10 11
2 4 7 10 12
2 4 7 10 13
2 4 7 10 14
2 4 7 10 15
2 4 7 10 16
2 4 7 11 12
2 4 7 11 13
2 4 7 11 14
2 4 7 11 15
2 4 7 11 16
2 4 7 12 13
2 4 7 12 14
2 4 7 12 15
2 4 7 12 16
2 4 7 13 14
2 4 7 13 15
2 4 7 13 16
2 4 7 14 15
2 4 7 14 16
2 4 7 15 16
2 4 8 9 10
2 4 8 9 11
2 4 8 9 12
2 4 8 9 13
2 4 8 9 14
2 4 8 9 15
2 4 8 9 16
2 4 8 10 11
2 4 8 10 12
2 4 8 10 13
2 4 8 10 14
2 4 8 10 15
2 4 8 10 16
2 4 8 11 12
2 4 8 11 13
2 4 8 11 14
2 4 8 11 15
2 4 8 11 16
2 4 8 12 13
2 4 8 12 14
2 4 8 12 15
2 4 8 12 16
2 4 8 13 14
2 4 8 13 15
2 4 8 13 16
2 4 8 14 15
2 4 8 14 16
2 4 8 15 16
2 4 9 10 11
2 4 9 10 12
2 4 9 10 13
2 4 9 10 14
2 4 9 10 15
2 4 9 10 16
2 4 9 11 12
2 4 9 11 13
2 4 9 11 14
2 4 9 11 15
2 4 9 11 16
2 4 9 12 13
2 4 9 12 14
2 4 9 12 15
2 4 9 12 16
2 4 9 13 14
2 4 9 13 15
2 4 9 13 16
2 4 9 14 15
2 4 9 14 16
2 4 9 15 16
2 4 10 11 12
2 4 10 11 13
2 4 10 11 14
2 4 10 11 15
2 4 10 11 16
2 4 10 12 13
2 4 10 12 14
2 4 10 12 15
2 4 10 12 16
2 4 10 13 14
2 4 10 13 15
2 4 10 13 16
2 4 10 14 15
2 4 10 14 16
2 4 10 15 16
2 4 11 12 13
2 4 11 12 14
2 4 11 12 15
2 4 11 12 16
2 4 11 13 14
2 4 11 13 15
2 4 11 13 16
2 4 11 14 15
2 4 11 14 16
2 4 11 15 16
2 4 12 13 14
2 4 12 13 15
2 4 12 13 16
2 4 12 14 15
2 4 12 14 16
2 4 12 15 16
2 4 13 14 15
2 4 13 14 16
2 4 13 15 16
2 4 14 15 16
2 5 6 7 8
2 5 6 7 9
2 5 6 7 10
2 5 6 7 11
2 5 6 7 12
2 5 6 7 13
2 5 6 7 14
2 5 6 7 15
2 5 6 7 16
2 5 6 8 9
2 5 6 8 10
2 5 6 8 11
2 5 6 8 12
2 5 6 8 13
2 5 6 8 14
2 5 6 8 15
2 5 6 8 16
2 5 6 9 10
2 5 6 9 11
2 5 6 9 12
2 5 6 9 13
2 5 6 9 14
2 5 6 9 15
2 5 6 9 16
2 5 6 10 11
2 5 6 10 12
2 5 6 10 13
2 5 6 10 14
2 5 6 10 15
2 5 6 10 16
2 5 6 11 12
2 5 6 11 13
2 5 6 11 14
2 5 6 11 15
2 5 6 11 16
2 5 6 12 13
2 5 6 12 14
2 5 6 12 15
2 5 6 12 16
2 5 6 13 14
2 5 6 13 15
2 5 6 13 16
2 5 6 14 15
2 5 6 14 16
2 5 6 15 16
2 5 7 8 9
2 5 7 8 10
2 5 7 8 11
2 5 7 8 12
2 5 7 8 13
2 5 7 8 14
2 5 7 8 15
2 5 7 8 16
2 5 7 9 10
2 5 7 9 11
2 5 7 9 12
2 5 7 9 13
2 5 7 9 14
2 5 7 9 15
2 5 7 9 16
2 5 7 10 11
2 5 7 10 12
2 5 7 10 13
2 5 7 10 14
2 5 7 10 15
2 5 7 10 16
2 5 7 11 12
2 5 7 11 13
2 5 7 11 14
2 5 7 11 15
2 5 7 11 16
2 5 7 12 13
2 5 7 12 14
2 5 7 12 15
2 5 7 12 16
2 5 7 13 14
2 5 7 13 15
2 5 7 13 16
2 5 7 14 15
2 5 7 14 16
2 5 7 15 16
2 5 8 9 10
2 5 8 9 11
2 5 8 9 12
2 5 8 9 13
2 5 8 9 14
2 5 8 9 15
2 5 8 9 16
2 5 8 10 11
2 5 8 10 12
2 5 8 10 13
2 5 8 10 14
2 5 8 10 15
2 5 8 10 16
2 5 8 11 12
2 5 8 11 13
2 5 8 11 14
2 5 8 11 15
2 5 8 11 16
2 5 8 12 13
2 5 8 12 14
2 5 8 12 15
2 5 8 12 16
2 5 8 13 14
2 5 8 13 15
2 5 8 13 16
2 5 8 14 15
2 5 8 14 16
2 5 8 15 16
2 5 9 10 11
2 5 9 10 12
2 5 9 10 13
2 5 9 10 14
2 5 9 10 15
2 5 9 10 16
2 5 9 11 12
2 5 9 11 13
2 5 9 11 14
2 5 9 11 15
2 5 9 11 16
2 5 9 12 13
2 5 9 12 14
2 5 9 12 15
2 5 9 12 16
2 5 9 13 14
2 5 9 13 15
2 5 9 13 16
2 5 9 14 15
2 5 9 14 16
2 5 9 15 16
2 5 10 11 12
2 5 10 11 13
2 5 10 11 14
2 5 10 11 15
2 5 10 11 16
2 5 10 12 13
2 5 10 12 14
2 5 10 12 15
2 5 10 12 16
2 5 10 13 14
2 5 10 13 15
2 5 10 13 16
2 5 10 14 15
2 5 10 14 16
2 5 10 15 16
2 5 11 12 13
2 5 11 12 14
2 5 11 12 15
2 5 11 12 16
2 5 11 13 14
2 5 11 13 15
2 5 11 13 16
2 5 11 14 15
2 5 11 14 16
2 5 11 15 16
2 5 12 13 14
2 5 12 13 15
2 5 12 13 16
2 5 12 14 15
2 5 12 14 16
2 5 12 15 16
2 5 13 14 15
2 5 13 14 16
2 5 13 15 16
2 5 14 15 16
2 6 7 8 9
2 6 7 8 10
2 6 7 8 11
2 6 7 8 12
2 6 7 8 13
2 6 7 8 14
2 6 7 8 15
2 6 7 8 16
2 6 7 9 10
2 6 7 9 11
2 6 7 9 12
2 6 7 9 13
2 6 7 9 14
2 6 7 9 15
2 6 7 9 16
2 6 7 10 11
2 6 7 10 12
2 6 7 10 13
2 6 7 10 14
2 6 7 10 15
2 6 7 10 16
2 6 7 11 12
2 6 7 11 13
2 6 7 11 14
2 6 7 11 15
2 6 7 11 16
2 6 7 12 13
2 6 7 12 14
2 6 7 12 15
2 6 7 12 16
2 6 7 13 14
2 6 7 13 15
2 6 7 13 16
2 6 7 14 15
2 6 7 14 16
2 6 7 15 16
2 6 8 9 10
2 6 8 9 11
2 6 8 9 12
2 6 8 9 13
2 6 8 9 14
2 6 8 9 15
2 6 8 9 16
2 6 8 10 11
2 6 8 10 12
2 6 8 10 13
2 6 8 10 14
2 6 8 10 15
2 6 8 10 16
2 6 8 11 12
2 6 8 11 13
2 6 8 11 14
2 6 8 11 15
2 6 8 11 16
2 6 8 12 13
2 6 8 12 14
2 6 8 12 15
2 6 8 12 16
2 6 8 13 14
2 6 8 13 15
2 6 8 13 16
2 6 8 14 15
2 6 8 14 16
2 6 8 15 16
2 6 9 10 11
2 6 9 10 12
2 6 9 10 13
2 6 9 10 14
2 6 9 10 15
2 6 9 10 16
2 6 9 11 12
2 6 9 11 13
2 6 9 11 14
2 6 9 11 15
2 6 9 11 16
2 6 9 12 13
2 6 9 12 14
2 6 9 12 15
2 6 9 12 16
2 6 9 13 14
2 6 9 13 15
2 6 9 13 16
2 6 9 14 15
2 6 9 14 16
2 6 9 15 16
2 6 10 11 12
2 6 10 11 13
2 6 10 11 14
2 6 10 11 15
2 6 10 11 16
2 6 10 12 13
2 6 10 12 14
2 6 10 12 15
2 6 10 12 16
2 6 10 13 14
2 6 10 13 15
2 6 10 13 16
2 6 10 14 15
2 6 10 14 16
2 6 10 15 16
2 6 11 12 13
2 6 11 12 14
2 6 11 12 15
2 6 11 12 16
2 6 11 13 14
2 6 11 13 15
2 6 11 13 16
2 6 11 14 15
2 6 11 14 16
2 6 11 15 16
2 6 12 13 14
2 6 12 13 15
2 6 12 13 16
2 6 12 14 15
2 6 12 14 16
2 6 12 15 16
2 6 13 14 15
2 6 13 14 16
2 6 13 15 16
2 6 14 15 16
2 7 8 9 10
2 7 8 9 11
2 7 8 9 12
2 7 8 9 13
2 7 8 9 14
2 7 8 9 15
2 7 8 9 16
2 7 8 10 11
2 7 8 10 12
2 7 8 10 13
2 7 8 10 14
2 7 8 10 15
2 7 8 10 16
2 7 8 11 12
2 7 8 11 13
2 7 8 11 14
2 7 8 11 15
2 7 8 11 16
2 7 8 12 13
2 7 8 12 14
2 7 8 12 15
2 7 8 12 16
2 7 8 13 14
2 7 8 13 15
2 7 8 13 16
2 7 8 14 15
2 7 8 14 16
2 7 8 15 16
2 7 9 10 11
2 7 9 10 12
2 7 9 10 13
2 7 9 10 14
2 7 9 10 15
2 7 9 10 16
2 7 9 11 12
2 7 9 11 13
2 7 9 11 14
2 7 9 11 15
2 7 9 11 16
2 7 9 12 13
2 7 9 12 14
2 7 9 12 15
2 7 9 12 16
2 7 9 13 14
2 7 9 13 15
2 7 9 13 16
2 7 9 14 15
2 7 9 14 16
2 7 9 15 16
2 7 10 11 12
2 7 10 11 13
2 7 10 11 14
2 7 10 11 15
2 7 10 11 16
2 7 10 12 13
2 7 10 12 14
2 7 10 12 15
2 7 10 12 16
2 7 10 13 14
2 7 10 13 15
2 7 10 13 16
2 7 10 14 15
2 7 10 14 16
2 7 10 15 16
2 7 11 12 13
2 7 11 12 14
2 7 11 12 15
2 7 11 12 16
2 7 11 13 14
2 7 11 13 15
2 7 11 13 16
2 7 11 14 15
2 7 11 14 16
2 7 11 15 16
2 7 12 13 14
2 7 12 13 15
2 7 12 13 16
2 7 12 14 15
2 7 12 14 16
2 7 12 15 16
2 7 13 14 15
2 7 13 14 16
2 7 13 15 16
2 7 14 15 16
2 8 9 10 11
2 8 9 10 12
2 8 9 10 13
2 8 9 10 14
2 8 9 10 15
2 8 9 10 16
2 8 9 11 12
2 8 9 11 13
2 8 9 11 14
2 8 9 11 15
2 8 9 11 16
2 8 9 12 13
2 8 9 12 14
2 8 9 12 15
2 8 9 12 16
2 8 9 13 14
2 8 9 13 15
2 8 9 13 16
2 8 9 14 15
2 8 9 14 16
2 8 9 15 16
2 8 10 11 12
2 8 10 11 13
2 8 10 11 14
2 8 10 11 15
2 8 10 11 16
2 8 10 12 13
2 8 10 12 14
2 8 10 12 15
2 8 10 12 16
2 8 10 13 14
2 8 10 13 15
2 8 10 13 16
2 8 10 14 15
2 8 10 14 16
2 8 10 15 16
2 8 11 12 13
2 8 11 12 14
2 8 11 12 15
2 8 11 12 16
2 8 11 13 14
2 8 11 13 15
2 8 11 13 16
2 8 11 14 15
2 8 11 14 16
2 8 11 15 16
2 8 12 13 14
2 8 12 13 15
2 8 12 13 16
2 8 12 14 15
2 8 12 14 16
2 8 12 15 16
2 8 13 14 15
2 8 13 14 16
2 8 13 15 16
2 8 14 15 16
2 9 10 11 12
2 9 10 11 13
2 9 10 11 14
2 9 10 11 15
2 9 10 11 16
2 9 10 12 13
2 9 10 12 14
2 9 10 12 15
2 9 10 12 16
2 9 10 13 14
2 9 10 13 15
2 9 10 13 16
2 9 10 14 15
2 9 10 14 16
2 9 10 15 16
2 9 11 12 13
2 9 11 12 14
2 9 11 12 15
2 9 11 12 16
2 9 11 13 14
2 9 11 13 15
2 9 11 13 16
2 9 11 14 15
2 9 11 14 16
2 9 11 15 16
2 9 12 13 14
2 9 12 13 15
2 9 12 13 16
2 9 12 14 15
2 9 12 14 16
2 9 12 15 16
2 9 13 14 15
2 9 13 14 16
2 9 13 15 16
2 9 14 15 16
2 10 11 12 13
2 10 11 12 14
2 10 11 12 15
2 10 11 12 16
2 10 11 13 14
2 10 11 13 15
2 10 11 13 16
2 10 11 14 15
2 10 11 14 16
2 10 11 15 16
2 10 12 13 14
2 10 12 13 15
2 10 12 13 16
2 10 12 14 15
2 10 12 14 16
2 10 12 15 16
2 10 13 14 15
2 10 13 14 16
2 10 13 15 16
2 10 14 15 16
2 11 12 13 14
2 11 12 13 15
2 11 12 13 16
2 11 12 14 15
2 11 12 14 16
2 11 12 15 16
2 11 13 14 15
2 11 13 14 16
2 11 13 15 16
2 11 14 15 16
2 12 13 14 15
2 12 13 14 16
2 12 13 15 16
2 12 14 15 16
2 13 14 15 16
3 4 5 6 7
3 4 5 6 8
3 4 5 6 9
3 4 5 6 10
3 4 5 6 11
3 4 5 6 12
3 4 5 6 13
3 4 5 6 14
3 4 5 6 15
3 4 5 6 16
3 4 5 7 8
3 4 5 7 9
3 4 5 7 10
3 4 5 7 11
3 4 5 7 12
3 4 5 7 13
3 4 5 7 14
3 4 5 7 15
3 4 5 7 16
3 4 5 8 9
3 4 5 8 10
3 4 5 8 11
3 4 5 8 12
3 4 5 8 13
3 4 5 8 14
3 4 5 8 15
3 4 5 8 16
3 4 5 9 10
3 4 5 9 11
3 4 5 9 12
3 4 5 9 13
3 4 5 9 14
3 4 5 9 15
3 4 5 9 16
3 4 5 10 11
3 4 5 10 12
3 4 5 10 13
3 4 5 10 14
3 4 5 10 15
3 4 5 10 16
3 4 5 11 12
3 4 5 11 13
3 4 5 11 14
3 4 5 11 15
3 4 5 11 16
3 4 5 12 13
3 4 5 12 14
3 4 5 12 15
3 4 5 12 16
3 4 5 13 14
3 4 5 13 15
3 4 5 13 16
3 4 5 14 15
3 4 5 14 16
3 4 5 15 16
3 4 6 7 8
3 4 6 7 9
3 4 6 7 10
3 4 6 7 11
3 4 6 7 12
3 4 6 7 13
3 4 6 7 14
3 4 6 7 15
3 4 6 7 16
3 4 6 8 9
3 4 6 8 10
3 4 6 8 11
3 4 6 8 12
3 4 6 8 13
3 4 6 8 14
3 4 6 8 15
3 4 6 8 16
3 4 6 9 10
3 4 6 9 11
3 4 6 9 12
3 4 6 9 13
3 4 6 9 14
3 4 6 9 15
3 4 6 9 16
3 4 6 10 11
3 4 6 10 12
3 4 6 10 13
3 4 6 10 14
3 4 6 10 15
3 4 6 10 16
3 4 6 11 12
3 4 6 11 13
3 4 6 11 14
3 4 6 11 15
3 4 6 11 16
3 4 6 12 13
3 4 6 12 14
3 4 6 12 15
3 4 6 12 16
3 4 6 13 14
3 4 6 13 15
3 4 6 13 16
3 4 6 14 15
3 4 6 14 16
3 4 6 15 16
3 4 7 8 9
3 4 7 8 10
3 4 7 8 11
3 4 7 8 12
3 4 7 8 13
3 4 7 8 14
3 4 7 8 15
3 4 7 8 16
3 4 7 9 10
3 4 7 9 11
3 4 7 9 12
3 4 7 9 13
3 4 7 9 14
3 4 7 9 15
3 4 7 9 16
3 4 7 10 11
3 4 7 10 12
3 4 7 10 13
3 4 7 10 14
3 4 7 10 15
3 4 7 10 16
3 4 7 11 12
3 4 7 11 13
3 4 7 11 14
3 4 7 11 15
3 4 7 11 16
3 4 7 12 13
3 4 7 12 14
3 4 7 12 15
3 4 7 12 16
3 4 7 13 14
3 4 7 13 15
3 4 7 13 16
3 4 7 14 15
3 4 7 14 16
3 4 7 15 16
3 4 8 9 10
3 4 8 9 11
3 4 8 9 12
3 4 8 9 13
3 4 8 9 14
3 4 8 9 15
3 4 8 9 16
3 4 8 10 11
3 4 8 10 12
3 4 8 10 13
3 4 8 10 14
3 4 8 10 15
3 4 8 10 16
3 4 8 11 12
3 4 8 11 13
3 4 8 11 14
3 4 8 11 15
3 4 8 11 16
3 4 8 12 13
3 4 8 12 14
3 4 8 12 15
3 4 8 12 16
3 4 8 13 14
3 4 8 13 15
3 4 8 13 16
3 4 8 14 15
3 4 8 14 16
3 4 8 15 16
3 4 9 10 11
3 4 9 10 12
3 4 9 10 13
3 4 9 10 14
3 4 9 10 15
3 4 9 10 16
3 4 9 11 12
3 4 9 11 13
3 4 9 11 14
3 4 9 11 15
3 4 9 11 16
3 4 9 12 13
3 4 9 12 14
3 4 9 12 15
3 4 9 12 16
3 4 9 13 14
3 4 9 13 15
3 4 9 13 16
3 4 9 14 15
3 4 9 14 16
3 4 9 15 16
3 4 10 11 12
3 4 10 11 13
3 4 10 11 14
3 4 10 11 15
3 4 10 11 16
3 4 10 12 13
3 4 10 12 14
3 4 10 12 15
3 4 10 12 16
3 4 10 13 14
3 4 10 13 15
3 4 10 13 16
3 4 10 14 15
3 4 10 14 16
3 4 10 15 16
3 4 11 12 13
3 4 11 12 14
3 4 11 12 15
3 4 11 12 16
3 4 11 13 14
3 4 11 13 15
3 4 11 13 16
3 4 11 14 15
3 4 11 14 16
3 4 11 15 16
3 4 12 13 14
3 4 12 13 15
3 4 12 13 16
3 4 12 14 15
3 4 12 14 16
3 4 12 15 16
3 4 13 14 15
3 4 13 14 16
3 4 13 15 16
3 4 14 15 16
3 5 6 7 8
3 5 6 7 9
3 5 6 7 10
3 5 6 7 11
3 5 6 7 12
3 5 6 7 13
3 5 6 7 14
3 5 6 7 15
3 5 6 7 16
3 5 6 8 9
3 5 6 8 10
3 5 6 8 11
3 5 6 8 12
3 5 6 8 13
3 5 6 8 14
3 5 6 8 15
3 5 6 8 16
3 5 6 9 10
3 5 6 9 11
3 5 6 9 12
3 5 6 9 13
3 5 6 9 14
3 5 6 9 15
3 5 6 9 16
3 5 6 10 11
3 5 6 10 12
3 5 6 10 13
3 5 6 10 14
3 5 6 10 15
3 5 6 10 16
3 5 6 11 12
3 5 6 11 13
3 5 6 11 14
3 5 6 11 15
3 5 6 11 16
3 5 6 12 13
3 5 6 12 14
3 5 6 12 15
3 5 6 12 16
3 5 6 13 14
3 5 6 13 15
3 5 6 13 16
3 5 6 14 15
3 5 6 14 16
3 5 6 15 16
3 5 7 8 9
3 5 7 8 10
3 5 7 8 11
3 5 7 8 12
3 5 7 8 13
3 5 7 8 14
3 5 7 8 15
3 5 7 8 16
3 5 7 9 10
3 5 7 9 11
3 5 7 9 12
3 5 7 9 13
3 5 7 9 14
3 5 7 9 15
3 5 7 9 16
3 5 7 10 11
3 5 7 10 12
3 5 7 10 13
3 5 7 10 14
3 5 7 10 15
3 5 7 10 16
3 5 7 11 12
3 5 7 11 13
3 5 7 11 14
3 5 7 11 15
3 5 7 11 16
3 5 7 12 13
3 5 7 12 14
3 5 7 12 15
3 5 7 12 16
3 5 7 13 14
3 5 7 13 15
3 5 7 13 16
3 5 7 14 15
3 5 7 14 16
3 5 7 15 16
3 5 8 9 10
3 5 8 9 11
3 5 8 9 12
3 5 8 9 13
3 5 8 9 14
3 5 8 9 15
3 5 8 9 16
3 5 8 10 11
3 5 8 10 12
3 5 8 10 13
3 5 8 10 14
3 5 8 10 15
3 5 8 10 16
3 5 8 11 12
3 5 8 11 13
3 5 8 11 14
3 5 8 11 15
3 5 8 11 16
3 5 8 12 13
3 5 8 12 14
3 5 8 12 15
3 5 8 12 16
3 5 8 13 14
3 5 8 13 15
3 5 8 13 16
3 5 8 14 15
3 5 8 14 16
3 5 8 15 16
3 5 9 10 11
3 5 9 10 12
3 5 9 10 13
3 5 9 10 14
3 5 9 10 15
3 5 9 10 16
3 5 9 11 12
3 5 9 11 13
3 5 9 11 14
3 5 9 11 15
3 5 9 11 16
3 5 9 12 13
3 5 9 12 14
3 5 9 12 15
3 5 9 12 16
3 5 9 13 14
3 5 9 13 15
3 5 9 13 16
3 5 9 14 15
3 5 9 14 16
3 5 9 15 16
3 5 10 11 12
3 5 10 11 13
3 5 10 11 14
3 5 10 11 15
3 5 10 11 16
3 5 10 12 13
3 5 10 12 14
3 5 10 12 15
3 5 10 12 16
3 5 10 13 14
3 5 10 13 15
3 5 10 13 16
3 5 10 14 15
3 5 10 14 16
3 5 10 15 16
3 5 11 12 13
3 5 11 12 14
3 5 11 12 15
3 5 11 12 16
3 5 11 13 14
3 5 11 13 15
3 5 11 13 16
3 5 11 14 15
3 5 11 14 16
3 5 11 15 16
3 5 12 13 14
3 5 12 13 15
3 5 12 13 16
3 5 12 14 15
3 5 12 14 16
3 5 12 15 16
3 5 13 14 15
3 5 13 14 16
3 5 13 15 16
3 5 14 15 16
3 6 7 8 9
3 6 7 8 10
3 6 7 8 11
3 6 7 8 12
3 6 7 8 13
3 6 7 8 14
3 6 7 8 15
3 6 7 8 16
3 6 7 9 10
3 6 7 9 11
3 6 7 9 12
3 6 7 9 13
3 6 7 9 14
3 6 7 9 15
3 6 7 9 16
3 6 7 10 11
3 6 7 10 12
3 6 7 10 13
3 6 7 10 14
3 6 7 10 15
3 6 7 10 16
3 6 7 11 12
3 6 7 11 13
3 6 7 11 14
3 6 7 11 15
3 6 7 11 16
3 6 7 12 13
3 6 7 12 14
3 6 7 12 15
3 6 7 12 16
3 6 7 13 14
3 6 7 13 15
3 6 7 13 16
3 6 7 14 15
3 6 7 14 16
3 6 7 15 16
3 6 8 9 10
3 6 8 9 11
3 6 8 9 12
3 6 8 9 13
3 6 8 9 14
3 6 8 9 15
3 6 8 9 16
3 6 8 10 11
3 6 8 10 12
3 6 8 10 13
3 6 8 10 14
3 6 8 10 15
3 6 8 10 16
3 6 8 11 12
3 6 8 11 13
3 6 8 11 14
3 6 8 11 15
3 6 8 11 16
3 6 8 12 13
3 6 8 12 14
3 6 8 12 15
3 6 8 12 16
3 6 8 13 14
3 6 8 13 15
3 6 8 13 16
3 6 8 14 15
3 6 8 14 16
3 6 8 15 16
3 6 9 10 11
3 6 9 10 12
3 6 9 10 13
3 6 9 10 14
3 6 9 10 15
3 6 9 10 16
3 6 9 11 12
3 6 9 11 13
3 6 9 11 14
3 6 9 11 15
3 6 9 11 16
3 6 9 12 13
3 6 9 12 14
3 6 9 12 15
3 6 9 12 16
3 6 9 13 14
3 6 9 13 15
3 6 9 13 16
3 6 9 14 15
3 6 9 14 16
3 6 9 15 16
3 6 10 11 12
3 6 10 11 13
3 6 10 11 14
3 6 10 11 15
3 6 10 11 16
3 6 10 12 13
3 6 10 12 14
3 6 10 12 15
3 6 10 12 16
3 6 10 13 14
3 6 10 13 15
3 6 10 13 16
3 6 10 14 15
3 6 10 14 16
3 6 10 15 16
3 6 11 12 13
3 6 11 12 14
3 6 11 12 15
3 6 11 12 16
3 6 11 13 14
3 6 11 13 15
3 6 11 13 16
3 6 11 14 15
3 6 11 14 16
3 6 11 15 16
3 6 12 13 14
3 6 12 13 15
3 6 12 13 16
3 6 12 14 15
3 6 12 14 16
3 6 12 15 16
3 6 13 14 15
3 6 13 14 16
3 6 13 15 16
3 6 14 15 16
3 7 8 9 10
3 7 8 9 11
3 7 8 9 12
3 7 8 9 13
3 7 8 9 14
3 7 8 9 15
3 7 8 9 16
3 7 8 10 11
3 7 8 10 12
3 7 8 10 13
3 7 8 10 14
3 7 8 10 15
3 7 8 10 16
3 7 8 11 12
3 7 8 11 13
3 7 8 11 14
3 7 8 11 15
3 7 8 11 16
3 7 8 12 13
3 7 8 12 14
3 7 8 12 15
3 7 8 12 16
3 7 8 13 14
3 7 8 13 15
3 7 8 13 16
3 7 8 14 15
3 7 8 14 16
3 7 8 15 16
3 7 9 10 11
3 7 9 10 12
3 7 9 10 13
3 7 9 10 14
3 7 9 10 15
3 7 9 10 16
3 7 9 11 12
3 7 9 11 13
3 7 9 11 14
3 7 9 11 15
3 7 9 11 16
3 7 9 12 13
3 7 9 12 14
3 7 9 12 15
3 7 9 12 16
3 7 9 13 14
3 7 9 13 15
3 7 9 13 16
3 7 9 14 15
3 7 9 14 16
3 7 9 15 16
3 7 10 11 12
3 7 10 11 13
3 7 10 11 14
3 7 10 11 15
3 7 10 11 16
3 7 10 12 13
3 7 10 12 14
3 7 10 12 15
3 7 10 12 16
3 7 10 13 14
3 7 10 13 15
3 7 10 13 16
3 7 10 14 15
3 7 10 14 16
3 7 10 15 16
3 7 11 12 13
3 7 11 12 14
3 7 11 12 15
3 7 11 12 16
3 7 11 13 14
3 7 11 13 15
3 7 11 13 16
3 7 11 14 15
3 7 11 14 16
3 7 11 15 16
3 7 12 13 14
3 7 12 13 15
3 7 12 13 16
3 7 12 14 15
3 7 12 14 16
3 7 12 15 16
3 7 13 14 15
3 7 13 14 16
3 7 13 15 16
3 7 14 15 16
3 8 9 10 11
3 8 9 10 12
3 8 9 10 13
3 8 9 10 14
3 8 9 10 15
3 8 9 10 16
3 8 9 11 12
3 8 9 11 13
3 8 9 11 14
3 8 9 11 15
3 8 9 11 16
3 8 9 12 13
3 8 9 12 14
3 8 9 12 15
3 8 9 12 16
3 8 9 13 14
3 8 9 13 15
3 8 9 13 16
3 8 9 14 15
3 8 9 14 16
3 8 9 15 16
3 8 10 11 12
3 8 10 11 13
3 8 10 11 14
3 8 10 11 15
3 8 10 11 16
3 8 10 12 13
3 8 10 12 14
3 8 10 12 15
3 8 10 12 16
3 8 10 13 14
3 8 10 13 15
3 8 10 13 16
3 8 10 14 15
3 8 10 14 16
3 8 10 15 16
3 8 11 12 13
3 8 11 12 14
3 8 11 12 15
3 8 11 12 16
3 8 11 13 14
3 8 11 13 15
3 8 11 13 16
3 8 11 14 15
3 8 11 14 16
3 8 11 15 16
3 8 12 13 14
3 8 12 13 15
3 8 12 13 16
3 8 12 14 15
3 8 12 14 16
3 8 12 15 16
3 8 13 14 15
3 8 13 14 16
3 8 13 15 16
3 8 14 15 16
3 9 10 11 12
3 9 10 11 13
3 9 10 11 14
3 9 10 11 15
3 9 10 11 16
3 9 10 12 13
3 9 10 12 14
3 9 10 12 15
3 9 10 12 16
3 9 10 13 14
3 9 10 13 15
3 9 10 13 16
3 9 10 14 15
3 9 10 14 16
3 9 10 15 16
3 9 11 12 13
3 9 11 12 14
3 9 11 12 15
3 9 11 12 16
3 9 11 13 14
3 9 11 13 15
3 9 11 13 16
3 9 11 14 15
3 9 11 14 16
3 9 11 15 16
3 9 12 13 14
3 9 12 13 15
3 9 12 13 16
3 9 12 14 15
3 9 12 14 16
3 9 12 15 16
3 9 13 14 15
3 9 13 14 16
3 9 13 15 16
3 9 14 15 16
3 10 11 12 13
3 10 11 12 14
3 10 11 12 15
3 10 11 12 16
3 10 11 13 14
3 10 11 13 15
3 10 11 13 16
3 10 11 14 15
3 10 11 14 16
3 10 11 15 16
3 10 12 13 14
3 10 12 13 15
3 10 12 13 16
3 10 12 14 15
3 10 12 14 16
3 10 12 15 16
3 10 13 14 15
3 10 13 14 16
3 10 13 15 16
3 10 14 15 16
3 11 12 13 14
3 11 12 13 15
3 11 12 13 16
3 11 12 14 15
3 11 12 14 16
3 11 12 15 16
3 11 13 14 15
3 11 13 14 16
3 11 13 15 16
3 11 14 15 16
3 12 13 14 15
3 12 13 14 16
3 12 13 15 16
3 12 14 15 16
3 13 14 15 16
4 5 6 7 8
4 5 6 7 9
4 5 6 7 10
4 5 6 7 11
4 5 6 7 12
4 5 6 7 13
4 5 6 7 14
4 5 6 7 15
4 5 6 7 16
4 5 6 8 9
4 5 6 8 10
4 5 6 8 11
4 5 6 8 12
4 5 6 8 13
4 5 6 8 14
4 5 6 8 15
4 5 6 8 16
4 5 6 9 10
4 5 6 9 11
4 5 6 9 12
4 5 6 9 13
4 5 6 9 14
4 5 6 9 15
4 5 6 9 16
4 5 6 10 11
4 5 6 10 12
4 5 6 10 13
4 5 6 10 14
4 5 6 10 15
4 5 6 10 16
4 5 6 11 12
4 5 6 11 13
4 5 6 11 14
4 5 6 11 15
4 5 6 11 16
4 5 6 12 13
4 5 6 12 14
4 5 6 12 15
4 5 6 12 16
4 5 6 13 14
4 5 6 13 15
4 5 6 13 16
4 5 6 14 15
4 5 6 14 16
4 5 6 15 16
4 5 7 8 9
4 5 7 8 10
4 5 7 8 11
4 5 7 8 12
4 5 7 8 13
4 5 7 8 14
4 5 7 8 15
4 5 7 8 16
4 5 7 9 10
4 5 7 9 11
4 5 7 9 12
4 5 7 9 13
4 5 7 9 14
4 5 7 9 15
4 5 7 9 16
4 5 7 10 11
4 5 7 10 12
4 5 7 10 13
4 5 7 10 14
4 5 7 10 15
4 5 7 10 16
4 5 7 11 12
4 5 7 11 13
4 5 7 11 14
4 5 7 11 15
4 5 7 11 16
4 5 7 12 13
4 5 7 12 14
4 5 7 12 15
4 5 7 12 16
4 5 7 13 14
4 5 7 13 15
4 5 7 13 16
4 5 7 14 15
4 5 7 14 16
4 5 7 15 16
4 5 8 9 10
4 5 8 9 11
4 5 8 9 12
4 5 8 9 13
4 5 8 9 14
4 5 8 9 15
4 5 8 9 16
4 5 8 10 11
4 5 8 10 12
4 5 8 10 13
4 5 8 10 14
4 5 8 10 15
4 5 8 10 16
4 5 8 11 12
4 5 8 11 13
4 5 8 11 14
4 5 8 11 15
4 5 8 11 16
4 5 8 12 13
4 5 8 12 14
4 5 8 12 15
4 5 8 12 16
4 5 8 13 14
4 5 8 13 15
4 5 8 13 16
4 5 8 14 15
4 5 8 14 16
4 5 8 15 16
4 5 9 10 11
4 5 9 10 12
4 5 9 10 13
4 5 9 10 14
4 5 9 10 15
4 5 9 10 16
4 5 9 11 12
4 5 9 11 13
4 5 9 11 14
4 5 9 11 15
4 5 9 11 16
4 5 9 12 13
4 5 9 12 14
4 5 9 12 15
4 5 9 12 16
4 5 9 13 14
4 5 9 13 15
4 5 9 13 16
4 5 9 14 15
4 5 9 14 16
4 5 9 15 16
4 5 10 11 12
4 5 10 11 13
4 5 10 11 14
4 5 10 11 15
4 5 10 11 16
4 5 10 12 13
4 5 10 12 14
4 5 10 12 15
4 5 10 12 16
4 5 10 13 14
4 5 10 13 15
4 5 10 13 16
4 5 10 14 15
4 5 10 14 16
4 5 10 15 16
4 5 11 12 13
4 5 11 12 14
4 5 11 12 15
4 5 11 12 16
4 5 11 13 14
4 5 11 13 15
4 5 11 13 16
4 5 11 14 15
4 5 11 14 16
4 5 11 15 16
4 5 12 13 14
4 5 12 13 15
4 5 12 13 16
4 5 12 14 15
4 5 12 14 16
4 5 12 15 16
4 5 13 14 15
4 5 13 14 16
4 5 13 15 16
4 5 14 15 16
4 6 7 8 9
4 6 7 8 10
4 6 7 8 11
4 6 7 8 12
4 6 7 8 13
4 6 7 8 14
4 6 7 8 15
4 6 7 8 16
4 6 7 9 10
4 6 7 9 11
4 6 7 9 12
4 6 7 9 13
4 6 7 9 14
4 6 7 9 15
4 6 7 9 16
4 6 7 10 11
4 6 7 10 12
4 6 7 10 13
4 6 7 10 14
4 6 7 10 15
4 6 7 10 16
4 6 7 11 12
4 6 7 11 13
4 6 7 11 14
4 6 7 11 15
4 6 7 11 16
4 6 7 12 13
4 6 7 12 14
4 6 7 12 15
4 6 7 12 16
4 6 7 13 14
4 6 7 13 15
4 6 7 13 16
4 6 7 14 15
4 6 7 14 16
4 6 7 15 16
4 6 8 9 10
4 6 8 9 11
4 6 8 9 12
4 6 8 9 13
4 6 8 9 14
4 6 8 9 15
4 6 8 9 16
4 6 8 10 11
4 6 8 10 12
4 6 8 10 13
4 6 8 10 14
4 6 8 10 15
4 6 8 10 16
4 6 8 11 12
4 6 8 11 13
4 6 8 11 14
4 6 8 11 15
4 6 8 11 16
4 6 8 12 13
4 6 8 12 14
4 6 8 12 15
4 6 8 12 16
4 6 8 13 14
4 6 8 13 15
4 6 8 13 16
4 6 8 14 15
4 6 8 14 16
4 6 8 15 16
4 6 9 10 11
4 6 9 10 12
4 6 9 10 13
4 6 9 10 14
4 6 9 10 15
4 6 9 10 16
4 6 9 11 12
4 6 9 11 13
4 6 9 11 14
4 6 9 11 15
4 6 9 11 16
4 6 9 12 13
4 6 9 12 14
4 6 9 12 15
4 6 9 12 16
4 6 9 13 14
4 6 9 13 15
4 6 9 13 16
4 6 9 14 15
4 6 9 14 16
4 6 9 15 16
4 6 10 11 12
4 6 10 11 13
4 6 10 11 14
4 6 10 11 15
4 6 10 11 16
4 6 10 12 13
4 6 10 12 14
4 6 10 12 15
4 6 10 12 16
4 6 10 13 14
4 6 10 13 15
4 6 10 13 16
4 6 10 14 15
4 6 10 14 16
4 6 10 15 16
4 6 11 12 13
4 6 11 12 14
4 6 11 12 15
4 6 11 12 16
4 6 11 13 14
4 6 11 13 15
4 6 11 13 16
4 6 11 14 15
4 6 11 14 16
4 6 11 15 16
4 6 12 13 14
4 6 12 13 15
4 6 12 13 16
4 6 12 14 15
4 6 12 14 16
4 6 12 15 16
4 6 13 14 15
4 6 13 14 16
4 6 13 15 16
4 6 14 15 16
4 7 8 9 10
4 7 8 9 11
4 7 8 9 12
4 7 8 9 13
4 7 8 9 14
4 7 8 9 15
4 7 8 9 16
4 7 8 10 11
4 7 8 10 12
4 7 8 10 13
4 7 8 10 14
4 7 8 10 15
4 7 8 10 16
4 7 8 11 12
4 7 8 11 13
4 7 8 11 14
4 7 8 11 15
4 7 8 11 16
4 7 8 12 13
4 7 8 12 14
4 7 8 12 15
4 7 8 12 16
4 7 8 13 14
4 7 8 13 15
4 7 8 13 16
4 7 8 14 15
4 7 8 14 16
4 7 8 15 16
4 7 9 10 11
4 7 9 10 12
4 7 9 10 13
4 7 9 10 14
4 7 9 10 15
4 7 9 10 16
4 7 9 11 12
4 7 9 11 13
4 7 9 11 14
4 7 9 11 15
4 7 9 11 16
4 7 9 12 13
4 7 9 12 14
4 7 9 12 15
4 7 9 12 16
4 7 9 13 14
4 7 9 13 15
4 7 9 13 16
4 7 9 14 15
4 7 9 14 16
4 7 9 15 16
4 7 10 11 12
4 7 10 11 13
4 7 10 11 14
4 7 10 11 15
4 7 10 11 16
4 7 10 12 13
4 7 10 12 14
4 7 10 12 15
4 7 10 12 16
4 7 10 13 14
4 7 10 13 15
4 7 10 13 16
4 7 10 14 15
4 7 10 14 16
4 7 10 15 16
4 7 11 12 13
4 7 11 12 14
4 7 11 12 15
4 7 11 12 16
4 7 11 13 14
4 7 11 13 15
4 7 11 13 16
4 7 11 14 15
4 7 11 14 16
4 7 11 15 16
4 7 12 13 14
4 7 12 13 15
4 7 12 13 16
4 7 12 14 15
4 7 12 14 16
4 7 12 15 16
4 7 13 14 15
4 7 13 14 16
4 7 13 15 16
4 7 14 15 16
4 8 9 10 11
4 8 9 10 12
4 8 9 10 13
4 8 9 10 14
4 8 9 10 15
4 8 9 10 16
4 8 9 11 12
4 8 9 11 13
4 8 9 11 14
4 8 9 11 15
4 8 9 11 16
4 8 9 12 13
4 8 9 12 14
4 8 9 12 15
4 8 9 12 16
4 8 9 13 14
4 8 9 13 15
4 8 9 13 16
4 8 9 14 15
4 8 9 14 16
4 8 9 15 16
4 8 10 11 12
4 8 10 11 13
4 8 10 11 14
4 8 10 11 15
4 8 10 11 16
4 8 10 12 13
4 8 10 12 14
4 8 10 12 15
4 8 10 12 16
4 8 10 13 14
4 8 10 13 15
4 8 10 13 16
4 8 10 14 15
4 8 10 14 16
4 8 10 15 16
4 8 11 12 13
4 8 11 12 14
4 8 11 12 15
4 8 11 12 16
4 8 11 13 14
4 8 11 13 15
4 8 11 13 16
4 8 11 14 15
4 8 11 14 16
4 8 11 15 16
4 8 12 13 14
4 8 12 13 15
4 8 12 13 16
4 8 12 14 15
4 8 12 14 16
4 8 12 15 16
4 8 13 14 15
4 8 13 14 16
4 8 13 15 16
4 8 14 15 16
4 9 10 11 12
4 9 10 11 13
4 9 10 11 14
4 9 10 11 15
4 9 10 11 16
4 9 10 12 13
4 9 10 12 14
4 9 10 12 15
4 9 10 12 16
4 9 10 13 14
4 9 10 13 15
4 9 10 13 16
4 9 10 14 15
4 9 10 14 16
4 9 10 15 16
4 9 11 12 13
4 9 11 12 14
4 9 11 12 15
4 9 11 12 16
4 9 11 13 14
4 9 11 13 15
4 9 11 13 16
4 9 11 14 15
4 9 11 14 16
4 9 11 15 16
4 9 12 13 14
4 9 12 13 15
4 9 12 13 16
4 9 12 14 15
4 9 12 14 16
4 9 12 15 16
4 9 13 14 15
4 9 13 14 16
4 9 13 15 16
4 9 14 15 16
4 10 11 12 13
4 10 11 12 14
4 10 11 12 15
4 10 11 12 16
4 10 11 13 14
4 10 11 13 15
4 10 11 13 16
4 10 11 14 15
4 10 11 14 16
4 10 11 15 16
4 10 12 13 14
4 10 12 13 15
4 10 12 13 16
4 10 12 14 15
4 10 12 14 16
4 10 12 15 16
4 10 13 14 15
4 10 13 14 16
4 10 13 15 16
4 10 14 15 16
4 11 12 13 14
4 11 12 13 15
4 11 12 13 16
4 11 12 14 15
4 11 12 14 16
4 11 12 15 16
4 11 13 14 15
4 11 13 14 16
4 11 13 15 16
4 11 14 15 16
4 12 13 14 15
4 12 13 14 16
4 12 13 15 16
4 12 14 15 16
4 13 14 15 16
5 6 7 8 9
5 6 7 8 10
5 6 7 8 11
5 6 7 8 12
5 6 7 8 13
5 6 7 8 14
5 6 7 8 15
5 6 7 8 16
5 6 7 9 10
5 6 7 9 11
5 6 7 9 12
5 6 7 9 13
5 6 7 9 14
5 6 7 9 15
5 6 7 9 16
5 6 7 10 11
5 6 7 10 12
5 6 7 10 13
5 6 7 10 14
5 6 7 10 15
5 6 7 10 16
5 6 7 11 12
5 6 7 11 13
5 6 7 11 14
5 6 7 11 15
5 6 7 11 16
5 6 7 12 13
5 6 7 12 14
5 6 7 12 15
5 6 7 12 16
5 6 7 13 14
5 6 7 13 15
5 6 7 13 16
5 6 7 14 15
5 6 7 14 16
5 6 7 15 16
5 6 8 9 10
5 6 8 9 11
5 6 8 9 12
5 6 8 9 13
5 6 8 9 14
5 6 8 9 15
5 6 8 9 16
5 6 8 10 11
5 6 8 10 12
5 6 8 10 13
5 6 8 10 14
5 6 8 10 15
5 6 8 10 16
5 6 8 11 12
5 6 8 11 13
5 6 8 11 14
5 6 8 11 15
5 6 8 11 16
5 6 8 12 13
5 6 8 12 14
5 6 8 12 15
5 6 8 12 16
5 6 8 13 14
5 6 8 13 15
5 6 8 13 16
5 6 8 14 15
5 6 8 14 16
5 6 8 15 16
5 6 9 10 11
5 6 9 10 12
5 6 9 10 13
5 6 9 10 14
5 6 9 10 15
5 6 9 10 16
5 6 9 11 12
5 6 9 11 13
5 6 9 11 14
5 6 9 11 15
5 6 9 11 16
5 6 9 12 13
5 6 9 12 14
5 6 9 12 15
5 6 9 12 16
5 6 9 13 14
5 6 9 13 15
5 6 9 13 16
5 6 9 14 15
5 6 9 14 16
5 6 9 15 16
5 6 10 11 12
5 6 10 11 13
5 6 10 11 14
5 6 10 11 15
5 6 10 11 16
5 6 10 12 13
5 6 10 12 14
5 6 10 12 15
5 6 10 12 16
5 6 10 13 14
5 6 10 13 15
5 6 10 13 16
5 6 10 14 15
5 6 10 14 16
5 6 10 15 16
5 6 11 12 13
5 6 11 12 14
5 6 11 12 15
5 6 11 12 16
5 6 11 13 14
5 6 11 13 15
5 6 11 13 16
5 6 11 14 15
5 6 11 14 16
5 6 11 15 16
5 6 12 13 14
5 6 12 13 15
5 6 12 13 16
5 6 12 14 15
5 6 12 14 16
5 6 12 15 16
5 6 13 14 15
5 6 13 14 16
5 6 13 15 16
5 6 14 15 16
5 7 8 9 10
5 7 8 9 11
5 7 8 9 12
5 7 8 9 13
5 7 8 9 14
5 7 8 9 15
5 7 8 9 16
5 7 8 10 11
5 7 8 10 12
5 7 8 10 13
5 7 8 10 14
5 7 8 10 15
5 7 8 10 16
5 7 8 11 12
5 7 8 11 13
5 7 8 11 14
5 7 8 11 15
5 7 8 11 16
5 7 8 12 13
5 7 8 12 14
5 7 8 12 15
5 7 8 12 16
5 7 8 13 14
5 7 8 13 15
5 7 8 13 16
5 7 8 14 15
5 7 8 14 16
5 7 8 15 16
5 7 9 10 11
5 7 9 10 12
5 7 9 10 13
5 7 9 10 14
5 7 9 10 15
5 7 9 10 16
5 7 9 11 12
5 7 9 11 13
5 7 9 11 14
5 7 9 11 15
5 7 9 11 16
5 7 9 12 13
5 7 9 12 14
5 7 9 12 15
5 7 9 12 16
5 7 9 13 14
5 7 9 13 15
5 7 9 13 16
5 7 9 14 15
5 7 9 14 16
5 7 9 15 16
5 7 10 11 12
5 7 10 11 13
5 7 10 11 14
5 7 10 11 15
5 7 10 11 16
5 7 10 12 13
5 7 10 12 14
5 7 10 12 15
5 7 10 12 16
5 7 10 13 14
5 7 10 13 15
5 7 10 13 16
5 7 10 14 15
5 7 10 14 16
5 7 10 15 16
5 7 11 12 13
5 7 11 12 14
5 7 11 12 15
5 7 11 12 16
5 7 11 13 14
5 7 11 13 15
5 7 11 13 16
5 7 11 14 15
5 7 11 14 16
5 7 11 15 16
5 7 12 13 14
5 7 12 13 15
5 7 12 13 16
5 7 12 14 15
5 7 12 14 16
5 7 12 15 16
5 7 13 14 15
5 7 13 14 16
5 7 13 15 16
5 7 14 15 16
5 8 9 10 11
5 8 9 10 12
5 8 9 10 13
5 8 9 10 14
5 8 9 10 15
5 8 9 10 16
5 8 9 11 12
5 8 9 11 13
5 8 9 11 14
5 8 9 11 15
5 8 9 11 16
5 8 9 12 13
5 8 9 12 14
5 8 9 12 15
5 8 9 12 16
5 8 9 13 14
5 8 9 13 15
5 8 9 13 16
5 8 9 14 15
5 8 9 14 16
5 8 9 15 16
5 8 10 11 12
5 8 10 11 13
5 8 10 11 14
5 8 10 11 15
5 8 10 11 16
5 8 10 12 13
5 8 10 12 14
5 8 10 12 15
5 8 10 12 16
5 8 10 13 14
5 8 10 13 15
5 8 10 13 16
5 8 10 14 15
5 8 10 14 16
5 8 10 15 16
5 8 11 12 13
5 8 11 12 14
5 8 11 12 15
5 8 11 12 16
5 8 11 13 14
5 8 11 13 15
5 8 11 13 16
5 8 11 14 15
5 8 11 14 16
5 8 11 15 16
5 8 12 13 14
5 8 12 13 15
5 8 12 13 16
5 8 12 14 15
5 8 12 14 16
5 8 12 15 16
5 8 13 14 15
5 8 13 14 16
5 8 13 15 16
5 8 14 15 16
5 9 10 11 12
5 9 10 11 13
5 9 10 11 14
5 9 10 11 15
5 9 10 11 16
5 9 10 12 13
5 9 10 12 14
5 9 10 12 15
5 9 10 12 16
5 9 10 13 14
5 9 10 13 15
5 9 10 13 16
5 9 10 14 15
5 9 10 14 16
5 9 10 15 16
5 9 11 12 13
5 9 11 12 14
5 9 11 12 15
5 9 11 12 16
5 9 11 13 14
5 9 11 13 15
5 9 11 13 16
5 9 11 14 15
5 9 11 14 16
5 9 11 15 16
5 9 12 13 14
5 9 12 13 15
5 9 12 13 16
5 9 12 14 15
5 9 12 14 16
5 9 12 15 16
5 9 13 14 15
5 9 13 14 16
5 9 13 15 16
5 9 14 15 16
5 10 11 12 13
5 10 11 12 14
5 10 11 12 15
5 10 11 12 16
5 10 11 13 14
5 10 11 13 15
5 10 11 13 16
5 10 11 14 15
5 10 11 14 16
5 10 11 15 16
5 10 12 13 14
5 10 12 13 15
5 10 12 13 16
5 10 12 14 15
5 10 12 14 16
5 10 12 15 16
5 10 13 14 15
5 10 13 14 16
5 10 13 15 16
5 10 14 15 16
5 11 12 13 14
5 11 12 13 15
5 11 12 13 16
5 11 12 14 15
5 11 12 14 16
5 11 12 15 16
5 11 13 14 15
5 11 13 14 16
5 11 13 15 16
5 11 14 15 16
5 12 13 14 15
5 12 13 14 16
5 12 13 15 16
5 12 14 15 16
5 13 14 15 16
6 7 8 9 10
6 7 8 9 11
6 7 8 9 12
6 7 8 9 13
6 7 8 9 14
6 7 8 9 15
6 7 8 9 16
6 7 8 10 11
6 7 8 10 12
6 7 8 10 13
6 7 8 10 14
6 7 8 10 15
6 7 8 10 16
6 7 8 11 12
6 7 8 11 13
6 7 8 11 14
6 7 8 11 15
6 7 8 11 16
6 7 8 12 13
6 7 8 12 14
6 7 8 12 15
6 7 8 12 16
6 7 8 13 14
6 7 8 13 15
6 7 8 13 16
6 7 8 14 15
6 7 8 14 16
6 7 8 15 16
6 7 9 10 11
6 7 9 10 12
6 7 9 10 13
6 7 9 10 14
6 7 9 10 15
6 7 9 10 16
6 7 9 11 12
6 7 9 11 13
6 7 9 11 14
6 7 9 11 15
6 7 9 11 16
6 7 9 12 13
6 7 9 12 14
6 7 9 12 15
6 7 9 12 16
6 7 9 13 14
6 7 9 13 15
6 7 9 13 16
6 7 9 14 15
6 7 9 14 16
6 7 9 15 16
6 7 10 11 12
6 7 10 11 13
6 7 10 11 14
6 7 10 11 15
6 7 10 11 16
6 7 10 12 13
6 7 10 12 14
6 7 10 12 15
6 7 10 12 16
6 7 10 13 14
6 7 10 13 15
6 7 10 13 16
6 7 10 14 15
6 7 10 14 16
6 7 10 15 16
6 7 11 12 13
6 7 11 12 14
6 7 11 12 15
6 7 11 12 16
6 7 11 13 14
6 7 11 13 15
6 7 11 13 16
6 7 11 14 15
6 7 11 14 16
6 7 11 15 16
6 7 12 13 14
6 7 12 13 15
6 7 12 13 16
6 7 12 14 15
6 7 12 14 16
6 7 12 15 16
6 7 13 14 15
6 7 13 14 16
6 7 13 15 16
6 7 14 15 16
6 8 9 10 11
6 8 9 10 12
6 8 9 10 13
6 8 9 10 14
6 8 9 10 15
6 8 9 10 16
6 8 9 11 12
6 8 9 11 13
6 8 9 11 14
6 8 9 11 15
6 8 9 11 16
6 8 9 12 13
6 8 9 12 14
6 8 9 12 15
6 8 9 12 16
6 8 9 13 14
6 8 9 13 15
6 8 9 13 16
6 8 9 14 15
6 8 9 14 16
6 8 9 15 16
6 8 10 11 12
6 8 10 11 13
6 8 10 11 14
6 8 10 11 15
6 8 10 11 16
6 8 10 12 13
6 8 10 12 14
6 8 10 12 15
6 8 10 12 16
6 8 10 13 14
6 8 10 13 15
6 8 10 13 16
6 8 10 14 15
6 8 10 14 16
6 8 10 15 16
6 8 11 12 13
6 8 11 12 14
6 8 11 12 15
6 8 11 12 16
6 8 11 13 14
6 8 11 13 15
6 8 11 13 16
6 8 11 14 15
6 8 11 14 16
6 8 11 15 16
6 8 12 13 14
6 8 12 13 15
6 8 12 13 16
6 8 12 14 15
6 8 12 14 16
6 8 12 15 16
6 8 13 14 15
6 8 13 14 16
6 8 13 15 16
6 8 14 15 16
6 9 10 11 12
6 9 10 11 13
6 9 10 11 14
6 9 10 11 15
6 9 10 11 16
6 9 10 12 13
6 9 10 12 14
6 9 10 12 15
6 9 10 12 16
6 9 10 13 14
6 9 10 13 15
6 9 10 13 16
6 9 10 14 15
6 9 10 14 16
6 9 10 15 16
6 9 11 12 13
6 9 11 12 14
6 9 11 12 15
6 9 11 12 16
6 9 11 13 14
6 9 11 13 15
6 9 11 13 16
6 9 11 14 15
6 9 11 14 16
6 9 11 15 16
6 9 12 13 14
6 9 12 13 15
6 9 12 13 16
6 9 12 14 15
6 9 12 14 16
6 9 12 15 16
6 9 13 14 15
6 9 13 14 16
6 9 13 15 16
6 9 14 15 16
6 10 11 12 13
6 10 11 12 14
6 10 11 12 15
6 10 11 12 16
6 10 11 13 14
6 10 11 13 15
6 10 11 13 16
6 10 11 14 15
6 10 11 14 16
6 10 11 15 16
6 10 12 13 14
6 10 12 13 15
6 10 12 13 16
6 10 12 14 15
6 10 12 14 16
6 10 12 15 16
6 10 13 14 15
6 10 13 14 16
6 10 13 15 16
6 10 14 15 16
6 11 12 13 14
6 11 12 13 15
6 11 12 13 16
6 11 12 14 15
6 11 12 14 16
6 11 12 15 16
6 11 13 14 15
6 11 13 14 16
6 11 13 15 16
6 11 14 15 16
6 12 13 14 15
6 12 13 14 16
6 12 13 15 16
6 12 14 15 16
6 13 14 15 16
7 8 9 10 11
7 8 9 10 12
7 8 9 10 13
7 8 9 10 14
7 8 9 10 15
7 8 9 10 16
7 8 9 11 12
7 8 9 11 13
7 8 9 11 14
7 8 9 11 15
7 8 9 11 16
7 8 9 12 13
7 8 9 12 14
7 8 9 12 15
7 8 9 12 16
7 8 9 13 14
7 8 9 13 15
7 8 9 13 16
7 8 9 14 15
7 8 9 14 16
7 8 9 15 16
7 8 10 11 12
7 8 10 11 13
7 8 10 11 14
7 8 10 11 15
7 8 10 11 16
7 8 10 12 13
7 8 10 12 14
7 8 10 12 15
7 8 10 12 16
7 8 10 13 14
7 8 10 13 15
7 8 10 13 16
7 8 10 14 15
7 8 10 14 16
7 8 10 15 16
7 8 11 12 13
7 8 11 12 14
7 8 11 12 15
7 8 11 12 16
7 8 11 13 14
7 8 11 13 15
7 8 11 13 16
7 8 11 14 15
7 8 11 14 16
7 8 11 15 16
7 8 12 13 14
7 8 12 13 15
7 8 12 13 16
7 8 12 14 15
7 8 12 14 16
7 8 12 15 16
7 8 13 14 15
7 8 13 14 16
7 8 13 15 16
7 8 14 15 16
7 9 10 11 12
7 9 10 11 13
7 9 10 11 14
7 9 10 11 15
7 9 10 11 16
7 9 10 12 13
7 9 10 12 14
7 9 10 12 15
7 9 10 12 16
7 9 10 13 14
7 9 10 13 15
7 9 10 13 16
7 9 10 14 15
7 9 10 14 16
7 9 10 15 16
7 9 11 12 13
7 9 11 12 14
7 9 11 12 15
7 9 11 12 16
7 9 11 13 14
7 9 11 13 15
7 9 11 13 16
7 9 11 14 15
7 9 11 14 16
7 9 11 15 16
7 9 12 13 14
7 9 12 13 15
7 9 12 13 16
7 9 12 14 15
7 9 12 14 16
7 9 12 15 16
7 9 13 14 15
7 9 13 14 16
7 9 13 15 16
7 9 14 15 16
7 10 11 12 13
7 10 11 12 14
7 10 11 12 15
7 10 11 12 16
7 10 11 13 14
7 10 11 13 15
7 10 11 13 16
7 10 11 14 15
7 10 11 14 16
7 10 11 15 16
7 10 12 13 14
7 10 12 13 15
7 10 12 13 16
7 10 12 14 15
7 10 12 14 16
7 10 12 15 16
7 10 13 14 15
7 10 13 14 16
7 10 13 15 16
7 10 14 15 16
7 11 12 13 14
7 11 12 13 15
7 11 12 13 16
7 11 12 14 15
7 11 12 14 16
7 11 12 15 16
7 11 13 14 15
7 11 13 14 16
7 11 13 15 16
7 11 14 15 16
7 12 13 14 15
7 12 13 14 16
7 12 13 15 16
7 12 14 15 16
7 13 14 15 16
8 9 10 11 12
8 9 10 11 13
8 9 10 11 14
8 9 10 11 15
8 9 10 11 16
8 9 10 12 13
8 9 10 12 14
8 9 10 12 15
8 9 10 12 16
8 9 10 13 14
8 9 10 13 15
8 9 10 13 16
8 9 10 14 15
8 9 10 14 16
8 9 10 15 16
8 9 11 12 13
8 9 11 12 14
8 9 11 12 15
8 9 11 12 16
8 9 11 13 14
8 9 11 13 15
8 9 11 13 16
8 9 11 14 15
8 9 11 14 16
8 9 11 15 16
8 9 12 13 14
8 9 12 13 15
8 9 12 13 16
8 9 12 14 15
8 9 12 14 16
8 9 12 15 16
8 9 13 14 15
8 9 13 14 16
8 9 13 15 16
8 9 14 15 16
8 10 11 12 13
8 10 11 12 14
8 10 11 12 15
8 10 11 12 16
8 10 11 13 14
8 10 11 13 15
8 10 11 13 16
8 10 11 14 15
8 10 11 14 16
8 10 11 15 16
8 10 12 13 14
8 10 12 13 15
8 10 12 13 16
8 10 12 14 15
8 10 12 14 16
8 10 12 15 16
8 10 13 14 15
8 10 13 14 16
8 10 13 15 16
8 10 14 15 16
8 11 12 13 14
8 11 12 13 15
8 11 12 13 16
8 11 12 14 15
8 11 12 14 16
8 11 12 15 16
8 11 13 14 15
8 11 13 14 16
8 11 13 15 16
8 11 14 15 16
8 12 13 14 15
8 12 13 14 16
8 12 13 15 16
8 12 14 15 16
8 13 14 15 16
9 10 11 12 13
9 10 11 12 14
9 10 11 12 15
9 10 11 12 16
9 10 11 13 14
9 10 11 13 15
9 10 11 13 16
9 10 11 14 15
9 10 11 14 16
9 10 11 15 16
9 10 12 13 14
9 10 12 13 15
9 10 12 13 16
9 10 12 14 15
9 10 12 14 16
9 10 12 15 16
9 10 13 14 15
9 10 13 14 16
9 10 13 15 16
9 10 14 15 16
9 11 12 13 14
9 11 12 13 15
9 11 12 13 16
9 11 12 14 15
9 11 12 14 16
9 11 12 15 16
9 11 13 14 15
9 11 13 14 16
9 11 13 15 16
9 11 14 15 16
9 12 13 14 15
9 12 13 14 16
9 12 13 15 16
9 12 14 15 16
9 13 14 15 16
10 11 12 13 14
10 11 12 13 15
10 11 12 13 16
10 11 12 14 15
10 11 12 14 16
10 11 12 15 16
10 11 13 14 15
10 11 13 14 16
10 11 13 15 16
10 11 14 15 16
10 12 13 14 15
10 12 13 14 16
10 12 13 15 16
10 12 14 15 16
10 13 14 15 16
11 12 13 14 15
11 12 13 14 16
11 12 13 15 16
11 12 14 15 16
11 13 14 15 16
12 13 14 15 16

Is hamiltonian hermitian? 1
Implicit Hamiltonian constructed
E(core)= 9.189534427600
H(1,1) + E(core) energy = -76.350529707400
Davidson: iter=0 dim=0 root=0 eigenvalue=-85.540064135000
Davidson: iter=1 dim=1 root=0 eigenvalue=-85.574096914514
Davidson: iter=2 dim=2 root=0 eigenvalue=-85.578247353489
Davidson: iter=3 dim=3 root=0 eigenvalue=-85.578412968897
Davidson: iter=4 dim=4 root=0 eigenvalue=-85.578427243110
Davidson: iter=5 dim=5 root=0 eigenvalue=-85.578427938216
Davidson: iter=6 dim=6 root=0 eigenvalue=-85.578428027895
Davidson: iter=7 dim=7 root=0 eigenvalue=-85.578428035067
Davidson: iter=8 dim=8 root=0 eigenvalue=-85.578428035606
Davidson: iter=9 dim=9 root=0 eigenvalue=-85.578428035654
Davidson: iter=10 dim=10 root=0 eigenvalue=-85.578428035658
root no. 0 converged
Davidson converged in 10 iterations.
E(core)= 9.189534427600
E(0)= -76.388893608058
FCI Excitation energies = 1
0.000000000000

Vacuum coefficients in CI state 0 = -0.990179964373
Eigenvector 0 in string basis
0: -0.990179964373 seniority 0 ... 5
1 2 3 4 5
 | 5
1 2 3 4 5

Seniority vectors for all roots (nroots/seniority)
1 6
0.984446430026 0.003635802042 -0.980948985536 0.121033312376 1.000007577758 0.000000000090

Calculating transition densities
Root 0 MO occupations numbers (density matrix diagonal)
16
1.999997036097 1.995159603582 1.987338164772 1.988489844491 1.989787441205 0.003015458415 0.002522374471 0.002683633918 0.002086018584 0.007580633496 0.007008683480 0.007615770899 0.001855149493 0.000839868453 0.001350413106 0.002669905597
Transition densities done:
Trandens between roots 0 0
16 16
1.999997036097 -0.000008799820 -0.000000000000 0.000013368020 0.000000000000 0.000190023691 0.000000000000 -0.000216281172 -0.000000000000 0.000000000000 -0.000150588964 0.000000000000 -0.000089637790 0.000000000000 0.000000000000 -0.000451656544
-0.000008799820 1.995159603582 -0.000000000000 -0.002176979913 0.000000000000 0.000802504349 0.000000000003 0.006095904030 0.000000000004 0.000000000000 -0.005278993236 0.000000000004 -0.002601422741 0.000000000000 0.000000000000 0.000784338018
-0.000000000000 -0.000000000000 1.987338164772 0.000000000001 0.000000000000 -0.000000000003 0.002743115905 0.000000000006 0.000281542870 0.000000000000 0.000000000011 0.009589350636 -0.000000000008 0.000000000000 0.000000000000 0.000000000001
0.000013368020 -0.002176979913 0.000000000001 1.988489844491 0.000000000000 -0.003959848775 0.000000000003 -0.006726093620 -0.000000000279 0.000000000000 0.000725224096 0.000000000001 0.007531961446 0.000000000000 0.000000000000 -0.003325843990
0.000000000000 0.000000000000 0.000000000000 0.000000000000 1.989787441205 0.000000000000 0.000000000000 0.000000000000 0.000000000000 0.017829697450 0.000000000000 0.000000000000 0.000000000000 0.000000000011 -0.010682433415 0.000000000000
0.000190023691 0.000802504349 -0.000000000003 -0.003959848775 0.000000000000 0.003015458415 -0.000000000000 0.000402199682 0.000000000001 0.000000000000 -0.004171661479 -0.000000000000 -0.001722901196 0.000000000000 0.000000000000 -0.001031696725
0.000000000000 0.000000000003 0.002743115905 0.000000000003 0.000000000000 -0.000000000000 0.002522374471 -0.000000000000 -0.001743615336 0.000000000000 0.000000000000 0.004340895299 0.000000000000 0.000000000000 0.000000000000 -0.000000000000
-0.000216281172 0.006095904030 0.000000000006 -0.006726093620 0.000000000000 0.000402199682 -0.000000000000 0.002683633918 0.000000000002 0.000000000000 -0.001564311546 -0.000000000000 -0.001086047309 0.000000000000 0.000000000000 0.001915419409
-0.000000000000 0.000000000004 0.000281542870 -0.000000000279 0.000000000000 0.000000000001 -0.001743615336 0.000000000002 0.002086018584 0.000000000000 -0.000000000002 -0.003252223609 -0.000000000002 0.000000000000 0.000000000000 0.000000000001
0.000000000000 0.000000000000 0.000000000000 0.000000000000 0.017829697450 0.000000000000 0.000000000000 0.000000000000 0.000000000000 0.007580633496 0.000000000000 0.000000000000 0.000000000000 0.000000000000 -0.002426264866 0.000000000000
-0.000150588964 -0.005278993236 0.000000000011 0.000725224096 0.000000000000 -0.004171661479 0.000000000000 -0.001564311546 -0.000000000002 0.000000000000 0.007008683480 0.000000000000 0.002453490197 0.000000000000 0.000000000000 -0.000012080014
0.000000000000 0.000000000004 0.009589350636 0.000000000001 0.000000000000 -0.000000000000 0.004340895299 -0.000000000000 -0.003252223609 0.000000000000 0.000000000000 0.007615770899 0.000000000000 0.000000000000 0.000000000000 0.000000000000
-0.000089637790 -0.002601422741 -0.000000000008 0.007531961446 0.000000000000 -0.001722901196 0.000000000000 -0.001086047309 -0.000000000002 0.000000000000 0.002453490197 0.000000000000 0.001855149493 0.000000000000 0.000000000000 -0.000122731069
0.000000000000 0.000000000000 0.000000000000 0.000000000000 0.000000000011 0.000000000000 0.000000000000 0.000000000000 0.000000000000 0.000000000000 0.000000000000 0.000000000000 0.000000000000 0.000839868453 -0.000000000000 0.000000000000
0.000000000000 0.000000000000 0.000000000000 0.000000000000 -0.010682433415 0.000000000000 0.000000000000 0.000000000000 0.000000000000 -0.002426264866 0.000000000000 0.000000000000 0.000000000000 -0.000000000000 0.001350413106 0.000000000000
-0.000451656544 0.000784338018 0.000000000001 -0.003325843990 0.000000000000 -0.001031696725 -0.000000000000 0.001915419409 0.000000000001 0.000000000000 -0.000012080014 0.000000000000 -0.000122731069 0.000000000000 0.000000000000 0.002669905597

State 0 :
Natural orbital occupations
16
1.999997244294 1.995865755052 1.990005416884 1.987885488027 1.987388496669 0.011500778898 0.011005113517 0.008205644532 0.004727513506 0.000980461582 0.000839868453 0.000655985674 0.000507426392 0.000406069774 0.000017067485 0.000011669321
Natural orbitals (in MO basis)
16 16
-0.999994807300 -0.003082498094 -0.000000000000 -0.000896529292 -0.000000000002 0.000000000000 -0.000100199650 0.000000000000 -0.000255740497 -0.000048907189 -0.000000000000 -0.000000000000 -0.000000000000 -0.000019164595 0.000000000000 -0.000040142763
0.002690544506 -0.957121477069 0.000000000000 0.289642505813 0.000000000647 0.000000000008 -0.003332784238 -0.000000000000 0.002150946291 -0.000616969802 0.000000000000 -0.000000000002 0.000000000000 -0.001074362069 -0.000000000000 -0.001090414346
0.000000000000 0.000000000044 -0.000000000000 0.000000002380 -0.999987277649 -0.004514216113 -0.000000000010 0.000000000000 0.000000000004 -0.000000000006 0.000000000000 -0.001696385696 0.000000000000 0.000000000001 0.001479414983 0.000000000000
-0.001750492835 0.289619495274 0.000000000000 0.957123121787 0.000000002291 -0.000000000062 0.003178356998 -0.000000000000 -0.003102287739 0.003438384988 -0.000000000000 0.000000000126 -0.000000000000 -0.000432243082 -0.000000000021 -0.001038270098
0.000000000000 -0.000000000000 -0.999945013733 0.000000000000 0.000000000000 0.000000000000 -0.000000000000 0.010247755354 0.000000000000 -0.000000000000 0.000000000005 -0.000000000000 -0.002225538080 0.000000000000 0.000000000000 -0.000000000000
-0.000090868899 -0.000969130283 -0.000000000000 -0.001794117933 -0.000000000003 -0.000000001400 0.488529833639 0.000000000000 0.269868568496 0.147021950570 -0.000000000000 0.000000000024 0.000000000000 0.136951733068 0.000000000197 -0.805067798333
-0.000000000000 -0.000000000001 -0.000000000000 0.000000000005 -0.001392480610 0.460661776970 0.000000001378 -0.000000000000 -0.000000000103 0.000000000034 -0.000000000000 0.317737699866 0.000000000000 -0.000000000173 0.828753004411 0.000000000189
0.000122522435 -0.003908627910 -0.000000000000 -0.002356605678 -0.000000000009 -0.000000000656 0.206086800624 0.000000000000 -0.631729877256 0.334395909622 -0.000000000000 0.000000000021 -0.000000000000 0.662586082445 0.000000000040 0.087085049203
0.000000000000 -0.000000000043 0.000000000000 -0.000000000133 -0.000132649632 -0.364933706930 -0.000000000875 0.000000000000 -0.000000000279 0.000000000094 -0.000000000000 0.918956555669 -0.000000000000 -0.000000000417 -0.149473143889 -0.000000000053
0.000000000000 0.000000000000 -0.008999976328 0.000000000000 -0.000000000000 0.000000000000 0.000000000000 -0.947564102400 0.000000000000 -0.000000000000 -0.000000000013 -0.000000000000 -0.319438996163 0.000000000000 0.000000000000 -0.000000000000
0.000067930859 0.002654324519 0.000000000000 -0.000411730347 -0.000000000006 0.000000002281 -0.783879209100 -0.000000000000 -0.022262554780 0.481697961997 -0.000000000000 0.000000000106 -0.000000000000 0.030747160555 0.000000000068 -0.389938751789
-0.000000000000 -0.000000000002 -0.000000000000 0.000000000013 -0.004846436017 0.809069674774 0.000000002421 -0.000000000000 -0.000000000169 0.000000000028 -0.000000000000 0.233578092194 -0.000000000000 -0.000000000086 -0.539281047568 -0.000000000129
0.000034840033 0.002349079610 -0.000000000000 0.003252938941 0.000000000012 0.000000000949 -0.322957663550 -0.000000000000 0.078747518873 -0.724322914088 0.000000000000 0.000000000422 0.000000000000 0.568083504351 0.000000000053 -0.205227978199
0.000000000000 -0.000000000000 -0.000000000005 0.000000000000 0.000000000000 -0.000000000000 -0.000000000000 0.000000000007 0.000000000000 -0.000000000000 -1.000000000000 -0.000000000000 0.000000000019 0.000000000000 0.000000000000 0.000000000000
0.000000000000 0.000000000000 0.005382372676 0.000000000000 -0.000000000000 0.000000000000 -0.000000000000 0.319401401615 0.000000000000 -0.000000000000 -0.000000000016 -0.000000000000 -0.947604228943 0.000000000000 0.000000000000 -0.000000000000
0.000230262555 -0.000862610151 -0.000000000000 -0.001490375565 -0.000000000004 -0.000000000030 -0.008794652071 -0.000000000000 -0.722064546064 -0.331474140286 0.000000000000 -0.000000000423 0.000000000000 -0.467502202034 0.000000000108 -0.387439043580

