Begin IJ Block
1   1   -33.0267399987
1   2   -0.5835779638
1   4   0.1849935667
2   2   -7.8694360805
2   4   0.2209131587
3   3   -6.7588073737
4   4   -6.9056704340
5   5   -7.0520587759

End IJ Block
Begin IA Block
1   1   0.1367937295
1   3   0.0000000000
1   4   0.0876828624
1   5   -0.1111054418
2   1   0.7034418386
2   2   0.0000000000
2   3   0.0000000000
2   4   0.1541976099
2   5   -0.5623560621
3   1   -0.0000000000
3   2   0.8252956187
3   3   0.3199631141
3   4   -0.0000000000
3   5   -0.0000000000
4   1   0.3605378351
4   2   -0.0000000000
4   3   -0.0000000001
4   4   -0.8852630447
4   5   -0.8188646339
5   6   -1.4991129299

End IA Block
Begin AB Block
1   1   -2.7917755417
1   2   -0.0000000000
1   3   0.0000000000
1   4   0.0349126908
1   5   0.8156196680
2   2   -2.4305035096
2   3   -0.4662208496
2   4   0.0000000001
2   5   0.0000000000
3   3   -3.1853397882
3   4   0.0000000000
3   5   -0.0000000000
4   4   -2.9778953376
4   5   -0.0773379067
5   5   -3.4514497261
6   6   -3.7643403264

End AB Block
Begin IJAB Block
1   6   1   7   0.0062594612
1   6   1   10   0.0006802155
1   6   1   11   -0.0071514871
1   6   2   8   0.0033118972
1   6   2   9   0.0024823019
1   6   2   10   -0.0000000000
1   6   3   8   0.0024823019
1   6   3   9   0.0018501731
1   6   3   10   0.0000000000
1   6   3   11   0.0000000000
1   6   4   7   0.0006802155
1   6   4   8   -0.0000000000
1   6   4   9   0.0000000000
1   6   4   10   0.0053153715
1   6   4   11   0.0024908599
1   6   5   7   -0.0071514871
1   6   5   9   0.0000000000
1   6   5   10   0.0024908599
1   6   5   11   0.0102033716
1   6   6   12   0.0145068871
1   7   1   7   -0.0005948355
1   7   1   9   0.0000000000
1   7   1   10   0.0019584684
1   7   1   11   0.0017787940
1   7   2   8   -0.0027487718
1   7   2   9   -0.0017079778
1   7   2   10   0.0000000000
1   7   3   7   0.0000000000
1   7   3   8   -0.0020195712
1   7   3   9   -0.0014202600
1   7   3   11   -0.0000000000
1   7   4   7   0.0026552964
1   7   4   8   0.0000000000
1   7   4   10   -0.0021703442
1   7   4   11   -0.0043146361
1   7   5   7   0.0023884000
1   7   5   9   -0.0000000000
1   7   5   10   -0.0036309928
1   7   5   11   -0.0049877102
1   7   6   12   -0.0096108542
1   8   1   8   0.0002293269
1   8   1   9   0.0010649312
1   8   1   10   -0.0000000000
1   8   2   7   -0.0015571239
1   8   2   10   -0.0001123800
1   8   2   11   0.0002224178
1   8   3   7   -0.0010938611
1   8   3   9   -0.0000000000
1   8   3   10   -0.0002963827
1   8   3   11   0.0000705781
1   8   4   7   0.0000000000
1   8   4   8   0.0003173868
1   8   4   9   -0.0011923879
1   8   4   10   0.0000000000
1   8   5   8   -0.0002403012
1   8   5   9   -0.0020857173
1   8   5   10   0.0000000000
1   9   1   7   -0.0008756094
1   9   1   9   -0.0000000000
1   9   1   10   -0.0016727933
1   9   1   11   0.0001398036
1   9   2   8   0.0009609984
1   9   2   9   0.0020904153
1   9   2   10   -0.0000000000
1   9   3   7   0.0000000000
1   9   3   8   0.0008793273
1   9   3   9   0.0016305346
1   9   4   7   0.0011028752
1   9   4   10   0.0014341604
1   9   4   11   -0.0006914819
1   9   5   7   0.0018144968
1   9   5   9   0.0000000000
1   9   5   10   0.0029264912
1   9   5   11   -0.0007263877
1   9   6   12   0.0033529724
1   10   1   12   -0.0007353612
1   10   4   12   -0.0005018840
1   10   5   12   0.0003106560
1   10   6   7   0.0039446470
1   10   6   9   0.0000000000
1   10   6   10   0.0038560892
1   10   6   11   -0.0046490637
2   6   1   7   -0.0005948355
2   6   1   9   0.0000000000
2   6   1   10   0.0026552964
2   6   1   11   0.0023884000
2   6   2   8   -0.0027487718
2   6   2   9   -0.0020195712
2   6   2   10   0.0000000000
2   6   3   7   0.0000000000
2   6   3   8   -0.0017079778
2   6   3   9   -0.0014202600
2   6   3   11   -0.0000000000
2   6   4   7   0.0019584684
2   6   4   8   0.0000000000
2   6   4   10   -0.0021703442
2   6   4   11   -0.0036309928
2   6   5   7   0.0017787940
2   6   5   9   -0.0000000000
2   6   5   10   -0.0043146361
2   6   5   11   -0.0049877102
2   6   6   12   -0.0096108542
2   7   1   7   0.0219005684
2   7   1   9   -0.0000000000
2   7   1   10   -0.0002038868
2   7   1   11   -0.0243301181
2   7   2   8   0.0109891856
2   7   2   9   0.0071035466
2   7   2   10   -0.0000000000
2   7   3   7   -0.0000000000
2   7   3   8   0.0071035466
2   7   3   9   0.0173370170
2   7   3   10   -0.0000000000
2   7   3   11   0.0000000000
2   7   4   7   -0.0002038868
2   7   4   8   -0.0000000000
2   7   4   9   -0.0000000000
2   7   4   10   0.0124778281
2   7   4   11   0.0006256554
2   7   5   7   -0.0243301181
2   7   5   9   0.0000000000
2   7   5   10   0.0006256554
2   7   5   11   0.0376470966
2   7   6   12   0.0257519819
2   8   1   8   0.0184396710
2   8   1   9   0.0074832272
2   8   1   10   -0.0000000000
2   8   2   7   0.0078189049
2   8   2   10   -0.0000350177
2   8   2   11   -0.0031954230
2   8   3   7   0.0060616788
2   8   3   8   0.0000000000
2   8   3   9   0.0000000000
2   8   3   10   0.0053865145
2   8   3   11   -0.0108560014
2   8   4   7   -0.0000000000
2   8   4   8   0.0039180433
2   8   4   9   0.0078862384
2   8   4   10   -0.0000000000
2   8   4   11   0.0000000000
2   8   5   8   -0.0144654674
2   8   5   9   -0.0095692460
2   8   5   10   0.0000000000
2   8   5   11   0.0000000000
2   9   1   7   0.0114655938
2   9   1   9   -0.0000000000
2   9   1   10   -0.0146098209
2   9   1   11   -0.0215248704
2   9   2   8   -0.0019317851
2   9   2   9   -0.0056929997
2   9   2   10   0.0000000000
2   9   3   7   -0.0000000000
2   9   3   8   -0.0019150665
2   9   3   9   0.0021835805
2   9   3   10   -0.0000000000
2   9   3   11   -0.0000000000
2   9   4   7   -0.0024154810
2   9   4   8   0.0000000000
2   9   4   9   -0.0000000000
2   9   4   10   -0.0085307185
2   9   4   11   -0.0062354665
2   9   5   7   -0.0149485894
2   9   5   9   0.0000000000
2   9   5   10   0.0055844698
2   9   5   11   0.0257195088
2   9   6   12   -0.0069077597
2   10   1   12   -0.0315907159
2   10   3   12   -0.0000000000
2   10   4   12   -0.0101738146
2   10   5   12   0.0266377333
2   10   6   7   -0.0127355360
2   10   6   9   -0.0000000000
2   10   6   10   -0.0074974244
2   10   6   11   0.0119907418
3   6   1   8   -0.0015571239
3   6   1   9   -0.0010938611
3   6   1   10   0.0000000000
3   6   2   7   0.0002293269
3   6   2   10   0.0003173868
3   6   2   11   -0.0002403012
3   6   3   7   0.0010649312
3   6   3   9   -0.0000000000
3   6   3   10   -0.0011923879
3   6   3   11   -0.0020857173
3   6   4   7   -0.0000000000
3   6   4   8   -0.0001123800
3   6   4   9   -0.0002963827
3   6   4   10   0.0000000000
3   6   4   11   0.0000000000
3   6   5   8   0.0002224178
3   6   5   9   0.0000705781
3   7   1   8   0.0078189049
3   7   1   9   0.0060616788
3   7   1   10   -0.0000000000
3   7   2   7   0.0184396710
3   7   2   9   0.0000000000
3   7   2   10   0.0039180433
3   7   2   11   -0.0144654674
3   7   3   7   0.0074832272
3   7   3   9   0.0000000000
3   7   3   10   0.0078862384
3   7   3   11   -0.0095692460
3   7   4   7   -0.0000000000
3   7   4   8   -0.0000350177
3   7   4   9   0.0053865145
3   7   4   10   -0.0000000000
3   7   4   11   0.0000000000
3   7   5   8   -0.0031954230
3   7   5   9   -0.0108560014
3   7   5   10   0.0000000000
3   7   5   11   0.0000000000
3   8   1   7   0.0129219414
3   8   1   9   0.0000000000
3   8   1   10   0.0047093820
3   8   1   11   -0.0172161867
3   8   2   8   0.0276645044
3   8   2   9   0.0180324637
3   8   2   10   -0.0000000000
3   8   2   11   -0.0000000000
3   8   3   7   0.0000000000
3   8   3   8   0.0180324637
3   8   3   9   0.0390321646
3   8   3   10   -0.0000000000
3   8   3   11   -0.0000000000
3   8   4   7   0.0047093820
3   8   4   8   -0.0000000000
3   8   4   9   -0.0000000000
3   8   4   10   0.0124722191
3   8   4   11   -0.0136437114
3   8   5   7   -0.0172161867
3   8   5   8   -0.0000000000
3   8   5   9   -0.0000000000
3   8   5   10   -0.0136437114
3   8   5   11   0.0403866468
3   8   6   12   0.0081828330
3   9   1   8   0.0040839445
3   9   1   9   0.0086067950
3   9   1   10   -0.0000000000
3   9   2   7   0.0103617417
3   9   2   9   -0.0000000000
3   9   2   10   -0.0184702736
3   9   2   11   -0.0207259183
3   9   3   7   0.0108272262
3   9   3   8   -0.0000000000
3   9   3   9   -0.0000000000
3   9   3   10   -0.0076298594
3   9   3   11   -0.0181424091
3   9   4   7   -0.0000000000
3   9   4   8   -0.0006077122
3   9   4   9   0.0083984084
3   9   4   10   0.0000000000
3   9   4   11   0.0000000000
3   9   5   8   -0.0101446844
3   9   5   9   -0.0252484023
3   9   5   10   0.0000000000
3   9   5   11   0.0000000000
3   10   2   12   -0.0315267579
3   10   3   12   -0.0162199634
3   10   4   12   0.0000000000
3   10   5   12   0.0000000000
3   10   6   8   -0.0054574854
3   10   6   9   -0.0036058965
3   10   6   10   0.0000000000
4   6   1   7   -0.0008756094
4   6   1   9   0.0000000000
4   6   1   10   0.0011028752
4   6   1   11   0.0018144968
4   6   2   8   0.0009609984
4   6   2   9   0.0008793273
4   6   3   7   -0.0000000000
4   6   3   8   0.0020904153
4   6   3   9   0.0016305346
4   6   3   11   0.0000000000
4   6   4   7   -0.0016727933
4   6   4   8   -0.0000000000
4   6   4   10   0.0014341604
4   6   4   11   0.0029264912
4   6   5   7   0.0001398036
4   6   5   10   -0.0006914819
4   6   5   11   -0.0007263877
4   6   6   12   0.0033529724
4   7   1   7   0.0114655938
4   7   1   9   -0.0000000000
4   7   1   10   -0.0024154810
4   7   1   11   -0.0149485894
4   7   2   8   -0.0019317851
4   7   2   9   -0.0019150665
4   7   2   10   0.0000000000
4   7   3   7   -0.0000000000
4   7   3   8   -0.0056929997
4   7   3   9   0.0021835805
4   7   3   10   -0.0000000000
4   7   3   11   0.0000000000
4   7   4   7   -0.0146098209
4   7   4   8   0.0000000000
4   7   4   9   -0.0000000000
4   7   4   10   -0.0085307185
4   7   4   11   0.0055844698
4   7   5   7   -0.0215248704
4   7   5   9   -0.0000000000
4   7   5   10   -0.0062354665
4   7   5   11   0.0257195088
4   7   6   12   -0.0069077597
4   8   1   8   0.0103617417
4   8   1   9   0.0108272262
4   8   1   10   -0.0000000000
4   8   2   7   0.0040839445
4   8   2   9   -0.0000000000
4   8   2   10   -0.0006077122
4   8   2   11   -0.0101446844
4   8   3   7   0.0086067950
4   8   3   8   -0.0000000000
4   8   3   9   -0.0000000000
4   8   3   10   0.0083984084
4   8   3   11   -0.0252484023
4   8   4   7   -0.0000000000
4   8   4   8   -0.0184702736
4   8   4   9   -0.0076298594
4   8   4   10   0.0000000000
4   8   4   11   0.0000000000
4   8   5   8   -0.0207259183
4   8   5   9   -0.0181424091
4   8   5   10   0.0000000000
4   8   5   11   0.0000000000
4   9   1   7   0.0127511779
4   9   1   9   -0.0000000000
4   9   1   10   -0.0065194746
4   9   1   11   -0.0142713806
4   9   2   8   0.0075115154
4   9   2   9   0.0110776106
4   9   2   10   -0.0000000000
4   9   3   7   -0.0000000000
4   9   3   8   0.0110776106
4   9   3   9   0.0322141953
4   9   3   11   0.0000000000
4   9   4   7   -0.0065194746
4   9   4   8   -0.0000000000
4   9   4   10   0.0326139853
4   9   4   11   0.0223737091
4   9   5   7   -0.0142713806
4   9   5   9   0.0000000000
4   9   5   10   0.0223737091
4   9   5   11   0.0336538702
4   9   6   12   0.0114597017
4   10   1   12   -0.0117086374
4   10   3   12   0.0000000000
4   10   4   12   0.0353045423
4   10   5   12   0.0314608431
4   10   6   7   0.0001188996
4   10   6   9   0.0000000000
4   10   6   10   0.0090249617
4   10   6   11   0.0031104203
5   6   1   12   0.0039446470
5   6   3   12   0.0000000000
5   6   4   12   0.0038560892
5   6   5   12   -0.0046490637
5   6   6   7   -0.0007353612
5   6   6   10   -0.0005018840
5   6   6   11   0.0003106560
5   7   1   12   -0.0127355360
5   7   3   12   -0.0000000000
5   7   4   12   -0.0074974244
5   7   5   12   0.0119907418
5   7   6   7   -0.0315907159
5   7   6   9   -0.0000000000
5   7   6   10   -0.0101738146
5   7   6   11   0.0266377333
5   8   2   12   -0.0054574854
5   8   3   12   -0.0036058965
5   8   4   12   0.0000000000
5   8   6   8   -0.0315267579
5   8   6   9   -0.0162199634
5   8   6   10   0.0000000000
5   8   6   11   0.0000000000
5   9   1   12   0.0001188996
5   9   3   12   0.0000000000
5   9   4   12   0.0090249617
5   9   5   12   0.0031104203
5   9   6   7   -0.0117086374
5   9   6   9   0.0000000000
5   9   6   10   0.0353045423
5   9   6   11   0.0314608431
5   10   1   7   0.0097199733
5   10   1   10   0.0002707781
5   10   1   11   -0.0066922823
5   10   2   8   0.0047900590
5   10   2   9   0.0030950115
5   10   2   10   -0.0000000000
5   10   3   8   0.0030950115
5   10   3   9   0.0056262421
5   10   3   10   0.0000000000
5   10   3   11   -0.0000000000
5   10   4   7   0.0002707781
5   10   4   8   -0.0000000000
5   10   4   9   0.0000000000
5   10   4   10   0.0107890829
5   10   4   11   -0.0041489726
5   10   5   7   -0.0066922823
5   10   5   9   -0.0000000000
5   10   5   10   -0.0041489726
5   10   5   11   0.0143747687
5   10   6   12   0.0795680138

End IJAB Block
Begin IJKL Block
1   6   1   6   4.7196726419
1   6   1   7   0.4297769662
1   6   1   9   -0.1365733939
1   6   2   6   0.4297769662
1   6   2   7   0.0602726767
1   6   2   9   -0.0160914276
1   6   3   8   0.0172770831
1   6   4   6   -0.1365733939
1   6   4   7   -0.0160914276
1   6   4   9   0.0268221632
1   6   5   10   0.0265934849
1   7   1   6   0.4297769662
1   7   1   7   1.0481910758
1   7   1   9   -0.0841543751
1   7   2   6   0.0634703724
1   7   2   7   0.0144672563
1   7   2   9   -0.0075748516
1   7   3   8   -0.0232325382
1   7   4   6   -0.0161546733
1   7   4   7   -0.0145282726
1   7   4   9   -0.0224072277
1   7   5   10   -0.0290547960
1   8   1   8   0.8927650439
1   8   2   8   0.0071190680
1   8   3   6   0.0210302645
1   8   3   7   -0.0238437777
1   8   3   9   0.0030476539
1   8   4   8   -0.0075583503
1   9   1   6   -0.1365733939
1   9   1   7   -0.0841543751
1   9   1   9   0.9827502573
1   9   2   6   -0.0161546733
1   9   2   7   -0.0077622887
1   9   2   9   0.0130495347
1   9   3   8   0.0027139252
1   9   4   6   0.0308822811
1   9   4   7   -0.0227944404
1   9   4   9   0.0082864070
1   9   5   10   0.0087918661
1   10   1   10   1.0312912908
1   10   2   10   0.0118035599
1   10   4   10   -0.0047816617
1   10   5   6   0.0309457498
1   10   5   7   -0.0291142102
1   10   5   9   0.0089800133
2   6   1   6   0.4297769662
2   6   1   7   0.0634703724
2   6   1   9   -0.0161546733
2   6   2   6   1.0481910758
2   6   2   7   0.0144672563
2   6   2   9   -0.0145282726
2   6   3   8   -0.0232325382
2   6   4   6   -0.0841543751
2   6   4   7   -0.0075748516
2   6   4   9   -0.0224072277
2   6   5   10   -0.0290547960
2   7   1   6   0.0602726767
2   7   1   7   0.0144672563
2   7   1   9   -0.0077622887
2   7   2   6   0.0144672563
2   7   2   7   0.7449666954
2   7   2   9   0.0174180215
2   7   3   8   0.1437212176
2   7   4   6   -0.0077622887
2   7   4   7   0.0174180215
2   7   4   9   0.1154938293
2   7   5   10   0.1186470692
2   8   1   8   0.0071190680
2   8   2   8   0.6755500484
2   8   3   6   -0.0238437777
2   8   3   7   0.1469793974
2   8   3   9   0.0140334092
2   8   4   8   0.0118595036
2   9   1   6   -0.0160914276
2   9   1   7   -0.0075748516
2   9   1   9   0.0130495347
2   9   2   6   -0.0145282726
2   9   2   7   0.0174180215
2   9   2   9   0.6699661083
2   9   3   8   0.0145762856
2   9   4   6   -0.0227944404
2   9   4   7   0.1188978049
2   9   4   9   -0.0627050456
2   9   5   10   -0.0274349667
2   10   1   10   0.0118035599
2   10   2   10   0.7004460325
2   10   4   10   -0.0316530722
2   10   5   6   -0.0291142102
2   10   5   7   0.1216522008
2   10   5   9   -0.0272503238
3   6   1   8   0.0210302645
3   6   2   8   -0.0238437777
3   6   3   6   0.8927650439
3   6   3   7   0.0071190680
3   6   3   9   -0.0075583503
3   6   4   8   0.0030476539
3   7   1   8   -0.0238437777
3   7   2   8   0.1469793974
3   7   3   6   0.0071190680
3   7   3   7   0.6755500484
3   7   3   9   0.0118595036
3   7   4   8   0.0140334092
3   8   1   6   0.0172770831
3   8   1   7   -0.0232325382
3   8   1   9   0.0027139252
3   8   2   6   -0.0232325382
3   8   2   7   0.1437212176
3   8   2   9   0.0145762856
3   8   3   8   0.6519450515
3   8   4   6   0.0027139252
3   8   4   7   0.0145762856
3   8   4   9   0.0320250122
3   8   5   10   0.0231553661
3   9   1   8   0.0030476539
3   9   2   8   0.0140334092
3   9   3   6   -0.0075583503
3   9   3   7   0.0118595036
3   9   3   9   0.5986137292
3   9   4   8   0.0368400354
3   10   3   10   0.6134566950
3   10   5   8   0.0278763662
4   6   1   6   -0.1365733939
4   6   1   7   -0.0161546733
4   6   1   9   0.0308822811
4   6   2   6   -0.0841543751
4   6   2   7   -0.0077622887
4   6   2   9   -0.0227944404
4   6   3   8   0.0027139252
4   6   4   6   0.9827502573
4   6   4   7   0.0130495347
4   6   4   9   0.0082864070
4   6   5   10   0.0087918661
4   7   1   6   -0.0160914276
4   7   1   7   -0.0145282726
4   7   1   9   -0.0227944404
4   7   2   6   -0.0075748516
4   7   2   7   0.0174180215
4   7   2   9   0.1188978049
4   7   3   8   0.0145762856
4   7   4   6   0.0130495347
4   7   4   7   0.6699661083
4   7   4   9   -0.0627050456
4   7   5   10   -0.0274349667
4   8   1   8   -0.0075583503
4   8   2   8   0.0118595036
4   8   3   6   0.0030476539
4   8   3   7   0.0140334092
4   8   3   9   0.0368400354
4   8   4   8   0.5986137292
4   9   1   6   0.0268221632
4   9   1   7   -0.0224072277
4   9   1   9   0.0082864070
4   9   2   6   -0.0224072277
4   9   2   7   0.1154938293
4   9   2   9   -0.0627050456
4   9   3   8   0.0320250122
4   9   4   6   0.0082864070
4   9   4   7   -0.0627050456
4   9   4   9   0.6968505811
4   9   5   10   0.0333110463
4   10   1   10   -0.0047816617
4   10   2   10   -0.0316530722
4   10   4   10   0.6437747360
4   10   5   6   0.0089800133
4   10   5   7   -0.0272503238
4   10   5   9   0.0379572345
5   6   1   10   0.0309457498
5   6   2   10   -0.0291142102
5   6   4   10   0.0089800133
5   6   5   6   1.0312912908
5   6   5   7   0.0118035599
5   6   5   9   -0.0047816617
5   7   1   10   -0.0291142102
5   7   2   10   0.1216522008
5   7   4   10   -0.0272503238
5   7   5   6   0.0118035599
5   7   5   7   0.7004460325
5   7   5   9   -0.0316530722
5   8   3   10   0.0278763662
5   8   5   8   0.6134566950
5   9   1   10   0.0089800133
5   9   2   10   -0.0272503238
5   9   4   10   0.0379572345
5   9   5   6   -0.0047816617
5   9   5   7   -0.0316530722
5   9   5   9   0.6437747360
5   10   1   6   0.0265934849
5   10   1   7   -0.0290547960
5   10   1   9   0.0087918661
5   10   2   6   -0.0290547960
5   10   2   7   0.1186470692
5   10   2   9   -0.0274349667
5   10   3   8   0.0231553661
5   10   4   6   0.0087918661
5   10   4   7   -0.0274349667
5   10   4   9   0.0333110463
5   10   5   10   0.7242462312

End IJKL Block
Begin ABCD Block
1   7   1   7   0.2446607356
1   7   1   9   -0.0000000000
1   7   1   10   -0.0159758702
1   7   1   11   -0.0300673718
1   7   2   8   0.0602852562
1   7   2   9   0.0009553141
1   7   2   10   -0.0000000000
1   7   3   7   -0.0000000000
1   7   3   8   0.0009553141
1   7   3   9   0.0191148769
1   7   3   10   0.0000000000
1   7   3   11   0.0000000000
1   7   4   7   -0.0159758702
1   7   4   8   -0.0000000000
1   7   4   9   0.0000000000
1   7   4   10   0.0313590876
1   7   4   11   0.0018178143
1   7   5   7   -0.0300673718
1   7   5   9   0.0000000000
1   7   5   10   0.0018178143
1   7   5   11   0.0312458767
1   7   6   12   0.0288628093
1   8   1   8   0.2308623270
1   8   1   9   0.0199255904
1   8   1   10   -0.0000000000
1   8   1   11   -0.0000000000
1   8   2   7   0.0602852562
1   8   2   9   0.0000000000
1   8   2   10   0.0021082657
1   8   2   11   -0.0129949963
1   8   3   7   0.0009553141
1   8   3   8   -0.0000000000
1   8   3   9   -0.0000000000
1   8   3   10   -0.0061359842
1   8   3   11   -0.0087168599
1   8   4   7   -0.0000000000
1   8   4   8   -0.0094382745
1   8   4   9   -0.0102927863
1   8   4   10   0.0000000000
1   8   4   11   0.0000000000
1   8   5   8   -0.0298131010
1   8   5   9   -0.0140325761
1   8   5   10   0.0000000000
1   8   5   11   0.0000000000
1   9   1   7   -0.0000000000
1   9   1   8   0.0199255904
1   9   1   9   0.2526832467
1   9   1   10   -0.0000000000
1   9   1   11   -0.0000000000
1   9   2   7   0.0009553141
1   9   2   8   0.0000000000
1   9   2   9   -0.0000000000
1   9   2   10   -0.0171498200
1   9   2   11   -0.0359749514
1   9   3   7   0.0191148769
1   9   3   8   -0.0000000000
1   9   3   9   0.0000000000
1   9   3   10   0.0128741263
1   9   3   11   -0.0069238840
1   9   4   7   0.0000000000
1   9   4   8   -0.0102927863
1   9   4   9   0.0105942659
1   9   4   10   -0.0000000000
1   9   4   11   0.0000000000
1   9   5   7   0.0000000000
1   9   5   8   -0.0140325761
1   9   5   9   -0.0411064658
1   9   5   10   0.0000000000
1   9   5   11   0.0000000000
1   9   6   12   -0.0000000000
1   10   1   7   -0.0159758702
1   10   1   8   -0.0000000000
1   10   1   9   -0.0000000000
1   10   1   10   0.2380536055
1   10   1   11   -0.0143793470
1   10   2   7   -0.0000000000
1   10   2   8   0.0021082657
1   10   2   9   -0.0171498200
1   10   2   10   0.0000000000
1   10   2   11   0.0000000000
1   10   3   7   0.0000000000
1   10   3   8   -0.0061359842
1   10   3   9   0.0128741263
1   10   3   10   0.0000000000
1   10   3   11   0.0000000000
1   10   4   7   0.0313590876
1   10   4   8   0.0000000000
1   10   4   9   -0.0000000000
1   10   4   10   0.0100759771
1   10   4   11   0.0121832720
1   10   5   7   0.0018178143
1   10   5   8   0.0000000000
1   10   5   9   0.0000000000
1   10   5   10   -0.0212127732
1   10   5   11   0.0102443673
1   10   6   12   -0.0106831971
1   11   1   7   -0.0300673718
1   11   1   8   -0.0000000000
1   11   1   9   -0.0000000000
1   11   1   10   -0.0143793470
1   11   1   11   0.2663331497
1   11   2   8   -0.0129949963
1   11   2   9   -0.0359749514
1   11   2   10   0.0000000000
1   11   2   11   0.0000000000
1   11   3   7   0.0000000000
1   11   3   8   -0.0087168599
1   11   3   9   -0.0069238840
1   11   3   10   0.0000000000
1   11   4   7   0.0018178143
1   11   4   8   0.0000000000
1   11   4   9   0.0000000000
1   11   4   10   0.0121832720
1   11   4   11   -0.0039095751
1   11   5   7   0.0312458767
1   11   5   8   0.0000000000
1   11   5   9   0.0000000000
1   11   5   10   0.0102443673
1   11   5   11   -0.0638031492
1   11   6   12   0.0053110994
1   12   1   12   0.2516972085
1   12   3   12   -0.0000000000
1   12   4   12   -0.0049004416
1   12   5   12   -0.0330913487
1   12   6   7   0.0288628093
1   12   6   9   -0.0000000000
1   12   6   10   -0.0106831971
1   12   6   11   0.0053110994
2   7   1   8   0.0602852562
2   7   1   9   0.0009553141
2   7   1   10   -0.0000000000
2   7   2   7   0.2308623270
2   7   2   9   -0.0000000000
2   7   2   10   -0.0094382745
2   7   2   11   -0.0298131010
2   7   3   7   0.0199255904
2   7   3   8   0.0000000000
2   7   3   9   -0.0000000000
2   7   3   10   -0.0102927863
2   7   3   11   -0.0140325761
2   7   4   7   -0.0000000000
2   7   4   8   0.0021082657
2   7   4   9   -0.0061359842
2   7   4   10   0.0000000000
2   7   4   11   0.0000000000
2   7   5   7   -0.0000000000
2   7   5   8   -0.0129949963
2   7   5   9   -0.0087168599
2   7   5   10   0.0000000000
2   7   5   11   0.0000000000
2   8   1   7   0.0602852562
2   8   1   9   0.0000000000
2   8   1   10   0.0021082657
2   8   1   11   -0.0129949963
2   8   2   8   0.2356572381
2   8   2   9   0.0157446625
2   8   2   10   -0.0000000000
2   8   2   11   -0.0000000000
2   8   3   7   0.0000000000
2   8   3   8   0.0157446625
2   8   3   9   0.0147547146
2   8   3   10   -0.0000000000
2   8   4   7   0.0021082657
2   8   4   8   -0.0000000000
2   8   4   9   -0.0000000000
2   8   4   10   0.0056906952
2   8   4   11   -0.0010699618
2   8   5   7   -0.0129949963
2   8   5   8   -0.0000000000
2   8   5   10   -0.0010699618
2   8   5   11   0.0145712985
2   8   6   12   0.0055028920
2   9   1   7   0.0009553141
2   9   1   8   0.0000000000
2   9   1   9   -0.0000000000
2   9   1   10   -0.0171498200
2   9   1   11   -0.0359749514
2   9   2   7   -0.0000000000
2   9   2   8   0.0157446625
2   9   2   9   0.2316726706
2   9   2   10   -0.0000000000
2   9   2   11   -0.0000000000
2   9   3   7   -0.0000000000
2   9   3   8   0.0147547146
2   9   3   9   0.0229608619
2   9   3   10   -0.0000000000
2   9   4   7   -0.0061359842
2   9   4   8   -0.0000000000
2   9   4   9   -0.0000000000
2   9   4   10   -0.0042220638
2   9   4   11   -0.0021184911
2   9   5   7   -0.0087168599
2   9   5   9   0.0000000000
2   9   5   10   0.0004761262
2   9   5   11   0.0174157574
2   9   6   12   -0.0017930733
2   10   1   7   -0.0000000000
2   10   1   8   0.0021082657
2   10   1   9   -0.0171498200
2   10   1   10   0.0000000000
2   10   1   11   0.0000000000
2   10   2   7   -0.0094382745
2   10   2   8   -0.0000000000
2   10   2   9   -0.0000000000
2   10   2   10   0.2116088665
2   10   2   11   -0.0148352328
2   10   3   7   -0.0102927863
2   10   3   8   -0.0000000000
2   10   3   9   -0.0000000000
2   10   3   10   0.0147636709
2   10   3   11   -0.0049244605
2   10   4   7   0.0000000000
2   10   4   8   0.0056906952
2   10   4   9   -0.0042220638
2   10   4   10   -0.0000000000
2   10   4   11   -0.0000000000
2   10   5   7   0.0000000000
2   10   5   8   -0.0010699618
2   10   5   9   0.0004761262
2   10   5   10   0.0000000000
2   10   5   11   -0.0000000000
2   10   6   12   0.0000000000
2   11   1   8   -0.0129949963
2   11   1   9   -0.0359749514
2   11   1   10   0.0000000000
2   11   1   11   0.0000000000
2   11   2   7   -0.0298131010
2   11   2   8   -0.0000000000
2   11   2   9   -0.0000000000
2   11   2   10   -0.0148352328
2   11   2   11   0.2484430993
2   11   3   7   -0.0140325761
2   11   3   10   -0.0049244605
2   11   3   11   0.0337647139
2   11   4   7   0.0000000000
2   11   4   8   -0.0010699618
2   11   4   9   -0.0021184911
2   11   4   10   -0.0000000000
2   11   4   11   -0.0000000000
2   11   5   7   0.0000000000
2   11   5   8   0.0145712985
2   11   5   9   0.0174157574
2   11   5   10   -0.0000000000
2   11   5   11   -0.0000000000
2   12   2   12   0.2231212004
2   12   3   12   0.0197339383
2   12   4   12   -0.0000000000
2   12   5   12   -0.0000000000
2   12   6   8   0.0055028920
2   12   6   9   -0.0017930733
2   12   6   10   0.0000000000
3   7   1   7   -0.0000000000
3   7   1   8   0.0009553141
3   7   1   9   0.0191148769
3   7   1   10   0.0000000000
3   7   1   11   0.0000000000
3   7   2   7   0.0199255904
3   7   2   8   0.0000000000
3   7   2   9   -0.0000000000
3   7   2   10   -0.0102927863
3   7   2   11   -0.0140325761
3   7   3   7   0.2526832467
3   7   3   8   -0.0000000000
3   7   3   9   0.0000000000
3   7   3   10   0.0105942659
3   7   3   11   -0.0411064658
3   7   4   7   -0.0000000000
3   7   4   8   -0.0171498200
3   7   4   9   0.0128741263
3   7   4   10   -0.0000000000
3   7   4   11   0.0000000000
3   7   5   7   -0.0000000000
3   7   5   8   -0.0359749514
3   7   5   9   -0.0069238840
3   7   5   10   0.0000000000
3   7   5   11   0.0000000000
3   7   6   12   -0.0000000000
3   8   1   7   0.0009553141
3   8   1   8   -0.0000000000
3   8   1   9   -0.0000000000
3   8   1   10   -0.0061359842
3   8   1   11   -0.0087168599
3   8   2   7   0.0000000000
3   8   2   8   0.0157446625
3   8   2   9   0.0147547146
3   8   2   10   -0.0000000000
3   8   3   7   -0.0000000000
3   8   3   8   0.2316726706
3   8   3   9   0.0229608619
3   8   3   10   -0.0000000000
3   8   3   11   0.0000000000
3   8   4   7   -0.0171498200
3   8   4   8   -0.0000000000
3   8   4   9   -0.0000000000
3   8   4   10   -0.0042220638
3   8   4   11   0.0004761262
3   8   5   7   -0.0359749514
3   8   5   8   -0.0000000000
3   8   5   10   -0.0021184911
3   8   5   11   0.0174157574
3   8   6   12   -0.0017930733
3   9   1   7   0.0191148769
3   9   1   8   -0.0000000000
3   9   1   9   0.0000000000
3   9   1   10   0.0128741263
3   9   1   11   -0.0069238840
3   9   2   7   -0.0000000000
3   9   2   8   0.0147547146
3   9   2   9   0.0229608619
3   9   2   10   -0.0000000000
3   9   3   7   0.0000000000
3   9   3   8   0.0229608619
3   9   3   9   0.3209327918
3   9   3   10   0.0000000000
3   9   3   11   0.0000000000
3   9   4   7   0.0128741263
3   9   4   8   -0.0000000000
3   9   4   9   0.0000000000
3   9   4   10   0.0257878004
3   9   4   11   0.0125181494
3   9   5   7   -0.0069238840
3   9   5   9   0.0000000000
3   9   5   10   0.0125181494
3   9   5   11   0.0418243594
3   9   6   12   0.0090314892
3   10   1   7   0.0000000000
3   10   1   8   -0.0061359842
3   10   1   9   0.0128741263
3   10   1   10   0.0000000000
3   10   1   11   0.0000000000
3   10   2   7   -0.0102927863
3   10   2   8   -0.0000000000
3   10   2   9   -0.0000000000
3   10   2   10   0.0147636709
3   10   2   11   -0.0049244605
3   10   3   7   0.0105942659
3   10   3   8   -0.0000000000
3   10   3   9   0.0000000000
3   10   3   10   0.2862488133
3   10   3   11   -0.0031998303
3   10   4   7   -0.0000000000
3   10   4   8   -0.0042220638
3   10   4   9   0.0257878004
3   10   4   10   -0.0000000000
3   10   5   7   0.0000000000
3   10   5   8   -0.0021184911
3   10   5   9   0.0125181494
3   10   5   10   0.0000000000
3   10   5   11   0.0000000000
3   10   6   12   0.0000000000
3   11   1   7   0.0000000000
3   11   1   8   -0.0087168599
3   11   1   9   -0.0069238840
3   11   1   10   0.0000000000
3   11   2   7   -0.0140325761
3   11   2   10   -0.0049244605
3   11   2   11   0.0337647139
3   11   3   7   -0.0411064658
3   11   3   8   0.0000000000
3   11   3   9   0.0000000000
3   11   3   10   -0.0031998303
3   11   3   11   0.3072049323
3   11   4   7   0.0000000000
3   11   4   8   0.0004761262
3   11   4   9   0.0125181494
3   11   4   11   -0.0000000000
3   11   5   7   0.0000000000
3   11   5   8   0.0174157574
3   11   5   9   0.0418243594
3   11   5   10   0.0000000000
3   11   5   11   -0.0000000000
3   11   6   12   -0.0000000000
3   12   1   12   -0.0000000000
3   12   2   12   0.0197339383
3   12   3   12   0.2936469027
3   12   4   12   0.0000000000
3   12   6   7   -0.0000000000
3   12   6   8   -0.0017930733
3   12   6   9   0.0090314892
3   12   6   10   0.0000000000
3   12   6   11   -0.0000000000
4   7   1   7   -0.0159758702
4   7   1   8   -0.0000000000
4   7   1   9   0.0000000000
4   7   1   10   0.0313590876
4   7   1   11   0.0018178143
4   7   2   7   -0.0000000000
4   7   2   8   0.0021082657
4   7   2   9   -0.0061359842
4   7   2   10   0.0000000000
4   7   2   11   0.0000000000
4   7   3   7   -0.0000000000
4   7   3   8   -0.0171498200
4   7   3   9   0.0128741263
4   7   3   10   -0.0000000000
4   7   3   11   0.0000000000
4   7   4   7   0.2380536055
4   7   4   8   0.0000000000
4   7   4   9   0.0000000000
4   7   4   10   0.0100759771
4   7   4   11   -0.0212127732
4   7   5   7   -0.0143793470
4   7   5   8   0.0000000000
4   7   5   9   0.0000000000
4   7   5   10   0.0121832720
4   7   5   11   0.0102443673
4   7   6   12   -0.0106831971
4   8   1   7   -0.0000000000
4   8   1   8   -0.0094382745
4   8   1   9   -0.0102927863
4   8   1   10   0.0000000000
4   8   1   11   0.0000000000
4   8   2   7   0.0021082657
4   8   2   8   -0.0000000000
4   8   2   9   -0.0000000000
4   8   2   10   0.0056906952
4   8   2   11   -0.0010699618
4   8   3   7   -0.0171498200
4   8   3   8   -0.0000000000
4   8   3   9   -0.0000000000
4   8   3   10   -0.0042220638
4   8   3   11   0.0004761262
4   8   4   7   0.0000000000
4   8   4   8   0.2116088665
4   8   4   9   0.0147636709
4   8   4   10   -0.0000000000
4   8   4   11   0.0000000000
4   8   5   7   0.0000000000
4   8   5   8   -0.0148352328
4   8   5   9   -0.0049244605
4   8   5   10   -0.0000000000
4   8   5   11   -0.0000000000
4   8   6   12   0.0000000000
4   9   1   7   0.0000000000
4   9   1   8   -0.0102927863
4   9   1   9   0.0105942659
4   9   1   10   -0.0000000000
4   9   1   11   0.0000000000
4   9   2   7   -0.0061359842
4   9   2   8   -0.0000000000
4   9   2   9   -0.0000000000
4   9   2   10   -0.0042220638
4   9   2   11   -0.0021184911
4   9   3   7   0.0128741263
4   9   3   8   -0.0000000000
4   9   3   9   0.0000000000
4   9   3   10   0.0257878004
4   9   3   11   0.0125181494
4   9   4   7   0.0000000000
4   9   4   8   0.0147636709
4   9   4   9   0.2862488133
4   9   4   10   -0.0000000000
4   9   4   11   0.0000000000
4   9   5   7   0.0000000000
4   9   5   8   -0.0049244605
4   9   5   9   -0.0031998303
4   9   5   11   0.0000000000
4   9   6   12   0.0000000000
4   10   1   7   0.0313590876
4   10   1   8   0.0000000000
4   10   1   9   -0.0000000000
4   10   1   10   0.0100759771
4   10   1   11   0.0121832720
4   10   2   7   0.0000000000
4   10   2   8   0.0056906952
4   10   2   9   -0.0042220638
4   10   2   10   -0.0000000000
4   10   2   11   -0.0000000000
4   10   3   7   -0.0000000000
4   10   3   8   -0.0042220638
4   10   3   9   0.0257878004
4   10   3   10   -0.0000000000
4   10   4   7   0.0100759771
4   10   4   8   -0.0000000000
4   10   4   9   -0.0000000000
4   10   4   10   0.2960606263
4   10   4   11   0.0077828571
4   10   5   7   0.0121832720
4   10   5   8   -0.0000000000
4   10   5   10   0.0077828571
4   10   5   11   0.0217360332
4   10   6   12   0.0211400114
4   11   1   7   0.0018178143
4   11   1   8   0.0000000000
4   11   1   9   0.0000000000
4   11   1   10   0.0121832720
4   11   1   11   -0.0039095751
4   11   2   7   0.0000000000
4   11   2   8   -0.0010699618
4   11   2   9   -0.0021184911
4   11   2   10   -0.0000000000
4   11   2   11   -0.0000000000
4   11   3   7   0.0000000000
4   11   3   8   0.0004761262
4   11   3   9   0.0125181494
4   11   3   11   -0.0000000000
4   11   4   7   -0.0212127732
4   11   4   8   0.0000000000
4   11   4   9   0.0000000000
4   11   4   10   0.0077828571
4   11   4   11   0.2728459158
4   11   5   7   0.0102443673
4   11   5   8   -0.0000000000
4   11   5   9   0.0000000000
4   11   5   10   0.0217360332
4   11   5   11   -0.0201855716
4   11   6   12   -0.0017567332
4   12   1   12   -0.0049004416
4   12   2   12   -0.0000000000
4   12   3   12   0.0000000000
4   12   4   12   0.2930074306
4   12   5   12   -0.0021569115
4   12   6   7   -0.0106831971
4   12   6   8   0.0000000000
4   12   6   9   0.0000000000
4   12   6   10   0.0211400114
4   12   6   11   -0.0017567332
5   7   1   7   -0.0300673718
5   7   1   9   0.0000000000
5   7   1   10   0.0018178143
5   7   1   11   0.0312458767
5   7   2   7   -0.0000000000
5   7   2   8   -0.0129949963
5   7   2   9   -0.0087168599
5   7   2   10   0.0000000000
5   7   2   11   0.0000000000
5   7   3   7   -0.0000000000
5   7   3   8   -0.0359749514
5   7   3   9   -0.0069238840
5   7   3   10   0.0000000000
5   7   3   11   0.0000000000
5   7   4   7   -0.0143793470
5   7   4   8   0.0000000000
5   7   4   9   0.0000000000
5   7   4   10   0.0121832720
5   7   4   11   0.0102443673
5   7   5   7   0.2663331497
5   7   5   8   0.0000000000
5   7   5   10   -0.0039095751
5   7   5   11   -0.0638031492
5   7   6   12   0.0053110994
5   8   1   8   -0.0298131010
5   8   1   9   -0.0140325761
5   8   1   10   0.0000000000
5   8   1   11   0.0000000000
5   8   2   7   -0.0129949963
5   8   2   8   -0.0000000000
5   8   2   10   -0.0010699618
5   8   2   11   0.0145712985
5   8   3   7   -0.0359749514
5   8   3   8   -0.0000000000
5   8   3   10   -0.0021184911
5   8   3   11   0.0174157574
5   8   4   7   0.0000000000
5   8   4   8   -0.0148352328
5   8   4   9   -0.0049244605
5   8   4   10   -0.0000000000
5   8   4   11   -0.0000000000
5   8   5   7   0.0000000000
5   8   5   8   0.2484430993
5   8   5   9   0.0337647139
5   8   5   10   -0.0000000000
5   8   5   11   -0.0000000000
5   9   1   7   0.0000000000
5   9   1   8   -0.0140325761
5   9   1   9   -0.0411064658
5   9   1   10   0.0000000000
5   9   1   11   0.0000000000
5   9   2   7   -0.0087168599
5   9   2   9   0.0000000000
5   9   2   10   0.0004761262
5   9   2   11   0.0174157574
5   9   3   7   -0.0069238840
5   9   3   9   0.0000000000
5   9   3   10   0.0125181494
5   9   3   11   0.0418243594
5   9   4   7   0.0000000000
5   9   4   8   -0.0049244605
5   9   4   9   -0.0031998303
5   9   4   11   0.0000000000
5   9   5   8   0.0337647139
5   9   5   9   0.3072049323
5   9   5   10   -0.0000000000
5   9   5   11   -0.0000000000
5   9   6   12   -0.0000000000
5   10   1   7   0.0018178143
5   10   1   8   0.0000000000
5   10   1   9   0.0000000000
5   10   1   10   -0.0212127732
5   10   1   11   0.0102443673
5   10   2   7   0.0000000000
5   10   2   8   -0.0010699618
5   10   2   9   0.0004761262
5   10   2   10   0.0000000000
5   10   2   11   -0.0000000000
5   10   3   7   0.0000000000
5   10   3   8   -0.0021184911
5   10   3   9   0.0125181494
5   10   3   10   0.0000000000
5   10   3   11   0.0000000000
5   10   4   7   0.0121832720
5   10   4   8   -0.0000000000
5   10   4   10   0.0077828571
5   10   4   11   0.0217360332
5   10   5   7   -0.0039095751
5   10   5   8   -0.0000000000
5   10   5   9   -0.0000000000
5   10   5   10   0.2728459158
5   10   5   11   -0.0201855716
5   10   6   12   -0.0017567332
5   11   1   7   0.0312458767
5   11   1   8   0.0000000000
5   11   1   9   0.0000000000
5   11   1   10   0.0102443673
5   11   1   11   -0.0638031492
5   11   2   7   0.0000000000
5   11   2   8   0.0145712985
5   11   2   9   0.0174157574
5   11   2   10   -0.0000000000
5   11   2   11   -0.0000000000
5   11   3   7   0.0000000000
5   11   3   8   0.0174157574
5   11   3   9   0.0418243594
5   11   3   10   0.0000000000
5   11   3   11   -0.0000000000
5   11   4   7   0.0102443673
5   11   4   8   -0.0000000000
5   11   4   9   0.0000000000
5   11   4   10   0.0217360332
5   11   4   11   -0.0201855716
5   11   5   7   -0.0638031492
5   11   5   8   -0.0000000000
5   11   5   9   -0.0000000000
5   11   5   10   -0.0201855716
5   11   5   11   0.3428816272
5   11   6   12   0.0092932987
5   12   1   12   -0.0330913487
5   12   2   12   -0.0000000000
5   12   4   12   -0.0021569115
5   12   5   12   0.2945250304
5   12   6   7   0.0053110994
5   12   6   9   -0.0000000000
5   12   6   10   -0.0017567332
5   12   6   11   0.0092932987
6   7   1   12   0.0288628093
6   7   3   12   -0.0000000000
6   7   4   12   -0.0106831971
6   7   5   12   0.0053110994
6   7   6   7   0.2516972085
6   7   6   9   -0.0000000000
6   7   6   10   -0.0049004416
6   7   6   11   -0.0330913487
6   8   2   12   0.0055028920
6   8   3   12   -0.0017930733
6   8   4   12   0.0000000000
6   8   6   8   0.2231212004
6   8   6   9   0.0197339383
6   8   6   10   -0.0000000000
6   8   6   11   -0.0000000000
6   9   1   12   -0.0000000000
6   9   2   12   -0.0017930733
6   9   3   12   0.0090314892
6   9   4   12   0.0000000000
6   9   5   12   -0.0000000000
6   9   6   7   -0.0000000000
6   9   6   8   0.0197339383
6   9   6   9   0.2936469027
6   9   6   10   0.0000000000
6   10   1   12   -0.0106831971
6   10   2   12   0.0000000000
6   10   3   12   0.0000000000
6   10   4   12   0.0211400114
6   10   5   12   -0.0017567332
6   10   6   7   -0.0049004416
6   10   6   8   -0.0000000000
6   10   6   9   0.0000000000
6   10   6   10   0.2930074306
6   10   6   11   -0.0021569115
6   11   1   12   0.0053110994
6   11   3   12   -0.0000000000
6   11   4   12   -0.0017567332
6   11   5   12   0.0092932987
6   11   6   7   -0.0330913487
6   11   6   8   -0.0000000000
6   11   6   10   -0.0021569115
6   11   6   11   0.2945250304
6   12   1   7   0.0288628093
6   12   1   9   -0.0000000000
6   12   1   10   -0.0106831971
6   12   1   11   0.0053110994
6   12   2   8   0.0055028920
6   12   2   9   -0.0017930733
6   12   2   10   0.0000000000
6   12   3   7   -0.0000000000
6   12   3   8   -0.0017930733
6   12   3   9   0.0090314892
6   12   3   10   0.0000000000
6   12   3   11   -0.0000000000
6   12   4   7   -0.0106831971
6   12   4   8   0.0000000000
6   12   4   9   0.0000000000
6   12   4   10   0.0211400114
6   12   4   11   -0.0017567332
6   12   5   7   0.0053110994
6   12   5   9   -0.0000000000
6   12   5   10   -0.0017567332
6   12   5   11   0.0092932987
6   12   6   12   0.3642031110

End ABCD Block
Begin AIJB Block
1   6   1   7   0.0056668492
1   6   1   10   0.0005815843
1   6   1   11   -0.0065085798
1   6   2   7   -0.0003802065
1   6   2   9   0.0000000000
1   6   2   10   0.0025265730
1   6   2   11   0.0020281300
1   6   3   8   -0.0013461042
1   6   3   9   -0.0009042070
1   6   3   10   0.0000000000
1   6   4   7   -0.0006404247
1   6   4   10   0.0010599884
1   6   4   11   0.0014506113
1   6   5   12   0.0035437693
1   7   1   7   -0.0003802065
1   7   1   9   0.0000000000
1   7   1   10   0.0018271006
1   7   1   11   0.0014690587
1   7   2   7   0.0195423475
1   7   2   9   -0.0000000000
1   7   2   10   -0.0004027764
1   7   2   11   -0.0218021572
1   7   3   8   0.0056160415
1   7   3   9   0.0044842621
1   7   3   10   -0.0000000000
1   7   4   7   0.0105700165
1   7   4   9   -0.0000000000
1   7   4   10   -0.0017758873
1   7   4   11   -0.0131314491
1   7   5   12   -0.0109597510
1   8   1   8   0.0004184812
1   8   1   9   0.0011958632
1   8   1   10   -0.0000000000
1   8   2   8   0.0165848948
1   8   2   9   0.0063949655
1   8   2   10   -0.0000000000
1   8   3   7   0.0110482932
1   8   3   9   0.0000000000
1   8   3   10   0.0046701626
1   8   3   11   -0.0161332008
1   8   4   8   0.0102630591
1   8   4   9   0.0107555000
1   8   4   10   -0.0000000000
1   9   1   7   -0.0006404247
1   9   1   9   -0.0000000000
1   9   1   10   -0.0017252147
1   9   1   11   -0.0001658959
1   9   2   7   0.0105700165
1   9   2   9   -0.0000000000
1   9   2   10   -0.0142337899
1   9   2   11   -0.0199808542
1   9   3   8   0.0038060266
1   9   3   9   0.0084860620
1   9   3   10   -0.0000000000
1   9   4   7   0.0115084326
1   9   4   9   -0.0000000000
1   9   4   10   -0.0074212939
1   9   4   11   -0.0141132649
1   9   5   12   0.0001864585
1   10   1   12   -0.0011534779
1   10   2   12   -0.0304175570
1   10   4   12   -0.0132368053
1   10   5   7   0.0073200371
1   10   5   10   0.0003016200
1   10   5   11   -0.0055788028
2   6   1   8   0.0029930944
2   6   1   9   0.0022558666
2   6   1   10   -0.0000000000
2   6   2   8   -0.0024929939
2   6   2   9   -0.0018483756
2   6   2   10   0.0000000000
2   6   3   7   0.0004184812
2   6   3   10   0.0003949359
2   6   3   11   -0.0004358107
2   6   4   8   0.0008887617
2   6   4   9   0.0008221461
2   7   1   8   -0.0024929939
2   7   1   9   -0.0015362344
2   7   1   10   0.0000000000
2   7   2   8   0.0086020099
2   7   2   9   0.0057477449
2   7   2   10   -0.0000000000
2   7   3   7   0.0165848948
2   7   3   9   0.0000000000
2   7   3   10   0.0033249974
2   7   3   11   -0.0135854646
2   7   4   8   -0.0015855785
2   7   4   9   -0.0015509402
2   7   4   10   0.0000000000
2   8   1   7   -0.0013461042
2   8   1   10   -0.0000279806
2   8   1   11   0.0000815427
2   8   2   7   0.0056160415
2   8   2   10   -0.0007732103
2   8   2   11   -0.0017433361
2   8   3   8   0.0235597726
2   8   3   9   0.0160724601
2   8   3   10   -0.0000000000
2   8   3   11   -0.0000000000
2   8   4   7   0.0038060266
2   8   4   10   0.0001713178
2   8   4   11   -0.0088524806
2   8   5   12   -0.0044146439
2   9   1   8   0.0008887617
2   9   1   9   0.0019912703
2   9   1   10   -0.0000000000
2   9   2   8   -0.0015855785
2   9   2   9   -0.0055003754
2   9   2   10   0.0000000000
2   9   3   7   0.0102630591
2   9   3   9   -0.0000000000
2   9   3   10   -0.0175192802
2   9   3   11   -0.0199145293
2   9   4   8   0.0052019631
2   9   4   9   0.0095122525
2   9   4   10   -0.0000000000
2   10   3   12   -0.0313060269
2   10   5   8   0.0029302361
2   10   5   9   0.0021524753
2   10   5   10   -0.0000000000
3   6   1   8   0.0022558666
3   6   1   9   0.0017159137
3   6   1   10   0.0000000000
3   6   1   11   0.0000000000
3   6   2   7   0.0000000000
3   6   2   8   -0.0015362344
3   6   2   9   -0.0012389146
3   6   2   11   -0.0000000000
3   6   3   7   0.0011958632
3   6   3   9   -0.0000000000
3   6   3   10   -0.0010862601
3   6   3   11   -0.0022322496
3   6   4   7   -0.0000000000
3   6   4   8   0.0019912703
3   6   4   9   0.0016161244
3   6   4   11   0.0000000000
3   6   5   12   0.0000000000
3   7   1   7   0.0000000000
3   7   1   8   -0.0018483756
3   7   1   9   -0.0012389146
3   7   1   11   -0.0000000000
3   7   2   7   -0.0000000000
3   7   2   8   0.0057477449
3   7   2   9   0.0151293023
3   7   2   10   -0.0000000000
3   7   3   7   0.0063949655
3   7   3   9   0.0000000000
3   7   3   10   0.0071686043
3   7   3   11   -0.0085681510
3   7   4   7   -0.0000000000
3   7   4   8   -0.0055003754
3   7   4   9   0.0016050821
3   7   4   10   -0.0000000000
3   7   4   11   0.0000000000
3   7   5   12   -0.0000000000
3   8   1   7   -0.0009042070
3   8   1   9   -0.0000000000
3   8   1   10   -0.0001649623
3   8   1   11   -0.0001152766
3   8   2   7   0.0044842621
3   8   2   8   0.0000000000
3   8   2   9   0.0000000000
3   8   2   10   0.0040805850
3   8   2   11   -0.0092773938
3   8   3   7   0.0000000000
3   8   3   8   0.0160724601
3   8   3   9   0.0367696694
3   8   3   10   -0.0000000000
3   8   3   11   -0.0000000000
3   8   4   7   0.0084860620
3   8   4   8   -0.0000000000
3   8   4   10   0.0092367690
3   8   4   11   -0.0241716325
3   8   5   12   -0.0022458854
3   9   1   8   0.0008221461
3   9   1   9   0.0016161244
3   9   2   7   -0.0000000000
3   9   2   8   -0.0015509402
3   9   2   9   0.0016050821
3   9   2   10   -0.0000000000
3   9   2   11   -0.0000000000
3   9   3   7   0.0107555000
3   9   3   10   -0.0073316986
3   9   3   11   -0.0175355606
3   9   4   7   -0.0000000000
3   9   4   8   0.0095122525
3   9   4   9   0.0304300942
3   9   4   10   -0.0000000000
3   9   4   11   0.0000000000
3   9   5   12   0.0000000000
3   10   2   12   -0.0000000000
3   10   3   12   -0.0161591138
3   10   4   12   0.0000000000
3   10   5   8   0.0021524753
3   10   5   9   0.0050517380
3   10   5   10   0.0000000000
3   10   5   11   -0.0000000000
4   6   1   7   0.0005815843
4   6   1   8   -0.0000000000
4   6   1   9   0.0000000000
4   6   1   10   0.0048560320
4   6   1   11   0.0023042744
4   6   2   7   0.0018271006
4   6   2   8   0.0000000000
4   6   2   10   -0.0019146469
4   6   2   11   -0.0033773891
4   6   3   7   -0.0000000000
4   6   3   8   -0.0000279806
4   6   3   9   -0.0001649623
4   6   3   10   0.0000000000
4   6   3   11   0.0000000000
4   6   4   7   -0.0017252147
4   6   4   8   -0.0000000000
4   6   4   10   0.0011604008
4   6   4   11   0.0028148366
4   6   5   12   0.0035996442
4   7   1   7   0.0025265730
4   7   1   8   0.0000000000
4   7   1   10   -0.0019146469
4   7   1   11   -0.0040331672
4   7   2   7   -0.0004027764
4   7   2   8   -0.0000000000
4   7   2   9   -0.0000000000
4   7   2   10   0.0105974223
4   7   2   11   0.0004597998
4   7   3   7   -0.0000000000
4   7   3   8   -0.0007732103
4   7   3   9   0.0040805850
4   7   3   10   -0.0000000000
4   7   3   11   0.0000000000
4   7   4   7   -0.0142337899
4   7   4   8   0.0000000000
4   7   4   9   -0.0000000000
4   7   4   10   -0.0072422407
4   7   4   11   0.0067707934
4   7   5   12   -0.0064401639
4   8   1   7   0.0000000000
4   8   1   8   0.0003949359
4   8   1   9   -0.0010862601
4   8   1   10   0.0000000000
4   8   2   7   -0.0000000000
4   8   2   8   0.0033249974
4   8   2   9   0.0071686043
4   8   2   10   -0.0000000000
4   8   2   11   0.0000000000
4   8   3   7   0.0046701626
4   8   3   8   -0.0000000000
4   8   3   9   -0.0000000000
4   8   3   10   0.0117217635
4   8   3   11   -0.0138520826
4   8   4   7   -0.0000000000
4   8   4   8   -0.0175192802
4   8   4   9   -0.0073316986
4   8   4   11   0.0000000000
4   8   5   12   0.0000000000
4   9   1   7   0.0010599884
4   9   1   10   0.0011604008
4   9   1   11   -0.0008226494
4   9   2   7   -0.0017758873
4   9   2   8   0.0000000000
4   9   2   9   -0.0000000000
4   9   2   10   -0.0072422407
4   9   2   11   -0.0055268505
4   9   3   7   -0.0000000000
4   9   3   8   0.0001713178
4   9   3   9   0.0092367690
4   9   3   11   0.0000000000
4   9   4   7   -0.0074212939
4   9   4   8   -0.0000000000
4   9   4   9   -0.0000000000
4   9   4   10   0.0304491197
4   9   4   11   0.0211647077
4   9   5   12   0.0075473049
4   10   1   12   -0.0007546444
4   10   2   12   -0.0089436720
4   10   3   12   0.0000000000
4   10   4   12   0.0355753857
4   10   5   7   0.0003016200
4   10   5   8   -0.0000000000
4   10   5   9   0.0000000000
4   10   5   10   0.0102881506
4   10   5   11   -0.0041092976
5   6   1   7   -0.0065085798
5   6   1   9   0.0000000000
5   6   1   10   0.0023042744
5   6   1   11   0.0093318712
5   6   2   7   0.0014690587
5   6   2   9   -0.0000000000
5   6   2   10   -0.0040331672
5   6   2   11   -0.0043733228
5   6   3   8   0.0000815427
5   6   3   9   -0.0001152766
5   6   4   7   -0.0001658959
5   6   4   10   -0.0008226494
5   6   4   11   -0.0003345464
5   6   5   12   -0.0043140417
5   7   1   7   0.0020281300
5   7   1   9   -0.0000000000
5   7   1   10   -0.0033773891
5   7   1   11   -0.0043733228
5   7   2   7   -0.0218021572
5   7   2   10   0.0004597998
5   7   2   11   0.0334100270
5   7   3   8   -0.0017433361
5   7   3   9   -0.0092773938
5   7   3   10   0.0000000000
5   7   3   11   0.0000000000
5   7   4   7   -0.0199808542
5   7   4   9   -0.0000000000
5   7   4   10   -0.0055268505
5   7   4   11   0.0236401100
5   7   5   12   0.0104144409
5   8   1   8   -0.0004358107
5   8   1   9   -0.0022322496
5   8   1   10   0.0000000000
5   8   2   8   -0.0135854646
5   8   2   9   -0.0085681510
5   8   2   10   0.0000000000
5   8   2   11   0.0000000000
5   8   3   7   -0.0161332008
5   8   3   8   -0.0000000000
5   8   3   9   -0.0000000000
5   8   3   10   -0.0138520826
5   8   3   11   0.0386214145
5   8   4   8   -0.0199145293
5   8   4   9   -0.0175355606
5   8   4   10   0.0000000000
5   8   4   11   0.0000000000
5   9   1   7   0.0014506113
5   9   1   9   0.0000000000
5   9   1   10   0.0028148366
5   9   1   11   -0.0003345464
5   9   2   7   -0.0131314491
5   9   2   9   0.0000000000
5   9   2   10   0.0067707934
5   9   2   11   0.0236401100
5   9   3   8   -0.0088524806
5   9   3   9   -0.0241716325
5   9   3   10   0.0000000000
5   9   3   11   0.0000000000
5   9   4   7   -0.0141132649
5   9   4   9   0.0000000000
5   9   4   10   0.0211647077
5   9   4   11   0.0322056808
5   9   5   12   0.0023088467
5   10   1   12   0.0007243520
5   10   2   12   0.0258056782
5   10   3   12   0.0000000000
5   10   4   12   0.0327791404
5   10   5   7   -0.0055788028
5   10   5   9   -0.0000000000
5   10   5   10   -0.0041092976
5   10   5   11   0.0125114082
6   6   1   12   0.0134232678
6   6   2   12   -0.0086697625
6   6   4   12   0.0030008166
6   6   5   7   -0.0011534779
6   6   5   10   -0.0007546444
6   6   5   11   0.0007243520
6   7   1   12   -0.0086697625
6   7   2   12   0.0225908422
6   7   4   12   -0.0057323431
6   7   5   7   -0.0304175570
6   7   5   9   -0.0000000000
6   7   5   10   -0.0089436720
6   7   5   11   0.0258056782
6   8   3   12   0.0077888897
6   8   5   8   -0.0313060269
6   8   5   9   -0.0161591138
6   8   5   10   0.0000000000
6   8   5   11   0.0000000000
6   9   1   12   0.0030008166
6   9   2   12   -0.0057323431
6   9   4   12   0.0105945090
6   9   5   7   -0.0132368053
6   9   5   9   0.0000000000
6   9   5   10   0.0355753857
6   9   5   11   0.0327791404
6   10   1   7   0.0035437693
6   10   1   9   0.0000000000
6   10   1   10   0.0035996442
6   10   1   11   -0.0043140417
6   10   2   7   -0.0109597510
6   10   2   9   -0.0000000000
6   10   2   10   -0.0064401639
6   10   2   11   0.0104144409
6   10   3   8   -0.0044146439
6   10   3   9   -0.0022458854
6   10   3   10   0.0000000000
6   10   4   7   0.0001864585
6   10   4   9   0.0000000000
6   10   4   10   0.0075473049
6   10   4   11   0.0023088467
6   10   5   12   0.0804640484

1   6   6   1   -0.3208875792
1   6   6   3   0.0000000000
1   6   6   4   0.0068586695
1   6   6   5   0.1215783370
1   6   7   1   -0.0010166253
1   6   7   4   -0.0003320312
1   6   7   5   0.0012683722
1   6   8   2   0.0032116395
1   6   8   3   0.0004736354
1   6   9   1   0.0039207246
1   6   9   3   -0.0000000000
1   6   9   4   -0.0024887877
1   6   9   5   -0.0050230917
1   6   10   6   -0.0057107838
1   7   6   1   -0.0010166253
1   7   6   4   -0.0003325904
1   7   6   5   0.0012492467
1   7   7   1   -0.2991912872
1   7   7   3   0.0000000000
1   7   7   4   0.0085686120
1   7   7   5   0.0899654440
1   7   8   2   -0.0354272617
1   7   8   3   -0.0040435035
1   7   8   4   0.0000000000
1   7   8   5   0.0000000000
1   7   9   1   -0.0198421085
1   7   9   3   0.0000000000
1   7   9   4   0.0215107697
1   7   9   5   0.0207385565
1   7   10   6   0.0342268220
1   8   6   2   0.0032183524
1   8   6   3   0.0005360163
1   8   7   2   -0.0353796816
1   8   7   3   -0.0041509770
1   8   7   4   0.0000000000
1   8   7   5   0.0000000000
1   8   8   1   -0.2947649432
1   8   8   3   0.0000000000
1   8   8   4   0.0025883493
1   8   8   5   0.0872995635
1   8   9   2   -0.0104876289
1   8   9   3   -0.0095719649
1   8   9   4   0.0000000000
1   9   6   1   0.0039207246
1   9   6   3   -0.0000000000
1   9   6   4   -0.0024995820
1   9   6   5   -0.0050420196
1   9   7   1   -0.0198421085
1   9   7   3   0.0000000000
1   9   7   4   0.0213701953
1   9   7   5   0.0207154971
1   9   8   2   -0.0105648419
1   9   8   3   -0.0096833073
1   9   8   4   0.0000000000
1   9   9   1   -0.2826838725
1   9   9   4   -0.0021840485
1   9   9   5   0.0699509704
1   9   10   6   -0.0045584010
1   10   6   6   -0.0057991963
1   10   7   6   0.0340077343
1   10   9   6   -0.0047328287
1   10   10   1   -0.2865533919
1   10   10   3   0.0000000000
1   10   10   4   0.0034179372
1   10   10   5   0.0737962695
2   6   6   2   -0.2866024833
2   6   6   3   -0.0672995294
2   6   6   4   0.0000000000
2   6   6   5   0.0000000000
2   6   7   2   -0.0009448398
2   6   7   3   -0.0008490448
2   6   8   1   0.0032183524
2   6   8   4   0.0008735623
2   6   8   5   -0.0014895317
2   6   9   2   0.0012141886
2   6   9   3   0.0001311224
2   7   6   2   -0.0009448398
2   7   6   3   -0.0008390715
2   7   7   2   -0.2641841971
2   7   7   3   -0.0486581109
2   7   7   4   0.0000000000
2   7   7   5   0.0000000000
2   7   8   1   -0.0353796816
2   7   8   3   -0.0000000000
2   7   8   4   -0.0046832308
2   7   8   5   0.0174949202
2   7   9   2   -0.0096642742
2   7   9   3   -0.0039606146
2   7   9   4   0.0000000000
2   8   6   1   0.0032116395
2   8   6   4   0.0009391360
2   8   6   5   -0.0015086496
2   8   7   1   -0.0354272617
2   8   7   3   -0.0000000000
2   8   7   4   -0.0047796989
2   8   7   5   0.0175939878
2   8   8   2   -0.2682570477
2   8   8   3   -0.0491536807
2   8   8   4   0.0000000000
2   8   8   5   0.0000000000
2   8   9   1   -0.0105648419
2   8   9   3   0.0000000000
2   8   9   4   0.0034317235
2   8   9   5   0.0100452111
2   8   10   6   0.0073679198
2   9   6   2   0.0012141886
2   9   6   3   0.0001729099
2   9   7   2   -0.0096642742
2   9   7   3   -0.0041147967
2   9   7   4   0.0000000000
2   9   8   1   -0.0104876289
2   9   8   3   0.0000000000
2   9   8   4   0.0030616849
2   9   8   5   0.0100253298
2   9   9   2   -0.2519611523
2   9   9   3   -0.0455637801
2   9   9   4   0.0000000000
2   9   9   5   0.0000000000
2   10   8   6   0.0069951663
2   10   10   2   -0.2536180459
2   10   10   3   -0.0421299221
2   10   10   4   0.0000000000
2   10   10   5   0.0000000000
3   6   6   1   0.0000000000
3   6   6   2   -0.0672995294
3   6   6   3   -0.3904993113
3   6   6   4   0.0000000000
3   6   6   5   -0.0000000000
3   6   7   2   -0.0008390715
3   6   7   3   -0.0007485964
3   6   7   5   -0.0000000000
3   6   8   1   0.0005360163
3   6   8   4   0.0000463035
3   6   8   5   -0.0017910651
3   6   9   1   -0.0000000000
3   6   9   2   0.0001729099
3   6   9   3   -0.0003471772
3   6   9   4   -0.0000000000
3   6   10   6   -0.0000000000
3   7   6   2   -0.0008490448
3   7   6   3   -0.0007485964
3   7   6   5   -0.0000000000
3   7   7   1   0.0000000000
3   7   7   2   -0.0486581109
3   7   7   3   -0.3729678360
3   7   7   4   0.0000000000
3   7   7   5   0.0000000000
3   7   8   1   -0.0041509770
3   7   8   2   -0.0000000000
3   7   8   3   0.0000000000
3   7   8   4   0.0079629301
3   7   8   5   0.0362756856
3   7   9   1   0.0000000000
3   7   9   2   -0.0041147967
3   7   9   3   -0.0006722731
3   7   9   4   0.0000000000
3   7   9   5   0.0000000000
3   7   10   6   -0.0000000000
3   8   6   1   0.0004736354
3   8   6   4   0.0001343356
3   8   6   5   -0.0017102347
3   8   7   1   -0.0040435035
3   8   7   2   -0.0000000000
3   8   7   3   0.0000000000
3   8   7   4   0.0078591679
3   8   7   5   0.0360425555
3   8   8   1   0.0000000000
3   8   8   2   -0.0491536807
3   8   8   3   -0.3766023500
3   8   8   4   0.0000000000
3   8   8   5   0.0000000000
3   8   9   1   -0.0096833073
3   8   9   2   0.0000000000
3   8   9   3   -0.0000000000
3   8   9   4   -0.0027144647
3   8   9   5   0.0189464795
3   8   10   6   0.0009262757
3   9   6   1   -0.0000000000
3   9   6   2   0.0001311224
3   9   6   3   -0.0003471772
3   9   6   4   -0.0000000000
3   9   7   1   0.0000000000
3   9   7   2   -0.0039606146
3   9   7   3   -0.0006722731
3   9   7   4   0.0000000000
3   9   7   5   0.0000000000
3   9   8   1   -0.0095719649
3   9   8   2   0.0000000000
3   9   8   3   -0.0000000000
3   9   8   4   -0.0033063020
3   9   8   5   0.0191537743
3   9   9   2   -0.0455637801
3   9   9   3   -0.3698038936
3   9   9   4   0.0000000000
3   9   9   5   -0.0000000000
3   9   10   6   -0.0000000000
3   10   6   6   -0.0000000000
3   10   7   6   -0.0000000000
3   10   8   6   0.0006622561
3   10   9   6   -0.0000000000
3   10   10   1   0.0000000000
3   10   10   2   -0.0421299221
3   10   10   3   -0.3550543291
3   10   10   4   0.0000000000
3   10   10   5   -0.0000000000
4   6   6   1   0.0068586695
4   6   6   2   0.0000000000
4   6   6   3   0.0000000000
4   6   6   4   -0.3869341932
4   6   6   5   -0.0371815096
4   6   7   1   -0.0003325904
4   6   7   4   -0.0020966928
4   6   7   5   -0.0013283869
4   6   8   2   0.0009391360
4   6   8   3   0.0001343356
4   6   8   5   0.0000000000
4   6   9   1   -0.0024995820
4   6   9   3   -0.0000000000
4   6   9   4   -0.0021572433
4   6   9   5   -0.0009107402
4   6   10   6   -0.0021921754
4   7   6   1   -0.0003320312
4   7   6   4   -0.0020966928
4   7   6   5   -0.0013307402
4   7   7   1   0.0085686120
4   7   7   2   0.0000000000
4   7   7   3   0.0000000000
4   7   7   4   -0.3426276122
4   7   7   5   0.0008509227
4   7   8   1   0.0000000000
4   7   8   2   -0.0047796989
4   7   8   3   0.0078591679
4   7   8   5   -0.0000000000
4   7   9   1   0.0213701953
4   7   9   2   0.0000000000
4   7   9   3   0.0000000000
4   7   9   4   0.0172618689
4   7   9   5   0.0171470406
4   7   10   6   -0.0009378172
4   8   6   2   0.0008735623
4   8   6   3   0.0000463035
4   8   6   5   0.0000000000
4   8   7   1   0.0000000000
4   8   7   2   -0.0046832308
4   8   7   3   0.0079629301
4   8   7   5   -0.0000000000
4   8   8   1   0.0025883493
4   8   8   2   0.0000000000
4   8   8   3   0.0000000000
4   8   8   4   -0.3330615871
4   8   8   5   0.0133589098
4   8   9   1   0.0000000000
4   8   9   2   0.0030616849
4   8   9   3   -0.0033063020
4   8   9   4   0.0000000000
4   8   9   5   -0.0000000000
4   8   10   6   -0.0000000000
4   9   6   1   -0.0024887877
4   9   6   3   -0.0000000000
4   9   6   4   -0.0021572433
4   9   6   5   -0.0009250225
4   9   7   1   0.0215107697
4   9   7   2   0.0000000000
4   9   7   3   0.0000000000
4   9   7   4   0.0172618689
4   9   7   5   0.0170328284
4   9   8   1   0.0000000000
4   9   8   2   0.0034317235
4   9   8   3   -0.0027144647
4   9   8   4   0.0000000000
4   9   8   5   -0.0000000000
4   9   9   1   -0.0021840485
4   9   9   2   0.0000000000
4   9   9   3   0.0000000000
4   9   9   4   -0.3528761157
4   9   9   5   -0.0160925576
4   9   10   6   -0.0102435694
4   10   6   6   -0.0022173830
4   10   7   6   -0.0008737925
4   10   8   6   -0.0000000000
4   10   9   6   -0.0100625914
4   10   10   1   0.0034179372
4   10   10   2   0.0000000000
4   10   10   3   0.0000000000
4   10   10   4   -0.3413518450
4   10   10   5   -0.0035765380
5   6   6   1   0.1215783370
5   6   6   2   0.0000000000
5   6   6   3   -0.0000000000
5   6   6   4   -0.0371815096
5   6   6   5   -0.4658065029
5   6   7   1   0.0012492467
5   6   7   3   -0.0000000000
5   6   7   4   -0.0013307402
5   6   7   5   -0.0021015538
5   6   8   2   -0.0015086496
5   6   8   3   -0.0017102347
5   6   8   4   0.0000000000
5   6   9   1   -0.0050420196
5   6   9   4   -0.0009250225
5   6   9   5   0.0071570656
5   6   10   6   0.0031442243
5   7   6   1   0.0012683722
5   7   6   3   -0.0000000000
5   7   6   4   -0.0013283869
5   7   6   5   -0.0021015538
5   7   7   1   0.0899654440
5   7   7   2   0.0000000000
5   7   7   3   0.0000000000
5   7   7   4   0.0008509227
5   7   7   5   -0.4111796729
5   7   8   1   0.0000000000
5   7   8   2   0.0175939878
5   7   8   3   0.0360425555
5   7   8   4   -0.0000000000
5   7   8   5   -0.0000000000
5   7   9   1   0.0207154971
5   7   9   3   0.0000000000
5   7   9   4   0.0170328284
5   7   9   5   -0.0328340653
5   7   10   6   -0.0076976171
5   8   6   2   -0.0014895317
5   8   6   3   -0.0017910651
5   8   6   4   0.0000000000
5   8   7   1   0.0000000000
5   8   7   2   0.0174949202
5   8   7   3   0.0362756856
5   8   7   4   -0.0000000000
5   8   7   5   -0.0000000000
5   8   8   1   0.0872995635
5   8   8   2   0.0000000000
5   8   8   3   0.0000000000
5   8   8   4   0.0133589098
5   8   8   5   -0.4083337999
5   8   9   2   0.0100253298
5   8   9   3   0.0191537743
5   8   9   4   -0.0000000000
5   8   9   5   -0.0000000000
5   9   6   1   -0.0050230917
5   9   6   4   -0.0009107402
5   9   6   5   0.0071570656
5   9   7   1   0.0207385565
5   9   7   3   0.0000000000
5   9   7   4   0.0171470406
5   9   7   5   -0.0328340653
5   9   8   2   0.0100452111
5   9   8   3   0.0189464795
5   9   8   4   -0.0000000000
5   9   8   5   -0.0000000000
5   9   9   1   0.0699509704
5   9   9   2   0.0000000000
5   9   9   3   -0.0000000000
5   9   9   4   -0.0160925576
5   9   9   5   -0.3793084394
5   9   10   6   -0.0059620953
5   10   6   6   0.0032568284
5   10   7   6   -0.0076343308
5   10   9   6   -0.0055418564
5   10   10   1   0.0737962695
5   10   10   2   0.0000000000
5   10   10   3   -0.0000000000
5   10   10   4   -0.0035765380
5   10   10   5   -0.3799968394
6   6   6   6   -0.5523922285
6   6   7   6   -0.0050800279
6   6   9   6   0.0015457521
6   6   10   1   -0.0057991963
6   6   10   3   -0.0000000000
6   6   10   4   -0.0022173830
6   6   10   5   0.0032568284
6   7   6   6   -0.0050800279
6   7   7   6   -0.4309669942
6   7   9   6   0.0149916777
6   7   10   1   0.0340077343
6   7   10   3   -0.0000000000
6   7   10   4   -0.0008737925
6   7   10   5   -0.0076343308
6   8   8   6   -0.4000014348
6   8   10   2   0.0069951663
6   8   10   3   0.0006622561
6   8   10   4   -0.0000000000
6   9   6   6   0.0015457521
6   9   7   6   0.0149916777
6   9   9   6   -0.4129050615
6   9   10   1   -0.0047328287
6   9   10   3   -0.0000000000
6   9   10   4   -0.0100625914
6   9   10   5   -0.0055418564
6   10   6   1   -0.0057107838
6   10   6   3   -0.0000000000
6   10   6   4   -0.0021921754
6   10   6   5   0.0031442243
6   10   7   1   0.0342268220
6   10   7   3   -0.0000000000
6   10   7   4   -0.0009378172
6   10   7   5   -0.0076976171
6   10   8   2   0.0073679198
6   10   8   3   0.0009262757
6   10   8   4   -0.0000000000
6   10   9   1   -0.0045584010
6   10   9   3   -0.0000000000
6   10   9   4   -0.0102435694
6   10   9   5   -0.0059620953
6   10   10   6   -0.4523357673

End AIJB Block
Begin IJKA Block
1   6   1   7   -0.1110051754
1   6   1   9   -0.0000000000
1   6   1   10   -0.0679022614
1   6   1   11   0.0921533931
1   6   2   7   -0.0179824936
1   6   2   9   -0.0000000000
1   6   2   10   -0.0090585137
1   6   2   11   0.0161634115
1   6   3   8   -0.0079693025
1   6   3   9   -0.0060111501
1   6   3   10   0.0000000000
1   6   4   7   -0.0002231704
1   6   4   9   0.0000000000
1   6   4   10   0.0123203539
1   6   4   11   0.0079221399
1   6   5   12   0.0204909035
1   7   1   7   -0.1424177893
1   7   1   9   -0.0000000000
1   7   1   10   -0.0427912808
1   7   1   11   0.1232640936
1   7   2   7   -0.0026409897
1   7   2   9   -0.0000000000
1   7   2   10   -0.0027663865
1   7   2   11   0.0016914881
1   7   3   8   0.0069197770
1   7   3   9   0.0041553436
1   7   3   10   -0.0000000000
1   7   4   7   0.0068510032
1   7   4   9   -0.0000000000
1   7   4   10   -0.0057837391
1   7   4   11   -0.0113561217
1   7   5   12   -0.0142145271
1   8   1   8   -0.1518820193
1   8   1   9   -0.0795708024
1   8   1   10   0.0000000000
1   8   1   11   0.0000000000
1   8   2   8   -0.0016294817
1   8   2   9   -0.0018071593
1   8   2   10   0.0000000000
1   8   3   7   0.0036230322
1   8   3   10   -0.0001751850
1   8   3   11   -0.0000480287
1   8   4   8   0.0005654463
1   8   4   9   -0.0037605037
1   8   4   10   0.0000000000
1   9   1   7   -0.0642505723
1   9   1   9   0.0000000000
1   9   1   10   0.1730225000
1   9   1   11   0.1645237791
1   9   2   7   0.0004027501
1   9   2   9   0.0000000000
1   9   2   10   0.0035404203
1   9   2   11   0.0017555763
1   9   3   8   -0.0023757800
1   9   3   9   -0.0055942815
1   9   3   10   0.0000000000
1   9   4   7   0.0029091378
1   9   4   9   0.0000000000
1   9   4   10   0.0037875796
1   9   4   11   -0.0019721427
1   9   5   12   0.0048781247
1   10   1   12   0.3046747661
1   10   2   12   0.0050233800
1   10   4   12   -0.0017107335
1   10   5   7   0.0057642163
1   10   5   9   0.0000000000
1   10   5   10   0.0059178460
1   10   5   11   -0.0070776678
2   6   1   7   -0.0186086309
2   6   1   9   -0.0000000000
2   6   1   10   -0.0093998007
2   6   1   11   0.0166172723
2   6   2   7   -0.0014458671
2   6   2   9   -0.0000000000
2   6   2   10   -0.0058489815
2   6   2   11   -0.0018269548
2   6   3   8   0.0090467209
2   6   3   9   0.0065876753
2   6   3   10   -0.0000000000
2   6   4   7   0.0065759750
2   6   4   9   -0.0000000000
2   6   4   10   -0.0080984041
2   6   4   11   -0.0130085858
2   6   5   12   -0.0190723394
2   7   1   7   -0.0020273354
2   7   1   9   -0.0000000000
2   7   1   10   -0.0024522489
2   7   1   11   0.0011857521
2   7   2   7   -0.0792747318
2   7   2   9   -0.0000000000
2   7   2   10   -0.0070701837
2   7   2   11   0.0639978098
2   7   3   8   -0.0282269052
2   7   3   9   -0.0033495044
2   7   3   10   0.0000000000
2   7   4   7   -0.0118372486
2   7   4   9   0.0000000000
2   7   4   10   0.0239246616
2   7   4   11   0.0231624501
2   7   5   12   0.0406764589
2   8   1   8   -0.0011512405
2   8   1   9   -0.0012868317
2   8   1   10   0.0000000000
2   8   2   8   -0.0869504270
2   8   2   9   -0.0176712241
2   8   2   10   0.0000000000
2   8   2   11   0.0000000000
2   8   3   7   -0.0032327947
2   8   3   9   0.0000000000
2   8   3   10   0.0206849752
2   8   3   11   -0.0321647047
2   8   4   8   0.0117859585
2   8   4   9   0.0426277637
2   8   4   10   -0.0000000000
2   8   4   11   -0.0000000000
2   9   1   7   0.0004706711
2   9   1   9   0.0000000000
2   9   1   10   0.0030212399
2   9   1   11   0.0013328710
2   9   2   7   -0.0395409451
2   9   2   9   0.0000000000
2   9   2   10   0.0884924862
2   9   2   11   0.0822274873
2   9   3   8   0.0126781321
2   9   3   9   0.0475926172
2   9   3   10   -0.0000000000
2   9   3   11   -0.0000000000
2   9   4   7   0.0011133368
2   9   4   9   -0.0000000000
2   9   4   10   -0.0189092855
2   9   4   11   -0.0071111743
2   9   5   12   -0.0128925469
2   10   1   12   0.0042029721
2   10   2   12   0.1511797891
2   10   4   12   -0.0164843284
2   10   5   7   -0.0137467108
2   10   5   9   -0.0000000000
2   10   5   10   -0.0234869507
2   10   5   11   0.0275493923
3   6   1   8   -0.0085211885
3   6   1   9   -0.0066001766
3   6   1   10   0.0000000000
3   6   2   8   0.0091322532
3   6   2   9   0.0067637532
3   6   2   10   -0.0000000000
3   6   3   7   -0.0005699407
3   6   3   9   -0.0000000000
3   6   3   10   -0.0030615745
3   6   3   11   -0.0006690207
3   6   4   8   -0.0014107924
3   6   4   9   -0.0016182161
3   6   4   10   0.0000000000
3   7   1   8   0.0068043872
3   7   1   9   0.0043709851
3   7   1   10   -0.0000000000
3   7   2   8   -0.0273182153
3   7   2   9   -0.0033191634
3   7   2   10   0.0000000000
3   7   3   7   -0.0607040360
3   7   3   9   0.0000000000
3   7   3   10   -0.0003249729
3   7   3   11   0.0320018851
3   7   4   8   0.0045105031
3   7   4   9   0.0201157257
3   7   4   10   -0.0000000000
3   8   1   7   0.0034455147
3   8   1   10   -0.0000389297
3   8   1   11   -0.0002160720
3   8   2   7   -0.0025724802
3   8   2   9   0.0000000000
3   8   2   10   0.0205065883
3   8   2   11   -0.0318231501
3   8   3   8   -0.0783714837
3   8   3   9   -0.0102054737
3   8   3   10   0.0000000000
3   8   3   11   0.0000000000
3   8   4   7   0.0025489824
3   8   4   9   0.0000000000
3   8   4   10   0.0107525338
3   8   4   11   -0.0089595175
3   8   5   12   0.0078707183
3   9   1   8   -0.0022225987
3   9   1   9   -0.0050939879
3   9   1   10   0.0000000000
3   9   2   8   0.0121837881
3   9   2   9   0.0459512715
3   9   2   10   -0.0000000000
3   9   2   11   -0.0000000000
3   9   3   7   -0.0274471312
3   9   3   9   0.0000000000
3   9   3   10   0.0760478750
3   9   3   11   0.0562054641
3   9   4   8   -0.0048258767
3   9   4   9   0.0022345188
3   9   4   10   -0.0000000000
3   10   3   12   0.1210328891
3   10   5   8   -0.0063597714
3   10   5   9   -0.0060974017
3   10   5   10   0.0000000000
4   6   1   7   -0.0003008948
4   6   1   9   0.0000000000
4   6   1   10   0.0128812937
4   6   1   11   0.0085803172
4   6   2   7   0.0066281776
4   6   2   9   -0.0000000000
4   6   2   10   -0.0080233537
4   6   2   11   -0.0130825988
4   6   3   8   -0.0013660843
4   6   3   9   -0.0015393363
4   6   3   10   0.0000000000
4   6   4   7   -0.0052809876
4   6   4   9   0.0000000000
4   6   4   10   0.0030667752
4   6   4   11   0.0082120025
4   6   5   12   0.0059729498
4   7   1   7   0.0064831786
4   7   1   9   -0.0000000000
4   7   1   10   -0.0054575045
4   7   1   11   -0.0108596756
4   7   2   7   -0.0116078699
4   7   2   9   0.0000000000
4   7   2   10   0.0229950818
4   7   2   11   0.0226557250
4   7   3   8   0.0046123415
4   7   3   9   0.0199720323
4   7   3   10   -0.0000000000
4   7   4   7   -0.0555801335
4   7   4   9   -0.0000000000
4   7   4   10   -0.0247618548
4   7   4   11   0.0348098167
4   7   5   12   -0.0112330128
4   8   1   8   0.0005999699
4   8   1   9   -0.0032880288
4   8   1   10   0.0000000000
4   8   2   8   0.0112457541
4   8   2   9   0.0406094599
4   8   2   10   -0.0000000000
4   8   2   11   -0.0000000000
4   8   3   7   0.0021840554
4   8   3   9   0.0000000000
4   8   3   10   0.0106646988
4   8   3   11   -0.0078353183
4   8   4   8   -0.0755982514
4   8   4   9   -0.0313788288
4   8   4   10   0.0000000000
4   8   4   11   0.0000000000
4   9   1   7   0.0025730452
4   9   1   9   0.0000000000
4   9   1   10   0.0034359339
4   9   1   11   -0.0016905274
4   9   2   7   0.0004775586
4   9   2   9   -0.0000000000
4   9   2   10   -0.0183079950
4   9   2   11   -0.0065065869
4   9   3   8   -0.0053993820
4   9   3   9   0.0011253239
4   9   4   7   -0.0376576199
4   9   4   9   0.0000000000
4   9   4   10   0.0960309032
4   9   4   11   0.0835777971
4   9   5   12   0.0131097865
4   10   1   12   -0.0017440218
4   10   2   12   -0.0157796402
4   10   4   12   0.1332066897
4   10   5   7   -0.0003979658
4   10   5   9   0.0000000000
4   10   5   10   0.0108598078
4   10   5   11   0.0017350748
5   6   1   12   0.0214402871
5   6   2   12   -0.0188521997
5   6   4   12   0.0059506994
5   6   5   7   -0.0020775859
5   6   5   9   -0.0000000000
5   6   5   10   -0.0015913455
5   6   5   11   0.0010389055
5   7   1   12   -0.0133018723
5   7   2   12   0.0397249124
5   7   4   12   -0.0115038488
5   7   5   7   -0.0688735667
5   7   5   9   -0.0000000000
5   7   5   10   -0.0231375501
5   7   5   11   0.0594492534
5   8   3   12   0.0085215144
5   8   5   8   -0.0787937373
5   8   5   9   -0.0319788463
5   8   5   10   0.0000000000
5   8   5   11   0.0000000000
5   9   1   12   0.0044665308
5   9   2   12   -0.0125726276
5   9   4   12   0.0131065138
5   9   5   7   -0.0346522805
5   9   5   9   0.0000000000
5   9   5   10   0.0841264927
5   9   5   11   0.0748837372
5   10   1   7   0.0050879768
5   10   1   9   0.0000000000
5   10   1   10   0.0053542483
5   10   1   11   -0.0062779728
5   10   2   7   -0.0143410014
5   10   2   9   -0.0000000000
5   10   2   10   -0.0224170876
5   10   2   11   0.0267979036
5   10   3   8   -0.0070077090
5   10   3   9   -0.0065845679
5   10   3   10   0.0000000000
5   10   4   7   -0.0003969763
5   10   4   9   0.0000000000
5   10   4   10   0.0111829300
5   10   4   11   0.0023826643
5   10   5   12   0.1593272050

End IJKA Block
Begin IABC Block
1   7   1   7   0.0003923129
1   7   1   10   -0.0005425741
1   7   1   11   -0.0005343795
1   7   2   8   0.0011195918
1   7   2   9   0.0001735273
1   7   3   7   -0.0000000000
1   7   3   8   0.0008000579
1   7   3   9   0.0000972291
1   7   3   11   0.0000000000
1   7   4   7   -0.0013938930
1   7   4   10   0.0008253168
1   7   4   11   0.0017911470
1   7   5   7   -0.0013458941
1   7   5   9   0.0000000000
1   7   5   10   0.0011892666
1   7   5   11   0.0017705394
1   7   6   12   0.0034978793
1   8   1   8   -0.0000427745
1   8   1   9   -0.0001976402
1   8   2   7   0.0011236742
1   8   2   10   0.0003325940
1   8   2   11   -0.0005189826
1   8   3   7   0.0008017354
1   8   3   10   0.0002992800
1   8   3   11   -0.0003159498
1   8   4   8   -0.0004690615
1   8   4   9   -0.0000909032
1   8   5   8   -0.0001815733
1   8   5   9   0.0002208795
1   9   1   8   -0.0001926987
1   9   1   9   -0.0002393948
1   9   2   7   0.0001810146
1   9   2   10   0.0000400983
1   9   2   11   -0.0006038393
1   9   3   7   0.0000935773
1   9   3   10   0.0000390203
1   9   3   11   -0.0003818768
1   9   4   8   -0.0000968345
1   9   4   9   0.0000657926
1   9   5   7   0.0000000000
1   9   5   8   0.0002130464
1   9   5   9   0.0003907253
1   9   5   10   0.0000000000
1   9   6   12   0.0000000000
1   10   1   7   -0.0005492557
1   10   1   10   -0.0009385047
1   10   1   11   -0.0004899691
1   10   2   8   0.0003377524
1   10   2   9   0.0000489360
1   10   3   8   0.0003044603
1   10   3   9   0.0000494419
1   10   4   7   0.0008274309
1   10   4   10   0.0006913024
1   10   4   11   0.0002766520
1   10   5   7   0.0012000790
1   10   5   9   0.0000000000
1   10   5   10   0.0015596280
1   10   5   11   0.0007403092
1   10   6   12   0.0013848889
1   11   1   7   -0.0005347047
1   11   1   10   -0.0004962412
1   11   1   11   0.0006969772
1   11   2   8   -0.0005180886
1   11   2   9   -0.0005940882
1   11   3   7   0.0000000000
1   11   3   8   -0.0003138865
1   11   3   9   -0.0003797029
1   11   3   11   -0.0000000000
1   11   4   7   0.0017941127
1   11   4   10   0.0002845885
1   11   4   11   -0.0025483725
1   11   5   7   0.0017684532
1   11   5   10   0.0007529682
1   11   5   11   -0.0024337762
1   11   6   12   -0.0019600216
1   12   1   12   -0.0010341051
1   12   4   12   -0.0005872297
1   12   5   12   0.0007142577
1   12   6   7   0.0035238578
1   12   6   9   0.0000000000
1   12   6   10   0.0014010037
1   12   6   11   -0.0020025102
2   7   1   7   -0.0080356969
2   7   1   9   0.0000000000
2   7   1   10   0.0019330667
2   7   1   11   0.0103884705
2   7   2   8   0.0008645365
2   7   2   9   0.0011095211
2   7   3   8   0.0045973303
2   7   3   9   0.0086773154
2   7   3   10   -0.0000000000
2   7   3   11   -0.0000000000
2   7   4   7   0.0001608733
2   7   4   8   -0.0000000000
2   7   4   9   -0.0000000000
2   7   4   10   0.0044435614
2   7   4   11   -0.0037977433
2   7   5   7   0.0052882848
2   7   5   9   -0.0000000000
2   7   5   10   -0.0051292966
2   7   5   11   -0.0049463545
2   7   6   12   -0.0016657922
2   8   1   8   -0.0048117090
2   8   1   9   -0.0034696317
2   8   1   10   0.0000000000
2   8   2   7   0.0007716379
2   8   2   10   -0.0007869703
2   8   2   11   -0.0003701237
2   8   3   7   0.0045710523
2   8   3   9   -0.0000000000
2   8   3   10   -0.0024521552
2   8   3   11   -0.0054891932
2   8   4   7   -0.0000000000
2   8   4   8   -0.0002314671
2   8   4   9   -0.0021336240
2   8   4   10   0.0000000000
2   8   4   11   0.0000000000
2   8   5   8   -0.0011338080
2   8   5   9   -0.0002437020
2   9   1   7   0.0000000000
2   9   1   8   -0.0034624282
2   9   1   9   -0.0090043083
2   9   1   11   -0.0000000000
2   9   2   7   0.0010940912
2   9   2   10   -0.0006112461
2   9   2   11   -0.0018894259
2   9   3   7   0.0090844737
2   9   3   8   -0.0000000000
2   9   3   9   0.0000000000
2   9   3   10   0.0047703381
2   9   3   11   -0.0118330503
2   9   4   7   -0.0000000000
2   9   4   8   -0.0022009667
2   9   4   9   0.0030919258
2   9   4   10   -0.0000000000
2   9   4   11   0.0000000000
2   9   5   7   -0.0000000000
2   9   5   8   -0.0004272519
2   9   5   9   -0.0026908650
2   9   5   10   0.0000000000
2   9   5   11   0.0000000000
2   9   6   12   -0.0000000000
2   10   1   7   0.0019994458
2   10   1   8   0.0000000000
2   10   1   10   -0.0094572339
2   10   1   11   -0.0044447482
2   10   2   8   -0.0008360848
2   10   2   9   -0.0006136913
2   10   2   10   0.0000000000
2   10   2   11   0.0000000000
2   10   3   7   -0.0000000000
2   10   3   8   -0.0024242669
2   10   3   9   0.0048298673
2   10   3   10   -0.0000000000
2   10   3   11   0.0000000000
2   10   4   7   0.0043954239
2   10   4   8   0.0000000000
2   10   4   9   -0.0000000000
2   10   4   10   -0.0025252106
2   10   4   11   -0.0025479618
2   10   5   7   -0.0054434391
2   10   5   9   0.0000000000
2   10   5   10   0.0053071915
2   10   5   11   0.0089685737
2   10   6   12   -0.0064642349
2   11   1   7   0.0102225869
2   11   1   9   -0.0000000000
2   11   1   10   -0.0043740237
2   11   1   11   -0.0192922572
2   11   2   8   -0.0004799584
2   11   2   9   -0.0019694475
2   11   2   10   0.0000000000
2   11   3   7   -0.0000000000
2   11   3   8   -0.0057267515
2   11   3   9   -0.0116247788
2   11   3   10   0.0000000000
2   11   3   11   0.0000000000
2   11   4   7   -0.0040447473
2   11   4   8   0.0000000000
2   11   4   9   0.0000000000
2   11   4   10   -0.0025729667
2   11   4   11   0.0067923910
2   11   5   7   -0.0046317047
2   11   5   9   0.0000000000
2   11   5   10   0.0086711266
2   11   5   11   0.0058177360
2   11   6   12   0.0069091275
2   12   1   12   -0.0253156594
2   12   3   12   -0.0000000000
2   12   4   12   -0.0109897386
2   12   5   12   0.0238050024
2   12   6   7   -0.0019970361
2   12   6   9   -0.0000000000
2   12   6   10   -0.0062227729
2   12   6   11   0.0069076726
3   7   1   8   0.0153351166
3   7   1   9   0.0007982228
3   7   2   7   -0.0059796243
3   7   2   9   -0.0000000000
3   7   2   10   -0.0017691855
3   7   2   11   0.0059649436
3   7   3   7   0.0107485525
3   7   3   8   0.0000000000
3   7   3   9   -0.0000000000
3   7   3   10   -0.0132772972
3   7   3   11   -0.0107907235
3   7   4   7   -0.0000000000
3   7   4   8   0.0107710786
3   7   4   9   -0.0023018022
3   7   4   10   0.0000000000
3   7   4   11   0.0000000000
3   7   5   8   -0.0250932217
3   7   5   9   -0.0066464982
3   7   5   10   0.0000000000
3   7   5   11   0.0000000000
3   8   1   7   0.0152153422
3   8   1   9   0.0000000000
3   8   1   10   0.0014348114
3   8   1   11   -0.0056077043
3   8   2   8   -0.0030686095
3   8   2   9   -0.0048050708
3   8   2   10   0.0000000000
3   8   3   7   0.0000000000
3   8   3   8   0.0080683583
3   8   3   9   0.0067194391
3   8   3   10   -0.0000000000
3   8   3   11   -0.0000000000
3   8   4   7   0.0105767962
3   8   4   8   -0.0000000000
3   8   4   9   -0.0000000000
3   8   4   10   0.0025481834
3   8   4   11   -0.0056781222
3   8   5   7   -0.0249120454
3   8   5   9   -0.0000000000
3   8   5   10   -0.0032481645
3   8   5   11   0.0140397273
3   8   6   12   0.0003854633
3   9   1   7   0.0011135478
3   9   1   8   0.0000000000
3   9   1   9   -0.0000000000
3   9   1   10   -0.0068220957
3   9   1   11   -0.0148175744
3   9   2   7   -0.0000000000
3   9   2   8   -0.0045877884
3   9   2   9   -0.0171060439
3   9   2   10   -0.0000000000
3   9   2   11   -0.0000000000
3   9   3   7   -0.0000000000
3   9   3   8   0.0076580032
3   9   3   9   0.0046849302
3   9   3   10   -0.0000000000
3   9   3   11   -0.0000000000
3   9   4   7   -0.0023008947
3   9   4   8   -0.0000000000
3   9   4   9   -0.0000000000
3   9   4   10   -0.0065838977
3   9   4   11   -0.0128319712
3   9   5   7   -0.0073925715
3   9   5   8   -0.0000000000
3   9   5   9   0.0000000000
3   9   5   10   0.0047464010
3   9   5   11   0.0310754906
3   9   6   12   -0.0031668305
3   10   1   8   0.0018077991
3   10   1   9   -0.0063270291
3   10   1   10   0.0000000000
3   10   1   11   0.0000000000
3   10   2   7   -0.0016368453
3   10   2   8   0.0000000000
3   10   2   10   -0.0191387580
3   10   2   11   -0.0066691166
3   10   3   7   -0.0128373933
3   10   3   8   -0.0000000000
3   10   3   9   -0.0000000000
3   10   3   10   -0.0100031249
3   10   3   11   -0.0140332857
3   10   4   7   0.0000000000
3   10   4   8   0.0029955001
3   10   4   9   -0.0060110378
3   10   4   10   0.0000000000
3   10   4   11   0.0000000000
3   10   5   7   0.0000000000
3   10   5   8   -0.0040541433
3   10   5   9   0.0039181358
3   10   5   10   -0.0000000000
3   10   5   11   -0.0000000000
3   10   6   12   0.0000000000
3   11   1   8   -0.0059590679
3   11   1   9   -0.0143273185
3   11   1   10   0.0000000000
3   11   1   11   0.0000000000
3   11   2   7   0.0057904336
3   11   2   9   -0.0000000000
3   11   2   10   -0.0065067934
3   11   2   11   -0.0166343925
3   11   3   7   -0.0108402942
3   11   3   8   -0.0000000000
3   11   3   9   -0.0000000000
3   11   3   10   -0.0136441562
3   11   3   11   0.0207114975
3   11   4   7   0.0000000000
3   11   4   8   -0.0061563020
3   11   4   9   -0.0127816602
3   11   4   10   0.0000000000
3   11   4   11   -0.0000000000
3   11   5   7   0.0000000000
3   11   5   8   0.0148785236
3   11   5   9   0.0302093443
3   11   5   10   -0.0000000000
3   11   5   11   -0.0000000000
3   12   2   12   -0.0336261496
3   12   3   12   -0.0152440388
3   12   4   12   0.0000000000
3   12   5   12   0.0000000000
3   12   6   8   0.0003031442
3   12   6   9   -0.0032496797
3   12   6   10   0.0000000000
4   7   1   7   0.0017614716
4   7   1   9   -0.0000000000
4   7   1   10   -0.0077360741
4   7   1   11   0.0019678163
4   7   2   8   0.0091228552
4   7   2   9   0.0019566990
4   7   2   10   -0.0000000000
4   7   3   7   0.0000000000
4   7   3   8   0.0212942396
4   7   3   9   0.0012944359
4   7   3   10   -0.0000000000
4   7   3   11   -0.0000000000
4   7   4   7   0.0098475795
4   7   4   8   -0.0000000000
4   7   4   9   -0.0000000000
4   7   4   10   -0.0007183327
4   7   4   11   -0.0143417522
4   7   5   7   0.0066564861
4   7   5   9   -0.0000000000
4   7   5   10   -0.0033658880
4   7   5   11   -0.0058952597
4   7   6   12   0.0010578107
4   8   1   8   0.0040997209
4   8   1   9   0.0026525101
4   8   1   10   -0.0000000000
4   8   2   7   0.0091479393
4   8   2   10   0.0006716722
4   8   2   11   -0.0028766017
4   8   3   7   0.0212788899
4   8   3   8   0.0000000000
4   8   3   9   0.0000000000
4   8   3   10   0.0022868074
4   8   3   11   -0.0087532998
4   8   4   7   -0.0000000000
4   8   4   8   0.0113541468
4   8   4   9   0.0068084958
4   8   4   10   -0.0000000000
4   8   4   11   0.0000000000
4   8   5   8   0.0024858865
4   8   5   9   0.0020158135
4   8   5   10   -0.0000000000
4   9   1   7   -0.0000000000
4   9   1   8   0.0028687372
4   9   1   9   -0.0063760772
4   9   1   10   -0.0000000000
4   9   1   11   -0.0000000000
4   9   2   7   0.0021846786
4   9   2   9   -0.0000000000
4   9   2   10   -0.0021968707
4   9   2   11   -0.0072363742
4   9   3   7   0.0017634278
4   9   3   8   0.0000000000
4   9   3   9   -0.0000000000
4   9   3   10   -0.0113245939
4   9   3   11   -0.0251599300
4   9   4   7   -0.0000000000
4   9   4   8   0.0069098920
4   9   4   9   0.0173768620
4   9   4   10   0.0000000000
4   9   4   11   0.0000000000
4   9   5   7   -0.0000000000
4   9   5   8   0.0017932449
4   9   5   9   0.0051210035
4   9   5   10   0.0000000000
4   9   5   11   0.0000000000
4   10   1   7   -0.0075395402
4   10   1   8   -0.0000000000
4   10   1   9   -0.0000000000
4   10   1   10   -0.0109654343
4   10   1   11   -0.0089508969
4   10   2   7   -0.0000000000
4   10   2   8   0.0008623586
4   10   2   9   -0.0018751057
4   10   2   10   0.0000000000
4   10   2   11   0.0000000000
4   10   3   7   -0.0000000000
4   10   3   8   0.0028060306
4   10   3   9   -0.0103000322
4   10   3   10   0.0000000000
4   10   3   11   0.0000000000
4   10   4   7   -0.0005819282
4   10   4   8   -0.0000000000
4   10   4   9   0.0000000000
4   10   4   10   0.0123665737
4   10   4   11   0.0003398365
4   10   5   7   -0.0035739705
4   10   5   8   -0.0000000000
4   10   5   9   0.0000000000
4   10   5   10   0.0138158859
4   10   5   11   0.0093625145
4   10   6   12   -0.0000225555
4   11   1   7   0.0019848958
4   11   1   9   -0.0000000000
4   11   1   10   -0.0087572541
4   11   1   11   -0.0052088734
4   11   2   8   -0.0029620934
4   11   2   9   -0.0070433391
4   11   2   10   0.0000000000
4   11   3   7   -0.0000000000
4   11   3   8   -0.0089617854
4   11   3   9   -0.0244179863
4   11   3   10   0.0000000000
4   11   3   11   0.0000000000
4   11   4   7   -0.0142898376
4   11   4   8   0.0000000000
4   11   4   9   0.0000000000
4   11   4   10   0.0005983780
4   11   4   11   0.0294757505
4   11   5   7   -0.0057140589
4   11   5   9   0.0000000000
4   11   5   10   0.0089717571
4   11   5   11   0.0112177647
4   11   6   12   -0.0007267020
4   12   1   12   -0.0155643241
4   12   3   12   0.0000000000
4   12   4   12   0.0329448760
4   12   5   12   0.0292703523
4   12   6   7   0.0011954517
4   12   6   10   -0.0001771225
4   12   6   11   -0.0005439097
5   7   1   12   -0.0043690116
5   7   3   12   0.0000000000
5   7   4   12   0.0085019942
5   7   5   12   -0.0084159521
5   7   6   7   0.0161348298
5   7   6   9   0.0000000000
5   7   6   10   0.0017145189
5   7   6   11   -0.0209142908
5   8   2   12   0.0001004853
5   8   3   12   0.0017585807
5   8   4   12   -0.0000000000
5   8   6   8   0.0148558689
5   8   6   9   0.0111407315
5   8   6   10   -0.0000000000
5   9   1   12   0.0000000000
5   9   2   12   0.0011842386
5   9   3   12   -0.0036446767
5   9   4   12   -0.0000000000
5   9   5   12   0.0000000000
5   9   6   7   0.0000000000
5   9   6   8   0.0111784778
5   9   6   9   0.0265291033
5   9   6   10   -0.0000000000
5   9   6   11   0.0000000000
5   10   1   12   0.0039315914
5   10   2   12   -0.0000000000
5   10   3   12   -0.0000000000
5   10   4   12   -0.0054876094
5   10   5   12   0.0025503950
5   10   6   7   0.0018854214
5   10   6   8   -0.0000000000
5   10   6   9   -0.0000000000
5   10   6   10   0.0233460262
5   10   6   11   0.0070308126
5   11   1   12   -0.0053634373
5   11   3   12   0.0000000000
5   11   4   12   0.0016052932
5   11   5   12   0.0018470264
5   11   6   7   -0.0209112702
5   11   6   9   0.0000000000
5   11   6   10   0.0071296640
5   11   6   11   0.0415453703
5   12   1   7   -0.0041308147
5   12   1   9   0.0000000000
5   12   1   10   0.0039234629
5   12   1   11   -0.0055835829
5   12   2   8   0.0002064740
5   12   2   9   0.0013364481
5   12   2   10   -0.0000000000
5   12   3   7   0.0000000000
5   12   3   8   0.0019122806
5   12   3   9   -0.0031205183
5   12   3   10   -0.0000000000
5   12   3   11   0.0000000000
5   12   4   7   0.0085997944
5   12   4   8   -0.0000000000
5   12   4   9   -0.0000000000
5   12   4   10   -0.0053260553
5   12   4   11   0.0012945137
5   12   5   7   -0.0086668451
5   12   5   9   0.0000000000
5   12   5   10   0.0023464227
5   12   5   11   0.0024100106
5   12   6   12   0.0484946727

End IABC Block
