Number of strings: 792 792, CI size = 627264
String addressing array alpha: 5 12
0 210 336 406 441 456 461 462 462 462 462 462
0 0 84 140 175 195 205 209 210 210 210 210
0 0 0 28 49 64 74 80 83 84 84 84
0 0 0 0 7 13 18 22 25 27 28 28
0 0 0 0 0 1 2 3 4 5 6 7

Alpha strings 792 5
1 2 3 4 5
1 2 3 4 6
1 2 3 4 7
1 2 3 4 8
1 2 3 4 9
1 2 3 4 10
1 2 3 4 11
1 2 3 4 12
1 2 3 5 6
1 2 3 5 7
1 2 3 5 8
1 2 3 5 9
1 2 3 5 10
1 2 3 5 11
1 2 3 5 12
1 2 3 6 7
1 2 3 6 8
1 2 3 6 9
1 2 3 6 10
1 2 3 6 11
1 2 3 6 12
1 2 3 7 8
1 2 3 7 9
1 2 3 7 10
1 2 3 7 11
1 2 3 7 12
1 2 3 8 9
1 2 3 8 10
1 2 3 8 11
1 2 3 8 12
1 2 3 9 10
1 2 3 9 11
1 2 3 9 12
1 2 3 10 11
1 2 3 10 12
1 2 3 11 12
1 2 4 5 6
1 2 4 5 7
1 2 4 5 8
1 2 4 5 9
1 2 4 5 10
1 2 4 5 11
1 2 4 5 12
1 2 4 6 7
1 2 4 6 8
1 2 4 6 9
1 2 4 6 10
1 2 4 6 11
1 2 4 6 12
1 2 4 7 8
1 2 4 7 9
1 2 4 7 10
1 2 4 7 11
1 2 4 7 12
1 2 4 8 9
1 2 4 8 10
1 2 4 8 11
1 2 4 8 12
1 2 4 9 10
1 2 4 9 11
1 2 4 9 12
1 2 4 10 11
1 2 4 10 12
1 2 4 11 12
1 2 5 6 7
1 2 5 6 8
1 2 5 6 9
1 2 5 6 10
1 2 5 6 11
1 2 5 6 12
1 2 5 7 8
1 2 5 7 9
1 2 5 7 10
1 2 5 7 11
1 2 5 7 12
1 2 5 8 9
1 2 5 8 10
1 2 5 8 11
1 2 5 8 12
1 2 5 9 10
1 2 5 9 11
1 2 5 9 12
1 2 5 10 11
1 2 5 10 12
1 2 5 11 12
1 2 6 7 8
1 2 6 7 9
1 2 6 7 10
1 2 6 7 11
1 2 6 7 12
1 2 6 8 9
1 2 6 8 10
1 2 6 8 11
1 2 6 8 12
1 2 6 9 10
1 2 6 9 11
1 2 6 9 12
1 2 6 10 11
1 2 6 10 12
1 2 6 11 12
1 2 7 8 9
1 2 7 8 10
1 2 7 8 11
1 2 7 8 12
1 2 7 9 10
1 2 7 9 11
1 2 7 9 12
1 2 7 10 11
1 2 7 10 12
1 2 7 11 12
1 2 8 9 10
1 2 8 9 11
1 2 8 9 12
1 2 8 10 11
1 2 8 10 12
1 2 8 11 12
1 2 9 10 11
1 2 9 10 12
1 2 9 11 12
1 2 10 11 12
1 3 4 5 6
1 3 4 5 7
1 3 4 5 8
1 3 4 5 9
1 3 4 5 10
1 3 4 5 11
1 3 4 5 12
1 3 4 6 7
1 3 4 6 8
1 3 4 6 9
1 3 4 6 10
1 3 4 6 11
1 3 4 6 12
1 3 4 7 8
1 3 4 7 9
1 3 4 7 10
1 3 4 7 11
1 3 4 7 12
1 3 4 8 9
1 3 4 8 10
1 3 4 8 11
1 3 4 8 12
1 3 4 9 10
1 3 4 9 11
1 3 4 9 12
1 3 4 10 11
1 3 4 10 12
1 3 4 11 12
1 3 5 6 7
1 3 5 6 8
1 3 5 6 9
1 3 5 6 10
1 3 5 6 11
1 3 5 6 12
1 3 5 7 8
1 3 5 7 9
1 3 5 7 10
1 3 5 7 11
1 3 5 7 12
1 3 5 8 9
1 3 5 8 10
1 3 5 8 11
1 3 5 8 12
1 3 5 9 10
1 3 5 9 11
1 3 5 9 12
1 3 5 10 11
1 3 5 10 12
1 3 5 11 12
1 3 6 7 8
1 3 6 7 9
1 3 6 7 10
1 3 6 7 11
1 3 6 7 12
1 3 6 8 9
1 3 6 8 10
1 3 6 8 11
1 3 6 8 12
1 3 6 9 10
1 3 6 9 11
1 3 6 9 12
1 3 6 10 11
1 3 6 10 12
1 3 6 11 12
1 3 7 8 9
1 3 7 8 10
1 3 7 8 11
1 3 7 8 12
1 3 7 9 10
1 3 7 9 11
1 3 7 9 12
1 3 7 10 11
1 3 7 10 12
1 3 7 11 12
1 3 8 9 10
1 3 8 9 11
1 3 8 9 12
1 3 8 10 11
1 3 8 10 12
1 3 8 11 12
1 3 9 10 11
1 3 9 10 12
1 3 9 11 12
1 3 10 11 12
1 4 5 6 7
1 4 5 6 8
1 4 5 6 9
1 4 5 6 10
1 4 5 6 11
1 4 5 6 12
1 4 5 7 8
1 4 5 7 9
1 4 5 7 10
1 4 5 7 11
1 4 5 7 12
1 4 5 8 9
1 4 5 8 10
1 4 5 8 11
1 4 5 8 12
1 4 5 9 10
1 4 5 9 11
1 4 5 9 12
1 4 5 10 11
1 4 5 10 12
1 4 5 11 12
1 4 6 7 8
1 4 6 7 9
1 4 6 7 10
1 4 6 7 11
1 4 6 7 12
1 4 6 8 9
1 4 6 8 10
1 4 6 8 11
1 4 6 8 12
1 4 6 9 10
1 4 6 9 11
1 4 6 9 12
1 4 6 10 11
1 4 6 10 12
1 4 6 11 12
1 4 7 8 9
1 4 7 8 10
1 4 7 8 11
1 4 7 8 12
1 4 7 9 10
1 4 7 9 11
1 4 7 9 12
1 4 7 10 11
1 4 7 10 12
1 4 7 11 12
1 4 8 9 10
1 4 8 9 11
1 4 8 9 12
1 4 8 10 11
1 4 8 10 12
1 4 8 11 12
1 4 9 10 11
1 4 9 10 12
1 4 9 11 12
1 4 10 11 12
1 5 6 7 8
1 5 6 7 9
1 5 6 7 10
1 5 6 7 11
1 5 6 7 12
1 5 6 8 9
1 5 6 8 10
1 5 6 8 11
1 5 6 8 12
1 5 6 9 10
1 5 6 9 11
1 5 6 9 12
1 5 6 10 11
1 5 6 10 12
1 5 6 11 12
1 5 7 8 9
1 5 7 8 10
1 5 7 8 11
1 5 7 8 12
1 5 7 9 10
1 5 7 9 11
1 5 7 9 12
1 5 7 10 11
1 5 7 10 12
1 5 7 11 12
1 5 8 9 10
1 5 8 9 11
1 5 8 9 12
1 5 8 10 11
1 5 8 10 12
1 5 8 11 12
1 5 9 10 11
1 5 9 10 12
1 5 9 11 12
1 5 10 11 12
1 6 7 8 9
1 6 7 8 10
1 6 7 8 11
1 6 7 8 12
1 6 7 9 10
1 6 7 9 11
1 6 7 9 12
1 6 7 10 11
1 6 7 10 12
1 6 7 11 12
1 6 8 9 10
1 6 8 9 11
1 6 8 9 12
1 6 8 10 11
1 6 8 10 12
1 6 8 11 12
1 6 9 10 11
1 6 9 10 12
1 6 9 11 12
1 6 10 11 12
1 7 8 9 10
1 7 8 9 11
1 7 8 9 12
1 7 8 10 11
1 7 8 10 12
1 7 8 11 12
1 7 9 10 11
1 7 9 10 12
1 7 9 11 12
1 7 10 11 12
1 8 9 10 11
1 8 9 10 12
1 8 9 11 12
1 8 10 11 12
1 9 10 11 12
2 3 4 5 6
2 3 4 5 7
2 3 4 5 8
2 3 4 5 9
2 3 4 5 10
2 3 4 5 11
2 3 4 5 12
2 3 4 6 7
2 3 4 6 8
2 3 4 6 9
2 3 4 6 10
2 3 4 6 11
2 3 4 6 12
2 3 4 7 8
2 3 4 7 9
2 3 4 7 10
2 3 4 7 11
2 3 4 7 12
2 3 4 8 9
2 3 4 8 10
2 3 4 8 11
2 3 4 8 12
2 3 4 9 10
2 3 4 9 11
2 3 4 9 12
2 3 4 10 11
2 3 4 10 12
2 3 4 11 12
2 3 5 6 7
2 3 5 6 8
2 3 5 6 9
2 3 5 6 10
2 3 5 6 11
2 3 5 6 12
2 3 5 7 8
2 3 5 7 9
2 3 5 7 10
2 3 5 7 11
2 3 5 7 12
2 3 5 8 9
2 3 5 8 10
2 3 5 8 11
2 3 5 8 12
2 3 5 9 10
2 3 5 9 11
2 3 5 9 12
2 3 5 10 11
2 3 5 10 12
2 3 5 11 12
2 3 6 7 8
2 3 6 7 9
2 3 6 7 10
2 3 6 7 11
2 3 6 7 12
2 3 6 8 9
2 3 6 8 10
2 3 6 8 11
2 3 6 8 12
2 3 6 9 10
2 3 6 9 11
2 3 6 9 12
2 3 6 10 11
2 3 6 10 12
2 3 6 11 12
2 3 7 8 9
2 3 7 8 10
2 3 7 8 11
2 3 7 8 12
2 3 7 9 10
2 3 7 9 11
2 3 7 9 12
2 3 7 10 11
2 3 7 10 12
2 3 7 11 12
2 3 8 9 10
2 3 8 9 11
2 3 8 9 12
2 3 8 10 11
2 3 8 10 12
2 3 8 11 12
2 3 9 10 11
2 3 9 10 12
2 3 9 11 12
2 3 10 11 12
2 4 5 6 7
2 4 5 6 8
2 4 5 6 9
2 4 5 6 10
2 4 5 6 11
2 4 5 6 12
2 4 5 7 8
2 4 5 7 9
2 4 5 7 10
2 4 5 7 11
2 4 5 7 12
2 4 5 8 9
2 4 5 8 10
2 4 5 8 11
2 4 5 8 12
2 4 5 9 10
2 4 5 9 11
2 4 5 9 12
2 4 5 10 11
2 4 5 10 12
2 4 5 11 12
2 4 6 7 8
2 4 6 7 9
2 4 6 7 10
2 4 6 7 11
2 4 6 7 12
2 4 6 8 9
2 4 6 8 10
2 4 6 8 11
2 4 6 8 12
2 4 6 9 10
2 4 6 9 11
2 4 6 9 12
2 4 6 10 11
2 4 6 10 12
2 4 6 11 12
2 4 7 8 9
2 4 7 8 10
2 4 7 8 11
2 4 7 8 12
2 4 7 9 10
2 4 7 9 11
2 4 7 9 12
2 4 7 10 11
2 4 7 10 12
2 4 7 11 12
2 4 8 9 10
2 4 8 9 11
2 4 8 9 12
2 4 8 10 11
2 4 8 10 12
2 4 8 11 12
2 4 9 10 11
2 4 9 10 12
2 4 9 11 12
2 4 10 11 12
2 5 6 7 8
2 5 6 7 9
2 5 6 7 10
2 5 6 7 11
2 5 6 7 12
2 5 6 8 9
2 5 6 8 10
2 5 6 8 11
2 5 6 8 12
2 5 6 9 10
2 5 6 9 11
2 5 6 9 12
2 5 6 10 11
2 5 6 10 12
2 5 6 11 12
2 5 7 8 9
2 5 7 8 10
2 5 7 8 11
2 5 7 8 12
2 5 7 9 10
2 5 7 9 11
2 5 7 9 12
2 5 7 10 11
2 5 7 10 12
2 5 7 11 12
2 5 8 9 10
2 5 8 9 11
2 5 8 9 12
2 5 8 10 11
2 5 8 10 12
2 5 8 11 12
2 5 9 10 11
2 5 9 10 12
2 5 9 11 12
2 5 10 11 12
2 6 7 8 9
2 6 7 8 10
2 6 7 8 11
2 6 7 8 12
2 6 7 9 10
2 6 7 9 11
2 6 7 9 12
2 6 7 10 11
2 6 7 10 12
2 6 7 11 12
2 6 8 9 10
2 6 8 9 11
2 6 8 9 12
2 6 8 10 11
2 6 8 10 12
2 6 8 11 12
2 6 9 10 11
2 6 9 10 12
2 6 9 11 12
2 6 10 11 12
2 7 8 9 10
2 7 8 9 11
2 7 8 9 12
2 7 8 10 11
2 7 8 10 12
2 7 8 11 12
2 7 9 10 11
2 7 9 10 12
2 7 9 11 12
2 7 10 11 12
2 8 9 10 11
2 8 9 10 12
2 8 9 11 12
2 8 10 11 12
2 9 10 11 12
3 4 5 6 7
3 4 5 6 8
3 4 5 6 9
3 4 5 6 10
3 4 5 6 11
3 4 5 6 12
3 4 5 7 8
3 4 5 7 9
3 4 5 7 10
3 4 5 7 11
3 4 5 7 12
3 4 5 8 9
3 4 5 8 10
3 4 5 8 11
3 4 5 8 12
3 4 5 9 10
3 4 5 9 11
3 4 5 9 12
3 4 5 10 11
3 4 5 10 12
3 4 5 11 12
3 4 6 7 8
3 4 6 7 9
3 4 6 7 10
3 4 6 7 11
3 4 6 7 12
3 4 6 8 9
3 4 6 8 10
3 4 6 8 11
3 4 6 8 12
3 4 6 9 10
3 4 6 9 11
3 4 6 9 12
3 4 6 10 11
3 4 6 10 12
3 4 6 11 12
3 4 7 8 9
3 4 7 8 10
3 4 7 8 11
3 4 7 8 12
3 4 7 9 10
3 4 7 9 11
3 4 7 9 12
3 4 7 10 11
3 4 7 10 12
3 4 7 11 12
3 4 8 9 10
3 4 8 9 11
3 4 8 9 12
3 4 8 10 11
3 4 8 10 12
3 4 8 11 12
3 4 9 10 11
3 4 9 10 12
3 4 9 11 12
3 4 10 11 12
3 5 6 7 8
3 5 6 7 9
3 5 6 7 10
3 5 6 7 11
3 5 6 7 12
3 5 6 8 9
3 5 6 8 10
3 5 6 8 11
3 5 6 8 12
3 5 6 9 10
3 5 6 9 11
3 5 6 9 12
3 5 6 10 11
3 5 6 10 12
3 5 6 11 12
3 5 7 8 9
3 5 7 8 10
3 5 7 8 11
3 5 7 8 12
3 5 7 9 10
3 5 7 9 11
3 5 7 9 12
3 5 7 10 11
3 5 7 10 12
3 5 7 11 12
3 5 8 9 10
3 5 8 9 11
3 5 8 9 12
3 5 8 10 11
3 5 8 10 12
3 5 8 11 12
3 5 9 10 11
3 5 9 10 12
3 5 9 11 12
3 5 10 11 12
3 6 7 8 9
3 6 7 8 10
3 6 7 8 11
3 6 7 8 12
3 6 7 9 10
3 6 7 9 11
3 6 7 9 12
3 6 7 10 11
3 6 7 10 12
3 6 7 11 12
3 6 8 9 10
3 6 8 9 11
3 6 8 9 12
3 6 8 10 11
3 6 8 10 12
3 6 8 11 12
3 6 9 10 11
3 6 9 10 12
3 6 9 11 12
3 6 10 11 12
3 7 8 9 10
3 7 8 9 11
3 7 8 9 12
3 7 8 10 11
3 7 8 10 12
3 7 8 11 12
3 7 9 10 11
3 7 9 10 12
3 7 9 11 12
3 7 10 11 12
3 8 9 10 11
3 8 9 10 12
3 8 9 11 12
3 8 10 11 12
3 9 10 11 12
4 5 6 7 8
4 5 6 7 9
4 5 6 7 10
4 5 6 7 11
4 5 6 7 12
4 5 6 8 9
4 5 6 8 10
4 5 6 8 11
4 5 6 8 12
4 5 6 9 10
4 5 6 9 11
4 5 6 9 12
4 5 6 10 11
4 5 6 10 12
4 5 6 11 12
4 5 7 8 9
4 5 7 8 10
4 5 7 8 11
4 5 7 8 12
4 5 7 9 10
4 5 7 9 11
4 5 7 9 12
4 5 7 10 11
4 5 7 10 12
4 5 7 11 12
4 5 8 9 10
4 5 8 9 11
4 5 8 9 12
4 5 8 10 11
4 5 8 10 12
4 5 8 11 12
4 5 9 10 11
4 5 9 10 12
4 5 9 11 12
4 5 10 11 12
4 6 7 8 9
4 6 7 8 10
4 6 7 8 11
4 6 7 8 12
4 6 7 9 10
4 6 7 9 11
4 6 7 9 12
4 6 7 10 11
4 6 7 10 12
4 6 7 11 12
4 6 8 9 10
4 6 8 9 11
4 6 8 9 12
4 6 8 10 11
4 6 8 10 12
4 6 8 11 12
4 6 9 10 11
4 6 9 10 12
4 6 9 11 12
4 6 10 11 12
4 7 8 9 10
4 7 8 9 11
4 7 8 9 12
4 7 8 10 11
4 7 8 10 12
4 7 8 11 12
4 7 9 10 11
4 7 9 10 12
4 7 9 11 12
4 7 10 11 12
4 8 9 10 11
4 8 9 10 12
4 8 9 11 12
4 8 10 11 12
4 9 10 11 12
5 6 7 8 9
5 6 7 8 10
5 6 7 8 11
5 6 7 8 12
5 6 7 9 10
5 6 7 9 11
5 6 7 9 12
5 6 7 10 11
5 6 7 10 12
5 6 7 11 12
5 6 8 9 10
5 6 8 9 11
5 6 8 9 12
5 6 8 10 11
5 6 8 10 12
5 6 8 11 12
5 6 9 10 11
5 6 9 10 12
5 6 9 11 12
5 6 10 11 12
5 7 8 9 10
5 7 8 9 11
5 7 8 9 12
5 7 8 10 11
5 7 8 10 12
5 7 8 11 12
5 7 9 10 11
5 7 9 10 12
5 7 9 11 12
5 7 10 11 12
5 8 9 10 11
5 8 9 10 12
5 8 9 11 12
5 8 10 11 12
5 9 10 11 12
6 7 8 9 10
6 7 8 9 11
6 7 8 9 12
6 7 8 10 11
6 7 8 10 12
6 7 8 11 12
6 7 9 10 11
6 7 9 10 12
6 7 9 11 12
6 7 10 11 12
6 8 9 10 11
6 8 9 10 12
6 8 9 11 12
6 8 10 11 12
6 9 10 11 12
7 8 9 10 11
7 8 9 10 12
7 8 9 11 12
7 8 10 11 12
7 9 10 11 12
8 9 10 11 12

Is hamiltonian hermitian? 1
Implicit Hamiltonian constructed
E(core)= 9.189534427600
H(1,1) + E(core) energy = -76.140022229300
Davidson: iter=0 dim=0 root=0 eigenvalue=-85.329556656900
Davidson: iter=1 dim=1 root=0 eigenvalue=-85.417651159403
Davidson: iter=2 dim=2 root=0 eigenvalue=-85.423385090068
Davidson: iter=3 dim=3 root=0 eigenvalue=-85.423864703663
Davidson: iter=4 dim=4 root=0 eigenvalue=-85.423907309323
Davidson: iter=5 dim=5 root=0 eigenvalue=-85.423909772591
Davidson: iter=6 dim=6 root=0 eigenvalue=-85.423910021495
Davidson: iter=7 dim=7 root=0 eigenvalue=-85.423910049525
Davidson: iter=8 dim=8 root=0 eigenvalue=-85.423910052022
Davidson: iter=9 dim=9 root=0 eigenvalue=-85.423910052328
Davidson: iter=10 dim=10 root=0 eigenvalue=-85.423910052353
Davidson: iter=11 dim=11 root=0 eigenvalue=-85.423910052355
root no. 0 converged
Davidson converged in 11 iterations.
E(core)= 9.189534427600
E(0)= -76.234375624755
FCI Excitation energies = 1
0.000000000000

Vacuum coefficients in CI state 0 = -0.983038284645
Eigenvector 0 in string basis
0: -0.983038284645 seniority 0 ... 5
1 2 3 4 5
 | 5
1 2 3 4 5

4758: 0.050566865463 seniority 0 ... 5
1 2 3 4 11
 | 5
1 2 3 4 11

Seniority vectors for all roots (nroots/seniority)
1 6
0.976206035076 0.004949471861 -0.967466509486 0.166230740994 1.000041354085 0.000000000422

Calculating transition densities
Root 0 MO occupations numbers (density matrix diagonal)
12
1.999982224271 1.991748481574 1.974987752710 1.980376401589 1.984593432930 0.008648936167 0.009283396390 0.009640629153 0.010206189318 0.009591765971 0.014631210899 0.006309579031
Transition densities done:
Trandens between roots 0 0
12 12
1.999982224271 0.000065491123 0.000000000000 0.000048359973 0.000000000000 0.000080727212 0.000000000000 0.000000000000 -0.000060271658 0.000122011065 0.000000000000 0.000000000000
0.000065491123 1.991748481574 0.000000000000 0.006108235613 0.000000000000 0.004797549365 0.000000000000 0.000000000000 0.000879782808 0.007150133382 0.000000000000 0.000000000000
0.000000000000 0.000000000000 1.974987752710 0.000000000000 0.000000000000 0.000000000000 0.006624123634 -0.002558437539 0.000000000000 0.000000000000 0.000000000000 -0.009839716495
0.000048359973 0.006108235613 0.000000000000 1.980376401589 0.000000000000 -0.009694393749 0.000000000000 0.000000000000 0.004515374247 -0.002753603555 0.000000000000 0.000000000000
0.000000000000 0.000000000000 0.000000000000 0.000000000000 1.984593432930 0.000000000000 0.000000000000 0.000000000000 0.000000000000 0.000000000000 -0.001852935357 0.000000000000
0.000080727212 0.004797549365 0.000000000000 -0.009694393749 0.000000000000 0.008648936167 0.000000000000 0.000000000000 -0.008465716774 -0.003753726572 0.000000000000 0.000000000000
0.000000000000 0.000000000000 0.006624123634 0.000000000000 0.000000000000 0.000000000000 0.009283396390 -0.008033055632 0.000000000000 0.000000000000 0.000000000000 0.006848866090
0.000000000000 0.000000000000 -0.002558437539 0.000000000000 0.000000000000 0.000000000000 -0.008033055632 0.009640629153 0.000000000000 0.000000000000 0.000000000000 -0.004810973846
-0.000060271658 0.000879782808 0.000000000000 0.004515374247 0.000000000000 -0.008465716774 0.000000000000 0.000000000000 0.010206189318 0.004105484261 0.000000000000 0.000000000000
0.000122011065 0.007150133382 0.000000000000 -0.002753603555 0.000000000000 -0.003753726572 0.000000000000 0.000000000000 0.004105484261 0.009591765971 0.000000000000 0.000000000000
0.000000000000 0.000000000000 0.000000000000 0.000000000000 -0.001852935357 0.000000000000 0.000000000000 0.000000000000 0.000000000000 0.000000000000 0.014631210899 0.000000000000
0.000000000000 0.000000000000 -0.009839716495 0.000000000000 0.000000000000 0.000000000000 0.006848866090 -0.004810973846 0.000000000000 0.000000000000 0.000000000000 0.006309579031

State 0 :
Natural orbital occupations
12
1.999983391003 1.994425056238 1.984595175789 1.977798556865 1.975062360790 0.021877409651 0.020682084707 0.014629468040 0.006756241707 0.003033087161 0.000908668371 0.000248499682
Natural orbitals (in MO basis)
12 12
-0.999897084659 -0.014324831556 0.000000000000 -0.000782935934 -0.000000000000 0.000000000000 0.000017097408 -0.000000000000 -0.000076878217 -0.000000000000 -0.000009974556 0.000000000000
-0.012826284805 0.917094424548 0.000000000000 -0.398439726541 -0.000000000000 0.000000000000 -0.000446425116 -0.000000000000 -0.003800838371 0.000000000000 -0.002107492945 0.000000000000
0.000000000000 -0.000000000000 -0.000000000000 0.000000000000 0.999981098748 0.000602651047 -0.000000000000 0.000000000000 -0.000000000000 -0.003609026998 0.000000000000 -0.004941040726
-0.006426128531 0.398400847178 0.000000000000 0.917171674103 0.000000000000 -0.000000000000 -0.003866900043 0.000000000000 0.003490291881 -0.000000000000 0.002110689336 0.000000000000
-0.000000000000 0.000000000000 -0.999999557642 0.000000000000 0.000000000000 -0.000000000000 -0.000000000000 0.000940593113 0.000000000000 -0.000000000000 -0.000000000000 -0.000000000000
-0.000040009139 0.000259295551 -0.000000000000 -0.005489317598 0.000000000000 -0.000000000000 -0.601805229748 0.000000000000 0.297984167480 0.000000000000 0.740949188499 0.000000000000
-0.000000000000 -0.000000000000 -0.000000000000 -0.000000000000 0.003357620383 -0.641794190861 0.000000000000 0.000000000000 0.000000000000 -0.192969283253 -0.000000000000 0.742193909085
-0.000000000000 0.000000000000 -0.000000000000 -0.000000000000 -0.001303225706 0.605973444290 -0.000000000000 -0.000000000000 0.000000000000 -0.720754515229 -0.000000000000 0.336611668239
0.000010000883 0.001318272373 -0.000000000000 0.001944610131 -0.000000000000 0.000000000000 0.660541282349 -0.000000000000 -0.335740113859 -0.000000000000 0.671534266295 -0.000000000000
-0.000098383605 0.002752372469 0.000000000000 -0.002716142917 -0.000000000000 0.000000000000 0.448888101043 0.000000000000 0.893564422668 0.000000000000 0.005208898093 0.000000000000
0.000000000000 -0.000000000000 0.000940593113 0.000000000000 -0.000000000000 0.000000000000 0.000000000000 0.999999557642 -0.000000000000 -0.000000000000 -0.000000000000 0.000000000000
-0.000000000000 0.000000000000 0.000000000000 -0.000000000000 -0.004982984622 -0.469995785304 0.000000000000 0.000000000000 0.000000000000 -0.665779813018 0.000000000000 -0.579496654209

