Number of strings: 3003 3003, CI size = 9018009
String addressing array alpha: 5 15
0 715 1210 1540 1750 1876 1946 1981 1996 2001 2002 2002 2002 2002 2002
0 0 220 385 505 589 645 680 700 710 714 715 715 715 715
0 0 0 55 100 136 164 185 200 210 216 219 220 220 220
0 0 0 0 10 19 27 34 40 45 49 52 54 55 55
0 0 0 0 0 1 2 3 4 5 6 7 8 9 10

Alpha strings 3003 5
1 2 3 4 5
1 2 3 4 6
1 2 3 4 7
1 2 3 4 8
1 2 3 4 9
1 2 3 4 10
1 2 3 4 11
1 2 3 4 12
1 2 3 4 13
1 2 3 4 14
1 2 3 4 15
1 2 3 5 6
1 2 3 5 7
1 2 3 5 8
1 2 3 5 9
1 2 3 5 10
1 2 3 5 11
1 2 3 5 12
1 2 3 5 13
1 2 3 5 14
1 2 3 5 15
1 2 3 6 7
1 2 3 6 8
1 2 3 6 9
1 2 3 6 10
1 2 3 6 11
1 2 3 6 12
1 2 3 6 13
1 2 3 6 14
1 2 3 6 15
1 2 3 7 8
1 2 3 7 9
1 2 3 7 10
1 2 3 7 11
1 2 3 7 12
1 2 3 7 13
1 2 3 7 14
1 2 3 7 15
1 2 3 8 9
1 2 3 8 10
1 2 3 8 11
1 2 3 8 12
1 2 3 8 13
1 2 3 8 14
1 2 3 8 15
1 2 3 9 10
1 2 3 9 11
1 2 3 9 12
1 2 3 9 13
1 2 3 9 14
1 2 3 9 15
1 2 3 10 11
1 2 3 10 12
1 2 3 10 13
1 2 3 10 14
1 2 3 10 15
1 2 3 11 12
1 2 3 11 13
1 2 3 11 14
1 2 3 11 15
1 2 3 12 13
1 2 3 12 14
1 2 3 12 15
1 2 3 13 14
1 2 3 13 15
1 2 3 14 15
1 2 4 5 6
1 2 4 5 7
1 2 4 5 8
1 2 4 5 9
1 2 4 5 10
1 2 4 5 11
1 2 4 5 12
1 2 4 5 13
1 2 4 5 14
1 2 4 5 15
1 2 4 6 7
1 2 4 6 8
1 2 4 6 9
1 2 4 6 10
1 2 4 6 11
1 2 4 6 12
1 2 4 6 13
1 2 4 6 14
1 2 4 6 15
1 2 4 7 8
1 2 4 7 9
1 2 4 7 10
1 2 4 7 11
1 2 4 7 12
1 2 4 7 13
1 2 4 7 14
1 2 4 7 15
1 2 4 8 9
1 2 4 8 10
1 2 4 8 11
1 2 4 8 12
1 2 4 8 13
1 2 4 8 14
1 2 4 8 15
1 2 4 9 10
1 2 4 9 11
1 2 4 9 12
1 2 4 9 13
1 2 4 9 14
1 2 4 9 15
1 2 4 10 11
1 2 4 10 12
1 2 4 10 13
1 2 4 10 14
1 2 4 10 15
1 2 4 11 12
1 2 4 11 13
1 2 4 11 14
1 2 4 11 15
1 2 4 12 13
1 2 4 12 14
1 2 4 12 15
1 2 4 13 14
1 2 4 13 15
1 2 4 14 15
1 2 5 6 7
1 2 5 6 8
1 2 5 6 9
1 2 5 6 10
1 2 5 6 11
1 2 5 6 12
1 2 5 6 13
1 2 5 6 14
1 2 5 6 15
1 2 5 7 8
1 2 5 7 9
1 2 5 7 10
1 2 5 7 11
1 2 5 7 12
1 2 5 7 13
1 2 5 7 14
1 2 5 7 15
1 2 5 8 9
1 2 5 8 10
1 2 5 8 11
1 2 5 8 12
1 2 5 8 13
1 2 5 8 14
1 2 5 8 15
1 2 5 9 10
1 2 5 9 11
1 2 5 9 12
1 2 5 9 13
1 2 5 9 14
1 2 5 9 15
1 2 5 10 11
1 2 5 10 12
1 2 5 10 13
1 2 5 10 14
1 2 5 10 15
1 2 5 11 12
1 2 5 11 13
1 2 5 11 14
1 2 5 11 15
1 2 5 12 13
1 2 5 12 14
1 2 5 12 15
1 2 5 13 14
1 2 5 13 15
1 2 5 14 15
1 2 6 7 8
1 2 6 7 9
1 2 6 7 10
1 2 6 7 11
1 2 6 7 12
1 2 6 7 13
1 2 6 7 14
1 2 6 7 15
1 2 6 8 9
1 2 6 8 10
1 2 6 8 11
1 2 6 8 12
1 2 6 8 13
1 2 6 8 14
1 2 6 8 15
1 2 6 9 10
1 2 6 9 11
1 2 6 9 12
1 2 6 9 13
1 2 6 9 14
1 2 6 9 15
1 2 6 10 11
1 2 6 10 12
1 2 6 10 13
1 2 6 10 14
1 2 6 10 15
1 2 6 11 12
1 2 6 11 13
1 2 6 11 14
1 2 6 11 15
1 2 6 12 13
1 2 6 12 14
1 2 6 12 15
1 2 6 13 14
1 2 6 13 15
1 2 6 14 15
1 2 7 8 9
1 2 7 8 10
1 2 7 8 11
1 2 7 8 12
1 2 7 8 13
1 2 7 8 14
1 2 7 8 15
1 2 7 9 10
1 2 7 9 11
1 2 7 9 12
1 2 7 9 13
1 2 7 9 14
1 2 7 9 15
1 2 7 10 11
1 2 7 10 12
1 2 7 10 13
1 2 7 10 14
1 2 7 10 15
1 2 7 11 12
1 2 7 11 13
1 2 7 11 14
1 2 7 11 15
1 2 7 12 13
1 2 7 12 14
1 2 7 12 15
1 2 7 13 14
1 2 7 13 15
1 2 7 14 15
1 2 8 9 10
1 2 8 9 11
1 2 8 9 12
1 2 8 9 13
1 2 8 9 14
1 2 8 9 15
1 2 8 10 11
1 2 8 10 12
1 2 8 10 13
1 2 8 10 14
1 2 8 10 15
1 2 8 11 12
1 2 8 11 13
1 2 8 11 14
1 2 8 11 15
1 2 8 12 13
1 2 8 12 14
1 2 8 12 15
1 2 8 13 14
1 2 8 13 15
1 2 8 14 15
1 2 9 10 11
1 2 9 10 12
1 2 9 10 13
1 2 9 10 14
1 2 9 10 15
1 2 9 11 12
1 2 9 11 13
1 2 9 11 14
1 2 9 11 15
1 2 9 12 13
1 2 9 12 14
1 2 9 12 15
1 2 9 13 14
1 2 9 13 15
1 2 9 14 15
1 2 10 11 12
1 2 10 11 13
1 2 10 11 14
1 2 10 11 15
1 2 10 12 13
1 2 10 12 14
1 2 10 12 15
1 2 10 13 14
1 2 10 13 15
1 2 10 14 15
1 2 11 12 13
1 2 11 12 14
1 2 11 12 15
1 2 11 13 14
1 2 11 13 15
1 2 11 14 15
1 2 12 13 14
1 2 12 13 15
1 2 12 14 15
1 2 13 14 15
1 3 4 5 6
1 3 4 5 7
1 3 4 5 8
1 3 4 5 9
1 3 4 5 10
1 3 4 5 11
1 3 4 5 12
1 3 4 5 13
1 3 4 5 14
1 3 4 5 15
1 3 4 6 7
1 3 4 6 8
1 3 4 6 9
1 3 4 6 10
1 3 4 6 11
1 3 4 6 12
1 3 4 6 13
1 3 4 6 14
1 3 4 6 15
1 3 4 7 8
1 3 4 7 9
1 3 4 7 10
1 3 4 7 11
1 3 4 7 12
1 3 4 7 13
1 3 4 7 14
1 3 4 7 15
1 3 4 8 9
1 3 4 8 10
1 3 4 8 11
1 3 4 8 12
1 3 4 8 13
1 3 4 8 14
1 3 4 8 15
1 3 4 9 10
1 3 4 9 11
1 3 4 9 12
1 3 4 9 13
1 3 4 9 14
1 3 4 9 15
1 3 4 10 11
1 3 4 10 12
1 3 4 10 13
1 3 4 10 14
1 3 4 10 15
1 3 4 11 12
1 3 4 11 13
1 3 4 11 14
1 3 4 11 15
1 3 4 12 13
1 3 4 12 14
1 3 4 12 15
1 3 4 13 14
1 3 4 13 15
1 3 4 14 15
1 3 5 6 7
1 3 5 6 8
1 3 5 6 9
1 3 5 6 10
1 3 5 6 11
1 3 5 6 12
1 3 5 6 13
1 3 5 6 14
1 3 5 6 15
1 3 5 7 8
1 3 5 7 9
1 3 5 7 10
1 3 5 7 11
1 3 5 7 12
1 3 5 7 13
1 3 5 7 14
1 3 5 7 15
1 3 5 8 9
1 3 5 8 10
1 3 5 8 11
1 3 5 8 12
1 3 5 8 13
1 3 5 8 14
1 3 5 8 15
1 3 5 9 10
1 3 5 9 11
1 3 5 9 12
1 3 5 9 13
1 3 5 9 14
1 3 5 9 15
1 3 5 10 11
1 3 5 10 12
1 3 5 10 13
1 3 5 10 14
1 3 5 10 15
1 3 5 11 12
1 3 5 11 13
1 3 5 11 14
1 3 5 11 15
1 3 5 12 13
1 3 5 12 14
1 3 5 12 15
1 3 5 13 14
1 3 5 13 15
1 3 5 14 15
1 3 6 7 8
1 3 6 7 9
1 3 6 7 10
1 3 6 7 11
1 3 6 7 12
1 3 6 7 13
1 3 6 7 14
1 3 6 7 15
1 3 6 8 9
1 3 6 8 10
1 3 6 8 11
1 3 6 8 12
1 3 6 8 13
1 3 6 8 14
1 3 6 8 15
1 3 6 9 10
1 3 6 9 11
1 3 6 9 12
1 3 6 9 13
1 3 6 9 14
1 3 6 9 15
1 3 6 10 11
1 3 6 10 12
1 3 6 10 13
1 3 6 10 14
1 3 6 10 15
1 3 6 11 12
1 3 6 11 13
1 3 6 11 14
1 3 6 11 15
1 3 6 12 13
1 3 6 12 14
1 3 6 12 15
1 3 6 13 14
1 3 6 13 15
1 3 6 14 15
1 3 7 8 9
1 3 7 8 10
1 3 7 8 11
1 3 7 8 12
1 3 7 8 13
1 3 7 8 14
1 3 7 8 15
1 3 7 9 10
1 3 7 9 11
1 3 7 9 12
1 3 7 9 13
1 3 7 9 14
1 3 7 9 15
1 3 7 10 11
1 3 7 10 12
1 3 7 10 13
1 3 7 10 14
1 3 7 10 15
1 3 7 11 12
1 3 7 11 13
1 3 7 11 14
1 3 7 11 15
1 3 7 12 13
1 3 7 12 14
1 3 7 12 15
1 3 7 13 14
1 3 7 13 15
1 3 7 14 15
1 3 8 9 10
1 3 8 9 11
1 3 8 9 12
1 3 8 9 13
1 3 8 9 14
1 3 8 9 15
1 3 8 10 11
1 3 8 10 12
1 3 8 10 13
1 3 8 10 14
1 3 8 10 15
1 3 8 11 12
1 3 8 11 13
1 3 8 11 14
1 3 8 11 15
1 3 8 12 13
1 3 8 12 14
1 3 8 12 15
1 3 8 13 14
1 3 8 13 15
1 3 8 14 15
1 3 9 10 11
1 3 9 10 12
1 3 9 10 13
1 3 9 10 14
1 3 9 10 15
1 3 9 11 12
1 3 9 11 13
1 3 9 11 14
1 3 9 11 15
1 3 9 12 13
1 3 9 12 14
1 3 9 12 15
1 3 9 13 14
1 3 9 13 15
1 3 9 14 15
1 3 10 11 12
1 3 10 11 13
1 3 10 11 14
1 3 10 11 15
1 3 10 12 13
1 3 10 12 14
1 3 10 12 15
1 3 10 13 14
1 3 10 13 15
1 3 10 14 15
1 3 11 12 13
1 3 11 12 14
1 3 11 12 15
1 3 11 13 14
1 3 11 13 15
1 3 11 14 15
1 3 12 13 14
1 3 12 13 15
1 3 12 14 15
1 3 13 14 15
1 4 5 6 7
1 4 5 6 8
1 4 5 6 9
1 4 5 6 10
1 4 5 6 11
1 4 5 6 12
1 4 5 6 13
1 4 5 6 14
1 4 5 6 15
1 4 5 7 8
1 4 5 7 9
1 4 5 7 10
1 4 5 7 11
1 4 5 7 12
1 4 5 7 13
1 4 5 7 14
1 4 5 7 15
1 4 5 8 9
1 4 5 8 10
1 4 5 8 11
1 4 5 8 12
1 4 5 8 13
1 4 5 8 14
1 4 5 8 15
1 4 5 9 10
1 4 5 9 11
1 4 5 9 12
1 4 5 9 13
1 4 5 9 14
1 4 5 9 15
1 4 5 10 11
1 4 5 10 12
1 4 5 10 13
1 4 5 10 14
1 4 5 10 15
1 4 5 11 12
1 4 5 11 13
1 4 5 11 14
1 4 5 11 15
1 4 5 12 13
1 4 5 12 14
1 4 5 12 15
1 4 5 13 14
1 4 5 13 15
1 4 5 14 15
1 4 6 7 8
1 4 6 7 9
1 4 6 7 10
1 4 6 7 11
1 4 6 7 12
1 4 6 7 13
1 4 6 7 14
1 4 6 7 15
1 4 6 8 9
1 4 6 8 10
1 4 6 8 11
1 4 6 8 12
1 4 6 8 13
1 4 6 8 14
1 4 6 8 15
1 4 6 9 10
1 4 6 9 11
1 4 6 9 12
1 4 6 9 13
1 4 6 9 14
1 4 6 9 15
1 4 6 10 11
1 4 6 10 12
1 4 6 10 13
1 4 6 10 14
1 4 6 10 15
1 4 6 11 12
1 4 6 11 13
1 4 6 11 14
1 4 6 11 15
1 4 6 12 13
1 4 6 12 14
1 4 6 12 15
1 4 6 13 14
1 4 6 13 15
1 4 6 14 15
1 4 7 8 9
1 4 7 8 10
1 4 7 8 11
1 4 7 8 12
1 4 7 8 13
1 4 7 8 14
1 4 7 8 15
1 4 7 9 10
1 4 7 9 11
1 4 7 9 12
1 4 7 9 13
1 4 7 9 14
1 4 7 9 15
1 4 7 10 11
1 4 7 10 12
1 4 7 10 13
1 4 7 10 14
1 4 7 10 15
1 4 7 11 12
1 4 7 11 13
1 4 7 11 14
1 4 7 11 15
1 4 7 12 13
1 4 7 12 14
1 4 7 12 15
1 4 7 13 14
1 4 7 13 15
1 4 7 14 15
1 4 8 9 10
1 4 8 9 11
1 4 8 9 12
1 4 8 9 13
1 4 8 9 14
1 4 8 9 15
1 4 8 10 11
1 4 8 10 12
1 4 8 10 13
1 4 8 10 14
1 4 8 10 15
1 4 8 11 12
1 4 8 11 13
1 4 8 11 14
1 4 8 11 15
1 4 8 12 13
1 4 8 12 14
1 4 8 12 15
1 4 8 13 14
1 4 8 13 15
1 4 8 14 15
1 4 9 10 11
1 4 9 10 12
1 4 9 10 13
1 4 9 10 14
1 4 9 10 15
1 4 9 11 12
1 4 9 11 13
1 4 9 11 14
1 4 9 11 15
1 4 9 12 13
1 4 9 12 14
1 4 9 12 15
1 4 9 13 14
1 4 9 13 15
1 4 9 14 15
1 4 10 11 12
1 4 10 11 13
1 4 10 11 14
1 4 10 11 15
1 4 10 12 13
1 4 10 12 14
1 4 10 12 15
1 4 10 13 14
1 4 10 13 15
1 4 10 14 15
1 4 11 12 13
1 4 11 12 14
1 4 11 12 15
1 4 11 13 14
1 4 11 13 15
1 4 11 14 15
1 4 12 13 14
1 4 12 13 15
1 4 12 14 15
1 4 13 14 15
1 5 6 7 8
1 5 6 7 9
1 5 6 7 10
1 5 6 7 11
1 5 6 7 12
1 5 6 7 13
1 5 6 7 14
1 5 6 7 15
1 5 6 8 9
1 5 6 8 10
1 5 6 8 11
1 5 6 8 12
1 5 6 8 13
1 5 6 8 14
1 5 6 8 15
1 5 6 9 10
1 5 6 9 11
1 5 6 9 12
1 5 6 9 13
1 5 6 9 14
1 5 6 9 15
1 5 6 10 11
1 5 6 10 12
1 5 6 10 13
1 5 6 10 14
1 5 6 10 15
1 5 6 11 12
1 5 6 11 13
1 5 6 11 14
1 5 6 11 15
1 5 6 12 13
1 5 6 12 14
1 5 6 12 15
1 5 6 13 14
1 5 6 13 15
1 5 6 14 15
1 5 7 8 9
1 5 7 8 10
1 5 7 8 11
1 5 7 8 12
1 5 7 8 13
1 5 7 8 14
1 5 7 8 15
1 5 7 9 10
1 5 7 9 11
1 5 7 9 12
1 5 7 9 13
1 5 7 9 14
1 5 7 9 15
1 5 7 10 11
1 5 7 10 12
1 5 7 10 13
1 5 7 10 14
1 5 7 10 15
1 5 7 11 12
1 5 7 11 13
1 5 7 11 14
1 5 7 11 15
1 5 7 12 13
1 5 7 12 14
1 5 7 12 15
1 5 7 13 14
1 5 7 13 15
1 5 7 14 15
1 5 8 9 10
1 5 8 9 11
1 5 8 9 12
1 5 8 9 13
1 5 8 9 14
1 5 8 9 15
1 5 8 10 11
1 5 8 10 12
1 5 8 10 13
1 5 8 10 14
1 5 8 10 15
1 5 8 11 12
1 5 8 11 13
1 5 8 11 14
1 5 8 11 15
1 5 8 12 13
1 5 8 12 14
1 5 8 12 15
1 5 8 13 14
1 5 8 13 15
1 5 8 14 15
1 5 9 10 11
1 5 9 10 12
1 5 9 10 13
1 5 9 10 14
1 5 9 10 15
1 5 9 11 12
1 5 9 11 13
1 5 9 11 14
1 5 9 11 15
1 5 9 12 13
1 5 9 12 14
1 5 9 12 15
1 5 9 13 14
1 5 9 13 15
1 5 9 14 15
1 5 10 11 12
1 5 10 11 13
1 5 10 11 14
1 5 10 11 15
1 5 10 12 13
1 5 10 12 14
1 5 10 12 15
1 5 10 13 14
1 5 10 13 15
1 5 10 14 15
1 5 11 12 13
1 5 11 12 14
1 5 11 12 15
1 5 11 13 14
1 5 11 13 15
1 5 11 14 15
1 5 12 13 14
1 5 12 13 15
1 5 12 14 15
1 5 13 14 15
1 6 7 8 9
1 6 7 8 10
1 6 7 8 11
1 6 7 8 12
1 6 7 8 13
1 6 7 8 14
1 6 7 8 15
1 6 7 9 10
1 6 7 9 11
1 6 7 9 12
1 6 7 9 13
1 6 7 9 14
1 6 7 9 15
1 6 7 10 11
1 6 7 10 12
1 6 7 10 13
1 6 7 10 14
1 6 7 10 15
1 6 7 11 12
1 6 7 11 13
1 6 7 11 14
1 6 7 11 15
1 6 7 12 13
1 6 7 12 14
1 6 7 12 15
1 6 7 13 14
1 6 7 13 15
1 6 7 14 15
1 6 8 9 10
1 6 8 9 11
1 6 8 9 12
1 6 8 9 13
1 6 8 9 14
1 6 8 9 15
1 6 8 10 11
1 6 8 10 12
1 6 8 10 13
1 6 8 10 14
1 6 8 10 15
1 6 8 11 12
1 6 8 11 13
1 6 8 11 14
1 6 8 11 15
1 6 8 12 13
1 6 8 12 14
1 6 8 12 15
1 6 8 13 14
1 6 8 13 15
1 6 8 14 15
1 6 9 10 11
1 6 9 10 12
1 6 9 10 13
1 6 9 10 14
1 6 9 10 15
1 6 9 11 12
1 6 9 11 13
1 6 9 11 14
1 6 9 11 15
1 6 9 12 13
1 6 9 12 14
1 6 9 12 15
1 6 9 13 14
1 6 9 13 15
1 6 9 14 15
1 6 10 11 12
1 6 10 11 13
1 6 10 11 14
1 6 10 11 15
1 6 10 12 13
1 6 10 12 14
1 6 10 12 15
1 6 10 13 14
1 6 10 13 15
1 6 10 14 15
1 6 11 12 13
1 6 11 12 14
1 6 11 12 15
1 6 11 13 14
1 6 11 13 15
1 6 11 14 15
1 6 12 13 14
1 6 12 13 15
1 6 12 14 15
1 6 13 14 15
1 7 8 9 10
1 7 8 9 11
1 7 8 9 12
1 7 8 9 13
1 7 8 9 14
1 7 8 9 15
1 7 8 10 11
1 7 8 10 12
1 7 8 10 13
1 7 8 10 14
1 7 8 10 15
1 7 8 11 12
1 7 8 11 13
1 7 8 11 14
1 7 8 11 15
1 7 8 12 13
1 7 8 12 14
1 7 8 12 15
1 7 8 13 14
1 7 8 13 15
1 7 8 14 15
1 7 9 10 11
1 7 9 10 12
1 7 9 10 13
1 7 9 10 14
1 7 9 10 15
1 7 9 11 12
1 7 9 11 13
1 7 9 11 14
1 7 9 11 15
1 7 9 12 13
1 7 9 12 14
1 7 9 12 15
1 7 9 13 14
1 7 9 13 15
1 7 9 14 15
1 7 10 11 12
1 7 10 11 13
1 7 10 11 14
1 7 10 11 15
1 7 10 12 13
1 7 10 12 14
1 7 10 12 15
1 7 10 13 14
1 7 10 13 15
1 7 10 14 15
1 7 11 12 13
1 7 11 12 14
1 7 11 12 15
1 7 11 13 14
1 7 11 13 15
1 7 11 14 15
1 7 12 13 14
1 7 12 13 15
1 7 12 14 15
1 7 13 14 15
1 8 9 10 11
1 8 9 10 12
1 8 9 10 13
1 8 9 10 14
1 8 9 10 15
1 8 9 11 12
1 8 9 11 13
1 8 9 11 14
1 8 9 11 15
1 8 9 12 13
1 8 9 12 14
1 8 9 12 15
1 8 9 13 14
1 8 9 13 15
1 8 9 14 15
1 8 10 11 12
1 8 10 11 13
1 8 10 11 14
1 8 10 11 15
1 8 10 12 13
1 8 10 12 14
1 8 10 12 15
1 8 10 13 14
1 8 10 13 15
1 8 10 14 15
1 8 11 12 13
1 8 11 12 14
1 8 11 12 15
1 8 11 13 14
1 8 11 13 15
1 8 11 14 15
1 8 12 13 14
1 8 12 13 15
1 8 12 14 15
1 8 13 14 15
1 9 10 11 12
1 9 10 11 13
1 9 10 11 14
1 9 10 11 15
1 9 10 12 13
1 9 10 12 14
1 9 10 12 15
1 9 10 13 14
1 9 10 13 15
1 9 10 14 15
1 9 11 12 13
1 9 11 12 14
1 9 11 12 15
1 9 11 13 14
1 9 11 13 15
1 9 11 14 15
1 9 12 13 14
1 9 12 13 15
1 9 12 14 15
1 9 13 14 15
1 10 11 12 13
1 10 11 12 14
1 10 11 12 15
1 10 11 13 14
1 10 11 13 15
1 10 11 14 15
1 10 12 13 14
1 10 12 13 15
1 10 12 14 15
1 10 13 14 15
1 11 12 13 14
1 11 12 13 15
1 11 12 14 15
1 11 13 14 15
1 12 13 14 15
2 3 4 5 6
2 3 4 5 7
2 3 4 5 8
2 3 4 5 9
2 3 4 5 10
2 3 4 5 11
2 3 4 5 12
2 3 4 5 13
2 3 4 5 14
2 3 4 5 15
2 3 4 6 7
2 3 4 6 8
2 3 4 6 9
2 3 4 6 10
2 3 4 6 11
2 3 4 6 12
2 3 4 6 13
2 3 4 6 14
2 3 4 6 15
2 3 4 7 8
2 3 4 7 9
2 3 4 7 10
2 3 4 7 11
2 3 4 7 12
2 3 4 7 13
2 3 4 7 14
2 3 4 7 15
2 3 4 8 9
2 3 4 8 10
2 3 4 8 11
2 3 4 8 12
2 3 4 8 13
2 3 4 8 14
2 3 4 8 15
2 3 4 9 10
2 3 4 9 11
2 3 4 9 12
2 3 4 9 13
2 3 4 9 14
2 3 4 9 15
2 3 4 10 11
2 3 4 10 12
2 3 4 10 13
2 3 4 10 14
2 3 4 10 15
2 3 4 11 12
2 3 4 11 13
2 3 4 11 14
2 3 4 11 15
2 3 4 12 13
2 3 4 12 14
2 3 4 12 15
2 3 4 13 14
2 3 4 13 15
2 3 4 14 15
2 3 5 6 7
2 3 5 6 8
2 3 5 6 9
2 3 5 6 10
2 3 5 6 11
2 3 5 6 12
2 3 5 6 13
2 3 5 6 14
2 3 5 6 15
2 3 5 7 8
2 3 5 7 9
2 3 5 7 10
2 3 5 7 11
2 3 5 7 12
2 3 5 7 13
2 3 5 7 14
2 3 5 7 15
2 3 5 8 9
2 3 5 8 10
2 3 5 8 11
2 3 5 8 12
2 3 5 8 13
2 3 5 8 14
2 3 5 8 15
2 3 5 9 10
2 3 5 9 11
2 3 5 9 12
2 3 5 9 13
2 3 5 9 14
2 3 5 9 15
2 3 5 10 11
2 3 5 10 12
2 3 5 10 13
2 3 5 10 14
2 3 5 10 15
2 3 5 11 12
2 3 5 11 13
2 3 5 11 14
2 3 5 11 15
2 3 5 12 13
2 3 5 12 14
2 3 5 12 15
2 3 5 13 14
2 3 5 13 15
2 3 5 14 15
2 3 6 7 8
2 3 6 7 9
2 3 6 7 10
2 3 6 7 11
2 3 6 7 12
2 3 6 7 13
2 3 6 7 14
2 3 6 7 15
2 3 6 8 9
2 3 6 8 10
2 3 6 8 11
2 3 6 8 12
2 3 6 8 13
2 3 6 8 14
2 3 6 8 15
2 3 6 9 10
2 3 6 9 11
2 3 6 9 12
2 3 6 9 13
2 3 6 9 14
2 3 6 9 15
2 3 6 10 11
2 3 6 10 12
2 3 6 10 13
2 3 6 10 14
2 3 6 10 15
2 3 6 11 12
2 3 6 11 13
2 3 6 11 14
2 3 6 11 15
2 3 6 12 13
2 3 6 12 14
2 3 6 12 15
2 3 6 13 14
2 3 6 13 15
2 3 6 14 15
2 3 7 8 9
2 3 7 8 10
2 3 7 8 11
2 3 7 8 12
2 3 7 8 13
2 3 7 8 14
2 3 7 8 15
2 3 7 9 10
2 3 7 9 11
2 3 7 9 12
2 3 7 9 13
2 3 7 9 14
2 3 7 9 15
2 3 7 10 11
2 3 7 10 12
2 3 7 10 13
2 3 7 10 14
2 3 7 10 15
2 3 7 11 12
2 3 7 11 13
2 3 7 11 14
2 3 7 11 15
2 3 7 12 13
2 3 7 12 14
2 3 7 12 15
2 3 7 13 14
2 3 7 13 15
2 3 7 14 15
2 3 8 9 10
2 3 8 9 11
2 3 8 9 12
2 3 8 9 13
2 3 8 9 14
2 3 8 9 15
2 3 8 10 11
2 3 8 10 12
2 3 8 10 13
2 3 8 10 14
2 3 8 10 15
2 3 8 11 12
2 3 8 11 13
2 3 8 11 14
2 3 8 11 15
2 3 8 12 13
2 3 8 12 14
2 3 8 12 15
2 3 8 13 14
2 3 8 13 15
2 3 8 14 15
2 3 9 10 11
2 3 9 10 12
2 3 9 10 13
2 3 9 10 14
2 3 9 10 15
2 3 9 11 12
2 3 9 11 13
2 3 9 11 14
2 3 9 11 15
2 3 9 12 13
2 3 9 12 14
2 3 9 12 15
2 3 9 13 14
2 3 9 13 15
2 3 9 14 15
2 3 10 11 12
2 3 10 11 13
2 3 10 11 14
2 3 10 11 15
2 3 10 12 13
2 3 10 12 14
2 3 10 12 15
2 3 10 13 14
2 3 10 13 15
2 3 10 14 15
2 3 11 12 13
2 3 11 12 14
2 3 11 12 15
2 3 11 13 14
2 3 11 13 15
2 3 11 14 15
2 3 12 13 14
2 3 12 13 15
2 3 12 14 15
2 3 13 14 15
2 4 5 6 7
2 4 5 6 8
2 4 5 6 9
2 4 5 6 10
2 4 5 6 11
2 4 5 6 12
2 4 5 6 13
2 4 5 6 14
2 4 5 6 15
2 4 5 7 8
2 4 5 7 9
2 4 5 7 10
2 4 5 7 11
2 4 5 7 12
2 4 5 7 13
2 4 5 7 14
2 4 5 7 15
2 4 5 8 9
2 4 5 8 10
2 4 5 8 11
2 4 5 8 12
2 4 5 8 13
2 4 5 8 14
2 4 5 8 15
2 4 5 9 10
2 4 5 9 11
2 4 5 9 12
2 4 5 9 13
2 4 5 9 14
2 4 5 9 15
2 4 5 10 11
2 4 5 10 12
2 4 5 10 13
2 4 5 10 14
2 4 5 10 15
2 4 5 11 12
2 4 5 11 13
2 4 5 11 14
2 4 5 11 15
2 4 5 12 13
2 4 5 12 14
2 4 5 12 15
2 4 5 13 14
2 4 5 13 15
2 4 5 14 15
2 4 6 7 8
2 4 6 7 9
2 4 6 7 10
2 4 6 7 11
2 4 6 7 12
2 4 6 7 13
2 4 6 7 14
2 4 6 7 15
2 4 6 8 9
2 4 6 8 10
2 4 6 8 11
2 4 6 8 12
2 4 6 8 13
2 4 6 8 14
2 4 6 8 15
2 4 6 9 10
2 4 6 9 11
2 4 6 9 12
2 4 6 9 13
2 4 6 9 14
2 4 6 9 15
2 4 6 10 11
2 4 6 10 12
2 4 6 10 13
2 4 6 10 14
2 4 6 10 15
2 4 6 11 12
2 4 6 11 13
2 4 6 11 14
2 4 6 11 15
2 4 6 12 13
2 4 6 12 14
2 4 6 12 15
2 4 6 13 14
2 4 6 13 15
2 4 6 14 15
2 4 7 8 9
2 4 7 8 10
2 4 7 8 11
2 4 7 8 12
2 4 7 8 13
2 4 7 8 14
2 4 7 8 15
2 4 7 9 10
2 4 7 9 11
2 4 7 9 12
2 4 7 9 13
2 4 7 9 14
2 4 7 9 15
2 4 7 10 11
2 4 7 10 12
2 4 7 10 13
2 4 7 10 14
2 4 7 10 15
2 4 7 11 12
2 4 7 11 13
2 4 7 11 14
2 4 7 11 15
2 4 7 12 13
2 4 7 12 14
2 4 7 12 15
2 4 7 13 14
2 4 7 13 15
2 4 7 14 15
2 4 8 9 10
2 4 8 9 11
2 4 8 9 12
2 4 8 9 13
2 4 8 9 14
2 4 8 9 15
2 4 8 10 11
2 4 8 10 12
2 4 8 10 13
2 4 8 10 14
2 4 8 10 15
2 4 8 11 12
2 4 8 11 13
2 4 8 11 14
2 4 8 11 15
2 4 8 12 13
2 4 8 12 14
2 4 8 12 15
2 4 8 13 14
2 4 8 13 15
2 4 8 14 15
2 4 9 10 11
2 4 9 10 12
2 4 9 10 13
2 4 9 10 14
2 4 9 10 15
2 4 9 11 12
2 4 9 11 13
2 4 9 11 14
2 4 9 11 15
2 4 9 12 13
2 4 9 12 14
2 4 9 12 15
2 4 9 13 14
2 4 9 13 15
2 4 9 14 15
2 4 10 11 12
2 4 10 11 13
2 4 10 11 14
2 4 10 11 15
2 4 10 12 13
2 4 10 12 14
2 4 10 12 15
2 4 10 13 14
2 4 10 13 15
2 4 10 14 15
2 4 11 12 13
2 4 11 12 14
2 4 11 12 15
2 4 11 13 14
2 4 11 13 15
2 4 11 14 15
2 4 12 13 14
2 4 12 13 15
2 4 12 14 15
2 4 13 14 15
2 5 6 7 8
2 5 6 7 9
2 5 6 7 10
2 5 6 7 11
2 5 6 7 12
2 5 6 7 13
2 5 6 7 14
2 5 6 7 15
2 5 6 8 9
2 5 6 8 10
2 5 6 8 11
2 5 6 8 12
2 5 6 8 13
2 5 6 8 14
2 5 6 8 15
2 5 6 9 10
2 5 6 9 11
2 5 6 9 12
2 5 6 9 13
2 5 6 9 14
2 5 6 9 15
2 5 6 10 11
2 5 6 10 12
2 5 6 10 13
2 5 6 10 14
2 5 6 10 15
2 5 6 11 12
2 5 6 11 13
2 5 6 11 14
2 5 6 11 15
2 5 6 12 13
2 5 6 12 14
2 5 6 12 15
2 5 6 13 14
2 5 6 13 15
2 5 6 14 15
2 5 7 8 9
2 5 7 8 10
2 5 7 8 11
2 5 7 8 12
2 5 7 8 13
2 5 7 8 14
2 5 7 8 15
2 5 7 9 10
2 5 7 9 11
2 5 7 9 12
2 5 7 9 13
2 5 7 9 14
2 5 7 9 15
2 5 7 10 11
2 5 7 10 12
2 5 7 10 13
2 5 7 10 14
2 5 7 10 15
2 5 7 11 12
2 5 7 11 13
2 5 7 11 14
2 5 7 11 15
2 5 7 12 13
2 5 7 12 14
2 5 7 12 15
2 5 7 13 14
2 5 7 13 15
2 5 7 14 15
2 5 8 9 10
2 5 8 9 11
2 5 8 9 12
2 5 8 9 13
2 5 8 9 14
2 5 8 9 15
2 5 8 10 11
2 5 8 10 12
2 5 8 10 13
2 5 8 10 14
2 5 8 10 15
2 5 8 11 12
2 5 8 11 13
2 5 8 11 14
2 5 8 11 15
2 5 8 12 13
2 5 8 12 14
2 5 8 12 15
2 5 8 13 14
2 5 8 13 15
2 5 8 14 15
2 5 9 10 11
2 5 9 10 12
2 5 9 10 13
2 5 9 10 14
2 5 9 10 15
2 5 9 11 12
2 5 9 11 13
2 5 9 11 14
2 5 9 11 15
2 5 9 12 13
2 5 9 12 14
2 5 9 12 15
2 5 9 13 14
2 5 9 13 15
2 5 9 14 15
2 5 10 11 12
2 5 10 11 13
2 5 10 11 14
2 5 10 11 15
2 5 10 12 13
2 5 10 12 14
2 5 10 12 15
2 5 10 13 14
2 5 10 13 15
2 5 10 14 15
2 5 11 12 13
2 5 11 12 14
2 5 11 12 15
2 5 11 13 14
2 5 11 13 15
2 5 11 14 15
2 5 12 13 14
2 5 12 13 15
2 5 12 14 15
2 5 13 14 15
2 6 7 8 9
2 6 7 8 10
2 6 7 8 11
2 6 7 8 12
2 6 7 8 13
2 6 7 8 14
2 6 7 8 15
2 6 7 9 10
2 6 7 9 11
2 6 7 9 12
2 6 7 9 13
2 6 7 9 14
2 6 7 9 15
2 6 7 10 11
2 6 7 10 12
2 6 7 10 13
2 6 7 10 14
2 6 7 10 15
2 6 7 11 12
2 6 7 11 13
2 6 7 11 14
2 6 7 11 15
2 6 7 12 13
2 6 7 12 14
2 6 7 12 15
2 6 7 13 14
2 6 7 13 15
2 6 7 14 15
2 6 8 9 10
2 6 8 9 11
2 6 8 9 12
2 6 8 9 13
2 6 8 9 14
2 6 8 9 15
2 6 8 10 11
2 6 8 10 12
2 6 8 10 13
2 6 8 10 14
2 6 8 10 15
2 6 8 11 12
2 6 8 11 13
2 6 8 11 14
2 6 8 11 15
2 6 8 12 13
2 6 8 12 14
2 6 8 12 15
2 6 8 13 14
2 6 8 13 15
2 6 8 14 15
2 6 9 10 11
2 6 9 10 12
2 6 9 10 13
2 6 9 10 14
2 6 9 10 15
2 6 9 11 12
2 6 9 11 13
2 6 9 11 14
2 6 9 11 15
2 6 9 12 13
2 6 9 12 14
2 6 9 12 15
2 6 9 13 14
2 6 9 13 15
2 6 9 14 15
2 6 10 11 12
2 6 10 11 13
2 6 10 11 14
2 6 10 11 15
2 6 10 12 13
2 6 10 12 14
2 6 10 12 15
2 6 10 13 14
2 6 10 13 15
2 6 10 14 15
2 6 11 12 13
2 6 11 12 14
2 6 11 12 15
2 6 11 13 14
2 6 11 13 15
2 6 11 14 15
2 6 12 13 14
2 6 12 13 15
2 6 12 14 15
2 6 13 14 15
2 7 8 9 10
2 7 8 9 11
2 7 8 9 12
2 7 8 9 13
2 7 8 9 14
2 7 8 9 15
2 7 8 10 11
2 7 8 10 12
2 7 8 10 13
2 7 8 10 14
2 7 8 10 15
2 7 8 11 12
2 7 8 11 13
2 7 8 11 14
2 7 8 11 15
2 7 8 12 13
2 7 8 12 14
2 7 8 12 15
2 7 8 13 14
2 7 8 13 15
2 7 8 14 15
2 7 9 10 11
2 7 9 10 12
2 7 9 10 13
2 7 9 10 14
2 7 9 10 15
2 7 9 11 12
2 7 9 11 13
2 7 9 11 14
2 7 9 11 15
2 7 9 12 13
2 7 9 12 14
2 7 9 12 15
2 7 9 13 14
2 7 9 13 15
2 7 9 14 15
2 7 10 11 12
2 7 10 11 13
2 7 10 11 14
2 7 10 11 15
2 7 10 12 13
2 7 10 12 14
2 7 10 12 15
2 7 10 13 14
2 7 10 13 15
2 7 10 14 15
2 7 11 12 13
2 7 11 12 14
2 7 11 12 15
2 7 11 13 14
2 7 11 13 15
2 7 11 14 15
2 7 12 13 14
2 7 12 13 15
2 7 12 14 15
2 7 13 14 15
2 8 9 10 11
2 8 9 10 12
2 8 9 10 13
2 8 9 10 14
2 8 9 10 15
2 8 9 11 12
2 8 9 11 13
2 8 9 11 14
2 8 9 11 15
2 8 9 12 13
2 8 9 12 14
2 8 9 12 15
2 8 9 13 14
2 8 9 13 15
2 8 9 14 15
2 8 10 11 12
2 8 10 11 13
2 8 10 11 14
2 8 10 11 15
2 8 10 12 13
2 8 10 12 14
2 8 10 12 15
2 8 10 13 14
2 8 10 13 15
2 8 10 14 15
2 8 11 12 13
2 8 11 12 14
2 8 11 12 15
2 8 11 13 14
2 8 11 13 15
2 8 11 14 15
2 8 12 13 14
2 8 12 13 15
2 8 12 14 15
2 8 13 14 15
2 9 10 11 12
2 9 10 11 13
2 9 10 11 14
2 9 10 11 15
2 9 10 12 13
2 9 10 12 14
2 9 10 12 15
2 9 10 13 14
2 9 10 13 15
2 9 10 14 15
2 9 11 12 13
2 9 11 12 14
2 9 11 12 15
2 9 11 13 14
2 9 11 13 15
2 9 11 14 15
2 9 12 13 14
2 9 12 13 15
2 9 12 14 15
2 9 13 14 15
2 10 11 12 13
2 10 11 12 14
2 10 11 12 15
2 10 11 13 14
2 10 11 13 15
2 10 11 14 15
2 10 12 13 14
2 10 12 13 15
2 10 12 14 15
2 10 13 14 15
2 11 12 13 14
2 11 12 13 15
2 11 12 14 15
2 11 13 14 15
2 12 13 14 15
3 4 5 6 7
3 4 5 6 8
3 4 5 6 9
3 4 5 6 10
3 4 5 6 11
3 4 5 6 12
3 4 5 6 13
3 4 5 6 14
3 4 5 6 15
3 4 5 7 8
3 4 5 7 9
3 4 5 7 10
3 4 5 7 11
3 4 5 7 12
3 4 5 7 13
3 4 5 7 14
3 4 5 7 15
3 4 5 8 9
3 4 5 8 10
3 4 5 8 11
3 4 5 8 12
3 4 5 8 13
3 4 5 8 14
3 4 5 8 15
3 4 5 9 10
3 4 5 9 11
3 4 5 9 12
3 4 5 9 13
3 4 5 9 14
3 4 5 9 15
3 4 5 10 11
3 4 5 10 12
3 4 5 10 13
3 4 5 10 14
3 4 5 10 15
3 4 5 11 12
3 4 5 11 13
3 4 5 11 14
3 4 5 11 15
3 4 5 12 13
3 4 5 12 14
3 4 5 12 15
3 4 5 13 14
3 4 5 13 15
3 4 5 14 15
3 4 6 7 8
3 4 6 7 9
3 4 6 7 10
3 4 6 7 11
3 4 6 7 12
3 4 6 7 13
3 4 6 7 14
3 4 6 7 15
3 4 6 8 9
3 4 6 8 10
3 4 6 8 11
3 4 6 8 12
3 4 6 8 13
3 4 6 8 14
3 4 6 8 15
3 4 6 9 10
3 4 6 9 11
3 4 6 9 12
3 4 6 9 13
3 4 6 9 14
3 4 6 9 15
3 4 6 10 11
3 4 6 10 12
3 4 6 10 13
3 4 6 10 14
3 4 6 10 15
3 4 6 11 12
3 4 6 11 13
3 4 6 11 14
3 4 6 11 15
3 4 6 12 13
3 4 6 12 14
3 4 6 12 15
3 4 6 13 14
3 4 6 13 15
3 4 6 14 15
3 4 7 8 9
3 4 7 8 10
3 4 7 8 11
3 4 7 8 12
3 4 7 8 13
3 4 7 8 14
3 4 7 8 15
3 4 7 9 10
3 4 7 9 11
3 4 7 9 12
3 4 7 9 13
3 4 7 9 14
3 4 7 9 15
3 4 7 10 11
3 4 7 10 12
3 4 7 10 13
3 4 7 10 14
3 4 7 10 15
3 4 7 11 12
3 4 7 11 13
3 4 7 11 14
3 4 7 11 15
3 4 7 12 13
3 4 7 12 14
3 4 7 12 15
3 4 7 13 14
3 4 7 13 15
3 4 7 14 15
3 4 8 9 10
3 4 8 9 11
3 4 8 9 12
3 4 8 9 13
3 4 8 9 14
3 4 8 9 15
3 4 8 10 11
3 4 8 10 12
3 4 8 10 13
3 4 8 10 14
3 4 8 10 15
3 4 8 11 12
3 4 8 11 13
3 4 8 11 14
3 4 8 11 15
3 4 8 12 13
3 4 8 12 14
3 4 8 12 15
3 4 8 13 14
3 4 8 13 15
3 4 8 14 15
3 4 9 10 11
3 4 9 10 12
3 4 9 10 13
3 4 9 10 14
3 4 9 10 15
3 4 9 11 12
3 4 9 11 13
3 4 9 11 14
3 4 9 11 15
3 4 9 12 13
3 4 9 12 14
3 4 9 12 15
3 4 9 13 14
3 4 9 13 15
3 4 9 14 15
3 4 10 11 12
3 4 10 11 13
3 4 10 11 14
3 4 10 11 15
3 4 10 12 13
3 4 10 12 14
3 4 10 12 15
3 4 10 13 14
3 4 10 13 15
3 4 10 14 15
3 4 11 12 13
3 4 11 12 14
3 4 11 12 15
3 4 11 13 14
3 4 11 13 15
3 4 11 14 15
3 4 12 13 14
3 4 12 13 15
3 4 12 14 15
3 4 13 14 15
3 5 6 7 8
3 5 6 7 9
3 5 6 7 10
3 5 6 7 11
3 5 6 7 12
3 5 6 7 13
3 5 6 7 14
3 5 6 7 15
3 5 6 8 9
3 5 6 8 10
3 5 6 8 11
3 5 6 8 12
3 5 6 8 13
3 5 6 8 14
3 5 6 8 15
3 5 6 9 10
3 5 6 9 11
3 5 6 9 12
3 5 6 9 13
3 5 6 9 14
3 5 6 9 15
3 5 6 10 11
3 5 6 10 12
3 5 6 10 13
3 5 6 10 14
3 5 6 10 15
3 5 6 11 12
3 5 6 11 13
3 5 6 11 14
3 5 6 11 15
3 5 6 12 13
3 5 6 12 14
3 5 6 12 15
3 5 6 13 14
3 5 6 13 15
3 5 6 14 15
3 5 7 8 9
3 5 7 8 10
3 5 7 8 11
3 5 7 8 12
3 5 7 8 13
3 5 7 8 14
3 5 7 8 15
3 5 7 9 10
3 5 7 9 11
3 5 7 9 12
3 5 7 9 13
3 5 7 9 14
3 5 7 9 15
3 5 7 10 11
3 5 7 10 12
3 5 7 10 13
3 5 7 10 14
3 5 7 10 15
3 5 7 11 12
3 5 7 11 13
3 5 7 11 14
3 5 7 11 15
3 5 7 12 13
3 5 7 12 14
3 5 7 12 15
3 5 7 13 14
3 5 7 13 15
3 5 7 14 15
3 5 8 9 10
3 5 8 9 11
3 5 8 9 12
3 5 8 9 13
3 5 8 9 14
3 5 8 9 15
3 5 8 10 11
3 5 8 10 12
3 5 8 10 13
3 5 8 10 14
3 5 8 10 15
3 5 8 11 12
3 5 8 11 13
3 5 8 11 14
3 5 8 11 15
3 5 8 12 13
3 5 8 12 14
3 5 8 12 15
3 5 8 13 14
3 5 8 13 15
3 5 8 14 15
3 5 9 10 11
3 5 9 10 12
3 5 9 10 13
3 5 9 10 14
3 5 9 10 15
3 5 9 11 12
3 5 9 11 13
3 5 9 11 14
3 5 9 11 15
3 5 9 12 13
3 5 9 12 14
3 5 9 12 15
3 5 9 13 14
3 5 9 13 15
3 5 9 14 15
3 5 10 11 12
3 5 10 11 13
3 5 10 11 14
3 5 10 11 15
3 5 10 12 13
3 5 10 12 14
3 5 10 12 15
3 5 10 13 14
3 5 10 13 15
3 5 10 14 15
3 5 11 12 13
3 5 11 12 14
3 5 11 12 15
3 5 11 13 14
3 5 11 13 15
3 5 11 14 15
3 5 12 13 14
3 5 12 13 15
3 5 12 14 15
3 5 13 14 15
3 6 7 8 9
3 6 7 8 10
3 6 7 8 11
3 6 7 8 12
3 6 7 8 13
3 6 7 8 14
3 6 7 8 15
3 6 7 9 10
3 6 7 9 11
3 6 7 9 12
3 6 7 9 13
3 6 7 9 14
3 6 7 9 15
3 6 7 10 11
3 6 7 10 12
3 6 7 10 13
3 6 7 10 14
3 6 7 10 15
3 6 7 11 12
3 6 7 11 13
3 6 7 11 14
3 6 7 11 15
3 6 7 12 13
3 6 7 12 14
3 6 7 12 15
3 6 7 13 14
3 6 7 13 15
3 6 7 14 15
3 6 8 9 10
3 6 8 9 11
3 6 8 9 12
3 6 8 9 13
3 6 8 9 14
3 6 8 9 15
3 6 8 10 11
3 6 8 10 12
3 6 8 10 13
3 6 8 10 14
3 6 8 10 15
3 6 8 11 12
3 6 8 11 13
3 6 8 11 14
3 6 8 11 15
3 6 8 12 13
3 6 8 12 14
3 6 8 12 15
3 6 8 13 14
3 6 8 13 15
3 6 8 14 15
3 6 9 10 11
3 6 9 10 12
3 6 9 10 13
3 6 9 10 14
3 6 9 10 15
3 6 9 11 12
3 6 9 11 13
3 6 9 11 14
3 6 9 11 15
3 6 9 12 13
3 6 9 12 14
3 6 9 12 15
3 6 9 13 14
3 6 9 13 15
3 6 9 14 15
3 6 10 11 12
3 6 10 11 13
3 6 10 11 14
3 6 10 11 15
3 6 10 12 13
3 6 10 12 14
3 6 10 12 15
3 6 10 13 14
3 6 10 13 15
3 6 10 14 15
3 6 11 12 13
3 6 11 12 14
3 6 11 12 15
3 6 11 13 14
3 6 11 13 15
3 6 11 14 15
3 6 12 13 14
3 6 12 13 15
3 6 12 14 15
3 6 13 14 15
3 7 8 9 10
3 7 8 9 11
3 7 8 9 12
3 7 8 9 13
3 7 8 9 14
3 7 8 9 15
3 7 8 10 11
3 7 8 10 12
3 7 8 10 13
3 7 8 10 14
3 7 8 10 15
3 7 8 11 12
3 7 8 11 13
3 7 8 11 14
3 7 8 11 15
3 7 8 12 13
3 7 8 12 14
3 7 8 12 15
3 7 8 13 14
3 7 8 13 15
3 7 8 14 15
3 7 9 10 11
3 7 9 10 12
3 7 9 10 13
3 7 9 10 14
3 7 9 10 15
3 7 9 11 12
3 7 9 11 13
3 7 9 11 14
3 7 9 11 15
3 7 9 12 13
3 7 9 12 14
3 7 9 12 15
3 7 9 13 14
3 7 9 13 15
3 7 9 14 15
3 7 10 11 12
3 7 10 11 13
3 7 10 11 14
3 7 10 11 15
3 7 10 12 13
3 7 10 12 14
3 7 10 12 15
3 7 10 13 14
3 7 10 13 15
3 7 10 14 15
3 7 11 12 13
3 7 11 12 14
3 7 11 12 15
3 7 11 13 14
3 7 11 13 15
3 7 11 14 15
3 7 12 13 14
3 7 12 13 15
3 7 12 14 15
3 7 13 14 15
3 8 9 10 11
3 8 9 10 12
3 8 9 10 13
3 8 9 10 14
3 8 9 10 15
3 8 9 11 12
3 8 9 11 13
3 8 9 11 14
3 8 9 11 15
3 8 9 12 13
3 8 9 12 14
3 8 9 12 15
3 8 9 13 14
3 8 9 13 15
3 8 9 14 15
3 8 10 11 12
3 8 10 11 13
3 8 10 11 14
3 8 10 11 15
3 8 10 12 13
3 8 10 12 14
3 8 10 12 15
3 8 10 13 14
3 8 10 13 15
3 8 10 14 15
3 8 11 12 13
3 8 11 12 14
3 8 11 12 15
3 8 11 13 14
3 8 11 13 15
3 8 11 14 15
3 8 12 13 14
3 8 12 13 15
3 8 12 14 15
3 8 13 14 15
3 9 10 11 12
3 9 10 11 13
3 9 10 11 14
3 9 10 11 15
3 9 10 12 13
3 9 10 12 14
3 9 10 12 15
3 9 10 13 14
3 9 10 13 15
3 9 10 14 15
3 9 11 12 13
3 9 11 12 14
3 9 11 12 15
3 9 11 13 14
3 9 11 13 15
3 9 11 14 15
3 9 12 13 14
3 9 12 13 15
3 9 12 14 15
3 9 13 14 15
3 10 11 12 13
3 10 11 12 14
3 10 11 12 15
3 10 11 13 14
3 10 11 13 15
3 10 11 14 15
3 10 12 13 14
3 10 12 13 15
3 10 12 14 15
3 10 13 14 15
3 11 12 13 14
3 11 12 13 15
3 11 12 14 15
3 11 13 14 15
3 12 13 14 15
4 5 6 7 8
4 5 6 7 9
4 5 6 7 10
4 5 6 7 11
4 5 6 7 12
4 5 6 7 13
4 5 6 7 14
4 5 6 7 15
4 5 6 8 9
4 5 6 8 10
4 5 6 8 11
4 5 6 8 12
4 5 6 8 13
4 5 6 8 14
4 5 6 8 15
4 5 6 9 10
4 5 6 9 11
4 5 6 9 12
4 5 6 9 13
4 5 6 9 14
4 5 6 9 15
4 5 6 10 11
4 5 6 10 12
4 5 6 10 13
4 5 6 10 14
4 5 6 10 15
4 5 6 11 12
4 5 6 11 13
4 5 6 11 14
4 5 6 11 15
4 5 6 12 13
4 5 6 12 14
4 5 6 12 15
4 5 6 13 14
4 5 6 13 15
4 5 6 14 15
4 5 7 8 9
4 5 7 8 10
4 5 7 8 11
4 5 7 8 12
4 5 7 8 13
4 5 7 8 14
4 5 7 8 15
4 5 7 9 10
4 5 7 9 11
4 5 7 9 12
4 5 7 9 13
4 5 7 9 14
4 5 7 9 15
4 5 7 10 11
4 5 7 10 12
4 5 7 10 13
4 5 7 10 14
4 5 7 10 15
4 5 7 11 12
4 5 7 11 13
4 5 7 11 14
4 5 7 11 15
4 5 7 12 13
4 5 7 12 14
4 5 7 12 15
4 5 7 13 14
4 5 7 13 15
4 5 7 14 15
4 5 8 9 10
4 5 8 9 11
4 5 8 9 12
4 5 8 9 13
4 5 8 9 14
4 5 8 9 15
4 5 8 10 11
4 5 8 10 12
4 5 8 10 13
4 5 8 10 14
4 5 8 10 15
4 5 8 11 12
4 5 8 11 13
4 5 8 11 14
4 5 8 11 15
4 5 8 12 13
4 5 8 12 14
4 5 8 12 15
4 5 8 13 14
4 5 8 13 15
4 5 8 14 15
4 5 9 10 11
4 5 9 10 12
4 5 9 10 13
4 5 9 10 14
4 5 9 10 15
4 5 9 11 12
4 5 9 11 13
4 5 9 11 14
4 5 9 11 15
4 5 9 12 13
4 5 9 12 14
4 5 9 12 15
4 5 9 13 14
4 5 9 13 15
4 5 9 14 15
4 5 10 11 12
4 5 10 11 13
4 5 10 11 14
4 5 10 11 15
4 5 10 12 13
4 5 10 12 14
4 5 10 12 15
4 5 10 13 14
4 5 10 13 15
4 5 10 14 15
4 5 11 12 13
4 5 11 12 14
4 5 11 12 15
4 5 11 13 14
4 5 11 13 15
4 5 11 14 15
4 5 12 13 14
4 5 12 13 15
4 5 12 14 15
4 5 13 14 15
4 6 7 8 9
4 6 7 8 10
4 6 7 8 11
4 6 7 8 12
4 6 7 8 13
4 6 7 8 14
4 6 7 8 15
4 6 7 9 10
4 6 7 9 11
4 6 7 9 12
4 6 7 9 13
4 6 7 9 14
4 6 7 9 15
4 6 7 10 11
4 6 7 10 12
4 6 7 10 13
4 6 7 10 14
4 6 7 10 15
4 6 7 11 12
4 6 7 11 13
4 6 7 11 14
4 6 7 11 15
4 6 7 12 13
4 6 7 12 14
4 6 7 12 15
4 6 7 13 14
4 6 7 13 15
4 6 7 14 15
4 6 8 9 10
4 6 8 9 11
4 6 8 9 12
4 6 8 9 13
4 6 8 9 14
4 6 8 9 15
4 6 8 10 11
4 6 8 10 12
4 6 8 10 13
4 6 8 10 14
4 6 8 10 15
4 6 8 11 12
4 6 8 11 13
4 6 8 11 14
4 6 8 11 15
4 6 8 12 13
4 6 8 12 14
4 6 8 12 15
4 6 8 13 14
4 6 8 13 15
4 6 8 14 15
4 6 9 10 11
4 6 9 10 12
4 6 9 10 13
4 6 9 10 14
4 6 9 10 15
4 6 9 11 12
4 6 9 11 13
4 6 9 11 14
4 6 9 11 15
4 6 9 12 13
4 6 9 12 14
4 6 9 12 15
4 6 9 13 14
4 6 9 13 15
4 6 9 14 15
4 6 10 11 12
4 6 10 11 13
4 6 10 11 14
4 6 10 11 15
4 6 10 12 13
4 6 10 12 14
4 6 10 12 15
4 6 10 13 14
4 6 10 13 15
4 6 10 14 15
4 6 11 12 13
4 6 11 12 14
4 6 11 12 15
4 6 11 13 14
4 6 11 13 15
4 6 11 14 15
4 6 12 13 14
4 6 12 13 15
4 6 12 14 15
4 6 13 14 15
4 7 8 9 10
4 7 8 9 11
4 7 8 9 12
4 7 8 9 13
4 7 8 9 14
4 7 8 9 15
4 7 8 10 11
4 7 8 10 12
4 7 8 10 13
4 7 8 10 14
4 7 8 10 15
4 7 8 11 12
4 7 8 11 13
4 7 8 11 14
4 7 8 11 15
4 7 8 12 13
4 7 8 12 14
4 7 8 12 15
4 7 8 13 14
4 7 8 13 15
4 7 8 14 15
4 7 9 10 11
4 7 9 10 12
4 7 9 10 13
4 7 9 10 14
4 7 9 10 15
4 7 9 11 12
4 7 9 11 13
4 7 9 11 14
4 7 9 11 15
4 7 9 12 13
4 7 9 12 14
4 7 9 12 15
4 7 9 13 14
4 7 9 13 15
4 7 9 14 15
4 7 10 11 12
4 7 10 11 13
4 7 10 11 14
4 7 10 11 15
4 7 10 12 13
4 7 10 12 14
4 7 10 12 15
4 7 10 13 14
4 7 10 13 15
4 7 10 14 15
4 7 11 12 13
4 7 11 12 14
4 7 11 12 15
4 7 11 13 14
4 7 11 13 15
4 7 11 14 15
4 7 12 13 14
4 7 12 13 15
4 7 12 14 15
4 7 13 14 15
4 8 9 10 11
4 8 9 10 12
4 8 9 10 13
4 8 9 10 14
4 8 9 10 15
4 8 9 11 12
4 8 9 11 13
4 8 9 11 14
4 8 9 11 15
4 8 9 12 13
4 8 9 12 14
4 8 9 12 15
4 8 9 13 14
4 8 9 13 15
4 8 9 14 15
4 8 10 11 12
4 8 10 11 13
4 8 10 11 14
4 8 10 11 15
4 8 10 12 13
4 8 10 12 14
4 8 10 12 15
4 8 10 13 14
4 8 10 13 15
4 8 10 14 15
4 8 11 12 13
4 8 11 12 14
4 8 11 12 15
4 8 11 13 14
4 8 11 13 15
4 8 11 14 15
4 8 12 13 14
4 8 12 13 15
4 8 12 14 15
4 8 13 14 15
4 9 10 11 12
4 9 10 11 13
4 9 10 11 14
4 9 10 11 15
4 9 10 12 13
4 9 10 12 14
4 9 10 12 15
4 9 10 13 14
4 9 10 13 15
4 9 10 14 15
4 9 11 12 13
4 9 11 12 14
4 9 11 12 15
4 9 11 13 14
4 9 11 13 15
4 9 11 14 15
4 9 12 13 14
4 9 12 13 15
4 9 12 14 15
4 9 13 14 15
4 10 11 12 13
4 10 11 12 14
4 10 11 12 15
4 10 11 13 14
4 10 11 13 15
4 10 11 14 15
4 10 12 13 14
4 10 12 13 15
4 10 12 14 15
4 10 13 14 15
4 11 12 13 14
4 11 12 13 15
4 11 12 14 15
4 11 13 14 15
4 12 13 14 15
5 6 7 8 9
5 6 7 8 10
5 6 7 8 11
5 6 7 8 12
5 6 7 8 13
5 6 7 8 14
5 6 7 8 15
5 6 7 9 10
5 6 7 9 11
5 6 7 9 12
5 6 7 9 13
5 6 7 9 14
5 6 7 9 15
5 6 7 10 11
5 6 7 10 12
5 6 7 10 13
5 6 7 10 14
5 6 7 10 15
5 6 7 11 12
5 6 7 11 13
5 6 7 11 14
5 6 7 11 15
5 6 7 12 13
5 6 7 12 14
5 6 7 12 15
5 6 7 13 14
5 6 7 13 15
5 6 7 14 15
5 6 8 9 10
5 6 8 9 11
5 6 8 9 12
5 6 8 9 13
5 6 8 9 14
5 6 8 9 15
5 6 8 10 11
5 6 8 10 12
5 6 8 10 13
5 6 8 10 14
5 6 8 10 15
5 6 8 11 12
5 6 8 11 13
5 6 8 11 14
5 6 8 11 15
5 6 8 12 13
5 6 8 12 14
5 6 8 12 15
5 6 8 13 14
5 6 8 13 15
5 6 8 14 15
5 6 9 10 11
5 6 9 10 12
5 6 9 10 13
5 6 9 10 14
5 6 9 10 15
5 6 9 11 12
5 6 9 11 13
5 6 9 11 14
5 6 9 11 15
5 6 9 12 13
5 6 9 12 14
5 6 9 12 15
5 6 9 13 14
5 6 9 13 15
5 6 9 14 15
5 6 10 11 12
5 6 10 11 13
5 6 10 11 14
5 6 10 11 15
5 6 10 12 13
5 6 10 12 14
5 6 10 12 15
5 6 10 13 14
5 6 10 13 15
5 6 10 14 15
5 6 11 12 13
5 6 11 12 14
5 6 11 12 15
5 6 11 13 14
5 6 11 13 15
5 6 11 14 15
5 6 12 13 14
5 6 12 13 15
5 6 12 14 15
5 6 13 14 15
5 7 8 9 10
5 7 8 9 11
5 7 8 9 12
5 7 8 9 13
5 7 8 9 14
5 7 8 9 15
5 7 8 10 11
5 7 8 10 12
5 7 8 10 13
5 7 8 10 14
5 7 8 10 15
5 7 8 11 12
5 7 8 11 13
5 7 8 11 14
5 7 8 11 15
5 7 8 12 13
5 7 8 12 14
5 7 8 12 15
5 7 8 13 14
5 7 8 13 15
5 7 8 14 15
5 7 9 10 11
5 7 9 10 12
5 7 9 10 13
5 7 9 10 14
5 7 9 10 15
5 7 9 11 12
5 7 9 11 13
5 7 9 11 14
5 7 9 11 15
5 7 9 12 13
5 7 9 12 14
5 7 9 12 15
5 7 9 13 14
5 7 9 13 15
5 7 9 14 15
5 7 10 11 12
5 7 10 11 13
5 7 10 11 14
5 7 10 11 15
5 7 10 12 13
5 7 10 12 14
5 7 10 12 15
5 7 10 13 14
5 7 10 13 15
5 7 10 14 15
5 7 11 12 13
5 7 11 12 14
5 7 11 12 15
5 7 11 13 14
5 7 11 13 15
5 7 11 14 15
5 7 12 13 14
5 7 12 13 15
5 7 12 14 15
5 7 13 14 15
5 8 9 10 11
5 8 9 10 12
5 8 9 10 13
5 8 9 10 14
5 8 9 10 15
5 8 9 11 12
5 8 9 11 13
5 8 9 11 14
5 8 9 11 15
5 8 9 12 13
5 8 9 12 14
5 8 9 12 15
5 8 9 13 14
5 8 9 13 15
5 8 9 14 15
5 8 10 11 12
5 8 10 11 13
5 8 10 11 14
5 8 10 11 15
5 8 10 12 13
5 8 10 12 14
5 8 10 12 15
5 8 10 13 14
5 8 10 13 15
5 8 10 14 15
5 8 11 12 13
5 8 11 12 14
5 8 11 12 15
5 8 11 13 14
5 8 11 13 15
5 8 11 14 15
5 8 12 13 14
5 8 12 13 15
5 8 12 14 15
5 8 13 14 15
5 9 10 11 12
5 9 10 11 13
5 9 10 11 14
5 9 10 11 15
5 9 10 12 13
5 9 10 12 14
5 9 10 12 15
5 9 10 13 14
5 9 10 13 15
5 9 10 14 15
5 9 11 12 13
5 9 11 12 14
5 9 11 12 15
5 9 11 13 14
5 9 11 13 15
5 9 11 14 15
5 9 12 13 14
5 9 12 13 15
5 9 12 14 15
5 9 13 14 15
5 10 11 12 13
5 10 11 12 14
5 10 11 12 15
5 10 11 13 14
5 10 11 13 15
5 10 11 14 15
5 10 12 13 14
5 10 12 13 15
5 10 12 14 15
5 10 13 14 15
5 11 12 13 14
5 11 12 13 15
5 11 12 14 15
5 11 13 14 15
5 12 13 14 15
6 7 8 9 10
6 7 8 9 11
6 7 8 9 12
6 7 8 9 13
6 7 8 9 14
6 7 8 9 15
6 7 8 10 11
6 7 8 10 12
6 7 8 10 13
6 7 8 10 14
6 7 8 10 15
6 7 8 11 12
6 7 8 11 13
6 7 8 11 14
6 7 8 11 15
6 7 8 12 13
6 7 8 12 14
6 7 8 12 15
6 7 8 13 14
6 7 8 13 15
6 7 8 14 15
6 7 9 10 11
6 7 9 10 12
6 7 9 10 13
6 7 9 10 14
6 7 9 10 15
6 7 9 11 12
6 7 9 11 13
6 7 9 11 14
6 7 9 11 15
6 7 9 12 13
6 7 9 12 14
6 7 9 12 15
6 7 9 13 14
6 7 9 13 15
6 7 9 14 15
6 7 10 11 12
6 7 10 11 13
6 7 10 11 14
6 7 10 11 15
6 7 10 12 13
6 7 10 12 14
6 7 10 12 15
6 7 10 13 14
6 7 10 13 15
6 7 10 14 15
6 7 11 12 13
6 7 11 12 14
6 7 11 12 15
6 7 11 13 14
6 7 11 13 15
6 7 11 14 15
6 7 12 13 14
6 7 12 13 15
6 7 12 14 15
6 7 13 14 15
6 8 9 10 11
6 8 9 10 12
6 8 9 10 13
6 8 9 10 14
6 8 9 10 15
6 8 9 11 12
6 8 9 11 13
6 8 9 11 14
6 8 9 11 15
6 8 9 12 13
6 8 9 12 14
6 8 9 12 15
6 8 9 13 14
6 8 9 13 15
6 8 9 14 15
6 8 10 11 12
6 8 10 11 13
6 8 10 11 14
6 8 10 11 15
6 8 10 12 13
6 8 10 12 14
6 8 10 12 15
6 8 10 13 14
6 8 10 13 15
6 8 10 14 15
6 8 11 12 13
6 8 11 12 14
6 8 11 12 15
6 8 11 13 14
6 8 11 13 15
6 8 11 14 15
6 8 12 13 14
6 8 12 13 15
6 8 12 14 15
6 8 13 14 15
6 9 10 11 12
6 9 10 11 13
6 9 10 11 14
6 9 10 11 15
6 9 10 12 13
6 9 10 12 14
6 9 10 12 15
6 9 10 13 14
6 9 10 13 15
6 9 10 14 15
6 9 11 12 13
6 9 11 12 14
6 9 11 12 15
6 9 11 13 14
6 9 11 13 15
6 9 11 14 15
6 9 12 13 14
6 9 12 13 15
6 9 12 14 15
6 9 13 14 15
6 10 11 12 13
6 10 11 12 14
6 10 11 12 15
6 10 11 13 14
6 10 11 13 15
6 10 11 14 15
6 10 12 13 14
6 10 12 13 15
6 10 12 14 15
6 10 13 14 15
6 11 12 13 14
6 11 12 13 15
6 11 12 14 15
6 11 13 14 15
6 12 13 14 15
7 8 9 10 11
7 8 9 10 12
7 8 9 10 13
7 8 9 10 14
7 8 9 10 15
7 8 9 11 12
7 8 9 11 13
7 8 9 11 14
7 8 9 11 15
7 8 9 12 13
7 8 9 12 14
7 8 9 12 15
7 8 9 13 14
7 8 9 13 15
7 8 9 14 15
7 8 10 11 12
7 8 10 11 13
7 8 10 11 14
7 8 10 11 15
7 8 10 12 13
7 8 10 12 14
7 8 10 12 15
7 8 10 13 14
7 8 10 13 15
7 8 10 14 15
7 8 11 12 13
7 8 11 12 14
7 8 11 12 15
7 8 11 13 14
7 8 11 13 15
7 8 11 14 15
7 8 12 13 14
7 8 12 13 15
7 8 12 14 15
7 8 13 14 15
7 9 10 11 12
7 9 10 11 13
7 9 10 11 14
7 9 10 11 15
7 9 10 12 13
7 9 10 12 14
7 9 10 12 15
7 9 10 13 14
7 9 10 13 15
7 9 10 14 15
7 9 11 12 13
7 9 11 12 14
7 9 11 12 15
7 9 11 13 14
7 9 11 13 15
7 9 11 14 15
7 9 12 13 14
7 9 12 13 15
7 9 12 14 15
7 9 13 14 15
7 10 11 12 13
7 10 11 12 14
7 10 11 12 15
7 10 11 13 14
7 10 11 13 15
7 10 11 14 15
7 10 12 13 14
7 10 12 13 15
7 10 12 14 15
7 10 13 14 15
7 11 12 13 14
7 11 12 13 15
7 11 12 14 15
7 11 13 14 15
7 12 13 14 15
8 9 10 11 12
8 9 10 11 13
8 9 10 11 14
8 9 10 11 15
8 9 10 12 13
8 9 10 12 14
8 9 10 12 15
8 9 10 13 14
8 9 10 13 15
8 9 10 14 15
8 9 11 12 13
8 9 11 12 14
8 9 11 12 15
8 9 11 13 14
8 9 11 13 15
8 9 11 14 15
8 9 12 13 14
8 9 12 13 15
8 9 12 14 15
8 9 13 14 15
8 10 11 12 13
8 10 11 12 14
8 10 11 12 15
8 10 11 13 14
8 10 11 13 15
8 10 11 14 15
8 10 12 13 14
8 10 12 13 15
8 10 12 14 15
8 10 13 14 15
8 11 12 13 14
8 11 12 13 15
8 11 12 14 15
8 11 13 14 15
8 12 13 14 15
9 10 11 12 13
9 10 11 12 14
9 10 11 12 15
9 10 11 13 14
9 10 11 13 15
9 10 11 14 15
9 10 12 13 14
9 10 12 13 15
9 10 12 14 15
9 10 13 14 15
9 11 12 13 14
9 11 12 13 15
9 11 12 14 15
9 11 13 14 15
9 12 13 14 15
10 11 12 13 14
10 11 12 13 15
10 11 12 14 15
10 11 13 14 15
10 12 13 14 15
11 12 13 14 15

Is hamiltonian hermitian? 1
Implicit Hamiltonian constructed
E(core)= 9.189534427600
H(1,1) + E(core) energy = -76.356205129200
Davidson: iter=0 dim=0 root=0 eigenvalue=-85.545739556800
Davidson: iter=1 dim=1 root=0 eigenvalue=-85.574607536658
Davidson: iter=2 dim=2 root=0 eigenvalue=-85.577807676131
Davidson: iter=3 dim=3 root=0 eigenvalue=-85.577923304517
Davidson: iter=4 dim=4 root=0 eigenvalue=-85.577931994983
Davidson: iter=5 dim=5 root=0 eigenvalue=-85.577932400913
Davidson: iter=6 dim=6 root=0 eigenvalue=-85.577932436687
Davidson: iter=7 dim=7 root=0 eigenvalue=-85.577932439123
Davidson: iter=8 dim=8 root=0 eigenvalue=-85.577932439297
Davidson: iter=9 dim=9 root=0 eigenvalue=-85.577932439312
Davidson: iter=10 dim=10 root=0 eigenvalue=-85.577932439313
root no. 0 converged
Davidson converged in 10 iterations.
E(core)= 9.189534427600
E(0)= -76.388398011713
FCI Excitation energies = 1
0.000000000000

Vacuum coefficients in CI state 0 = -0.991447143908
Eigenvector 0 in string basis
0: -0.991447143908 seniority 0 ... 5
1 2 3 4 5
 | 5
1 2 3 4 5

Seniority vectors for all roots (nroots/seniority)
1 6
0.986686453978 0.003153537152 -0.983481712536 0.114019810614 1.000003378488 0.000000000021

Calculating transition densities
Root 0 MO occupations numbers (density matrix diagonal)
15
1.999998136740 1.996624071164 1.988269866323 1.989944888395 1.991082082866 0.002815542702 0.002355471802 0.002398608461 0.002046779908 0.006898692690 0.006642451283 0.007118310209 0.001805067069 0.000763613939 0.001236416479
Transition densities done:
Trandens between roots 0 0
15 15
1.999998136740 -0.000016670249 0.000000000000 0.000015485772 0.000000000000 0.000192240297 0.000000000000 0.000217734031 0.000000000000 0.000000000000 0.000152798297 0.000000000000 0.000090452767 0.000000000000 0.000000000000
-0.000016670249 1.996624071164 0.000000000000 -0.002953233612 0.000000000000 0.000629045477 0.000000000000 -0.006181865648 0.000000000000 0.000000000000 0.005167234150 0.000000000000 0.002565719234 0.000000000000 0.000000000000
0.000000000000 0.000000000000 1.988269866323 0.000000000000 0.000000000000 0.000000000000 0.002379726854 0.000000000000 0.000380629310 0.000000000000 0.000000000000 0.009106311202 0.000000000000 0.000000000000 0.000000000000
0.000015485772 -0.002953233612 0.000000000000 1.989944888395 0.000000000000 -0.003980769273 0.000000000000 0.007172695890 0.000000000000 0.000000000000 -0.001124392184 0.000000000000 -0.007667627014 0.000000000000 0.000000000000
0.000000000000 0.000000000000 0.000000000000 0.000000000000 1.991082082866 0.000000000000 0.000000000000 0.000000000000 0.000000000000 0.018426923578 0.000000000000 0.000000000000 0.000000000000 0.000000000000 0.010822341542
0.000192240297 0.000629045477 0.000000000000 -0.003980769273 0.000000000000 0.002815542702 0.000000000000 -0.000380489335 0.000000000000 0.000000000000 0.003991556566 0.000000000000 0.001651091273 0.000000000000 0.000000000000
0.000000000000 0.000000000000 0.002379726854 0.000000000000 0.000000000000 0.000000000000 0.002355471802 0.000000000000 -0.001675287616 0.000000000000 0.000000000000 0.004054131844 0.000000000000 0.000000000000 0.000000000000
0.000217734031 -0.006181865648 0.000000000000 0.007172695890 0.000000000000 -0.000380489335 0.000000000000 0.002398608461 0.000000000000 0.000000000000 -0.001356161068 0.000000000000 -0.001014352366 0.000000000000 0.000000000000
0.000000000000 0.000000000000 0.000380629310 0.000000000000 0.000000000000 0.000000000000 -0.001675287616 0.000000000000 0.002046779908 0.000000000000 0.000000000000 -0.003134658628 0.000000000000 0.000000000000 0.000000000000
0.000000000000 0.000000000000 0.000000000000 0.000000000000 0.018426923578 0.000000000000 0.000000000000 0.000000000000 0.000000000000 0.006898692690 0.000000000000 0.000000000000 0.000000000000 0.000000000000 0.002262508597
0.000152798297 0.005167234150 0.000000000000 -0.001124392184 0.000000000000 0.003991556566 0.000000000000 -0.001356161068 0.000000000000 0.000000000000 0.006642451283 0.000000000000 0.002333666979 0.000000000000 0.000000000000
0.000000000000 0.000000000000 0.009106311202 0.000000000000 0.000000000000 0.000000000000 0.004054131844 0.000000000000 -0.003134658628 0.000000000000 0.000000000000 0.007118310209 0.000000000000 0.000000000000 0.000000000000
0.000090452767 0.002565719234 0.000000000000 -0.007667627014 0.000000000000 0.001651091273 0.000000000000 -0.001014352366 0.000000000000 0.000000000000 0.002333666979 0.000000000000 0.001805067069 0.000000000000 0.000000000000
0.000000000000 0.000000000000 0.000000000000 0.000000000000 0.000000000000 0.000000000000 0.000000000000 0.000000000000 0.000000000000 0.000000000000 0.000000000000 0.000000000000 0.000000000000 0.000763613939 0.000000000000
0.000000000000 0.000000000000 0.000000000000 0.000000000000 0.010822341542 0.000000000000 0.000000000000 0.000000000000 0.000000000000 0.002262508597 0.000000000000 0.000000000000 0.000000000000 0.000000000000 0.001236416479

State 0 :
Natural orbital occupations
15
1.999998406006 1.997806170889 1.991312274488 1.988862751587 1.988314685487 0.010834745876 0.010411833877 0.007470276125 0.002276948217 0.000763613939 0.000762806634 0.000625969581 0.000434641422 0.000109848605 0.000015027299
Natural orbitals (in MO basis)
15 15
-0.999952986764 0.009665571910 0.000000000000 -0.000756215052 0.000000000000 -0.000000000000 -0.000101571566 0.000000000000 0.000128549982 -0.000000000000 -0.000047682518 0.000000000000 -0.000000000000 -0.000001963795 0.000000000000
0.008754101677 0.933670891011 0.000000000000 0.357999900962 0.000000000000 -0.000000000000 -0.003210447112 -0.000000000000 -0.002690492904 0.000000000000 0.000611859339 -0.000000000000 -0.000000000000 -0.000428717807 0.000000000000
-0.000000000000 0.000000000000 0.000000000000 0.000000000000 -0.999988681010 -0.004190334947 0.000000000000 0.000000000000 -0.000000000000 0.000000000000 -0.000000000000 -0.001661125870 -0.000000000000 -0.000000000000 -0.001523025034
-0.004166160897 -0.357956870402 -0.000000000000 0.933711552551 0.000000000000 -0.000000000000 0.003384739540 -0.000000000000 0.003520882576 0.000000000000 0.002748561913 -0.000000000000 0.000000000000 -0.000922497147 0.000000000000
-0.000000000000 -0.000000000000 -0.999941989769 0.000000000000 0.000000000000 0.000000000000 0.000000000000 -0.010557670566 -0.000000000000 0.000000000000 0.000000000000 0.000000000000 -0.002133703327 -0.000000000000 -0.000000000000
-0.000085279512 0.001017794116 0.000000000000 -0.001760436763 -0.000000000000 0.000000000000 0.490829257615 -0.000000000000 -0.288742880483 0.000000000002 0.231138928274 -0.000000000000 0.000000000000 -0.788850329505 0.000000000000
0.000000000000 0.000000000000 -0.000000000000 0.000000000000 -0.001207494924 0.458211469645 -0.000000000000 -0.000000000000 -0.000000000000 -0.000000000000 0.000000000000 0.328334385282 -0.000000000000 -0.000000000000 -0.825976587128
-0.000150982280 -0.004181510209 -0.000000000000 0.002258928060 -0.000000000000 0.000000000000 -0.191875221751 0.000000000000 -0.921223530989 0.000000000001 0.196617357843 -0.000000000000 0.000000000000 0.275408985412 -0.000000000000
-0.000000000000 0.000000000000 0.000000000000 0.000000000000 -0.000183352596 -0.374982337290 0.000000000000 -0.000000000000 0.000000000000 -0.000000000000 0.000000000000 0.913935016389 0.000000000000 0.000000000000 0.155277168057
0.000000000000 0.000000000000 -0.009291501457 -0.000000000000 0.000000000000 -0.000000000000 0.000000000000 0.945689896256 0.000000000000 0.000000000000 0.000000000000 0.000000000000 -0.324937360301 -0.000000000000 -0.000000000000
-0.000051696780 0.002633743856 0.000000000000 0.000394744673 0.000000000000 0.000000000000 0.784987523182 -0.000000000000 -0.136730871719 -0.000000000003 -0.445815713107 0.000000000000 -0.000000000000 0.407848638605 -0.000000000000
-0.000000000000 -0.000000000000 -0.000000000000 0.000000000000 -0.004598498583 0.805861611506 -0.000000000000 -0.000000000000 0.000000000000 -0.000000000000 0.000000000000 0.238571913519 -0.000000000000 0.000000000000 0.541894232292
-0.000018092182 0.002581741903 0.000000000000 -0.003142923293 0.000000000000 -0.000000000000 0.325642985255 0.000000000000 0.221945425161 0.000000000004 0.842114498830 -0.000000000000 0.000000000000 0.368135167538 -0.000000000000
-0.000000000000 0.000000000000 -0.000000000000 -0.000000000000 0.000000000000 0.000000000000 0.000000000000 0.000000000000 -0.000000000000 1.000000000000 -0.000000000005 0.000000000000 0.000000000000 0.000000000001 0.000000000000
0.000000000000 -0.000000000000 -0.005448403283 0.000000000000 -0.000000000000 0.000000000000 -0.000000000000 0.324898685302 -0.000000000000 -0.000000000000 -0.000000000000 0.000000000000 0.945733133178 0.000000000000 -0.000000000000

