Number of strings: 3003 3003, CI size = 9018009
String addressing array alpha: 5 15
0 715 1210 1540 1750 1876 1946 1981 1996 2001 2002 2002 2002 2002 2002
0 0 220 385 505 589 645 680 700 710 714 715 715 715 715
0 0 0 55 100 136 164 185 200 210 216 219 220 220 220
0 0 0 0 10 19 27 34 40 45 49 52 54 55 55
0 0 0 0 0 1 2 3 4 5 6 7 8 9 10

Alpha strings 3003 5
1 2 3 4 5
1 2 3 4 6
1 2 3 4 7
1 2 3 4 8
1 2 3 4 9
1 2 3 4 10
1 2 3 4 11
1 2 3 4 12
1 2 3 4 13
1 2 3 4 14
1 2 3 4 15
1 2 3 5 6
1 2 3 5 7
1 2 3 5 8
1 2 3 5 9
1 2 3 5 10
1 2 3 5 11
1 2 3 5 12
1 2 3 5 13
1 2 3 5 14
1 2 3 5 15
1 2 3 6 7
1 2 3 6 8
1 2 3 6 9
1 2 3 6 10
1 2 3 6 11
1 2 3 6 12
1 2 3 6 13
1 2 3 6 14
1 2 3 6 15
1 2 3 7 8
1 2 3 7 9
1 2 3 7 10
1 2 3 7 11
1 2 3 7 12
1 2 3 7 13
1 2 3 7 14
1 2 3 7 15
1 2 3 8 9
1 2 3 8 10
1 2 3 8 11
1 2 3 8 12
1 2 3 8 13
1 2 3 8 14
1 2 3 8 15
1 2 3 9 10
1 2 3 9 11
1 2 3 9 12
1 2 3 9 13
1 2 3 9 14
1 2 3 9 15
1 2 3 10 11
1 2 3 10 12
1 2 3 10 13
1 2 3 10 14
1 2 3 10 15
1 2 3 11 12
1 2 3 11 13
1 2 3 11 14
1 2 3 11 15
1 2 3 12 13
1 2 3 12 14
1 2 3 12 15
1 2 3 13 14
1 2 3 13 15
1 2 3 14 15
1 2 4 5 6
1 2 4 5 7
1 2 4 5 8
1 2 4 5 9
1 2 4 5 10
1 2 4 5 11
1 2 4 5 12
1 2 4 5 13
1 2 4 5 14
1 2 4 5 15
1 2 4 6 7
1 2 4 6 8
1 2 4 6 9
1 2 4 6 10
1 2 4 6 11
1 2 4 6 12
1 2 4 6 13
1 2 4 6 14
1 2 4 6 15
1 2 4 7 8
1 2 4 7 9
1 2 4 7 10
1 2 4 7 11
1 2 4 7 12
1 2 4 7 13
1 2 4 7 14
1 2 4 7 15
1 2 4 8 9
1 2 4 8 10
1 2 4 8 11
1 2 4 8 12
1 2 4 8 13
1 2 4 8 14
1 2 4 8 15
1 2 4 9 10
1 2 4 9 11
1 2 4 9 12
1 2 4 9 13
1 2 4 9 14
1 2 4 9 15
1 2 4 10 11
1 2 4 10 12
1 2 4 10 13
1 2 4 10 14
1 2 4 10 15
1 2 4 11 12
1 2 4 11 13
1 2 4 11 14
1 2 4 11 15
1 2 4 12 13
1 2 4 12 14
1 2 4 12 15
1 2 4 13 14
1 2 4 13 15
1 2 4 14 15
1 2 5 6 7
1 2 5 6 8
1 2 5 6 9
1 2 5 6 10
1 2 5 6 11
1 2 5 6 12
1 2 5 6 13
1 2 5 6 14
1 2 5 6 15
1 2 5 7 8
1 2 5 7 9
1 2 5 7 10
1 2 5 7 11
1 2 5 7 12
1 2 5 7 13
1 2 5 7 14
1 2 5 7 15
1 2 5 8 9
1 2 5 8 10
1 2 5 8 11
1 2 5 8 12
1 2 5 8 13
1 2 5 8 14
1 2 5 8 15
1 2 5 9 10
1 2 5 9 11
1 2 5 9 12
1 2 5 9 13
1 2 5 9 14
1 2 5 9 15
1 2 5 10 11
1 2 5 10 12
1 2 5 10 13
1 2 5 10 14
1 2 5 10 15
1 2 5 11 12
1 2 5 11 13
1 2 5 11 14
1 2 5 11 15
1 2 5 12 13
1 2 5 12 14
1 2 5 12 15
1 2 5 13 14
1 2 5 13 15
1 2 5 14 15
1 2 6 7 8
1 2 6 7 9
1 2 6 7 10
1 2 6 7 11
1 2 6 7 12
1 2 6 7 13
1 2 6 7 14
1 2 6 7 15
1 2 6 8 9
1 2 6 8 10
1 2 6 8 11
1 2 6 8 12
1 2 6 8 13
1 2 6 8 14
1 2 6 8 15
1 2 6 9 10
1 2 6 9 11
1 2 6 9 12
1 2 6 9 13
1 2 6 9 14
1 2 6 9 15
1 2 6 10 11
1 2 6 10 12
1 2 6 10 13
1 2 6 10 14
1 2 6 10 15
1 2 6 11 12
1 2 6 11 13
1 2 6 11 14
1 2 6 11 15
1 2 6 12 13
1 2 6 12 14
1 2 6 12 15
1 2 6 13 14
1 2 6 13 15
1 2 6 14 15
1 2 7 8 9
1 2 7 8 10
1 2 7 8 11
1 2 7 8 12
1 2 7 8 13
1 2 7 8 14
1 2 7 8 15
1 2 7 9 10
1 2 7 9 11
1 2 7 9 12
1 2 7 9 13
1 2 7 9 14
1 2 7 9 15
1 2 7 10 11
1 2 7 10 12
1 2 7 10 13
1 2 7 10 14
1 2 7 10 15
1 2 7 11 12
1 2 7 11 13
1 2 7 11 14
1 2 7 11 15
1 2 7 12 13
1 2 7 12 14
1 2 7 12 15
1 2 7 13 14
1 2 7 13 15
1 2 7 14 15
1 2 8 9 10
1 2 8 9 11
1 2 8 9 12
1 2 8 9 13
1 2 8 9 14
1 2 8 9 15
1 2 8 10 11
1 2 8 10 12
1 2 8 10 13
1 2 8 10 14
1 2 8 10 15
1 2 8 11 12
1 2 8 11 13
1 2 8 11 14
1 2 8 11 15
1 2 8 12 13
1 2 8 12 14
1 2 8 12 15
1 2 8 13 14
1 2 8 13 15
1 2 8 14 15
1 2 9 10 11
1 2 9 10 12
1 2 9 10 13
1 2 9 10 14
1 2 9 10 15
1 2 9 11 12
1 2 9 11 13
1 2 9 11 14
1 2 9 11 15
1 2 9 12 13
1 2 9 12 14
1 2 9 12 15
1 2 9 13 14
1 2 9 13 15
1 2 9 14 15
1 2 10 11 12
1 2 10 11 13
1 2 10 11 14
1 2 10 11 15
1 2 10 12 13
1 2 10 12 14
1 2 10 12 15
1 2 10 13 14
1 2 10 13 15
1 2 10 14 15
1 2 11 12 13
1 2 11 12 14
1 2 11 12 15
1 2 11 13 14
1 2 11 13 15
1 2 11 14 15
1 2 12 13 14
1 2 12 13 15
1 2 12 14 15
1 2 13 14 15
1 3 4 5 6
1 3 4 5 7
1 3 4 5 8
1 3 4 5 9
1 3 4 5 10
1 3 4 5 11
1 3 4 5 12
1 3 4 5 13
1 3 4 5 14
1 3 4 5 15
1 3 4 6 7
1 3 4 6 8
1 3 4 6 9
1 3 4 6 10
1 3 4 6 11
1 3 4 6 12
1 3 4 6 13
1 3 4 6 14
1 3 4 6 15
1 3 4 7 8
1 3 4 7 9
1 3 4 7 10
1 3 4 7 11
1 3 4 7 12
1 3 4 7 13
1 3 4 7 14
1 3 4 7 15
1 3 4 8 9
1 3 4 8 10
1 3 4 8 11
1 3 4 8 12
1 3 4 8 13
1 3 4 8 14
1 3 4 8 15
1 3 4 9 10
1 3 4 9 11
1 3 4 9 12
1 3 4 9 13
1 3 4 9 14
1 3 4 9 15
1 3 4 10 11
1 3 4 10 12
1 3 4 10 13
1 3 4 10 14
1 3 4 10 15
1 3 4 11 12
1 3 4 11 13
1 3 4 11 14
1 3 4 11 15
1 3 4 12 13
1 3 4 12 14
1 3 4 12 15
1 3 4 13 14
1 3 4 13 15
1 3 4 14 15
1 3 5 6 7
1 3 5 6 8
1 3 5 6 9
1 3 5 6 10
1 3 5 6 11
1 3 5 6 12
1 3 5 6 13
1 3 5 6 14
1 3 5 6 15
1 3 5 7 8
1 3 5 7 9
1 3 5 7 10
1 3 5 7 11
1 3 5 7 12
1 3 5 7 13
1 3 5 7 14
1 3 5 7 15
1 3 5 8 9
1 3 5 8 10
1 3 5 8 11
1 3 5 8 12
1 3 5 8 13
1 3 5 8 14
1 3 5 8 15
1 3 5 9 10
1 3 5 9 11
1 3 5 9 12
1 3 5 9 13
1 3 5 9 14
1 3 5 9 15
1 3 5 10 11
1 3 5 10 12
1 3 5 10 13
1 3 5 10 14
1 3 5 10 15
1 3 5 11 12
1 3 5 11 13
1 3 5 11 14
1 3 5 11 15
1 3 5 12 13
1 3 5 12 14
1 3 5 12 15
1 3 5 13 14
1 3 5 13 15
1 3 5 14 15
1 3 6 7 8
1 3 6 7 9
1 3 6 7 10
1 3 6 7 11
1 3 6 7 12
1 3 6 7 13
1 3 6 7 14
1 3 6 7 15
1 3 6 8 9
1 3 6 8 10
1 3 6 8 11
1 3 6 8 12
1 3 6 8 13
1 3 6 8 14
1 3 6 8 15
1 3 6 9 10
1 3 6 9 11
1 3 6 9 12
1 3 6 9 13
1 3 6 9 14
1 3 6 9 15
1 3 6 10 11
1 3 6 10 12
1 3 6 10 13
1 3 6 10 14
1 3 6 10 15
1 3 6 11 12
1 3 6 11 13
1 3 6 11 14
1 3 6 11 15
1 3 6 12 13
1 3 6 12 14
1 3 6 12 15
1 3 6 13 14
1 3 6 13 15
1 3 6 14 15
1 3 7 8 9
1 3 7 8 10
1 3 7 8 11
1 3 7 8 12
1 3 7 8 13
1 3 7 8 14
1 3 7 8 15
1 3 7 9 10
1 3 7 9 11
1 3 7 9 12
1 3 7 9 13
1 3 7 9 14
1 3 7 9 15
1 3 7 10 11
1 3 7 10 12
1 3 7 10 13
1 3 7 10 14
1 3 7 10 15
1 3 7 11 12
1 3 7 11 13
1 3 7 11 14
1 3 7 11 15
1 3 7 12 13
1 3 7 12 14
1 3 7 12 15
1 3 7 13 14
1 3 7 13 15
1 3 7 14 15
1 3 8 9 10
1 3 8 9 11
1 3 8 9 12
1 3 8 9 13
1 3 8 9 14
1 3 8 9 15
1 3 8 10 11
1 3 8 10 12
1 3 8 10 13
1 3 8 10 14
1 3 8 10 15
1 3 8 11 12
1 3 8 11 13
1 3 8 11 14
1 3 8 11 15
1 3 8 12 13
1 3 8 12 14
1 3 8 12 15
1 3 8 13 14
1 3 8 13 15
1 3 8 14 15
1 3 9 10 11
1 3 9 10 12
1 3 9 10 13
1 3 9 10 14
1 3 9 10 15
1 3 9 11 12
1 3 9 11 13
1 3 9 11 14
1 3 9 11 15
1 3 9 12 13
1 3 9 12 14
1 3 9 12 15
1 3 9 13 14
1 3 9 13 15
1 3 9 14 15
1 3 10 11 12
1 3 10 11 13
1 3 10 11 14
1 3 10 11 15
1 3 10 12 13
1 3 10 12 14
1 3 10 12 15
1 3 10 13 14
1 3 10 13 15
1 3 10 14 15
1 3 11 12 13
1 3 11 12 14
1 3 11 12 15
1 3 11 13 14
1 3 11 13 15
1 3 11 14 15
1 3 12 13 14
1 3 12 13 15
1 3 12 14 15
1 3 13 14 15
1 4 5 6 7
1 4 5 6 8
1 4 5 6 9
1 4 5 6 10
1 4 5 6 11
1 4 5 6 12
1 4 5 6 13
1 4 5 6 14
1 4 5 6 15
1 4 5 7 8
1 4 5 7 9
1 4 5 7 10
1 4 5 7 11
1 4 5 7 12
1 4 5 7 13
1 4 5 7 14
1 4 5 7 15
1 4 5 8 9
1 4 5 8 10
1 4 5 8 11
1 4 5 8 12
1 4 5 8 13
1 4 5 8 14
1 4 5 8 15
1 4 5 9 10
1 4 5 9 11
1 4 5 9 12
1 4 5 9 13
1 4 5 9 14
1 4 5 9 15
1 4 5 10 11
1 4 5 10 12
1 4 5 10 13
1 4 5 10 14
1 4 5 10 15
1 4 5 11 12
1 4 5 11 13
1 4 5 11 14
1 4 5 11 15
1 4 5 12 13
1 4 5 12 14
1 4 5 12 15
1 4 5 13 14
1 4 5 13 15
1 4 5 14 15
1 4 6 7 8
1 4 6 7 9
1 4 6 7 10
1 4 6 7 11
1 4 6 7 12
1 4 6 7 13
1 4 6 7 14
1 4 6 7 15
1 4 6 8 9
1 4 6 8 10
1 4 6 8 11
1 4 6 8 12
1 4 6 8 13
1 4 6 8 14
1 4 6 8 15
1 4 6 9 10
1 4 6 9 11
1 4 6 9 12
1 4 6 9 13
1 4 6 9 14
1 4 6 9 15
1 4 6 10 11
1 4 6 10 12
1 4 6 10 13
1 4 6 10 14
1 4 6 10 15
1 4 6 11 12
1 4 6 11 13
1 4 6 11 14
1 4 6 11 15
1 4 6 12 13
1 4 6 12 14
1 4 6 12 15
1 4 6 13 14
1 4 6 13 15
1 4 6 14 15
1 4 7 8 9
1 4 7 8 10
1 4 7 8 11
1 4 7 8 12
1 4 7 8 13
1 4 7 8 14
1 4 7 8 15
1 4 7 9 10
1 4 7 9 11
1 4 7 9 12
1 4 7 9 13
1 4 7 9 14
1 4 7 9 15
1 4 7 10 11
1 4 7 10 12
1 4 7 10 13
1 4 7 10 14
1 4 7 10 15
1 4 7 11 12
1 4 7 11 13
1 4 7 11 14
1 4 7 11 15
1 4 7 12 13
1 4 7 12 14
1 4 7 12 15
1 4 7 13 14
1 4 7 13 15
1 4 7 14 15
1 4 8 9 10
1 4 8 9 11
1 4 8 9 12
1 4 8 9 13
1 4 8 9 14
1 4 8 9 15
1 4 8 10 11
1 4 8 10 12
1 4 8 10 13
1 4 8 10 14
1 4 8 10 15
1 4 8 11 12
1 4 8 11 13
1 4 8 11 14
1 4 8 11 15
1 4 8 12 13
1 4 8 12 14
1 4 8 12 15
1 4 8 13 14
1 4 8 13 15
1 4 8 14 15
1 4 9 10 11
1 4 9 10 12
1 4 9 10 13
1 4 9 10 14
1 4 9 10 15
1 4 9 11 12
1 4 9 11 13
1 4 9 11 14
1 4 9 11 15
1 4 9 12 13
1 4 9 12 14
1 4 9 12 15
1 4 9 13 14
1 4 9 13 15
1 4 9 14 15
1 4 10 11 12
1 4 10 11 13
1 4 10 11 14
1 4 10 11 15
1 4 10 12 13
1 4 10 12 14
1 4 10 12 15
1 4 10 13 14
1 4 10 13 15
1 4 10 14 15
1 4 11 12 13
1 4 11 12 14
1 4 11 12 15
1 4 11 13 14
1 4 11 13 15
1 4 11 14 15
1 4 12 13 14
1 4 12 13 15
1 4 12 14 15
1 4 13 14 15
1 5 6 7 8
1 5 6 7 9
1 5 6 7 10
1 5 6 7 11
1 5 6 7 12
1 5 6 7 13
1 5 6 7 14
1 5 6 7 15
1 5 6 8 9
1 5 6 8 10
1 5 6 8 11
1 5 6 8 12
1 5 6 8 13
1 5 6 8 14
1 5 6 8 15
1 5 6 9 10
1 5 6 9 11
1 5 6 9 12
1 5 6 9 13
1 5 6 9 14
1 5 6 9 15
1 5 6 10 11
1 5 6 10 12
1 5 6 10 13
1 5 6 10 14
1 5 6 10 15
1 5 6 11 12
1 5 6 11 13
1 5 6 11 14
1 5 6 11 15
1 5 6 12 13
1 5 6 12 14
1 5 6 12 15
1 5 6 13 14
1 5 6 13 15
1 5 6 14 15
1 5 7 8 9
1 5 7 8 10
1 5 7 8 11
1 5 7 8 12
1 5 7 8 13
1 5 7 8 14
1 5 7 8 15
1 5 7 9 10
1 5 7 9 11
1 5 7 9 12
1 5 7 9 13
1 5 7 9 14
1 5 7 9 15
1 5 7 10 11
1 5 7 10 12
1 5 7 10 13
1 5 7 10 14
1 5 7 10 15
1 5 7 11 12
1 5 7 11 13
1 5 7 11 14
1 5 7 11 15
1 5 7 12 13
1 5 7 12 14
1 5 7 12 15
1 5 7 13 14
1 5 7 13 15
1 5 7 14 15
1 5 8 9 10
1 5 8 9 11
1 5 8 9 12
1 5 8 9 13
1 5 8 9 14
1 5 8 9 15
1 5 8 10 11
1 5 8 10 12
1 5 8 10 13
1 5 8 10 14
1 5 8 10 15
1 5 8 11 12
1 5 8 11 13
1 5 8 11 14
1 5 8 11 15
1 5 8 12 13
1 5 8 12 14
1 5 8 12 15
1 5 8 13 14
1 5 8 13 15
1 5 8 14 15
1 5 9 10 11
1 5 9 10 12
1 5 9 10 13
1 5 9 10 14
1 5 9 10 15
1 5 9 11 12
1 5 9 11 13
1 5 9 11 14
1 5 9 11 15
1 5 9 12 13
1 5 9 12 14
1 5 9 12 15
1 5 9 13 14
1 5 9 13 15
1 5 9 14 15
1 5 10 11 12
1 5 10 11 13
1 5 10 11 14
1 5 10 11 15
1 5 10 12 13
1 5 10 12 14
1 5 10 12 15
1 5 10 13 14
1 5 10 13 15
1 5 10 14 15
1 5 11 12 13
1 5 11 12 14
1 5 11 12 15
1 5 11 13 14
1 5 11 13 15
1 5 11 14 15
1 5 12 13 14
1 5 12 13 15
1 5 12 14 15
1 5 13 14 15
1 6 7 8 9
1 6 7 8 10
1 6 7 8 11
1 6 7 8 12
1 6 7 8 13
1 6 7 8 14
1 6 7 8 15
1 6 7 9 10
1 6 7 9 11
1 6 7 9 12
1 6 7 9 13
1 6 7 9 14
1 6 7 9 15
1 6 7 10 11
1 6 7 10 12
1 6 7 10 13
1 6 7 10 14
1 6 7 10 15
1 6 7 11 12
1 6 7 11 13
1 6 7 11 14
1 6 7 11 15
1 6 7 12 13
1 6 7 12 14
1 6 7 12 15
1 6 7 13 14
1 6 7 13 15
1 6 7 14 15
1 6 8 9 10
1 6 8 9 11
1 6 8 9 12
1 6 8 9 13
1 6 8 9 14
1 6 8 9 15
1 6 8 10 11
1 6 8 10 12
1 6 8 10 13
1 6 8 10 14
1 6 8 10 15
1 6 8 11 12
1 6 8 11 13
1 6 8 11 14
1 6 8 11 15
1 6 8 12 13
1 6 8 12 14
1 6 8 12 15
1 6 8 13 14
1 6 8 13 15
1 6 8 14 15
1 6 9 10 11
1 6 9 10 12
1 6 9 10 13
1 6 9 10 14
1 6 9 10 15
1 6 9 11 12
1 6 9 11 13
1 6 9 11 14
1 6 9 11 15
1 6 9 12 13
1 6 9 12 14
1 6 9 12 15
1 6 9 13 14
1 6 9 13 15
1 6 9 14 15
1 6 10 11 12
1 6 10 11 13
1 6 10 11 14
1 6 10 11 15
1 6 10 12 13
1 6 10 12 14
1 6 10 12 15
1 6 10 13 14
1 6 10 13 15
1 6 10 14 15
1 6 11 12 13
1 6 11 12 14
1 6 11 12 15
1 6 11 13 14
1 6 11 13 15
1 6 11 14 15
1 6 12 13 14
1 6 12 13 15
1 6 12 14 15
1 6 13 14 15
1 7 8 9 10
1 7 8 9 11
1 7 8 9 12
1 7 8 9 13
1 7 8 9 14
1 7 8 9 15
1 7 8 10 11
1 7 8 10 12
1 7 8 10 13
1 7 8 10 14
1 7 8 10 15
1 7 8 11 12
1 7 8 11 13
1 7 8 11 14
1 7 8 11 15
1 7 8 12 13
1 7 8 12 14
1 7 8 12 15
1 7 8 13 14
1 7 8 13 15
1 7 8 14 15
1 7 9 10 11
1 7 9 10 12
1 7 9 10 13
1 7 9 10 14
1 7 9 10 15
1 7 9 11 12
1 7 9 11 13
1 7 9 11 14
1 7 9 11 15
1 7 9 12 13
1 7 9 12 14
1 7 9 12 15
1 7 9 13 14
1 7 9 13 15
1 7 9 14 15
1 7 10 11 12
1 7 10 11 13
1 7 10 11 14
1 7 10 11 15
1 7 10 12 13
1 7 10 12 14
1 7 10 12 15
1 7 10 13 14
1 7 10 13 15
1 7 10 14 15
1 7 11 12 13
1 7 11 12 14
1 7 11 12 15
1 7 11 13 14
1 7 11 13 15
1 7 11 14 15
1 7 12 13 14
1 7 12 13 15
1 7 12 14 15
1 7 13 14 15
1 8 9 10 11
1 8 9 10 12
1 8 9 10 13
1 8 9 10 14
1 8 9 10 15
1 8 9 11 12
1 8 9 11 13
1 8 9 11 14
1 8 9 11 15
1 8 9 12 13
1 8 9 12 14
1 8 9 12 15
1 8 9 13 14
1 8 9 13 15
1 8 9 14 15
1 8 10 11 12
1 8 10 11 13
1 8 10 11 14
1 8 10 11 15
1 8 10 12 13
1 8 10 12 14
1 8 10 12 15
1 8 10 13 14
1 8 10 13 15
1 8 10 14 15
1 8 11 12 13
1 8 11 12 14
1 8 11 12 15
1 8 11 13 14
1 8 11 13 15
1 8 11 14 15
1 8 12 13 14
1 8 12 13 15
1 8 12 14 15
1 8 13 14 15
1 9 10 11 12
1 9 10 11 13
1 9 10 11 14
1 9 10 11 15
1 9 10 12 13
1 9 10 12 14
1 9 10 12 15
1 9 10 13 14
1 9 10 13 15
1 9 10 14 15
1 9 11 12 13
1 9 11 12 14
1 9 11 12 15
1 9 11 13 14
1 9 11 13 15
1 9 11 14 15
1 9 12 13 14
1 9 12 13 15
1 9 12 14 15
1 9 13 14 15
1 10 11 12 13
1 10 11 12 14
1 10 11 12 15
1 10 11 13 14
1 10 11 13 15
1 10 11 14 15
1 10 12 13 14
1 10 12 13 15
1 10 12 14 15
1 10 13 14 15
1 11 12 13 14
1 11 12 13 15
1 11 12 14 15
1 11 13 14 15
1 12 13 14 15
2 3 4 5 6
2 3 4 5 7
2 3 4 5 8
2 3 4 5 9
2 3 4 5 10
2 3 4 5 11
2 3 4 5 12
2 3 4 5 13
2 3 4 5 14
2 3 4 5 15
2 3 4 6 7
2 3 4 6 8
2 3 4 6 9
2 3 4 6 10
2 3 4 6 11
2 3 4 6 12
2 3 4 6 13
2 3 4 6 14
2 3 4 6 15
2 3 4 7 8
2 3 4 7 9
2 3 4 7 10
2 3 4 7 11
2 3 4 7 12
2 3 4 7 13
2 3 4 7 14
2 3 4 7 15
2 3 4 8 9
2 3 4 8 10
2 3 4 8 11
2 3 4 8 12
2 3 4 8 13
2 3 4 8 14
2 3 4 8 15
2 3 4 9 10
2 3 4 9 11
2 3 4 9 12
2 3 4 9 13
2 3 4 9 14
2 3 4 9 15
2 3 4 10 11
2 3 4 10 12
2 3 4 10 13
2 3 4 10 14
2 3 4 10 15
2 3 4 11 12
2 3 4 11 13
2 3 4 11 14
2 3 4 11 15
2 3 4 12 13
2 3 4 12 14
2 3 4 12 15
2 3 4 13 14
2 3 4 13 15
2 3 4 14 15
2 3 5 6 7
2 3 5 6 8
2 3 5 6 9
2 3 5 6 10
2 3 5 6 11
2 3 5 6 12
2 3 5 6 13
2 3 5 6 14
2 3 5 6 15
2 3 5 7 8
2 3 5 7 9
2 3 5 7 10
2 3 5 7 11
2 3 5 7 12
2 3 5 7 13
2 3 5 7 14
2 3 5 7 15
2 3 5 8 9
2 3 5 8 10
2 3 5 8 11
2 3 5 8 12
2 3 5 8 13
2 3 5 8 14
2 3 5 8 15
2 3 5 9 10
2 3 5 9 11
2 3 5 9 12
2 3 5 9 13
2 3 5 9 14
2 3 5 9 15
2 3 5 10 11
2 3 5 10 12
2 3 5 10 13
2 3 5 10 14
2 3 5 10 15
2 3 5 11 12
2 3 5 11 13
2 3 5 11 14
2 3 5 11 15
2 3 5 12 13
2 3 5 12 14
2 3 5 12 15
2 3 5 13 14
2 3 5 13 15
2 3 5 14 15
2 3 6 7 8
2 3 6 7 9
2 3 6 7 10
2 3 6 7 11
2 3 6 7 12
2 3 6 7 13
2 3 6 7 14
2 3 6 7 15
2 3 6 8 9
2 3 6 8 10
2 3 6 8 11
2 3 6 8 12
2 3 6 8 13
2 3 6 8 14
2 3 6 8 15
2 3 6 9 10
2 3 6 9 11
2 3 6 9 12
2 3 6 9 13
2 3 6 9 14
2 3 6 9 15
2 3 6 10 11
2 3 6 10 12
2 3 6 10 13
2 3 6 10 14
2 3 6 10 15
2 3 6 11 12
2 3 6 11 13
2 3 6 11 14
2 3 6 11 15
2 3 6 12 13
2 3 6 12 14
2 3 6 12 15
2 3 6 13 14
2 3 6 13 15
2 3 6 14 15
2 3 7 8 9
2 3 7 8 10
2 3 7 8 11
2 3 7 8 12
2 3 7 8 13
2 3 7 8 14
2 3 7 8 15
2 3 7 9 10
2 3 7 9 11
2 3 7 9 12
2 3 7 9 13
2 3 7 9 14
2 3 7 9 15
2 3 7 10 11
2 3 7 10 12
2 3 7 10 13
2 3 7 10 14
2 3 7 10 15
2 3 7 11 12
2 3 7 11 13
2 3 7 11 14
2 3 7 11 15
2 3 7 12 13
2 3 7 12 14
2 3 7 12 15
2 3 7 13 14
2 3 7 13 15
2 3 7 14 15
2 3 8 9 10
2 3 8 9 11
2 3 8 9 12
2 3 8 9 13
2 3 8 9 14
2 3 8 9 15
2 3 8 10 11
2 3 8 10 12
2 3 8 10 13
2 3 8 10 14
2 3 8 10 15
2 3 8 11 12
2 3 8 11 13
2 3 8 11 14
2 3 8 11 15
2 3 8 12 13
2 3 8 12 14
2 3 8 12 15
2 3 8 13 14
2 3 8 13 15
2 3 8 14 15
2 3 9 10 11
2 3 9 10 12
2 3 9 10 13
2 3 9 10 14
2 3 9 10 15
2 3 9 11 12
2 3 9 11 13
2 3 9 11 14
2 3 9 11 15
2 3 9 12 13
2 3 9 12 14
2 3 9 12 15
2 3 9 13 14
2 3 9 13 15
2 3 9 14 15
2 3 10 11 12
2 3 10 11 13
2 3 10 11 14
2 3 10 11 15
2 3 10 12 13
2 3 10 12 14
2 3 10 12 15
2 3 10 13 14
2 3 10 13 15
2 3 10 14 15
2 3 11 12 13
2 3 11 12 14
2 3 11 12 15
2 3 11 13 14
2 3 11 13 15
2 3 11 14 15
2 3 12 13 14
2 3 12 13 15
2 3 12 14 15
2 3 13 14 15
2 4 5 6 7
2 4 5 6 8
2 4 5 6 9
2 4 5 6 10
2 4 5 6 11
2 4 5 6 12
2 4 5 6 13
2 4 5 6 14
2 4 5 6 15
2 4 5 7 8
2 4 5 7 9
2 4 5 7 10
2 4 5 7 11
2 4 5 7 12
2 4 5 7 13
2 4 5 7 14
2 4 5 7 15
2 4 5 8 9
2 4 5 8 10
2 4 5 8 11
2 4 5 8 12
2 4 5 8 13
2 4 5 8 14
2 4 5 8 15
2 4 5 9 10
2 4 5 9 11
2 4 5 9 12
2 4 5 9 13
2 4 5 9 14
2 4 5 9 15
2 4 5 10 11
2 4 5 10 12
2 4 5 10 13
2 4 5 10 14
2 4 5 10 15
2 4 5 11 12
2 4 5 11 13
2 4 5 11 14
2 4 5 11 15
2 4 5 12 13
2 4 5 12 14
2 4 5 12 15
2 4 5 13 14
2 4 5 13 15
2 4 5 14 15
2 4 6 7 8
2 4 6 7 9
2 4 6 7 10
2 4 6 7 11
2 4 6 7 12
2 4 6 7 13
2 4 6 7 14
2 4 6 7 15
2 4 6 8 9
2 4 6 8 10
2 4 6 8 11
2 4 6 8 12
2 4 6 8 13
2 4 6 8 14
2 4 6 8 15
2 4 6 9 10
2 4 6 9 11
2 4 6 9 12
2 4 6 9 13
2 4 6 9 14
2 4 6 9 15
2 4 6 10 11
2 4 6 10 12
2 4 6 10 13
2 4 6 10 14
2 4 6 10 15
2 4 6 11 12
2 4 6 11 13
2 4 6 11 14
2 4 6 11 15
2 4 6 12 13
2 4 6 12 14
2 4 6 12 15
2 4 6 13 14
2 4 6 13 15
2 4 6 14 15
2 4 7 8 9
2 4 7 8 10
2 4 7 8 11
2 4 7 8 12
2 4 7 8 13
2 4 7 8 14
2 4 7 8 15
2 4 7 9 10
2 4 7 9 11
2 4 7 9 12
2 4 7 9 13
2 4 7 9 14
2 4 7 9 15
2 4 7 10 11
2 4 7 10 12
2 4 7 10 13
2 4 7 10 14
2 4 7 10 15
2 4 7 11 12
2 4 7 11 13
2 4 7 11 14
2 4 7 11 15
2 4 7 12 13
2 4 7 12 14
2 4 7 12 15
2 4 7 13 14
2 4 7 13 15
2 4 7 14 15
2 4 8 9 10
2 4 8 9 11
2 4 8 9 12
2 4 8 9 13
2 4 8 9 14
2 4 8 9 15
2 4 8 10 11
2 4 8 10 12
2 4 8 10 13
2 4 8 10 14
2 4 8 10 15
2 4 8 11 12
2 4 8 11 13
2 4 8 11 14
2 4 8 11 15
2 4 8 12 13
2 4 8 12 14
2 4 8 12 15
2 4 8 13 14
2 4 8 13 15
2 4 8 14 15
2 4 9 10 11
2 4 9 10 12
2 4 9 10 13
2 4 9 10 14
2 4 9 10 15
2 4 9 11 12
2 4 9 11 13
2 4 9 11 14
2 4 9 11 15
2 4 9 12 13
2 4 9 12 14
2 4 9 12 15
2 4 9 13 14
2 4 9 13 15
2 4 9 14 15
2 4 10 11 12
2 4 10 11 13
2 4 10 11 14
2 4 10 11 15
2 4 10 12 13
2 4 10 12 14
2 4 10 12 15
2 4 10 13 14
2 4 10 13 15
2 4 10 14 15
2 4 11 12 13
2 4 11 12 14
2 4 11 12 15
2 4 11 13 14
2 4 11 13 15
2 4 11 14 15
2 4 12 13 14
2 4 12 13 15
2 4 12 14 15
2 4 13 14 15
2 5 6 7 8
2 5 6 7 9
2 5 6 7 10
2 5 6 7 11
2 5 6 7 12
2 5 6 7 13
2 5 6 7 14
2 5 6 7 15
2 5 6 8 9
2 5 6 8 10
2 5 6 8 11
2 5 6 8 12
2 5 6 8 13
2 5 6 8 14
2 5 6 8 15
2 5 6 9 10
2 5 6 9 11
2 5 6 9 12
2 5 6 9 13
2 5 6 9 14
2 5 6 9 15
2 5 6 10 11
2 5 6 10 12
2 5 6 10 13
2 5 6 10 14
2 5 6 10 15
2 5 6 11 12
2 5 6 11 13
2 5 6 11 14
2 5 6 11 15
2 5 6 12 13
2 5 6 12 14
2 5 6 12 15
2 5 6 13 14
2 5 6 13 15
2 5 6 14 15
2 5 7 8 9
2 5 7 8 10
2 5 7 8 11
2 5 7 8 12
2 5 7 8 13
2 5 7 8 14
2 5 7 8 15
2 5 7 9 10
2 5 7 9 11
2 5 7 9 12
2 5 7 9 13
2 5 7 9 14
2 5 7 9 15
2 5 7 10 11
2 5 7 10 12
2 5 7 10 13
2 5 7 10 14
2 5 7 10 15
2 5 7 11 12
2 5 7 11 13
2 5 7 11 14
2 5 7 11 15
2 5 7 12 13
2 5 7 12 14
2 5 7 12 15
2 5 7 13 14
2 5 7 13 15
2 5 7 14 15
2 5 8 9 10
2 5 8 9 11
2 5 8 9 12
2 5 8 9 13
2 5 8 9 14
2 5 8 9 15
2 5 8 10 11
2 5 8 10 12
2 5 8 10 13
2 5 8 10 14
2 5 8 10 15
2 5 8 11 12
2 5 8 11 13
2 5 8 11 14
2 5 8 11 15
2 5 8 12 13
2 5 8 12 14
2 5 8 12 15
2 5 8 13 14
2 5 8 13 15
2 5 8 14 15
2 5 9 10 11
2 5 9 10 12
2 5 9 10 13
2 5 9 10 14
2 5 9 10 15
2 5 9 11 12
2 5 9 11 13
2 5 9 11 14
2 5 9 11 15
2 5 9 12 13
2 5 9 12 14
2 5 9 12 15
2 5 9 13 14
2 5 9 13 15
2 5 9 14 15
2 5 10 11 12
2 5 10 11 13
2 5 10 11 14
2 5 10 11 15
2 5 10 12 13
2 5 10 12 14
2 5 10 12 15
2 5 10 13 14
2 5 10 13 15
2 5 10 14 15
2 5 11 12 13
2 5 11 12 14
2 5 11 12 15
2 5 11 13 14
2 5 11 13 15
2 5 11 14 15
2 5 12 13 14
2 5 12 13 15
2 5 12 14 15
2 5 13 14 15
2 6 7 8 9
2 6 7 8 10
2 6 7 8 11
2 6 7 8 12
2 6 7 8 13
2 6 7 8 14
2 6 7 8 15
2 6 7 9 10
2 6 7 9 11
2 6 7 9 12
2 6 7 9 13
2 6 7 9 14
2 6 7 9 15
2 6 7 10 11
2 6 7 10 12
2 6 7 10 13
2 6 7 10 14
2 6 7 10 15
2 6 7 11 12
2 6 7 11 13
2 6 7 11 14
2 6 7 11 15
2 6 7 12 13
2 6 7 12 14
2 6 7 12 15
2 6 7 13 14
2 6 7 13 15
2 6 7 14 15
2 6 8 9 10
2 6 8 9 11
2 6 8 9 12
2 6 8 9 13
2 6 8 9 14
2 6 8 9 15
2 6 8 10 11
2 6 8 10 12
2 6 8 10 13
2 6 8 10 14
2 6 8 10 15
2 6 8 11 12
2 6 8 11 13
2 6 8 11 14
2 6 8 11 15
2 6 8 12 13
2 6 8 12 14
2 6 8 12 15
2 6 8 13 14
2 6 8 13 15
2 6 8 14 15
2 6 9 10 11
2 6 9 10 12
2 6 9 10 13
2 6 9 10 14
2 6 9 10 15
2 6 9 11 12
2 6 9 11 13
2 6 9 11 14
2 6 9 11 15
2 6 9 12 13
2 6 9 12 14
2 6 9 12 15
2 6 9 13 14
2 6 9 13 15
2 6 9 14 15
2 6 10 11 12
2 6 10 11 13
2 6 10 11 14
2 6 10 11 15
2 6 10 12 13
2 6 10 12 14
2 6 10 12 15
2 6 10 13 14
2 6 10 13 15
2 6 10 14 15
2 6 11 12 13
2 6 11 12 14
2 6 11 12 15
2 6 11 13 14
2 6 11 13 15
2 6 11 14 15
2 6 12 13 14
2 6 12 13 15
2 6 12 14 15
2 6 13 14 15
2 7 8 9 10
2 7 8 9 11
2 7 8 9 12
2 7 8 9 13
2 7 8 9 14
2 7 8 9 15
2 7 8 10 11
2 7 8 10 12
2 7 8 10 13
2 7 8 10 14
2 7 8 10 15
2 7 8 11 12
2 7 8 11 13
2 7 8 11 14
2 7 8 11 15
2 7 8 12 13
2 7 8 12 14
2 7 8 12 15
2 7 8 13 14
2 7 8 13 15
2 7 8 14 15
2 7 9 10 11
2 7 9 10 12
2 7 9 10 13
2 7 9 10 14
2 7 9 10 15
2 7 9 11 12
2 7 9 11 13
2 7 9 11 14
2 7 9 11 15
2 7 9 12 13
2 7 9 12 14
2 7 9 12 15
2 7 9 13 14
2 7 9 13 15
2 7 9 14 15
2 7 10 11 12
2 7 10 11 13
2 7 10 11 14
2 7 10 11 15
2 7 10 12 13
2 7 10 12 14
2 7 10 12 15
2 7 10 13 14
2 7 10 13 15
2 7 10 14 15
2 7 11 12 13
2 7 11 12 14
2 7 11 12 15
2 7 11 13 14
2 7 11 13 15
2 7 11 14 15
2 7 12 13 14
2 7 12 13 15
2 7 12 14 15
2 7 13 14 15
2 8 9 10 11
2 8 9 10 12
2 8 9 10 13
2 8 9 10 14
2 8 9 10 15
2 8 9 11 12
2 8 9 11 13
2 8 9 11 14
2 8 9 11 15
2 8 9 12 13
2 8 9 12 14
2 8 9 12 15
2 8 9 13 14
2 8 9 13 15
2 8 9 14 15
2 8 10 11 12
2 8 10 11 13
2 8 10 11 14
2 8 10 11 15
2 8 10 12 13
2 8 10 12 14
2 8 10 12 15
2 8 10 13 14
2 8 10 13 15
2 8 10 14 15
2 8 11 12 13
2 8 11 12 14
2 8 11 12 15
2 8 11 13 14
2 8 11 13 15
2 8 11 14 15
2 8 12 13 14
2 8 12 13 15
2 8 12 14 15
2 8 13 14 15
2 9 10 11 12
2 9 10 11 13
2 9 10 11 14
2 9 10 11 15
2 9 10 12 13
2 9 10 12 14
2 9 10 12 15
2 9 10 13 14
2 9 10 13 15
2 9 10 14 15
2 9 11 12 13
2 9 11 12 14
2 9 11 12 15
2 9 11 13 14
2 9 11 13 15
2 9 11 14 15
2 9 12 13 14
2 9 12 13 15
2 9 12 14 15
2 9 13 14 15
2 10 11 12 13
2 10 11 12 14
2 10 11 12 15
2 10 11 13 14
2 10 11 13 15
2 10 11 14 15
2 10 12 13 14
2 10 12 13 15
2 10 12 14 15
2 10 13 14 15
2 11 12 13 14
2 11 12 13 15
2 11 12 14 15
2 11 13 14 15
2 12 13 14 15
3 4 5 6 7
3 4 5 6 8
3 4 5 6 9
3 4 5 6 10
3 4 5 6 11
3 4 5 6 12
3 4 5 6 13
3 4 5 6 14
3 4 5 6 15
3 4 5 7 8
3 4 5 7 9
3 4 5 7 10
3 4 5 7 11
3 4 5 7 12
3 4 5 7 13
3 4 5 7 14
3 4 5 7 15
3 4 5 8 9
3 4 5 8 10
3 4 5 8 11
3 4 5 8 12
3 4 5 8 13
3 4 5 8 14
3 4 5 8 15
3 4 5 9 10
3 4 5 9 11
3 4 5 9 12
3 4 5 9 13
3 4 5 9 14
3 4 5 9 15
3 4 5 10 11
3 4 5 10 12
3 4 5 10 13
3 4 5 10 14
3 4 5 10 15
3 4 5 11 12
3 4 5 11 13
3 4 5 11 14
3 4 5 11 15
3 4 5 12 13
3 4 5 12 14
3 4 5 12 15
3 4 5 13 14
3 4 5 13 15
3 4 5 14 15
3 4 6 7 8
3 4 6 7 9
3 4 6 7 10
3 4 6 7 11
3 4 6 7 12
3 4 6 7 13
3 4 6 7 14
3 4 6 7 15
3 4 6 8 9
3 4 6 8 10
3 4 6 8 11
3 4 6 8 12
3 4 6 8 13
3 4 6 8 14
3 4 6 8 15
3 4 6 9 10
3 4 6 9 11
3 4 6 9 12
3 4 6 9 13
3 4 6 9 14
3 4 6 9 15
3 4 6 10 11
3 4 6 10 12
3 4 6 10 13
3 4 6 10 14
3 4 6 10 15
3 4 6 11 12
3 4 6 11 13
3 4 6 11 14
3 4 6 11 15
3 4 6 12 13
3 4 6 12 14
3 4 6 12 15
3 4 6 13 14
3 4 6 13 15
3 4 6 14 15
3 4 7 8 9
3 4 7 8 10
3 4 7 8 11
3 4 7 8 12
3 4 7 8 13
3 4 7 8 14
3 4 7 8 15
3 4 7 9 10
3 4 7 9 11
3 4 7 9 12
3 4 7 9 13
3 4 7 9 14
3 4 7 9 15
3 4 7 10 11
3 4 7 10 12
3 4 7 10 13
3 4 7 10 14
3 4 7 10 15
3 4 7 11 12
3 4 7 11 13
3 4 7 11 14
3 4 7 11 15
3 4 7 12 13
3 4 7 12 14
3 4 7 12 15
3 4 7 13 14
3 4 7 13 15
3 4 7 14 15
3 4 8 9 10
3 4 8 9 11
3 4 8 9 12
3 4 8 9 13
3 4 8 9 14
3 4 8 9 15
3 4 8 10 11
3 4 8 10 12
3 4 8 10 13
3 4 8 10 14
3 4 8 10 15
3 4 8 11 12
3 4 8 11 13
3 4 8 11 14
3 4 8 11 15
3 4 8 12 13
3 4 8 12 14
3 4 8 12 15
3 4 8 13 14
3 4 8 13 15
3 4 8 14 15
3 4 9 10 11
3 4 9 10 12
3 4 9 10 13
3 4 9 10 14
3 4 9 10 15
3 4 9 11 12
3 4 9 11 13
3 4 9 11 14
3 4 9 11 15
3 4 9 12 13
3 4 9 12 14
3 4 9 12 15
3 4 9 13 14
3 4 9 13 15
3 4 9 14 15
3 4 10 11 12
3 4 10 11 13
3 4 10 11 14
3 4 10 11 15
3 4 10 12 13
3 4 10 12 14
3 4 10 12 15
3 4 10 13 14
3 4 10 13 15
3 4 10 14 15
3 4 11 12 13
3 4 11 12 14
3 4 11 12 15
3 4 11 13 14
3 4 11 13 15
3 4 11 14 15
3 4 12 13 14
3 4 12 13 15
3 4 12 14 15
3 4 13 14 15
3 5 6 7 8
3 5 6 7 9
3 5 6 7 10
3 5 6 7 11
3 5 6 7 12
3 5 6 7 13
3 5 6 7 14
3 5 6 7 15
3 5 6 8 9
3 5 6 8 10
3 5 6 8 11
3 5 6 8 12
3 5 6 8 13
3 5 6 8 14
3 5 6 8 15
3 5 6 9 10
3 5 6 9 11
3 5 6 9 12
3 5 6 9 13
3 5 6 9 14
3 5 6 9 15
3 5 6 10 11
3 5 6 10 12
3 5 6 10 13
3 5 6 10 14
3 5 6 10 15
3 5 6 11 12
3 5 6 11 13
3 5 6 11 14
3 5 6 11 15
3 5 6 12 13
3 5 6 12 14
3 5 6 12 15
3 5 6 13 14
3 5 6 13 15
3 5 6 14 15
3 5 7 8 9
3 5 7 8 10
3 5 7 8 11
3 5 7 8 12
3 5 7 8 13
3 5 7 8 14
3 5 7 8 15
3 5 7 9 10
3 5 7 9 11
3 5 7 9 12
3 5 7 9 13
3 5 7 9 14
3 5 7 9 15
3 5 7 10 11
3 5 7 10 12
3 5 7 10 13
3 5 7 10 14
3 5 7 10 15
3 5 7 11 12
3 5 7 11 13
3 5 7 11 14
3 5 7 11 15
3 5 7 12 13
3 5 7 12 14
3 5 7 12 15
3 5 7 13 14
3 5 7 13 15
3 5 7 14 15
3 5 8 9 10
3 5 8 9 11
3 5 8 9 12
3 5 8 9 13
3 5 8 9 14
3 5 8 9 15
3 5 8 10 11
3 5 8 10 12
3 5 8 10 13
3 5 8 10 14
3 5 8 10 15
3 5 8 11 12
3 5 8 11 13
3 5 8 11 14
3 5 8 11 15
3 5 8 12 13
3 5 8 12 14
3 5 8 12 15
3 5 8 13 14
3 5 8 13 15
3 5 8 14 15
3 5 9 10 11
3 5 9 10 12
3 5 9 10 13
3 5 9 10 14
3 5 9 10 15
3 5 9 11 12
3 5 9 11 13
3 5 9 11 14
3 5 9 11 15
3 5 9 12 13
3 5 9 12 14
3 5 9 12 15
3 5 9 13 14
3 5 9 13 15
3 5 9 14 15
3 5 10 11 12
3 5 10 11 13
3 5 10 11 14
3 5 10 11 15
3 5 10 12 13
3 5 10 12 14
3 5 10 12 15
3 5 10 13 14
3 5 10 13 15
3 5 10 14 15
3 5 11 12 13
3 5 11 12 14
3 5 11 12 15
3 5 11 13 14
3 5 11 13 15
3 5 11 14 15
3 5 12 13 14
3 5 12 13 15
3 5 12 14 15
3 5 13 14 15
3 6 7 8 9
3 6 7 8 10
3 6 7 8 11
3 6 7 8 12
3 6 7 8 13
3 6 7 8 14
3 6 7 8 15
3 6 7 9 10
3 6 7 9 11
3 6 7 9 12
3 6 7 9 13
3 6 7 9 14
3 6 7 9 15
3 6 7 10 11
3 6 7 10 12
3 6 7 10 13
3 6 7 10 14
3 6 7 10 15
3 6 7 11 12
3 6 7 11 13
3 6 7 11 14
3 6 7 11 15
3 6 7 12 13
3 6 7 12 14
3 6 7 12 15
3 6 7 13 14
3 6 7 13 15
3 6 7 14 15
3 6 8 9 10
3 6 8 9 11
3 6 8 9 12
3 6 8 9 13
3 6 8 9 14
3 6 8 9 15
3 6 8 10 11
3 6 8 10 12
3 6 8 10 13
3 6 8 10 14
3 6 8 10 15
3 6 8 11 12
3 6 8 11 13
3 6 8 11 14
3 6 8 11 15
3 6 8 12 13
3 6 8 12 14
3 6 8 12 15
3 6 8 13 14
3 6 8 13 15
3 6 8 14 15
3 6 9 10 11
3 6 9 10 12
3 6 9 10 13
3 6 9 10 14
3 6 9 10 15
3 6 9 11 12
3 6 9 11 13
3 6 9 11 14
3 6 9 11 15
3 6 9 12 13
3 6 9 12 14
3 6 9 12 15
3 6 9 13 14
3 6 9 13 15
3 6 9 14 15
3 6 10 11 12
3 6 10 11 13
3 6 10 11 14
3 6 10 11 15
3 6 10 12 13
3 6 10 12 14
3 6 10 12 15
3 6 10 13 14
3 6 10 13 15
3 6 10 14 15
3 6 11 12 13
3 6 11 12 14
3 6 11 12 15
3 6 11 13 14
3 6 11 13 15
3 6 11 14 15
3 6 12 13 14
3 6 12 13 15
3 6 12 14 15
3 6 13 14 15
3 7 8 9 10
3 7 8 9 11
3 7 8 9 12
3 7 8 9 13
3 7 8 9 14
3 7 8 9 15
3 7 8 10 11
3 7 8 10 12
3 7 8 10 13
3 7 8 10 14
3 7 8 10 15
3 7 8 11 12
3 7 8 11 13
3 7 8 11 14
3 7 8 11 15
3 7 8 12 13
3 7 8 12 14
3 7 8 12 15
3 7 8 13 14
3 7 8 13 15
3 7 8 14 15
3 7 9 10 11
3 7 9 10 12
3 7 9 10 13
3 7 9 10 14
3 7 9 10 15
3 7 9 11 12
3 7 9 11 13
3 7 9 11 14
3 7 9 11 15
3 7 9 12 13
3 7 9 12 14
3 7 9 12 15
3 7 9 13 14
3 7 9 13 15
3 7 9 14 15
3 7 10 11 12
3 7 10 11 13
3 7 10 11 14
3 7 10 11 15
3 7 10 12 13
3 7 10 12 14
3 7 10 12 15
3 7 10 13 14
3 7 10 13 15
3 7 10 14 15
3 7 11 12 13
3 7 11 12 14
3 7 11 12 15
3 7 11 13 14
3 7 11 13 15
3 7 11 14 15
3 7 12 13 14
3 7 12 13 15
3 7 12 14 15
3 7 13 14 15
3 8 9 10 11
3 8 9 10 12
3 8 9 10 13
3 8 9 10 14
3 8 9 10 15
3 8 9 11 12
3 8 9 11 13
3 8 9 11 14
3 8 9 11 15
3 8 9 12 13
3 8 9 12 14
3 8 9 12 15
3 8 9 13 14
3 8 9 13 15
3 8 9 14 15
3 8 10 11 12
3 8 10 11 13
3 8 10 11 14
3 8 10 11 15
3 8 10 12 13
3 8 10 12 14
3 8 10 12 15
3 8 10 13 14
3 8 10 13 15
3 8 10 14 15
3 8 11 12 13
3 8 11 12 14
3 8 11 12 15
3 8 11 13 14
3 8 11 13 15
3 8 11 14 15
3 8 12 13 14
3 8 12 13 15
3 8 12 14 15
3 8 13 14 15
3 9 10 11 12
3 9 10 11 13
3 9 10 11 14
3 9 10 11 15
3 9 10 12 13
3 9 10 12 14
3 9 10 12 15
3 9 10 13 14
3 9 10 13 15
3 9 10 14 15
3 9 11 12 13
3 9 11 12 14
3 9 11 12 15
3 9 11 13 14
3 9 11 13 15
3 9 11 14 15
3 9 12 13 14
3 9 12 13 15
3 9 12 14 15
3 9 13 14 15
3 10 11 12 13
3 10 11 12 14
3 10 11 12 15
3 10 11 13 14
3 10 11 13 15
3 10 11 14 15
3 10 12 13 14
3 10 12 13 15
3 10 12 14 15
3 10 13 14 15
3 11 12 13 14
3 11 12 13 15
3 11 12 14 15
3 11 13 14 15
3 12 13 14 15
4 5 6 7 8
4 5 6 7 9
4 5 6 7 10
4 5 6 7 11
4 5 6 7 12
4 5 6 7 13
4 5 6 7 14
4 5 6 7 15
4 5 6 8 9
4 5 6 8 10
4 5 6 8 11
4 5 6 8 12
4 5 6 8 13
4 5 6 8 14
4 5 6 8 15
4 5 6 9 10
4 5 6 9 11
4 5 6 9 12
4 5 6 9 13
4 5 6 9 14
4 5 6 9 15
4 5 6 10 11
4 5 6 10 12
4 5 6 10 13
4 5 6 10 14
4 5 6 10 15
4 5 6 11 12
4 5 6 11 13
4 5 6 11 14
4 5 6 11 15
4 5 6 12 13
4 5 6 12 14
4 5 6 12 15
4 5 6 13 14
4 5 6 13 15
4 5 6 14 15
4 5 7 8 9
4 5 7 8 10
4 5 7 8 11
4 5 7 8 12
4 5 7 8 13
4 5 7 8 14
4 5 7 8 15
4 5 7 9 10
4 5 7 9 11
4 5 7 9 12
4 5 7 9 13
4 5 7 9 14
4 5 7 9 15
4 5 7 10 11
4 5 7 10 12
4 5 7 10 13
4 5 7 10 14
4 5 7 10 15
4 5 7 11 12
4 5 7 11 13
4 5 7 11 14
4 5 7 11 15
4 5 7 12 13
4 5 7 12 14
4 5 7 12 15
4 5 7 13 14
4 5 7 13 15
4 5 7 14 15
4 5 8 9 10
4 5 8 9 11
4 5 8 9 12
4 5 8 9 13
4 5 8 9 14
4 5 8 9 15
4 5 8 10 11
4 5 8 10 12
4 5 8 10 13
4 5 8 10 14
4 5 8 10 15
4 5 8 11 12
4 5 8 11 13
4 5 8 11 14
4 5 8 11 15
4 5 8 12 13
4 5 8 12 14
4 5 8 12 15
4 5 8 13 14
4 5 8 13 15
4 5 8 14 15
4 5 9 10 11
4 5 9 10 12
4 5 9 10 13
4 5 9 10 14
4 5 9 10 15
4 5 9 11 12
4 5 9 11 13
4 5 9 11 14
4 5 9 11 15
4 5 9 12 13
4 5 9 12 14
4 5 9 12 15
4 5 9 13 14
4 5 9 13 15
4 5 9 14 15
4 5 10 11 12
4 5 10 11 13
4 5 10 11 14
4 5 10 11 15
4 5 10 12 13
4 5 10 12 14
4 5 10 12 15
4 5 10 13 14
4 5 10 13 15
4 5 10 14 15
4 5 11 12 13
4 5 11 12 14
4 5 11 12 15
4 5 11 13 14
4 5 11 13 15
4 5 11 14 15
4 5 12 13 14
4 5 12 13 15
4 5 12 14 15
4 5 13 14 15
4 6 7 8 9
4 6 7 8 10
4 6 7 8 11
4 6 7 8 12
4 6 7 8 13
4 6 7 8 14
4 6 7 8 15
4 6 7 9 10
4 6 7 9 11
4 6 7 9 12
4 6 7 9 13
4 6 7 9 14
4 6 7 9 15
4 6 7 10 11
4 6 7 10 12
4 6 7 10 13
4 6 7 10 14
4 6 7 10 15
4 6 7 11 12
4 6 7 11 13
4 6 7 11 14
4 6 7 11 15
4 6 7 12 13
4 6 7 12 14
4 6 7 12 15
4 6 7 13 14
4 6 7 13 15
4 6 7 14 15
4 6 8 9 10
4 6 8 9 11
4 6 8 9 12
4 6 8 9 13
4 6 8 9 14
4 6 8 9 15
4 6 8 10 11
4 6 8 10 12
4 6 8 10 13
4 6 8 10 14
4 6 8 10 15
4 6 8 11 12
4 6 8 11 13
4 6 8 11 14
4 6 8 11 15
4 6 8 12 13
4 6 8 12 14
4 6 8 12 15
4 6 8 13 14
4 6 8 13 15
4 6 8 14 15
4 6 9 10 11
4 6 9 10 12
4 6 9 10 13
4 6 9 10 14
4 6 9 10 15
4 6 9 11 12
4 6 9 11 13
4 6 9 11 14
4 6 9 11 15
4 6 9 12 13
4 6 9 12 14
4 6 9 12 15
4 6 9 13 14
4 6 9 13 15
4 6 9 14 15
4 6 10 11 12
4 6 10 11 13
4 6 10 11 14
4 6 10 11 15
4 6 10 12 13
4 6 10 12 14
4 6 10 12 15
4 6 10 13 14
4 6 10 13 15
4 6 10 14 15
4 6 11 12 13
4 6 11 12 14
4 6 11 12 15
4 6 11 13 14
4 6 11 13 15
4 6 11 14 15
4 6 12 13 14
4 6 12 13 15
4 6 12 14 15
4 6 13 14 15
4 7 8 9 10
4 7 8 9 11
4 7 8 9 12
4 7 8 9 13
4 7 8 9 14
4 7 8 9 15
4 7 8 10 11
4 7 8 10 12
4 7 8 10 13
4 7 8 10 14
4 7 8 10 15
4 7 8 11 12
4 7 8 11 13
4 7 8 11 14
4 7 8 11 15
4 7 8 12 13
4 7 8 12 14
4 7 8 12 15
4 7 8 13 14
4 7 8 13 15
4 7 8 14 15
4 7 9 10 11
4 7 9 10 12
4 7 9 10 13
4 7 9 10 14
4 7 9 10 15
4 7 9 11 12
4 7 9 11 13
4 7 9 11 14
4 7 9 11 15
4 7 9 12 13
4 7 9 12 14
4 7 9 12 15
4 7 9 13 14
4 7 9 13 15
4 7 9 14 15
4 7 10 11 12
4 7 10 11 13
4 7 10 11 14
4 7 10 11 15
4 7 10 12 13
4 7 10 12 14
4 7 10 12 15
4 7 10 13 14
4 7 10 13 15
4 7 10 14 15
4 7 11 12 13
4 7 11 12 14
4 7 11 12 15
4 7 11 13 14
4 7 11 13 15
4 7 11 14 15
4 7 12 13 14
4 7 12 13 15
4 7 12 14 15
4 7 13 14 15
4 8 9 10 11
4 8 9 10 12
4 8 9 10 13
4 8 9 10 14
4 8 9 10 15
4 8 9 11 12
4 8 9 11 13
4 8 9 11 14
4 8 9 11 15
4 8 9 12 13
4 8 9 12 14
4 8 9 12 15
4 8 9 13 14
4 8 9 13 15
4 8 9 14 15
4 8 10 11 12
4 8 10 11 13
4 8 10 11 14
4 8 10 11 15
4 8 10 12 13
4 8 10 12 14
4 8 10 12 15
4 8 10 13 14
4 8 10 13 15
4 8 10 14 15
4 8 11 12 13
4 8 11 12 14
4 8 11 12 15
4 8 11 13 14
4 8 11 13 15
4 8 11 14 15
4 8 12 13 14
4 8 12 13 15
4 8 12 14 15
4 8 13 14 15
4 9 10 11 12
4 9 10 11 13
4 9 10 11 14
4 9 10 11 15
4 9 10 12 13
4 9 10 12 14
4 9 10 12 15
4 9 10 13 14
4 9 10 13 15
4 9 10 14 15
4 9 11 12 13
4 9 11 12 14
4 9 11 12 15
4 9 11 13 14
4 9 11 13 15
4 9 11 14 15
4 9 12 13 14
4 9 12 13 15
4 9 12 14 15
4 9 13 14 15
4 10 11 12 13
4 10 11 12 14
4 10 11 12 15
4 10 11 13 14
4 10 11 13 15
4 10 11 14 15
4 10 12 13 14
4 10 12 13 15
4 10 12 14 15
4 10 13 14 15
4 11 12 13 14
4 11 12 13 15
4 11 12 14 15
4 11 13 14 15
4 12 13 14 15
5 6 7 8 9
5 6 7 8 10
5 6 7 8 11
5 6 7 8 12
5 6 7 8 13
5 6 7 8 14
5 6 7 8 15
5 6 7 9 10
5 6 7 9 11
5 6 7 9 12
5 6 7 9 13
5 6 7 9 14
5 6 7 9 15
5 6 7 10 11
5 6 7 10 12
5 6 7 10 13
5 6 7 10 14
5 6 7 10 15
5 6 7 11 12
5 6 7 11 13
5 6 7 11 14
5 6 7 11 15
5 6 7 12 13
5 6 7 12 14
5 6 7 12 15
5 6 7 13 14
5 6 7 13 15
5 6 7 14 15
5 6 8 9 10
5 6 8 9 11
5 6 8 9 12
5 6 8 9 13
5 6 8 9 14
5 6 8 9 15
5 6 8 10 11
5 6 8 10 12
5 6 8 10 13
5 6 8 10 14
5 6 8 10 15
5 6 8 11 12
5 6 8 11 13
5 6 8 11 14
5 6 8 11 15
5 6 8 12 13
5 6 8 12 14
5 6 8 12 15
5 6 8 13 14
5 6 8 13 15
5 6 8 14 15
5 6 9 10 11
5 6 9 10 12
5 6 9 10 13
5 6 9 10 14
5 6 9 10 15
5 6 9 11 12
5 6 9 11 13
5 6 9 11 14
5 6 9 11 15
5 6 9 12 13
5 6 9 12 14
5 6 9 12 15
5 6 9 13 14
5 6 9 13 15
5 6 9 14 15
5 6 10 11 12
5 6 10 11 13
5 6 10 11 14
5 6 10 11 15
5 6 10 12 13
5 6 10 12 14
5 6 10 12 15
5 6 10 13 14
5 6 10 13 15
5 6 10 14 15
5 6 11 12 13
5 6 11 12 14
5 6 11 12 15
5 6 11 13 14
5 6 11 13 15
5 6 11 14 15
5 6 12 13 14
5 6 12 13 15
5 6 12 14 15
5 6 13 14 15
5 7 8 9 10
5 7 8 9 11
5 7 8 9 12
5 7 8 9 13
5 7 8 9 14
5 7 8 9 15
5 7 8 10 11
5 7 8 10 12
5 7 8 10 13
5 7 8 10 14
5 7 8 10 15
5 7 8 11 12
5 7 8 11 13
5 7 8 11 14
5 7 8 11 15
5 7 8 12 13
5 7 8 12 14
5 7 8 12 15
5 7 8 13 14
5 7 8 13 15
5 7 8 14 15
5 7 9 10 11
5 7 9 10 12
5 7 9 10 13
5 7 9 10 14
5 7 9 10 15
5 7 9 11 12
5 7 9 11 13
5 7 9 11 14
5 7 9 11 15
5 7 9 12 13
5 7 9 12 14
5 7 9 12 15
5 7 9 13 14
5 7 9 13 15
5 7 9 14 15
5 7 10 11 12
5 7 10 11 13
5 7 10 11 14
5 7 10 11 15
5 7 10 12 13
5 7 10 12 14
5 7 10 12 15
5 7 10 13 14
5 7 10 13 15
5 7 10 14 15
5 7 11 12 13
5 7 11 12 14
5 7 11 12 15
5 7 11 13 14
5 7 11 13 15
5 7 11 14 15
5 7 12 13 14
5 7 12 13 15
5 7 12 14 15
5 7 13 14 15
5 8 9 10 11
5 8 9 10 12
5 8 9 10 13
5 8 9 10 14
5 8 9 10 15
5 8 9 11 12
5 8 9 11 13
5 8 9 11 14
5 8 9 11 15
5 8 9 12 13
5 8 9 12 14
5 8 9 12 15
5 8 9 13 14
5 8 9 13 15
5 8 9 14 15
5 8 10 11 12
5 8 10 11 13
5 8 10 11 14
5 8 10 11 15
5 8 10 12 13
5 8 10 12 14
5 8 10 12 15
5 8 10 13 14
5 8 10 13 15
5 8 10 14 15
5 8 11 12 13
5 8 11 12 14
5 8 11 12 15
5 8 11 13 14
5 8 11 13 15
5 8 11 14 15
5 8 12 13 14
5 8 12 13 15
5 8 12 14 15
5 8 13 14 15
5 9 10 11 12
5 9 10 11 13
5 9 10 11 14
5 9 10 11 15
5 9 10 12 13
5 9 10 12 14
5 9 10 12 15
5 9 10 13 14
5 9 10 13 15
5 9 10 14 15
5 9 11 12 13
5 9 11 12 14
5 9 11 12 15
5 9 11 13 14
5 9 11 13 15
5 9 11 14 15
5 9 12 13 14
5 9 12 13 15
5 9 12 14 15
5 9 13 14 15
5 10 11 12 13
5 10 11 12 14
5 10 11 12 15
5 10 11 13 14
5 10 11 13 15
5 10 11 14 15
5 10 12 13 14
5 10 12 13 15
5 10 12 14 15
5 10 13 14 15
5 11 12 13 14
5 11 12 13 15
5 11 12 14 15
5 11 13 14 15
5 12 13 14 15
6 7 8 9 10
6 7 8 9 11
6 7 8 9 12
6 7 8 9 13
6 7 8 9 14
6 7 8 9 15
6 7 8 10 11
6 7 8 10 12
6 7 8 10 13
6 7 8 10 14
6 7 8 10 15
6 7 8 11 12
6 7 8 11 13
6 7 8 11 14
6 7 8 11 15
6 7 8 12 13
6 7 8 12 14
6 7 8 12 15
6 7 8 13 14
6 7 8 13 15
6 7 8 14 15
6 7 9 10 11
6 7 9 10 12
6 7 9 10 13
6 7 9 10 14
6 7 9 10 15
6 7 9 11 12
6 7 9 11 13
6 7 9 11 14
6 7 9 11 15
6 7 9 12 13
6 7 9 12 14
6 7 9 12 15
6 7 9 13 14
6 7 9 13 15
6 7 9 14 15
6 7 10 11 12
6 7 10 11 13
6 7 10 11 14
6 7 10 11 15
6 7 10 12 13
6 7 10 12 14
6 7 10 12 15
6 7 10 13 14
6 7 10 13 15
6 7 10 14 15
6 7 11 12 13
6 7 11 12 14
6 7 11 12 15
6 7 11 13 14
6 7 11 13 15
6 7 11 14 15
6 7 12 13 14
6 7 12 13 15
6 7 12 14 15
6 7 13 14 15
6 8 9 10 11
6 8 9 10 12
6 8 9 10 13
6 8 9 10 14
6 8 9 10 15
6 8 9 11 12
6 8 9 11 13
6 8 9 11 14
6 8 9 11 15
6 8 9 12 13
6 8 9 12 14
6 8 9 12 15
6 8 9 13 14
6 8 9 13 15
6 8 9 14 15
6 8 10 11 12
6 8 10 11 13
6 8 10 11 14
6 8 10 11 15
6 8 10 12 13
6 8 10 12 14
6 8 10 12 15
6 8 10 13 14
6 8 10 13 15
6 8 10 14 15
6 8 11 12 13
6 8 11 12 14
6 8 11 12 15
6 8 11 13 14
6 8 11 13 15
6 8 11 14 15
6 8 12 13 14
6 8 12 13 15
6 8 12 14 15
6 8 13 14 15
6 9 10 11 12
6 9 10 11 13
6 9 10 11 14
6 9 10 11 15
6 9 10 12 13
6 9 10 12 14
6 9 10 12 15
6 9 10 13 14
6 9 10 13 15
6 9 10 14 15
6 9 11 12 13
6 9 11 12 14
6 9 11 12 15
6 9 11 13 14
6 9 11 13 15
6 9 11 14 15
6 9 12 13 14
6 9 12 13 15
6 9 12 14 15
6 9 13 14 15
6 10 11 12 13
6 10 11 12 14
6 10 11 12 15
6 10 11 13 14
6 10 11 13 15
6 10 11 14 15
6 10 12 13 14
6 10 12 13 15
6 10 12 14 15
6 10 13 14 15
6 11 12 13 14
6 11 12 13 15
6 11 12 14 15
6 11 13 14 15
6 12 13 14 15
7 8 9 10 11
7 8 9 10 12
7 8 9 10 13
7 8 9 10 14
7 8 9 10 15
7 8 9 11 12
7 8 9 11 13
7 8 9 11 14
7 8 9 11 15
7 8 9 12 13
7 8 9 12 14
7 8 9 12 15
7 8 9 13 14
7 8 9 13 15
7 8 9 14 15
7 8 10 11 12
7 8 10 11 13
7 8 10 11 14
7 8 10 11 15
7 8 10 12 13
7 8 10 12 14
7 8 10 12 15
7 8 10 13 14
7 8 10 13 15
7 8 10 14 15
7 8 11 12 13
7 8 11 12 14
7 8 11 12 15
7 8 11 13 14
7 8 11 13 15
7 8 11 14 15
7 8 12 13 14
7 8 12 13 15
7 8 12 14 15
7 8 13 14 15
7 9 10 11 12
7 9 10 11 13
7 9 10 11 14
7 9 10 11 15
7 9 10 12 13
7 9 10 12 14
7 9 10 12 15
7 9 10 13 14
7 9 10 13 15
7 9 10 14 15
7 9 11 12 13
7 9 11 12 14
7 9 11 12 15
7 9 11 13 14
7 9 11 13 15
7 9 11 14 15
7 9 12 13 14
7 9 12 13 15
7 9 12 14 15
7 9 13 14 15
7 10 11 12 13
7 10 11 12 14
7 10 11 12 15
7 10 11 13 14
7 10 11 13 15
7 10 11 14 15
7 10 12 13 14
7 10 12 13 15
7 10 12 14 15
7 10 13 14 15
7 11 12 13 14
7 11 12 13 15
7 11 12 14 15
7 11 13 14 15
7 12 13 14 15
8 9 10 11 12
8 9 10 11 13
8 9 10 11 14
8 9 10 11 15
8 9 10 12 13
8 9 10 12 14
8 9 10 12 15
8 9 10 13 14
8 9 10 13 15
8 9 10 14 15
8 9 11 12 13
8 9 11 12 14
8 9 11 12 15
8 9 11 13 14
8 9 11 13 15
8 9 11 14 15
8 9 12 13 14
8 9 12 13 15
8 9 12 14 15
8 9 13 14 15
8 10 11 12 13
8 10 11 12 14
8 10 11 12 15
8 10 11 13 14
8 10 11 13 15
8 10 11 14 15
8 10 12 13 14
8 10 12 13 15
8 10 12 14 15
8 10 13 14 15
8 11 12 13 14
8 11 12 13 15
8 11 12 14 15
8 11 13 14 15
8 12 13 14 15
9 10 11 12 13
9 10 11 12 14
9 10 11 12 15
9 10 11 13 14
9 10 11 13 15
9 10 11 14 15
9 10 12 13 14
9 10 12 13 15
9 10 12 14 15
9 10 13 14 15
9 11 12 13 14
9 11 12 13 15
9 11 12 14 15
9 11 13 14 15
9 12 13 14 15
10 11 12 13 14
10 11 12 13 15
10 11 12 14 15
10 11 13 14 15
10 12 13 14 15
11 12 13 14 15

Is hamiltonian hermitian? 1
Implicit Hamiltonian constructed
E(core)= 9.189534427600
H(1,1) + E(core) energy = -76.255885102500
Davidson: iter=0 dim=0 root=0 eigenvalue=-85.445419530100
Davidson: iter=1 dim=1 root=0 eigenvalue=-85.510343878771
Davidson: iter=2 dim=2 root=0 eigenvalue=-85.516248054396
Davidson: iter=3 dim=3 root=0 eigenvalue=-85.516656883710
Davidson: iter=4 dim=4 root=0 eigenvalue=-85.516678036666
Davidson: iter=5 dim=5 root=0 eigenvalue=-85.516680053634
Davidson: iter=6 dim=6 root=0 eigenvalue=-85.516680228934
Davidson: iter=7 dim=7 root=0 eigenvalue=-85.516680247704
Davidson: iter=8 dim=8 root=0 eigenvalue=-85.516680249402
Davidson: iter=9 dim=9 root=0 eigenvalue=-85.516680249595
Davidson: iter=10 dim=10 root=0 eigenvalue=-85.516680249610
Davidson: iter=11 dim=11 root=0 eigenvalue=-85.516680249611
root no. 0 converged
Davidson converged in 11 iterations.
E(core)= 9.189534427600
E(0)= -76.327145822011
FCI Excitation energies = 1
0.000000000000

Vacuum coefficients in CI state 0 = -0.984760100069
Eigenvector 0 in string basis
0: -0.984760100069 seniority 0 ... 5
1 2 3 4 5
 | 5
1 2 3 4 5

Seniority vectors for all roots (nroots/seniority)
1 6
0.977655317187 0.004068382114 -0.969834742165 0.155578587926 1.000022496029 0.000000000196

Calculating transition densities
Root 0 MO occupations numbers (density matrix diagonal)
15
1.999993688428 1.993635508547 1.978539562441 1.982677502047 1.983802805426 0.005961172881 0.006033350112 0.007850312927 0.006828605509 0.008430965151 0.012750176996 0.002961554684 0.006629992108 0.002177006269 0.001727796529
Transition densities done:
Trandens between roots 0 0
15 15
1.999993688428 0.000048216112 0.000000000000 0.000042629031 0.000000000000 0.000250187269 0.000000000000 0.000000000000 0.000233778015 0.000072993727 0.000000000000 0.000146534417 0.000000000000 0.000000000000 0.000000000000
0.000048216112 1.993635508547 0.000000000000 0.005479932368 0.000000000000 0.000416745142 0.000000000000 0.000000000000 0.000025030909 0.007783189217 0.000000000000 -0.001586039257 0.000000000000 0.000000000000 0.000000000000
0.000000000000 0.000000000000 1.978539562441 0.000000000000 0.000000000000 0.000000000000 0.000887964699 -0.000416529509 0.000000000000 0.000000000000 0.000000000000 0.000000000000 0.009447035192 0.000000000000 0.000000000000
0.000042629031 0.005479932368 0.000000000000 1.982677502047 0.000000000000 -0.006116765890 0.000000000000 0.000000000000 -0.000219522056 0.001129220836 0.000000000000 -0.006563937935 0.000000000000 0.000000000000 0.000000000000
0.000000000000 0.000000000000 0.000000000000 0.000000000000 1.983802805426 0.000000000000 0.000000000000 0.000000000000 0.000000000000 0.000000000000 0.006335824474 0.000000000000 0.000000000000 0.000000000000 -0.007832446348
0.000250187269 0.000416745142 0.000000000000 -0.006116765890 0.000000000000 0.005961172881 0.000000000000 0.000000000000 0.005294712746 -0.004657833141 0.000000000000 0.002576136404 0.000000000000 0.000000000000 0.000000000000
0.000000000000 0.000000000000 0.000887964699 0.000000000000 0.000000000000 0.000000000000 0.006033350112 0.005532157513 0.000000000000 0.000000000000 0.000000000000 0.000000000000 0.006135941606 0.000000000000 0.000000000000
0.000000000000 0.000000000000 -0.000416529509 0.000000000000 0.000000000000 0.000000000000 0.005532157513 0.007850312927 0.000000000000 0.000000000000 0.000000000000 0.000000000000 0.005032340106 0.000000000000 0.000000000000
0.000233778015 0.000025030909 0.000000000000 -0.000219522056 0.000000000000 0.005294712746 0.000000000000 0.000000000000 0.006828605509 -0.003211674459 0.000000000000 0.001452209626 0.000000000000 0.000000000000 0.000000000000
0.000072993727 0.007783189217 0.000000000000 0.001129220836 0.000000000000 -0.004657833141 0.000000000000 0.000000000000 -0.003211674459 0.008430965151 0.000000000000 -0.002460737274 0.000000000000 0.000000000000 0.000000000000
0.000000000000 0.000000000000 0.000000000000 0.000000000000 0.006335824474 0.000000000000 0.000000000000 0.000000000000 0.000000000000 0.000000000000 0.012750176996 0.000000000000 0.000000000000 0.000000000000 -0.001829301631
0.000146534417 -0.001586039257 0.000000000000 -0.006563937935 0.000000000000 0.002576136404 0.000000000000 0.000000000000 0.001452209626 -0.002460737274 0.000000000000 0.002961554684 0.000000000000 0.000000000000 0.000000000000
0.000000000000 0.000000000000 0.009447035192 0.000000000000 0.000000000000 0.000000000000 0.006135941606 0.005032340106 0.000000000000 0.000000000000 0.000000000000 0.000000000000 0.006629992108 0.000000000000 0.000000000000
0.000000000000 0.000000000000 0.000000000000 0.000000000000 0.000000000000 0.000000000000 0.000000000000 0.000000000000 0.000000000000 0.000000000000 0.000000000000 0.000000000000 0.000000000000 0.002177006269 0.000000000000
0.000000000000 0.000000000000 0.000000000000 0.000000000000 -0.007832446348 0.000000000000 0.000000000000 0.000000000000 0.000000000000 0.000000000000 -0.001829301631 0.000000000000 0.000000000000 0.000000000000 0.001727796529

State 0 :
Natural orbital occupations
15
1.999994687394 1.995943924835 1.983854167722 1.980441429704 1.978585324050 0.017961628076 0.016857477061 0.013017322749 0.004649591191 0.002418302876 0.002177006269 0.002101544988 0.001409288479 0.000500342075 0.000087962586
Natural orbitals (in MO basis)
15 15
0.999887542714 -0.014961787862 -0.000000000000 0.001005203929 -0.000000000000 -0.000000000000 -0.000130582504 -0.000000000000 -0.000116723461 -0.000000000000 -0.000000000000 -0.000073724374 -0.000000000000 -0.000016800906 -0.000000000000
0.013433776593 0.923528846131 0.000000000000 0.383272711663 0.000000000000 0.000000000000 0.002375859612 0.000000000000 -0.002963560027 -0.000000000000 -0.000000000000 -0.000773876029 -0.000000000000 -0.001003106800 -0.000000000000
0.000000000000 0.000000000000 0.000000000000 -0.000000000000 0.999988392869 0.002873734916 0.000000000000 -0.000000000000 0.000000000000 0.002920368564 0.000000000000 0.000000000000 -0.000000000000 -0.000000000000 0.002535196826
0.006663335175 0.383211253944 -0.000000000000 -0.923625338653 -0.000000000000 0.000000000000 0.003012161872 0.000000000000 -0.000209734567 0.000000000000 0.000000000000 0.003294760371 0.000000000000 0.000998027813 0.000000000000
-0.000000000000 -0.000000000000 0.999987003353 0.000000000000 0.000000000000 -0.000000000000 0.000000000000 -0.003800251736 -0.000000000000 0.000000000000 -0.000000000000 0.000000000000 0.003398707428 0.000000000000 0.000000000000
0.000107968705 -0.000998073921 0.000000000000 0.002943950895 -0.000000000000 0.000000000000 0.563654439417 0.000000000000 0.206940834146 -0.000000000000 0.000000000000 0.204869723548 -0.000000000000 0.772973405627 0.000000000000
-0.000000000000 -0.000000000000 0.000000000000 0.000000000000 0.000464505325 -0.568196748296 0.000000000000 0.000000000000 -0.000000000000 -0.273638757878 0.000000000000 0.000000000000 0.000000000000 -0.000000000000 0.776063186633
0.000000000000 -0.000000000000 0.000000000000 -0.000000000000 -0.000197815586 -0.594276638283 0.000000000000 0.000000000000 -0.000000000000 0.788793035586 0.000000000000 -0.000000000000 -0.000000000000 0.000000000000 -0.156973835625
0.000116879089 -0.000042746566 0.000000000000 0.000116059336 -0.000000000000 0.000000000000 0.522389603939 0.000000000000 0.652003373316 0.000000000000 -0.000000000000 -0.250669492110 0.000000000000 -0.489045478097 -0.000000000000
0.000092434190 0.003838644560 -0.000000000000 0.000973271023 -0.000000000000 -0.000000000000 -0.584246472493 -0.000000000000 0.712147051139 0.000000000000 0.000000000000 0.363535982703 0.000000000000 0.139027102469 0.000000000000
-0.000000000000 0.000000000000 0.003217981421 -0.000000000000 -0.000000000000 0.000000000000 0.000000000000 0.987531070519 -0.000000000000 -0.000000000000 -0.000000000000 0.000000000000 0.157391325539 0.000000000000 -0.000000000000
0.000040907755 -0.002004232208 0.000000000000 0.002761210769 0.000000000000 0.000000000000 0.260852638709 0.000000000000 -0.157812640812 0.000000000000 0.000000000000 0.873512067240 0.000000000000 -0.379494527971 -0.000000000000
-0.000000000000 -0.000000000000 0.000000000000 -0.000000000000 0.004791579245 -0.569191948348 0.000000000000 0.000000000000 0.000000000000 -0.550380639780 -0.000000000000 0.000000000000 0.000000000000 0.000000000000 -0.610801701094
0.000000000000 0.000000000000 -0.000000000000 0.000000000000 0.000000000000 0.000000000000 0.000000000000 -0.000000000000 -0.000000000000 0.000000000000 -1.000000000000 0.000000000000 0.000000000000 0.000000000000 0.000000000000
-0.000000000000 0.000000000000 -0.003954455843 0.000000000000 0.000000000000 -0.000000000000 0.000000000000 -0.157378343002 0.000000000000 0.000000000000 0.000000000000 -0.000000000000 0.987530465066 0.000000000000 -0.000000000000

