&FCI NORB=  7,NELEC= 10,MS2=0,
 ORBSYM=1,1,1,1,1,1,1
 ISYM=1,
&END
 0.9842042298     1     1     2     2
 0.0683218404     1     1     2     4
 -0.1256423761     1     1     2     6
 0.8683948867     1     1     3     3
 0.1470956397     1     1     3     7
 0.0683218404     1     1     4     2
 0.9507684774     1     1     4     4
 0.0632284884     1     1     4     6
 0.9980960876     1     1     5     5
 -0.1256423761     1     1     6     2
 0.0632284884     1     1     6     4
 0.3477935918     1     1     6     6
 0.1470956397     1     1     7     3
 0.3252949094     1     1     7     7
 -0.9842042298     1     2     2     1
 -0.0069544442     1     2     2     4
 -0.0009542347     1     2     2     6
 0.0307183862     1     2     3     3
 0.0120872500     1     2     3     7
 -0.0683218404     1     2     4     1
 0.0357109794     1     2     4     4
 0.0067280375     1     2     4     6
 0.0406728967     1     2     5     5
 0.1256423761     1     2     6     1
 0.0063760598     1     2     6     4
 0.0019093259     1     2     6     6
 0.0085525873     1     2     7     3
 0.0048826951     1     2     7     7
 0.0026722415     1     3     2     7
 -0.8683948867     1     3     3     1
 -0.0307183862     1     3     3     2
 -0.0105959693     1     3     3     4
 0.0045565974     1     3     3     6
 -0.0012331011     1     3     4     7
 0.0021201637     1     3     6     7
 -0.1470956397     1     3     7     1
 -0.0085525873     1     3     7     2
 -0.0031379428     1     3     7     4
 0.0043413379     1     3     7     6
 -0.0683218404     1     4     2     1
 0.0069544442     1     4     2     2
 -0.0002307153     1     4     2     6
 0.0105959693     1     4     3     3
 0.0020741880     1     4     3     7
 -0.9507684774     1     4     4     1
 -0.0357109794     1     4     4     2
 0.0090732702     1     4     4     6
 0.0137882082     1     4     5     5
 -0.0632284884     1     4     6     1
 -0.0063760598     1     4     6     2
 0.0040308142     1     4     6     6
 0.0031379428     1     4     7     3
 0.0027306589     1     4     7     7
 -0.9980960876     1     5     5     1
 -0.0406728967     1     5     5     2
 -0.0137882082     1     5     5     4
 0.0088228494     1     5     5     6
 0.1256423761     1     6     2     1
 0.0009542347     1     6     2     2
 0.0002307153     1     6     2     4
 -0.0045565974     1     6     3     3
 -0.0021271542     1     6     3     7
 -0.0632284884     1     6     4     1
 -0.0067280375     1     6     4     2
 -0.0090732702     1     6     4     4
 -0.0088228494     1     6     5     5
 -0.3477935918     1     6     6     1
 -0.0019093259     1     6     6     2
 -0.0040308142     1     6     6     4
 -0.0043413379     1     6     7     3
 -0.0017673807     1     6     7     7
 -0.0026722415     1     7     2     3
 -0.1470956397     1     7     3     1
 -0.0120872500     1     7     3     2
 -0.0020741880     1     7     3     4
 0.0021271542     1     7     3     6
 0.0012331011     1     7     4     3
 -0.0021201637     1     7     6     3
 -0.3252949094     1     7     7     1
 -0.0048826951     1     7     7     2
 -0.0027306589     1     7     7     4
 0.0017673807     1     7     7     6
 -0.9842042298     2     1     1     2
 -0.0683218404     2     1     1     4
 0.1256423761     2     1     1     6
 0.0307183862     2     1     3     3
 0.0085525873     2     1     3     7
 -0.0069544442     2     1     4     2
 0.0357109794     2     1     4     4
 0.0063760598     2     1     4     6
 0.0406728967     2     1     5     5
 -0.0009542347     2     1     6     2
 0.0067280375     2     1     6     4
 0.0019093259     2     1     6     6
 0.0120872500     2     1     7     3
 0.0048826951     2     1     7     7
 0.9842042298     2     2     1     1
 0.0069544442     2     2     1     4
 0.0009542347     2     2     1     6
 0.5274185434     2     2     3     3
 0.0606434532     2     2     3     7
 0.0069544442     2     2     4     1
 0.5506918484     2     2     4     4
 0.0267298929     2     2     4     6
 0.5781186915     2     2     5     5
 0.0009542347     2     2     6     1
 0.0267298929     2     2     6     4
 0.3027439772     2     2     6     6
 0.0606434532     2     2     7     3
 0.2843213780     2     2     7     7
 -0.0026722415     2     3     1     7
 -0.0307183862     2     3     3     1
 -0.5274185434     2     3     3     2
 -0.0021425014     2     3     3     4
 0.0588596271     2     3     3     6
 0.0094597707     2     3     4     7
 -0.0339470160     2     3     6     7
 -0.0120872500     2     3     7     1
 -0.0606434532     2     3     7     2
 0.0018050269     2     3     7     4
 -0.0214632259     2     3     7     6
 0.0683218404     2     4     1     1
 -0.0069544442     2     4     1     2
 0.0002307153     2     4     1     6
 0.0021425014     2     4     3     3
 0.0077912863     2     4     3     7
 -0.0357109794     2     4     4     1
 -0.5506918484     2     4     4     2
 0.0584166088     2     4     4     6
 0.0049705172     2     4     5     5
 -0.0067280375     2     4     6     1
 -0.0267298929     2     4     6     2
 -0.0108488973     2     4     6     6
 -0.0018050269     2     4     7     3
 -0.0125207332     2     4     7     7
 -0.0406728967     2     5     5     1
 -0.5781186915     2     5     5     2
 -0.0049705172     2     5     5     4
 0.0573309252     2     5     5     6
 -0.1256423761     2     6     1     1
 -0.0009542347     2     6     1     2
 -0.0002307153     2     6     1     4
 -0.0588596271     2     6     3     3
 -0.0112489543     2     6     3     7
 -0.0063760598     2     6     4     1
 -0.0267298929     2     6     4     2
 -0.0584166088     2     6     4     4
 -0.0573309252     2     6     5     5
 -0.0019093259     2     6     6     1
 -0.3027439772     2     6     6     2
 0.0108488973     2     6     6     4
 0.0214632259     2     6     7     3
 -0.0081598089     2     6     7     7
 0.0026722415     2     7     1     3
 -0.0085525873     2     7     3     1
 -0.0606434532     2     7     3     2
 -0.0077912863     2     7     3     4
 0.0112489543     2     7     3     6
 -0.0094597707     2     7     4     3
 0.0339470160     2     7     6     3
 -0.0048826951     2     7     7     1
 -0.2843213780     2     7     7     2
 0.0125207332     2     7     7     4
 0.0081598089     2     7     7     6
 -0.8683948867     3     1     1     3
 -0.1470956397     3     1     1     7
 -0.0307183862     3     1     2     3
 -0.0085525873     3     1     2     7
 -0.0105959693     3     1     4     3
 -0.0031379428     3     1     4     7
 0.0045565974     3     1     6     3
 0.0043413379     3     1     6     7
 0.0026722415     3     1     7     2
 -0.0012331011     3     1     7     4
 0.0021201637     3     1     7     6
 -0.0307183862     3     2     1     3
 -0.0120872500     3     2     1     7
 -0.5274185434     3     2     2     3
 -0.0606434532     3     2     2     7
 -0.0021425014     3     2     4     3
 0.0018050269     3     2     4     7
 0.0588596271     3     2     6     3
 -0.0214632259     3     2     6     7
 -0.0026722415     3     2     7     1
 0.0094597707     3     2     7     4
 -0.0339470160     3     2     7     6
 0.8683948867     3     3     1     1
 0.0307183862     3     3     1     2
 0.0105959693     3     3     1     4
 -0.0045565974     3     3     1     6
 0.0307183862     3     3     2     1
 0.5274185434     3     3     2     2
 0.0021425014     3     3     2     4
 -0.0588596271     3     3     2     6
 0.0105959693     3     3     4     1
 0.0021425014     3     3     4     2
 0.5600318340     3     3     4     4
 0.0300187656     3     3     4     6
 0.5835030965     3     3     5     5
 -0.0045565974     3     3     6     1
 -0.0588596271     3     3     6     2
 0.0300187656     3     3     6     4
 0.3062883997     3     3     6     6
 0.2706202171     3     3     7     7
 -0.0105959693     3     4     1     3
 -0.0020741880     3     4     1     7
 -0.0021425014     3     4     2     3
 -0.0077912863     3     4     2     7
 -0.5600318340     3     4     4     3
 -0.0752830661     3     4     4     7
 -0.0300187656     3     4     6     3
 0.0001091158     3     4     6     7
 0.0012331011     3     4     7     1
 -0.0094597707     3     4     7     2
 0.0076339423     3     4     7     6
 -0.5835030965     3     5     5     3
 -0.0777634031     3     5     5     7
 0.0045565974     3     6     1     3
 0.0021271542     3     6     1     7
 0.0588596271     3     6     2     3
 0.0112489543     3     6     2     7
 -0.0300187656     3     6     4     3
 -0.0065825244     3     6     4     7
 -0.3062883997     3     6     6     3
 -0.0255796632     3     6     6     7
 -0.0021201637     3     6     7     1
 0.0339470160     3     6     7     2
 -0.0076339423     3     6     7     4
 0.1470956397     3     7     1     1
 0.0120872500     3     7     1     2
 0.0020741880     3     7     1     4
 -0.0021271542     3     7     1     6
 0.0085525873     3     7     2     1
 0.0606434532     3     7     2     2
 0.0077912863     3     7     2     4
 -0.0112489543     3     7     2     6
 0.0031379428     3     7     4     1
 -0.0018050269     3     7     4     2
 0.0752830661     3     7     4     4
 0.0065825244     3     7     4     6
 0.0777634031     3     7     5     5
 -0.0043413379     3     7     6     1
 0.0214632259     3     7     6     2
 -0.0001091158     3     7     6     4
 0.0255796632     3     7     6     6
 -0.2706202171     3     7     7     3
 -0.0683218404     4     1     1     2
 -0.9507684774     4     1     1     4
 -0.0632284884     4     1     1     6
 0.0069544442     4     1     2     2
 -0.0357109794     4     1     2     4
 -0.0063760598     4     1     2     6
 0.0105959693     4     1     3     3
 0.0031379428     4     1     3     7
 0.0137882082     4     1     5     5
 -0.0002307153     4     1     6     2
 0.0090732702     4     1     6     4
 0.0040308142     4     1     6     6
 0.0020741880     4     1     7     3
 0.0027306589     4     1     7     7
 0.0683218404     4     2     1     1
 -0.0357109794     4     2     1     4
 -0.0067280375     4     2     1     6
 -0.0069544442     4     2     2     1
 -0.5506918484     4     2     2     4
 -0.0267298929     4     2     2     6
 0.0021425014     4     2     3     3
 -0.0018050269     4     2     3     7
 0.0049705172     4     2     5     5
 0.0002307153     4     2     6     1
 0.0584166088     4     2     6     4
 -0.0108488973     4     2     6     6
 0.0077912863     4     2     7     3
 -0.0125207332     4     2     7     7
 0.0012331011     4     3     1     7
 -0.0094597707     4     3     2     7
 -0.0105959693     4     3     3     1
 -0.0021425014     4     3     3     2
 -0.5600318340     4     3     3     4
 -0.0300187656     4     3     3     6
 0.0076339423     4     3     6     7
 -0.0020741880     4     3     7     1
 -0.0077912863     4     3     7     2
 -0.0752830661     4     3     7     4
 0.0001091158     4     3     7     6
 0.9507684774     4     4     1     1
 0.0357109794     4     4     1     2
 -0.0090732702     4     4     1     6
 0.0357109794     4     4     2     1
 0.5506918484     4     4     2     2
 -0.0584166088     4     4     2     6
 0.5600318340     4     4     3     3
 0.0752830661     4     4     3     7
 0.6043596864     4     4     5     5
 -0.0090732702     4     4     6     1
 -0.0584166088     4     4     6     2
 0.2925414186     4     4     6     6
 0.0752830661     4     4     7     3
 0.2742128124     4     4     7     7
 -0.0137882082     4     5     5     1
 -0.0049705172     4     5     5     2
 -0.6043596864     4     5     5     4
 -0.0359019591     4     5     5     6
 0.0632284884     4     6     1     1
 0.0067280375     4     6     1     2
 0.0090732702     4     6     1     4
 0.0063760598     4     6     2     1
 0.0267298929     4     6     2     2
 0.0584166088     4     6     2     4
 0.0300187656     4     6     3     3
 0.0065825244     4     6     3     7
 0.0359019591     4     6     5     5
 -0.0040308142     4     6     6     1
 0.0108488973     4     6     6     2
 -0.2925414186     4     6     6     4
 -0.0001091158     4     6     7     3
 0.0075672746     4     6     7     7
 -0.0012331011     4     7     1     3
 0.0094597707     4     7     2     3
 -0.0031379428     4     7     3     1
 0.0018050269     4     7     3     2
 -0.0752830661     4     7     3     4
 -0.0065825244     4     7     3     6
 -0.0076339423     4     7     6     3
 -0.0027306589     4     7     7     1
 0.0125207332     4     7     7     2
 -0.2742128124     4     7     7     4
 -0.0075672746     4     7     7     6
 -0.9980960876     5     1     1     5
 -0.0406728967     5     1     2     5
 -0.0137882082     5     1     4     5
 0.0088228494     5     1     6     5
 -0.0406728967     5     2     1     5
 -0.5781186915     5     2     2     5
 -0.0049705172     5     2     4     5
 0.0573309252     5     2     6     5
 -0.5835030965     5     3     3     5
 -0.0777634031     5     3     7     5
 -0.0137882082     5     4     1     5
 -0.0049705172     5     4     2     5
 -0.6043596864     5     4     4     5
 -0.0359019591     5     4     6     5
 0.9980960876     5     5     1     1
 0.0406728967     5     5     1     2
 0.0137882082     5     5     1     4
 -0.0088228494     5     5     1     6
 0.0406728967     5     5     2     1
 0.5781186915     5     5     2     2
 0.0049705172     5     5     2     4
 -0.0573309252     5     5     2     6
 0.5835030965     5     5     3     3
 0.0777634031     5     5     3     7
 0.0137882082     5     5     4     1
 0.0049705172     5     5     4     2
 0.6043596864     5     5     4     4
 0.0359019591     5     5     4     6
 -0.0088228494     5     5     6     1
 -0.0573309252     5     5     6     2
 0.0359019591     5     5     6     4
 0.3021531815     5     5     6     6
 0.0777634031     5     5     7     3
 0.2794605764     5     5     7     7
 0.0088228494     5     6     1     5
 0.0573309252     5     6     2     5
 -0.0359019591     5     6     4     5
 -0.3021531815     5     6     6     5
 -0.0777634031     5     7     3     5
 -0.2794605764     5     7     7     5
 0.1256423761     6     1     1     2
 -0.0632284884     6     1     1     4
 -0.3477935918     6     1     1     6
 0.0009542347     6     1     2     2
 -0.0067280375     6     1     2     4
 -0.0019093259     6     1     2     6
 -0.0045565974     6     1     3     3
 -0.0043413379     6     1     3     7
 0.0002307153     6     1     4     2
 -0.0090732702     6     1     4     4
 -0.0040308142     6     1     4     6
 -0.0088228494     6     1     5     5
 -0.0021271542     6     1     7     3
 -0.0017673807     6     1     7     7
 -0.1256423761     6     2     1     1
 -0.0063760598     6     2     1     4
 -0.0019093259     6     2     1     6
 -0.0009542347     6     2     2     1
 -0.0267298929     6     2     2     4
 -0.3027439772     6     2     2     6
 -0.0588596271     6     2     3     3
 0.0214632259     6     2     3     7
 -0.0002307153     6     2     4     1
 -0.0584166088     6     2     4     4
 0.0108488973     6     2     4     6
 -0.0573309252     6     2     5     5
 -0.0112489543     6     2     7     3
 -0.0081598089     6     2     7     7
 -0.0021201637     6     3     1     7
 0.0339470160     6     3     2     7
 0.0045565974     6     3     3     1
 0.0588596271     6     3     3     2
 -0.0300187656     6     3     3     4
 -0.3062883997     6     3     3     6
 -0.0076339423     6     3     4     7
 0.0021271542     6     3     7     1
 0.0112489543     6     3     7     2
 -0.0065825244     6     3     7     4
 -0.0255796632     6     3     7     6
 0.0632284884     6     4     1     1
 0.0063760598     6     4     1     2
 -0.0040308142     6     4     1     6
 0.0067280375     6     4     2     1
 0.0267298929     6     4     2     2
 0.0108488973     6     4     2     6
 0.0300187656     6     4     3     3
 -0.0001091158     6     4     3     7
 0.0090732702     6     4     4     1
 0.0584166088     6     4     4     2
 -0.2925414186     6     4     4     6
 0.0359019591     6     4     5     5
 0.0065825244     6     4     7     3
 0.0075672746     6     4     7     7
 0.0088228494     6     5     5     1
 0.0573309252     6     5     5     2
 -0.0359019591     6     5     5     4
 -0.3021531815     6     5     5     6
 0.3477935918     6     6     1     1
 0.0019093259     6     6     1     2
 0.0040308142     6     6     1     4
 0.0019093259     6     6     2     1
 0.3027439772     6     6     2     2
 -0.0108488973     6     6     2     4
 0.3062883997     6     6     3     3
 0.0255796632     6     6     3     7
 0.0040308142     6     6     4     1
 -0.0108488973     6     6     4     2
 0.2925414186     6     6     4     4
 0.3021531815     6     6     5     5
 0.0255796632     6     6     7     3
 0.1876531684     6     6     7     7
 0.0021201637     6     7     1     3
 -0.0339470160     6     7     2     3
 0.0043413379     6     7     3     1
 -0.0214632259     6     7     3     2
 0.0001091158     6     7     3     4
 -0.0255796632     6     7     3     6
 0.0076339423     6     7     4     3
 0.0017673807     6     7     7     1
 0.0081598089     6     7     7     2
 -0.0075672746     6     7     7     4
 -0.1876531684     6     7     7     6
 -0.1470956397     7     1     1     3
 -0.3252949094     7     1     1     7
 -0.0120872500     7     1     2     3
 -0.0048826951     7     1     2     7
 -0.0026722415     7     1     3     2
 0.0012331011     7     1     3     4
 -0.0021201637     7     1     3     6
 -0.0020741880     7     1     4     3
 -0.0027306589     7     1     4     7
 0.0021271542     7     1     6     3
 0.0017673807     7     1     6     7
 -0.0085525873     7     2     1     3
 -0.0048826951     7     2     1     7
 -0.0606434532     7     2     2     3
 -0.2843213780     7     2     2     7
 0.0026722415     7     2     3     1
 -0.0094597707     7     2     3     4
 0.0339470160     7     2     3     6
 -0.0077912863     7     2     4     3
 0.0125207332     7     2     4     7
 0.0112489543     7     2     6     3
 0.0081598089     7     2     6     7
 0.1470956397     7     3     1     1
 0.0085525873     7     3     1     2
 0.0031379428     7     3     1     4
 -0.0043413379     7     3     1     6
 0.0120872500     7     3     2     1
 0.0606434532     7     3     2     2
 -0.0018050269     7     3     2     4
 0.0214632259     7     3     2     6
 -0.2706202171     7     3     3     7
 0.0020741880     7     3     4     1
 0.0077912863     7     3     4     2
 0.0752830661     7     3     4     4
 -0.0001091158     7     3     4     6
 0.0777634031     7     3     5     5
 -0.0021271542     7     3     6     1
 -0.0112489543     7     3     6     2
 0.0065825244     7     3     6     4
 0.0255796632     7     3     6     6
 -0.0031379428     7     4     1     3
 -0.0027306589     7     4     1     7
 0.0018050269     7     4     2     3
 0.0125207332     7     4     2     7
 -0.0012331011     7     4     3     1
 0.0094597707     7     4     3     2
 -0.0076339423     7     4     3     6
 -0.0752830661     7     4     4     3
 -0.2742128124     7     4     4     7
 -0.0065825244     7     4     6     3
 -0.0075672746     7     4     6     7
 -0.0777634031     7     5     5     3
 -0.2794605764     7     5     5     7
 0.0043413379     7     6     1     3
 0.0017673807     7     6     1     7
 -0.0214632259     7     6     2     3
 0.0081598089     7     6     2     7
 0.0021201637     7     6     3     1
 -0.0339470160     7     6     3     2
 0.0076339423     7     6     3     4
 0.0001091158     7     6     4     3
 -0.0075672746     7     6     4     7
 -0.0255796632     7     6     6     3
 -0.1876531684     7     6     6     7
 0.3252949094     7     7     1     1
 0.0048826951     7     7     1     2
 0.0027306589     7     7     1     4
 -0.0017673807     7     7     1     6
 0.0048826951     7     7     2     1
 0.2843213780     7     7     2     2
 -0.0125207332     7     7     2     4
 -0.0081598089     7     7     2     6
 0.2706202171     7     7     3     3
 0.0027306589     7     7     4     1
 -0.0125207332     7     7     4     2
 0.2742128124     7     7     4     4
 0.0075672746     7     7     4     6
 0.2794605764     7     7     5     5
 -0.0017673807     7     7     6     1
 -0.0081598089     7     7     6     2
 0.0075672746     7     7     6     4
 0.1876531684     7     7     6     6
0.0 0 0 0 0
 0.9842042298     1     1     2     2
 0.0683218404     1     1     2     4
 -0.1256423761     1     1     2     6
 0.8683948867     1     1     3     3
 0.1470956397     1     1     3     7
 0.0683218404     1     1     4     2
 0.9507684774     1     1     4     4
 0.0632284884     1     1     4     6
 0.9980960876     1     1     5     5
 -0.1256423761     1     1     6     2
 0.0632284884     1     1     6     4
 0.3477935918     1     1     6     6
 0.1470956397     1     1     7     3
 0.3252949094     1     1     7     7
 -0.9842042298     1     2     2     1
 -0.0069544442     1     2     2     4
 -0.0009542347     1     2     2     6
 0.0307183862     1     2     3     3
 0.0120872500     1     2     3     7
 -0.0683218404     1     2     4     1
 0.0357109794     1     2     4     4
 0.0067280375     1     2     4     6
 0.0406728967     1     2     5     5
 0.1256423761     1     2     6     1
 0.0063760598     1     2     6     4
 0.0019093259     1     2     6     6
 0.0085525873     1     2     7     3
 0.0048826951     1     2     7     7
 0.0026722415     1     3     2     7
 -0.8683948867     1     3     3     1
 -0.0307183862     1     3     3     2
 -0.0105959693     1     3     3     4
 0.0045565974     1     3     3     6
 -0.0012331011     1     3     4     7
 0.0021201637     1     3     6     7
 -0.1470956397     1     3     7     1
 -0.0085525873     1     3     7     2
 -0.0031379428     1     3     7     4
 0.0043413379     1     3     7     6
 -0.0683218404     1     4     2     1
 0.0069544442     1     4     2     2
 -0.0002307153     1     4     2     6
 0.0105959693     1     4     3     3
 0.0020741880     1     4     3     7
 -0.9507684774     1     4     4     1
 -0.0357109794     1     4     4     2
 0.0090732702     1     4     4     6
 0.0137882082     1     4     5     5
 -0.0632284884     1     4     6     1
 -0.0063760598     1     4     6     2
 0.0040308142     1     4     6     6
 0.0031379428     1     4     7     3
 0.0027306589     1     4     7     7
 -0.9980960876     1     5     5     1
 -0.0406728967     1     5     5     2
 -0.0137882082     1     5     5     4
 0.0088228494     1     5     5     6
 0.1256423761     1     6     2     1
 0.0009542347     1     6     2     2
 0.0002307153     1     6     2     4
 -0.0045565974     1     6     3     3
 -0.0021271542     1     6     3     7
 -0.0632284884     1     6     4     1
 -0.0067280375     1     6     4     2
 -0.0090732702     1     6     4     4
 -0.0088228494     1     6     5     5
 -0.3477935918     1     6     6     1
 -0.0019093259     1     6     6     2
 -0.0040308142     1     6     6     4
 -0.0043413379     1     6     7     3
 -0.0017673807     1     6     7     7
 -0.0026722415     1     7     2     3
 -0.1470956397     1     7     3     1
 -0.0120872500     1     7     3     2
 -0.0020741880     1     7     3     4
 0.0021271542     1     7     3     6
 0.0012331011     1     7     4     3
 -0.0021201637     1     7     6     3
 -0.3252949094     1     7     7     1
 -0.0048826951     1     7     7     2
 -0.0027306589     1     7     7     4
 0.0017673807     1     7     7     6
 -0.9842042298     2     1     1     2
 -0.0683218404     2     1     1     4
 0.1256423761     2     1     1     6
 0.0307183862     2     1     3     3
 0.0085525873     2     1     3     7
 -0.0069544442     2     1     4     2
 0.0357109794     2     1     4     4
 0.0063760598     2     1     4     6
 0.0406728967     2     1     5     5
 -0.0009542347     2     1     6     2
 0.0067280375     2     1     6     4
 0.0019093259     2     1     6     6
 0.0120872500     2     1     7     3
 0.0048826951     2     1     7     7
 0.9842042298     2     2     1     1
 0.0069544442     2     2     1     4
 0.0009542347     2     2     1     6
 0.5274185434     2     2     3     3
 0.0606434532     2     2     3     7
 0.0069544442     2     2     4     1
 0.5506918484     2     2     4     4
 0.0267298929     2     2     4     6
 0.5781186915     2     2     5     5
 0.0009542347     2     2     6     1
 0.0267298929     2     2     6     4
 0.3027439772     2     2     6     6
 0.0606434532     2     2     7     3
 0.2843213780     2     2     7     7
 -0.0026722415     2     3     1     7
 -0.0307183862     2     3     3     1
 -0.5274185434     2     3     3     2
 -0.0021425014     2     3     3     4
 0.0588596271     2     3     3     6
 0.0094597707     2     3     4     7
 -0.0339470160     2     3     6     7
 -0.0120872500     2     3     7     1
 -0.0606434532     2     3     7     2
 0.0018050269     2     3     7     4
 -0.0214632259     2     3     7     6
 0.0683218404     2     4     1     1
 -0.0069544442     2     4     1     2
 0.0002307153     2     4     1     6
 0.0021425014     2     4     3     3
 0.0077912863     2     4     3     7
 -0.0357109794     2     4     4     1
 -0.5506918484     2     4     4     2
 0.0584166088     2     4     4     6
 0.0049705172     2     4     5     5
 -0.0067280375     2     4     6     1
 -0.0267298929     2     4     6     2
 -0.0108488973     2     4     6     6
 -0.0018050269     2     4     7     3
 -0.0125207332     2     4     7     7
 -0.0406728967     2     5     5     1
 -0.5781186915     2     5     5     2
 -0.0049705172     2     5     5     4
 0.0573309252     2     5     5     6
 -0.1256423761     2     6     1     1
 -0.0009542347     2     6     1     2
 -0.0002307153     2     6     1     4
 -0.0588596271     2     6     3     3
 -0.0112489543     2     6     3     7
 -0.0063760598     2     6     4     1
 -0.0267298929     2     6     4     2
 -0.0584166088     2     6     4     4
 -0.0573309252     2     6     5     5
 -0.0019093259     2     6     6     1
 -0.3027439772     2     6     6     2
 0.0108488973     2     6     6     4
 0.0214632259     2     6     7     3
 -0.0081598089     2     6     7     7
 0.0026722415     2     7     1     3
 -0.0085525873     2     7     3     1
 -0.0606434532     2     7     3     2
 -0.0077912863     2     7     3     4
 0.0112489543     2     7     3     6
 -0.0094597707     2     7     4     3
 0.0339470160     2     7     6     3
 -0.0048826951     2     7     7     1
 -0.2843213780     2     7     7     2
 0.0125207332     2     7     7     4
 0.0081598089     2     7     7     6
 -0.8683948867     3     1     1     3
 -0.1470956397     3     1     1     7
 -0.0307183862     3     1     2     3
 -0.0085525873     3     1     2     7
 -0.0105959693     3     1     4     3
 -0.0031379428     3     1     4     7
 0.0045565974     3     1     6     3
 0.0043413379     3     1     6     7
 0.0026722415     3     1     7     2
 -0.0012331011     3     1     7     4
 0.0021201637     3     1     7     6
 -0.0307183862     3     2     1     3
 -0.0120872500     3     2     1     7
 -0.5274185434     3     2     2     3
 -0.0606434532     3     2     2     7
 -0.0021425014     3     2     4     3
 0.0018050269     3     2     4     7
 0.0588596271     3     2     6     3
 -0.0214632259     3     2     6     7
 -0.0026722415     3     2     7     1
 0.0094597707     3     2     7     4
 -0.0339470160     3     2     7     6
 0.8683948867     3     3     1     1
 0.0307183862     3     3     1     2
 0.0105959693     3     3     1     4
 -0.0045565974     3     3     1     6
 0.0307183862     3     3     2     1
 0.5274185434     3     3     2     2
 0.0021425014     3     3     2     4
 -0.0588596271     3     3     2     6
 0.0105959693     3     3     4     1
 0.0021425014     3     3     4     2
 0.5600318340     3     3     4     4
 0.0300187656     3     3     4     6
 0.5835030965     3     3     5     5
 -0.0045565974     3     3     6     1
 -0.0588596271     3     3     6     2
 0.0300187656     3     3     6     4
 0.3062883997     3     3     6     6
 0.2706202171     3     3     7     7
 -0.0105959693     3     4     1     3
 -0.0020741880     3     4     1     7
 -0.0021425014     3     4     2     3
 -0.0077912863     3     4     2     7
 -0.5600318340     3     4     4     3
 -0.0752830661     3     4     4     7
 -0.0300187656     3     4     6     3
 0.0001091158     3     4     6     7
 0.0012331011     3     4     7     1
 -0.0094597707     3     4     7     2
 0.0076339423     3     4     7     6
 -0.5835030965     3     5     5     3
 -0.0777634031     3     5     5     7
 0.0045565974     3     6     1     3
 0.0021271542     3     6     1     7
 0.0588596271     3     6     2     3
 0.0112489543     3     6     2     7
 -0.0300187656     3     6     4     3
 -0.0065825244     3     6     4     7
 -0.3062883997     3     6     6     3
 -0.0255796632     3     6     6     7
 -0.0021201637     3     6     7     1
 0.0339470160     3     6     7     2
 -0.0076339423     3     6     7     4
 0.1470956397     3     7     1     1
 0.0120872500     3     7     1     2
 0.0020741880     3     7     1     4
 -0.0021271542     3     7     1     6
 0.0085525873     3     7     2     1
 0.0606434532     3     7     2     2
 0.0077912863     3     7     2     4
 -0.0112489543     3     7     2     6
 0.0031379428     3     7     4     1
 -0.0018050269     3     7     4     2
 0.0752830661     3     7     4     4
 0.0065825244     3     7     4     6
 0.0777634031     3     7     5     5
 -0.0043413379     3     7     6     1
 0.0214632259     3     7     6     2
 -0.0001091158     3     7     6     4
 0.0255796632     3     7     6     6
 -0.2706202171     3     7     7     3
 -0.0683218404     4     1     1     2
 -0.9507684774     4     1     1     4
 -0.0632284884     4     1     1     6
 0.0069544442     4     1     2     2
 -0.0357109794     4     1     2     4
 -0.0063760598     4     1     2     6
 0.0105959693     4     1     3     3
 0.0031379428     4     1     3     7
 0.0137882082     4     1     5     5
 -0.0002307153     4     1     6     2
 0.0090732702     4     1     6     4
 0.0040308142     4     1     6     6
 0.0020741880     4     1     7     3
 0.0027306589     4     1     7     7
 0.0683218404     4     2     1     1
 -0.0357109794     4     2     1     4
 -0.0067280375     4     2     1     6
 -0.0069544442     4     2     2     1
 -0.5506918484     4     2     2     4
 -0.0267298929     4     2     2     6
 0.0021425014     4     2     3     3
 -0.0018050269     4     2     3     7
 0.0049705172     4     2     5     5
 0.0002307153     4     2     6     1
 0.0584166088     4     2     6     4
 -0.0108488973     4     2     6     6
 0.0077912863     4     2     7     3
 -0.0125207332     4     2     7     7
 0.0012331011     4     3     1     7
 -0.0094597707     4     3     2     7
 -0.0105959693     4     3     3     1
 -0.0021425014     4     3     3     2
 -0.5600318340     4     3     3     4
 -0.0300187656     4     3     3     6
 0.0076339423     4     3     6     7
 -0.0020741880     4     3     7     1
 -0.0077912863     4     3     7     2
 -0.0752830661     4     3     7     4
 0.0001091158     4     3     7     6
 0.9507684774     4     4     1     1
 0.0357109794     4     4     1     2
 -0.0090732702     4     4     1     6
 0.0357109794     4     4     2     1
 0.5506918484     4     4     2     2
 -0.0584166088     4     4     2     6
 0.5600318340     4     4     3     3
 0.0752830661     4     4     3     7
 0.6043596864     4     4     5     5
 -0.0090732702     4     4     6     1
 -0.0584166088     4     4     6     2
 0.2925414186     4     4     6     6
 0.0752830661     4     4     7     3
 0.2742128124     4     4     7     7
 -0.0137882082     4     5     5     1
 -0.0049705172     4     5     5     2
 -0.6043596864     4     5     5     4
 -0.0359019591     4     5     5     6
 0.0632284884     4     6     1     1
 0.0067280375     4     6     1     2
 0.0090732702     4     6     1     4
 0.0063760598     4     6     2     1
 0.0267298929     4     6     2     2
 0.0584166088     4     6     2     4
 0.0300187656     4     6     3     3
 0.0065825244     4     6     3     7
 0.0359019591     4     6     5     5
 -0.0040308142     4     6     6     1
 0.0108488973     4     6     6     2
 -0.2925414186     4     6     6     4
 -0.0001091158     4     6     7     3
 0.0075672746     4     6     7     7
 -0.0012331011     4     7     1     3
 0.0094597707     4     7     2     3
 -0.0031379428     4     7     3     1
 0.0018050269     4     7     3     2
 -0.0752830661     4     7     3     4
 -0.0065825244     4     7     3     6
 -0.0076339423     4     7     6     3
 -0.0027306589     4     7     7     1
 0.0125207332     4     7     7     2
 -0.2742128124     4     7     7     4
 -0.0075672746     4     7     7     6
 -0.9980960876     5     1     1     5
 -0.0406728967     5     1     2     5
 -0.0137882082     5     1     4     5
 0.0088228494     5     1     6     5
 -0.0406728967     5     2     1     5
 -0.5781186915     5     2     2     5
 -0.0049705172     5     2     4     5
 0.0573309252     5     2     6     5
 -0.5835030965     5     3     3     5
 -0.0777634031     5     3     7     5
 -0.0137882082     5     4     1     5
 -0.0049705172     5     4     2     5
 -0.6043596864     5     4     4     5
 -0.0359019591     5     4     6     5
 0.9980960876     5     5     1     1
 0.0406728967     5     5     1     2
 0.0137882082     5     5     1     4
 -0.0088228494     5     5     1     6
 0.0406728967     5     5     2     1
 0.5781186915     5     5     2     2
 0.0049705172     5     5     2     4
 -0.0573309252     5     5     2     6
 0.5835030965     5     5     3     3
 0.0777634031     5     5     3     7
 0.0137882082     5     5     4     1
 0.0049705172     5     5     4     2
 0.6043596864     5     5     4     4
 0.0359019591     5     5     4     6
 -0.0088228494     5     5     6     1
 -0.0573309252     5     5     6     2
 0.0359019591     5     5     6     4
 0.3021531815     5     5     6     6
 0.0777634031     5     5     7     3
 0.2794605764     5     5     7     7
 0.0088228494     5     6     1     5
 0.0573309252     5     6     2     5
 -0.0359019591     5     6     4     5
 -0.3021531815     5     6     6     5
 -0.0777634031     5     7     3     5
 -0.2794605764     5     7     7     5
 0.1256423761     6     1     1     2
 -0.0632284884     6     1     1     4
 -0.3477935918     6     1     1     6
 0.0009542347     6     1     2     2
 -0.0067280375     6     1     2     4
 -0.0019093259     6     1     2     6
 -0.0045565974     6     1     3     3
 -0.0043413379     6     1     3     7
 0.0002307153     6     1     4     2
 -0.0090732702     6     1     4     4
 -0.0040308142     6     1     4     6
 -0.0088228494     6     1     5     5
 -0.0021271542     6     1     7     3
 -0.0017673807     6     1     7     7
 -0.1256423761     6     2     1     1
 -0.0063760598     6     2     1     4
 -0.0019093259     6     2     1     6
 -0.0009542347     6     2     2     1
 -0.0267298929     6     2     2     4
 -0.3027439772     6     2     2     6
 -0.0588596271     6     2     3     3
 0.0214632259     6     2     3     7
 -0.0002307153     6     2     4     1
 -0.0584166088     6     2     4     4
 0.0108488973     6     2     4     6
 -0.0573309252     6     2     5     5
 -0.0112489543     6     2     7     3
 -0.0081598089     6     2     7     7
 -0.0021201637     6     3     1     7
 0.0339470160     6     3     2     7
 0.0045565974     6     3     3     1
 0.0588596271     6     3     3     2
 -0.0300187656     6     3     3     4
 -0.3062883997     6     3     3     6
 -0.0076339423     6     3     4     7
 0.0021271542     6     3     7     1
 0.0112489543     6     3     7     2
 -0.0065825244     6     3     7     4
 -0.0255796632     6     3     7     6
 0.0632284884     6     4     1     1
 0.0063760598     6     4     1     2
 -0.0040308142     6     4     1     6
 0.0067280375     6     4     2     1
 0.0267298929     6     4     2     2
 0.0108488973     6     4     2     6
 0.0300187656     6     4     3     3
 -0.0001091158     6     4     3     7
 0.0090732702     6     4     4     1
 0.0584166088     6     4     4     2
 -0.2925414186     6     4     4     6
 0.0359019591     6     4     5     5
 0.0065825244     6     4     7     3
 0.0075672746     6     4     7     7
 0.0088228494     6     5     5     1
 0.0573309252     6     5     5     2
 -0.0359019591     6     5     5     4
 -0.3021531815     6     5     5     6
 0.3477935918     6     6     1     1
 0.0019093259     6     6     1     2
 0.0040308142     6     6     1     4
 0.0019093259     6     6     2     1
 0.3027439772     6     6     2     2
 -0.0108488973     6     6     2     4
 0.3062883997     6     6     3     3
 0.0255796632     6     6     3     7
 0.0040308142     6     6     4     1
 -0.0108488973     6     6     4     2
 0.2925414186     6     6     4     4
 0.3021531815     6     6     5     5
 0.0255796632     6     6     7     3
 0.1876531684     6     6     7     7
 0.0021201637     6     7     1     3
 -0.0339470160     6     7     2     3
 0.0043413379     6     7     3     1
 -0.0214632259     6     7     3     2
 0.0001091158     6     7     3     4
 -0.0255796632     6     7     3     6
 0.0076339423     6     7     4     3
 0.0017673807     6     7     7     1
 0.0081598089     6     7     7     2
 -0.0075672746     6     7     7     4
 -0.1876531684     6     7     7     6
 -0.1470956397     7     1     1     3
 -0.3252949094     7     1     1     7
 -0.0120872500     7     1     2     3
 -0.0048826951     7     1     2     7
 -0.0026722415     7     1     3     2
 0.0012331011     7     1     3     4
 -0.0021201637     7     1     3     6
 -0.0020741880     7     1     4     3
 -0.0027306589     7     1     4     7
 0.0021271542     7     1     6     3
 0.0017673807     7     1     6     7
 -0.0085525873     7     2     1     3
 -0.0048826951     7     2     1     7
 -0.0606434532     7     2     2     3
 -0.2843213780     7     2     2     7
 0.0026722415     7     2     3     1
 -0.0094597707     7     2     3     4
 0.0339470160     7     2     3     6
 -0.0077912863     7     2     4     3
 0.0125207332     7     2     4     7
 0.0112489543     7     2     6     3
 0.0081598089     7     2     6     7
 0.1470956397     7     3     1     1
 0.0085525873     7     3     1     2
 0.0031379428     7     3     1     4
 -0.0043413379     7     3     1     6
 0.0120872500     7     3     2     1
 0.0606434532     7     3     2     2
 -0.0018050269     7     3     2     4
 0.0214632259     7     3     2     6
 -0.2706202171     7     3     3     7
 0.0020741880     7     3     4     1
 0.0077912863     7     3     4     2
 0.0752830661     7     3     4     4
 -0.0001091158     7     3     4     6
 0.0777634031     7     3     5     5
 -0.0021271542     7     3     6     1
 -0.0112489543     7     3     6     2
 0.0065825244     7     3     6     4
 0.0255796632     7     3     6     6
 -0.0031379428     7     4     1     3
 -0.0027306589     7     4     1     7
 0.0018050269     7     4     2     3
 0.0125207332     7     4     2     7
 -0.0012331011     7     4     3     1
 0.0094597707     7     4     3     2
 -0.0076339423     7     4     3     6
 -0.0752830661     7     4     4     3
 -0.2742128124     7     4     4     7
 -0.0065825244     7     4     6     3
 -0.0075672746     7     4     6     7
 -0.0777634031     7     5     5     3
 -0.2794605764     7     5     5     7
 0.0043413379     7     6     1     3
 0.0017673807     7     6     1     7
 -0.0214632259     7     6     2     3
 0.0081598089     7     6     2     7
 0.0021201637     7     6     3     1
 -0.0339470160     7     6     3     2
 0.0076339423     7     6     3     4
 0.0001091158     7     6     4     3
 -0.0075672746     7     6     4     7
 -0.0255796632     7     6     6     3
 -0.1876531684     7     6     6     7
 0.3252949094     7     7     1     1
 0.0048826951     7     7     1     2
 0.0027306589     7     7     1     4
 -0.0017673807     7     7     1     6
 0.0048826951     7     7     2     1
 0.2843213780     7     7     2     2
 -0.0125207332     7     7     2     4
 -0.0081598089     7     7     2     6
 0.2706202171     7     7     3     3
 0.0027306589     7     7     4     1
 -0.0125207332     7     7     4     2
 0.2742128124     7     7     4     4
 0.0075672746     7     7     4     6
 0.2794605764     7     7     5     5
 -0.0017673807     7     7     6     1
 -0.0081598089     7     7     6     2
 0.0075672746     7     7     6     4
 0.1876531684     7     7     6     6
0.0 0 0 0 0
 4.7302010082     1     1     1     1
 0.4308548524     1     1     1     2
 0.1378700411     1     1     1     4
 -0.1261185171     1     1     1     6
 0.4308548524     1     1     2     1
 1.0478606004     1     1     2     2
 0.0846400633     1     1     2     4
 -0.1472673674     1     1     2     6
 0.8892367283     1     1     3     3
 0.1574421415     1     1     3     7
 0.1378700411     1     1     4     1
 0.0846400633     1     1     4     2
 0.9816105365     1     1     4     4
 0.0636370370     1     1     4     6
 1.0288107145     1     1     5     5
 -0.1261185171     1     1     6     1
 -0.1472673674     1     1     6     2
 0.0636370370     1     1     6     4
 0.3550814756     1     1     6     6
 0.1574421415     1     1     7     3
 0.3295325831     1     1     7     7
 0.4308548524     1     2     1     1
 0.0600018005     1     2     1     2
 0.0162290387     1     2     1     4
 -0.0205002286     1     2     1     6
 0.0636563706     1     2     2     1
 0.0145091633     1     2     2     2
 0.0076267150     1     2     2     4
 -0.0023344760     1     2     2     6
 0.0069966043     1     2     3     3
 0.0010501091     1     2     3     7
 0.0163182229     1     2     4     1
 0.0078883785     1     2     4     2
 0.0130277370     1     2     4     4
 -0.0010085907     1     2     4     6
 0.0116916380     1     2     5     5
 -0.0216249913     1     2     6     1
 -0.0012528986     1     2     6     2
 -0.0011469280     1     2     6     4
 0.0012740058     1     2     6     6
 0.0002859910     1     2     7     3
 0.0013834931     1     2     7     7
 0.0170120491     1     3     1     3
 0.0094375717     1     3     1     7
 -0.0229821118     1     3     2     3
 -0.0081044284     1     3     2     7
 0.0208418416     1     3     3     1
 -0.0237217819     1     3     3     2
 -0.0030341890     1     3     3     4
 0.0039894733     1     3     3     6
 -0.0026783430     1     3     4     3
 -0.0029475472     1     3     4     7
 0.0037971011     1     3     6     3
 0.0038855581     1     3     6     7
 0.0103465018     1     3     7     1
 -0.0082665963     1     3     7     2
 -0.0028235687     1     3     7     4
 0.0039214966     1     3     7     6
 0.1378700411     1     4     1     1
 0.0162290387     1     4     1     2
 0.0266452808     1     4     1     4
 0.0000771260     1     4     1     6
 0.0163182229     1     4     2     1
 0.0145811592     1     4     2     2
 -0.0220737959     1     4     2     4
 -0.0077159439     1     4     2     6
 0.0075617803     1     4     3     3
 0.0002806451     1     4     3     7
 0.0308420591     1     4     4     1
 -0.0226832424     1     4     4     2
 -0.0082692686     1     4     4     4
 0.0030537641     1     4     4     6
 0.0047679366     1     4     5     5
 0.0004085486     1     4     6     1
 -0.0075229878     1     4     6     2
 0.0026720717     1     4     6     4
 0.0049500922     1     4     6     6
 0.0003143741     1     4     7     3
 0.0014026714     1     4     7     7
 0.0261753432     1     5     1     5
 -0.0286833152     1     5     2     5
 -0.0087197944     1     5     4     5
 0.0307146269     1     5     5     1
 -0.0289812587     1     5     5     2
 -0.0090202716     1     5     5     4
 0.0065929460     1     5     5     6
 0.0059367040     1     5     6     5
 -0.1261185171     1     6     1     1
 -0.0205002286     1     6     1     2
 0.0000771260     1     6     1     4
 0.0080201393     1     6     1     6
 -0.0216249913     1     6     2     1
 -0.0013802413     1     6     2     2
 -0.0074852286     1     6     2     4
 -0.0011424459     1     6     2     6
 -0.0005671241     1     6     3     3
 0.0000255591     1     6     3     7
 0.0004085486     1     6     4     1
 -0.0077366282     1     6     4     2
 -0.0060195061     1     6     4     4
 0.0014044378     1     6     4     6
 -0.0022299034     1     6     5     5
 0.0072878838     1     6     6     1
 -0.0006353201     1     6     6     2
 0.0009192780     1     6     6     4
 0.0005626649     1     6     6     6
 -0.0004198413     1     6     7     3
 -0.0001261928     1     6     7     7
 0.0094375717     1     7     1     3
 0.0045924882     1     7     1     7
 -0.0107766699     1     7     2     3
 -0.0038732125     1     7     2     7
 0.0103465018     1     7     3     1
 -0.0110371409     1     7     3     2
 -0.0017935429     1     7     3     4
 0.0021527133     1     7     3     6
 -0.0017144461     1     7     4     3
 -0.0014097104     1     7     4     7
 0.0017653944     1     7     6     3
 0.0016377831     1     7     6     7
 0.0042376737     1     7     7     1
 -0.0034992020     1     7     7     2
 -0.0013279875     1     7     7     4
 0.0016411879     1     7     7     6
 0.4308548524     2     1     1     1
 0.0636563706     2     1     1     2
 0.0163182229     2     1     1     4
 -0.0216249913     2     1     1     6
 0.0600018005     2     1     2     1
 0.0145091633     2     1     2     2
 0.0078883785     2     1     2     4
 -0.0012528986     2     1     2     6
 0.0069966043     2     1     3     3
 0.0002859910     2     1     3     7
 0.0162290387     2     1     4     1
 0.0076267150     2     1     4     2
 0.0130277370     2     1     4     4
 -0.0011469280     2     1     4     6
 0.0116916380     2     1     5     5
 -0.0205002286     2     1     6     1
 -0.0023344760     2     1     6     2
 -0.0010085907     2     1     6     4
 0.0012740058     2     1     6     6
 0.0010501091     2     1     7     3
 0.0013834931     2     1     7     7
 1.0478606004     2     2     1     1
 0.0145091633     2     2     1     2
 0.0145811592     2     2     1     4
 -0.0013802413     2     2     1     6
 0.0145091633     2     2     2     1
 0.7450557644     2     2     2     2
 -0.0172924167     2     2     2     4
 -0.0850856774     2     2     2     6
 0.6750508433     2     2     3     3
 0.0924083580     2     2     3     7
 0.0145811592     2     2     4     1
 -0.0172924167     2     2     4     2
 0.6698288982     2     2     4     4
 0.0415380958     2     2     4     6
 0.6999309128     2     2     5     5
 -0.0013802413     2     2     6     1
 -0.0850856774     2     2     6     2
 0.0415380958     2     2     6     4
 0.3266666861     2     2     6     6
 0.0924083580     2     2     7     3
 0.2962203621     2     2     7     7
 -0.0229821118     2     3     1     3
 -0.0107766699     2     3     1     7
 0.1431817619     2     3     2     3
 0.0324810296     2     3     2     7
 -0.0237217819     2     3     3     1
 0.1476322999     2     3     3     2
 -0.0142041385     2     3     3     4
 -0.0028049605     2     3     3     6
 -0.0146084709     2     3     4     3
 0.0158326656     2     3     4     7
 -0.0032477668     2     3     6     3
 -0.0415495871     2     3     6     7
 -0.0110371409     2     3     7     1
 0.0317649048     2     3     7     2
 0.0146724800     2     3     7     4
 -0.0414653242     2     3     7     6
 0.0846400633     2     4     1     1
 0.0076267150     2     4     1     2
 -0.0220737959     2     4     1     4
 -0.0074852286     2     4     1     6
 0.0078883785     2     4     2     1
 -0.0172924167     2     4     2     2
 0.1148006452     2     4     2     4
 0.0147544018     2     4     2     6
 -0.0120616371     2     4     3     3
 0.0139923230     2     4     3     7
 -0.0226832424     2     4     4     1
 0.1191370498     2     4     4     2
 0.0638172182     2     4     4     4
 -0.0001404983     2     4     4     6
 0.0325953153     2     4     5     5
 -0.0077366282     2     4     6     1
 0.0148082029     2     4     6     2
 -0.0002610058     2     4     6     4
 -0.0237675486     2     4     6     6
 0.0128674531     2     4     7     3
 -0.0102874902     2     4     7     7
 -0.0286833152     2     5     1     5
 0.1180375048     2     5     2     5
 0.0276054583     2     5     4     5
 -0.0289812587     2     5     5     1
 0.1218122213     2     5     5     2
 0.0276247981     2     5     5     4
 -0.0185832936     2     5     5     6
 -0.0176611688     2     5     6     5
 -0.1472673674     2     6     1     1
 -0.0023344760     2     6     1     2
 -0.0077159439     2     6     1     4
 -0.0011424459     2     6     1     6
 -0.0012528986     2     6     2     1
 -0.0850856774     2     6     2     2
 0.0147544018     2     6     2     4
 0.0291364414     2     6     2     6
 -0.0616645876     2     6     3     3
 -0.0227354436     2     6     3     7
 -0.0075229878     2     6     4     1
 0.0148082029     2     6     4     2
 -0.0585571071     2     6     4     4
 -0.0159956259     2     6     4     6
 -0.0759142188     2     6     5     5
 -0.0006353201     2     6     6     1
 0.0239227089     2     6     6     2
 -0.0129186513     2     6     6     4
 -0.0110728346     2     6     6     6
 -0.0200020983     2     6     7     3
 -0.0071951985     2     6     7     7
 -0.0081044284     2     7     1     3
 -0.0038732125     2     7     1     7
 0.0324810296     2     7     2     3
 0.0150041481     2     7     2     7
 -0.0082665963     2     7     3     1
 0.0317649048     2     7     3     2
 0.0062010367     2     7     3     4
 -0.0114864893     2     7     3     6
 0.0063728949     2     7     4     3
 0.0029625646     2     7     4     7
 -0.0076025711     2     7     6     3
 0.0011378622     2     7     6     7
 -0.0034992020     2     7     7     1
 0.0118989841     2     7     7     2
 0.0022332430     2     7     7     4
 0.0009646104     2     7     7     6
 0.0208418416     3     1     1     3
 0.0103465018     3     1     1     7
 -0.0237217819     3     1     2     3
 -0.0082665963     3     1     2     7
 0.0170120491     3     1     3     1
 -0.0229821118     3     1     3     2
 -0.0026783430     3     1     3     4
 0.0037971011     3     1     3     6
 -0.0030341890     3     1     4     3
 -0.0028235687     3     1     4     7
 0.0039894733     3     1     6     3
 0.0039214966     3     1     6     7
 0.0094375717     3     1     7     1
 -0.0081044284     3     1     7     2
 -0.0029475472     3     1     7     4
 0.0038855581     3     1     7     6
 -0.0237217819     3     2     1     3
 -0.0110371409     3     2     1     7
 0.1476322999     3     2     2     3
 0.0317649048     3     2     2     7
 -0.0229821118     3     2     3     1
 0.1431817619     3     2     3     2
 -0.0146084709     3     2     3     4
 -0.0032477668     3     2     3     6
 -0.0142041385     3     2     4     3
 0.0146724800     3     2     4     7
 -0.0028049605     3     2     6     3
 -0.0414653242     3     2     6     7
 -0.0107766699     3     2     7     1
 0.0324810296     3     2     7     2
 0.0158326656     3     2     7     4
 -0.0415495871     3     2     7     6
 0.8892367283     3     3     1     1
 0.0069966043     3     3     1     2
 0.0075617803     3     3     1     4
 -0.0005671241     3     3     1     6
 0.0069966043     3     3     2     1
 0.6750508433     3     3     2     2
 -0.0120616371     3     3     2     4
 -0.0616645876     3     3     2     6
 0.6492415622     3     3     3     3
 0.0827440398     3     3     3     7
 0.0075617803     3     3     4     1
 -0.0120616371     3     3     4     2
 0.5968282517     3     3     4     4
 0.0276900000     3     3     4     6
 0.6116121364     3     3     5     5
 -0.0005671241     3     3     6     1
 -0.0616645876     3     3     6     2
 0.0276900000     3     3     6     4
 0.3204528428     3     3     6     6
 0.0827440398     3     3     7     3
 0.3004958373     3     3     7     7
 -0.0030341890     3     4     1     3
 -0.0017935429     3     4     1     7
 -0.0142041385     3     4     2     3
 0.0062010367     3     4     2     7
 -0.0026783430     3     4     3     1
 -0.0146084709     3     4     3     2
 0.0310780224     3     4     3     4
 -0.0022241563     3     4     3     6
 0.0367964177     3     4     4     3
 0.0072724958     3     4     4     7
 -0.0023287656     3     4     6     3
 0.0128461492     3     4     6     7
 -0.0017144461     3     4     7     1
 0.0063728949     3     4     7     2
 0.0075035971     3     4     7     4
 0.0129866964     3     4     7     6
 0.0225938895     3     5     3     5
 0.0281090399     3     5     5     3
 0.0090078930     3     5     5     7
 0.0088484844     3     5     7     5
 0.0039894733     3     6     1     3
 0.0021527133     3     6     1     7
 -0.0028049605     3     6     2     3
 -0.0114864893     3     6     2     7
 0.0037971011     3     6     3     1
 -0.0032477668     3     6     3     2
 -0.0022241563     3     6     3     4
 0.0179665774     3     6     3     6
 -0.0023287656     3     6     4     3
 0.0069702468     3     6     4     7
 0.0141644431     3     6     6     3
 -0.0179734963     3     6     6     7
 0.0017653944     3     6     7     1
 -0.0076025711     3     6     7     2
 0.0053527541     3     6     7     4
 -0.0176318560     3     6     7     6
 0.1574421415     3     7     1     1
 0.0010501091     3     7     1     2
 0.0002806451     3     7     1     4
 0.0000255591     3     7     1     6
 0.0002859910     3     7     2     1
 0.0924083580     3     7     2     2
 0.0139923230     3     7     2     4
 -0.0227354436     3     7     2     6
 0.0827440398     3     7     3     3
 0.0339364608     3     7     3     7
 0.0003143741     3     7     4     1
 0.0128674531     3     7     4     2
 0.0825555619     3     7     4     4
 0.0135527712     3     7     4     6
 0.0867712961     3     7     5     5
 -0.0004198413     3     7     6     1
 -0.0200020983     3     7     6     2
 0.0127370334     3     7     6     4
 0.0076061669     3     7     6     6
 0.0298756202     3     7     7     3
 0.0057426561     3     7     7     7
 0.1378700411     4     1     1     1
 0.0163182229     4     1     1     2
 0.0308420591     4     1     1     4
 0.0004085486     4     1     1     6
 0.0162290387     4     1     2     1
 0.0145811592     4     1     2     2
 -0.0226832424     4     1     2     4
 -0.0075229878     4     1     2     6
 0.0075617803     4     1     3     3
 0.0003143741     4     1     3     7
 0.0266452808     4     1     4     1
 -0.0220737959     4     1     4     2
 -0.0082692686     4     1     4     4
 0.0026720717     4     1     4     6
 0.0047679366     4     1     5     5
 0.0000771260     4     1     6     1
 -0.0077159439     4     1     6     2
 0.0030537641     4     1     6     4
 0.0049500922     4     1     6     6
 0.0002806451     4     1     7     3
 0.0014026714     4     1     7     7
 0.0846400633     4     2     1     1
 0.0078883785     4     2     1     2
 -0.0226832424     4     2     1     4
 -0.0077366282     4     2     1     6
 0.0076267150     4     2     2     1
 -0.0172924167     4     2     2     2
 0.1191370498     4     2     2     4
 0.0148082029     4     2     2     6
 -0.0120616371     4     2     3     3
 0.0128674531     4     2     3     7
 -0.0220737959     4     2     4     1
 0.1148006452     4     2     4     2
 0.0638172182     4     2     4     4
 -0.0002610058     4     2     4     6
 0.0325953153     4     2     5     5
 -0.0074852286     4     2     6     1
 0.0147544018     4     2     6     2
 -0.0001404983     4     2     6     4
 -0.0237675486     4     2     6     6
 0.0139923230     4     2     7     3
 -0.0102874902     4     2     7     7
 -0.0026783430     4     3     1     3
 -0.0017144461     4     3     1     7
 -0.0146084709     4     3     2     3
 0.0063728949     4     3     2     7
 -0.0030341890     4     3     3     1
 -0.0142041385     4     3     3     2
 0.0367964177     4     3     3     4
 -0.0023287656     4     3     3     6
 0.0310780224     4     3     4     3
 0.0075035971     4     3     4     7
 -0.0022241563     4     3     6     3
 0.0129866964     4     3     6     7
 -0.0017935429     4     3     7     1
 0.0062010367     4     3     7     2
 0.0072724958     4     3     7     4
 0.0128461492     4     3     7     6
 0.9816105365     4     4     1     1
 0.0130277370     4     4     1     2
 -0.0082692686     4     4     1     4
 -0.0060195061     4     4     1     6
 0.0130277370     4     4     2     1
 0.6698288982     4     4     2     2
 0.0638172182     4     4     2     4
 -0.0585571071     4     4     2     6
 0.5968282517     4     4     3     3
 0.0825555619     4     4     3     7
 -0.0082692686     4     4     4     1
 0.0638172182     4     4     4     2
 0.6962046324     4     4     4     4
 0.0409534143     4     4     4     6
 0.6426592813     4     4     5     5
 -0.0060195061     4     4     6     1
 -0.0585571071     4     4     6     2
 0.0409534143     4     4     6     4
 0.3067364095     4     4     6     6
 0.0825555619     4     4     7     3
 0.2819672408     4     4     7     7
 -0.0087197944     4     5     1     5
 0.0276054583     4     5     2     5
 0.0329159495     4     5     4     5
 -0.0090202716     4     5     5     1
 0.0276247981     4     5     5     2
 0.0382995949     4     5     5     4
 0.0007404798     4     5     5     6
 0.0010972700     4     5     6     5
 0.0636370370     4     6     1     1
 -0.0010085907     4     6     1     2
 0.0030537641     4     6     1     4
 0.0014044378     4     6     1     6
 -0.0011469280     4     6     2     1
 0.0415380958     4     6     2     2
 -0.0001404983     4     6     2     4
 -0.0159956259     4     6     2     6
 0.0276900000     4     6     3     3
 0.0135527712     4     6     3     7
 0.0026720717     4     6     4     1
 -0.0002610058     4     6     4     2
 0.0409534143     4     6     4     4
 0.0162849149     4     6     4     6
 0.0366424389     4     6     5     5
 0.0009192780     4     6     6     1
 -0.0129186513     4     6     6     2
 0.0141949909     4     6     6     4
 -0.0009070855     4     6     6     6
 0.0127370334     4     6     7     3
 -0.0039654702     4     6     7     7
 -0.0029475472     4     7     1     3
 -0.0014097104     4     7     1     7
 0.0158326656     4     7     2     3
 0.0029625646     4     7     2     7
 -0.0028235687     4     7     3     1
 0.0146724800     4     7     3     2
 0.0072724958     4     7     3     4
 0.0069702468     4     7     3     6
 0.0075035971     4     7     4     3
 0.0110247569     4     7     4     7
 0.0053527541     4     7     6     3
 -0.0117005059     4     7     6     7
 -0.0013279875     4     7     7     1
 0.0022332430     4     7     7     2
 0.0077544284     4     7     7     4
 -0.0115327448     4     7     7     6
 0.0307146269     5     1     1     5
 -0.0289812587     5     1     2     5
 -0.0090202716     5     1     4     5
 0.0261753432     5     1     5     1
 -0.0286833152     5     1     5     2
 -0.0087197944     5     1     5     4
 0.0059367040     5     1     5     6
 0.0065929460     5     1     6     5
 -0.0289812587     5     2     1     5
 0.1218122213     5     2     2     5
 0.0276247981     5     2     4     5
 -0.0286833152     5     2     5     1
 0.1180375048     5     2     5     2
 0.0276054583     5     2     5     4
 -0.0176611688     5     2     5     6
 -0.0185832936     5     2     6     5
 0.0281090399     5     3     3     5
 0.0225938895     5     3     5     3
 0.0088484844     5     3     5     7
 0.0090078930     5     3     7     5
 -0.0090202716     5     4     1     5
 0.0276247981     5     4     2     5
 0.0382995949     5     4     4     5
 -0.0087197944     5     4     5     1
 0.0276054583     5     4     5     2
 0.0329159495     5     4     5     4
 0.0010972700     5     4     5     6
 0.0007404798     5     4     6     5
 1.0288107145     5     5     1     1
 0.0116916380     5     5     1     2
 0.0047679366     5     5     1     4
 -0.0022299034     5     5     1     6
 0.0116916380     5     5     2     1
 0.6999309128     5     5     2     2
 0.0325953153     5     5     2     4
 -0.0759142188     5     5     2     6
 0.6116121364     5     5     3     3
 0.0867712961     5     5     3     7
 0.0047679366     5     5     4     1
 0.0325953153     5     5     4     2
 0.6426592813     5     5     4     4
 0.0366424389     5     5     4     6
 0.7213617593     5     5     5     5
 -0.0022299034     5     5     6     1
 -0.0759142188     5     5     6     2
 0.0366424389     5     5     6     4
 0.3112839770     5     5     6     6
 0.0867712961     5     5     7     3
 0.2836549062     5     5     7     7
 0.0065929460     5     6     1     5
 -0.0185832936     5     6     2     5
 0.0007404798     5     6     4     5
 0.0059367040     5     6     5     1
 -0.0176611688     5     6     5     2
 0.0010972700     5     6     5     4
 0.0125973518     5     6     5     6
 0.0091307955     5     6     6     5
 0.0090078930     5     7     3     5
 0.0088484844     5     7     5     3
 0.0063668433     5     7     5     7
 0.0041943298     5     7     7     5
 -0.1261185171     6     1     1     1
 -0.0216249913     6     1     1     2
 0.0004085486     6     1     1     4
 0.0072878838     6     1     1     6
 -0.0205002286     6     1     2     1
 -0.0013802413     6     1     2     2
 -0.0077366282     6     1     2     4
 -0.0006353201     6     1     2     6
 -0.0005671241     6     1     3     3
 -0.0004198413     6     1     3     7
 0.0000771260     6     1     4     1
 -0.0074852286     6     1     4     2
 -0.0060195061     6     1     4     4
 0.0009192780     6     1     4     6
 -0.0022299034     6     1     5     5
 0.0080201393     6     1     6     1
 -0.0011424459     6     1     6     2
 0.0014044378     6     1     6     4
 0.0005626649     6     1     6     6
 0.0000255591     6     1     7     3
 -0.0001261928     6     1     7     7
 -0.1472673674     6     2     1     1
 -0.0012528986     6     2     1     2
 -0.0075229878     6     2     1     4
 -0.0006353201     6     2     1     6
 -0.0023344760     6     2     2     1
 -0.0850856774     6     2     2     2
 0.0148082029     6     2     2     4
 0.0239227089     6     2     2     6
 -0.0616645876     6     2     3     3
 -0.0200020983     6     2     3     7
 -0.0077159439     6     2     4     1
 0.0147544018     6     2     4     2
 -0.0585571071     6     2     4     4
 -0.0129186513     6     2     4     6
 -0.0759142188     6     2     5     5
 -0.0011424459     6     2     6     1
 0.0291364414     6     2     6     2
 -0.0159956259     6     2     6     4
 -0.0110728346     6     2     6     6
 -0.0227354436     6     2     7     3
 -0.0071951985     6     2     7     7
 0.0037971011     6     3     1     3
 0.0017653944     6     3     1     7
 -0.0032477668     6     3     2     3
 -0.0076025711     6     3     2     7
 0.0039894733     6     3     3     1
 -0.0028049605     6     3     3     2
 -0.0023287656     6     3     3     4
 0.0141644431     6     3     3     6
 -0.0022241563     6     3     4     3
 0.0053527541     6     3     4     7
 0.0179665774     6     3     6     3
 -0.0176318560     6     3     6     7
 0.0021527133     6     3     7     1
 -0.0114864893     6     3     7     2
 0.0069702468     6     3     7     4
 -0.0179734963     6     3     7     6
 0.0636370370     6     4     1     1
 -0.0011469280     6     4     1     2
 0.0026720717     6     4     1     4
 0.0009192780     6     4     1     6
 -0.0010085907     6     4     2     1
 0.0415380958     6     4     2     2
 -0.0002610058     6     4     2     4
 -0.0129186513     6     4     2     6
 0.0276900000     6     4     3     3
 0.0127370334     6     4     3     7
 0.0030537641     6     4     4     1
 -0.0001404983     6     4     4     2
 0.0409534143     6     4     4     4
 0.0141949909     6     4     4     6
 0.0366424389     6     4     5     5
 0.0014044378     6     4     6     1
 -0.0159956259     6     4     6     2
 0.0162849149     6     4     6     4
 -0.0009070855     6     4     6     6
 0.0135527712     6     4     7     3
 -0.0039654702     6     4     7     7
 0.0059367040     6     5     1     5
 -0.0176611688     6     5     2     5
 0.0010972700     6     5     4     5
 0.0065929460     6     5     5     1
 -0.0185832936     6     5     5     2
 0.0007404798     6     5     5     4
 0.0091307955     6     5     5     6
 0.0125973518     6     5     6     5
 0.3550814756     6     6     1     1
 0.0012740058     6     6     1     2
 0.0049500922     6     6     1     4
 0.0005626649     6     6     1     6
 0.0012740058     6     6     2     1
 0.3266666861     6     6     2     2
 -0.0237675486     6     6     2     4
 -0.0110728346     6     6     2     6
 0.3204528428     6     6     3     3
 0.0076061669     6     6     3     7
 0.0049500922     6     6     4     1
 -0.0237675486     6     6     4     2
 0.3067364095     6     6     4     4
 -0.0009070855     6     6     4     6
 0.3112839770     6     6     5     5
 0.0005626649     6     6     6     1
 -0.0110728346     6     6     6     2
 -0.0009070855     6     6     6     4
 0.2662831115     6     6     6     6
 0.0076061669     6     6     7     3
 0.2533277313     6     6     7     7
 0.0038855581     6     7     1     3
 0.0016377831     6     7     1     7
 -0.0415495871     6     7     2     3
 0.0011378622     6     7     2     7
 0.0039214966     6     7     3     1
 -0.0414653242     6     7     3     2
 0.0128461492     6     7     3     4
 -0.0179734963     6     7     3     6
 0.0129866964     6     7     4     3
 -0.0117005059     6     7     4     7
 -0.0176318560     6     7     6     3
 0.0656745629     6     7     6     7
 0.0016411879     6     7     7     1
 0.0009646104     6     7     7     2
 -0.0115327448     6     7     7     4
 0.0656745629     6     7     7     6
 0.0103465018     7     1     1     3
 0.0042376737     7     1     1     7
 -0.0110371409     7     1     2     3
 -0.0034992020     7     1     2     7
 0.0094375717     7     1     3     1
 -0.0107766699     7     1     3     2
 -0.0017144461     7     1     3     4
 0.0017653944     7     1     3     6
 -0.0017935429     7     1     4     3
 -0.0013279875     7     1     4     7
 0.0021527133     7     1     6     3
 0.0016411879     7     1     6     7
 0.0045924882     7     1     7     1
 -0.0038732125     7     1     7     2
 -0.0014097104     7     1     7     4
 0.0016377831     7     1     7     6
 -0.0082665963     7     2     1     3
 -0.0034992020     7     2     1     7
 0.0317649048     7     2     2     3
 0.0118989841     7     2     2     7
 -0.0081044284     7     2     3     1
 0.0324810296     7     2     3     2
 0.0063728949     7     2     3     4
 -0.0076025711     7     2     3     6
 0.0062010367     7     2     4     3
 0.0022332430     7     2     4     7
 -0.0114864893     7     2     6     3
 0.0009646104     7     2     6     7
 -0.0038732125     7     2     7     1
 0.0150041481     7     2     7     2
 0.0029625646     7     2     7     4
 0.0011378622     7     2     7     6
 0.1574421415     7     3     1     1
 0.0002859910     7     3     1     2
 0.0003143741     7     3     1     4
 -0.0004198413     7     3     1     6
 0.0010501091     7     3     2     1
 0.0924083580     7     3     2     2
 0.0128674531     7     3     2     4
 -0.0200020983     7     3     2     6
 0.0827440398     7     3     3     3
 0.0298756202     7     3     3     7
 0.0002806451     7     3     4     1
 0.0139923230     7     3     4     2
 0.0825555619     7     3     4     4
 0.0127370334     7     3     4     6
 0.0867712961     7     3     5     5
 0.0000255591     7     3     6     1
 -0.0227354436     7     3     6     2
 0.0135527712     7     3     6     4
 0.0076061669     7     3     6     6
 0.0339364608     7     3     7     3
 0.0057426561     7     3     7     7
 -0.0028235687     7     4     1     3
 -0.0013279875     7     4     1     7
 0.0146724800     7     4     2     3
 0.0022332430     7     4     2     7
 -0.0029475472     7     4     3     1
 0.0158326656     7     4     3     2
 0.0075035971     7     4     3     4
 0.0053527541     7     4     3     6
 0.0072724958     7     4     4     3
 0.0077544284     7     4     4     7
 0.0069702468     7     4     6     3
 -0.0115327448     7     4     6     7
 -0.0014097104     7     4     7     1
 0.0029625646     7     4     7     2
 0.0110247569     7     4     7     4
 -0.0117005059     7     4     7     6
 0.0088484844     7     5     3     5
 0.0090078930     7     5     5     3
 0.0041943298     7     5     5     7
 0.0063668433     7     5     7     5
 0.0039214966     7     6     1     3
 0.0016411879     7     6     1     7
 -0.0414653242     7     6     2     3
 0.0009646104     7     6     2     7
 0.0038855581     7     6     3     1
 -0.0415495871     7     6     3     2
 0.0129866964     7     6     3     4
 -0.0176318560     7     6     3     6
 0.0128461492     7     6     4     3
 -0.0115327448     7     6     4     7
 -0.0179734963     7     6     6     3
 0.0656745629     7     6     6     7
 0.0016377831     7     6     7     1
 0.0011378622     7     6     7     2
 -0.0117005059     7     6     7     4
 0.0656745629     7     6     7     6
 0.3295325831     7     7     1     1
 0.0013834931     7     7     1     2
 0.0014026714     7     7     1     4
 -0.0001261928     7     7     1     6
 0.0013834931     7     7     2     1
 0.2962203621     7     7     2     2
 -0.0102874902     7     7     2     4
 -0.0071951985     7     7     2     6
 0.3004958373     7     7     3     3
 0.0057426561     7     7     3     7
 0.0014026714     7     7     4     1
 -0.0102874902     7     7     4     2
 0.2819672408     7     7     4     4
 -0.0039654702     7     7     4     6
 0.2836549062     7     7     5     5
 -0.0001261928     7     7     6     1
 -0.0071951985     7     7     6     2
 -0.0039654702     7     7     6     4
 0.2533277313     7     7     6     6
 0.0057426561     7     7     7     3
 0.2585412502     7     7     7     7
0.0 0 0 0 0
 -33.0257827628     1     1     0     0
 -0.5829576064     1     2     0     0
 -0.1857839129     1     4     0     0
 0.1547933568     1     6     0     0
 -0.5829576064     2     1     0     0
 -7.8666476743     2     2     0     0
 -0.2229078487     2     4     0     0
 0.7292800969     2     6     0     0
 -6.7413815341     3     3     0     0
 -0.8644764109     3     7     0     0
 -0.1857839129     4     1     0     0
 -0.2229078487     4     2     0     0
 -6.9003870924     4     4     0     0
 -0.3657040247     4     6     0     0
 -7.0415518267     5     5     0     0
 0.1547933568     6     1     0     0
 0.7292800969     6     2     0     0
 -0.3657040247     6     4     0     0
 -3.0231903469     6     6     0     0
 -0.8644764109     7     3     0     0
 -2.7141375043     7     7     0     0
0.0 0 0 0 0
 -33.0257827628     1     1     0     0
 -0.5829576064     1     2     0     0
 -0.1857839129     1     4     0     0
 0.1547933568     1     6     0     0
 -0.5829576064     2     1     0     0
 -7.8666476743     2     2     0     0
 -0.2229078487     2     4     0     0
 0.7292800969     2     6     0     0
 -6.7413815341     3     3     0     0
 -0.8644764109     3     7     0     0
 -0.1857839129     4     1     0     0
 -0.2229078487     4     2     0     0
 -6.9003870924     4     4     0     0
 -0.3657040247     4     6     0     0
 -7.0415518267     5     5     0     0
 0.1547933568     6     1     0     0
 0.7292800969     6     2     0     0
 -0.3657040247     6     4     0     0
 -3.0231903469     6     6     0     0
 -0.8644764109     7     3     0     0
 -2.7141375043     7     7     0     0
9.1895344276 0 0 0 0
