Number of strings: 792 792, CI size = 627264
String addressing array alpha: 5 12
0 210 336 406 441 456 461 462 462 462 462 462
0 0 84 140 175 195 205 209 210 210 210 210
0 0 0 28 49 64 74 80 83 84 84 84
0 0 0 0 7 13 18 22 25 27 28 28
0 0 0 0 0 1 2 3 4 5 6 7

Alpha strings 792 5
1 2 3 4 5
1 2 3 4 6
1 2 3 4 7
1 2 3 4 8
1 2 3 4 9
1 2 3 4 10
1 2 3 4 11
1 2 3 4 12
1 2 3 5 6
1 2 3 5 7
1 2 3 5 8
1 2 3 5 9
1 2 3 5 10
1 2 3 5 11
1 2 3 5 12
1 2 3 6 7
1 2 3 6 8
1 2 3 6 9
1 2 3 6 10
1 2 3 6 11
1 2 3 6 12
1 2 3 7 8
1 2 3 7 9
1 2 3 7 10
1 2 3 7 11
1 2 3 7 12
1 2 3 8 9
1 2 3 8 10
1 2 3 8 11
1 2 3 8 12
1 2 3 9 10
1 2 3 9 11
1 2 3 9 12
1 2 3 10 11
1 2 3 10 12
1 2 3 11 12
1 2 4 5 6
1 2 4 5 7
1 2 4 5 8
1 2 4 5 9
1 2 4 5 10
1 2 4 5 11
1 2 4 5 12
1 2 4 6 7
1 2 4 6 8
1 2 4 6 9
1 2 4 6 10
1 2 4 6 11
1 2 4 6 12
1 2 4 7 8
1 2 4 7 9
1 2 4 7 10
1 2 4 7 11
1 2 4 7 12
1 2 4 8 9
1 2 4 8 10
1 2 4 8 11
1 2 4 8 12
1 2 4 9 10
1 2 4 9 11
1 2 4 9 12
1 2 4 10 11
1 2 4 10 12
1 2 4 11 12
1 2 5 6 7
1 2 5 6 8
1 2 5 6 9
1 2 5 6 10
1 2 5 6 11
1 2 5 6 12
1 2 5 7 8
1 2 5 7 9
1 2 5 7 10
1 2 5 7 11
1 2 5 7 12
1 2 5 8 9
1 2 5 8 10
1 2 5 8 11
1 2 5 8 12
1 2 5 9 10
1 2 5 9 11
1 2 5 9 12
1 2 5 10 11
1 2 5 10 12
1 2 5 11 12
1 2 6 7 8
1 2 6 7 9
1 2 6 7 10
1 2 6 7 11
1 2 6 7 12
1 2 6 8 9
1 2 6 8 10
1 2 6 8 11
1 2 6 8 12
1 2 6 9 10
1 2 6 9 11
1 2 6 9 12
1 2 6 10 11
1 2 6 10 12
1 2 6 11 12
1 2 7 8 9
1 2 7 8 10
1 2 7 8 11
1 2 7 8 12
1 2 7 9 10
1 2 7 9 11
1 2 7 9 12
1 2 7 10 11
1 2 7 10 12
1 2 7 11 12
1 2 8 9 10
1 2 8 9 11
1 2 8 9 12
1 2 8 10 11
1 2 8 10 12
1 2 8 11 12
1 2 9 10 11
1 2 9 10 12
1 2 9 11 12
1 2 10 11 12
1 3 4 5 6
1 3 4 5 7
1 3 4 5 8
1 3 4 5 9
1 3 4 5 10
1 3 4 5 11
1 3 4 5 12
1 3 4 6 7
1 3 4 6 8
1 3 4 6 9
1 3 4 6 10
1 3 4 6 11
1 3 4 6 12
1 3 4 7 8
1 3 4 7 9
1 3 4 7 10
1 3 4 7 11
1 3 4 7 12
1 3 4 8 9
1 3 4 8 10
1 3 4 8 11
1 3 4 8 12
1 3 4 9 10
1 3 4 9 11
1 3 4 9 12
1 3 4 10 11
1 3 4 10 12
1 3 4 11 12
1 3 5 6 7
1 3 5 6 8
1 3 5 6 9
1 3 5 6 10
1 3 5 6 11
1 3 5 6 12
1 3 5 7 8
1 3 5 7 9
1 3 5 7 10
1 3 5 7 11
1 3 5 7 12
1 3 5 8 9
1 3 5 8 10
1 3 5 8 11
1 3 5 8 12
1 3 5 9 10
1 3 5 9 11
1 3 5 9 12
1 3 5 10 11
1 3 5 10 12
1 3 5 11 12
1 3 6 7 8
1 3 6 7 9
1 3 6 7 10
1 3 6 7 11
1 3 6 7 12
1 3 6 8 9
1 3 6 8 10
1 3 6 8 11
1 3 6 8 12
1 3 6 9 10
1 3 6 9 11
1 3 6 9 12
1 3 6 10 11
1 3 6 10 12
1 3 6 11 12
1 3 7 8 9
1 3 7 8 10
1 3 7 8 11
1 3 7 8 12
1 3 7 9 10
1 3 7 9 11
1 3 7 9 12
1 3 7 10 11
1 3 7 10 12
1 3 7 11 12
1 3 8 9 10
1 3 8 9 11
1 3 8 9 12
1 3 8 10 11
1 3 8 10 12
1 3 8 11 12
1 3 9 10 11
1 3 9 10 12
1 3 9 11 12
1 3 10 11 12
1 4 5 6 7
1 4 5 6 8
1 4 5 6 9
1 4 5 6 10
1 4 5 6 11
1 4 5 6 12
1 4 5 7 8
1 4 5 7 9
1 4 5 7 10
1 4 5 7 11
1 4 5 7 12
1 4 5 8 9
1 4 5 8 10
1 4 5 8 11
1 4 5 8 12
1 4 5 9 10
1 4 5 9 11
1 4 5 9 12
1 4 5 10 11
1 4 5 10 12
1 4 5 11 12
1 4 6 7 8
1 4 6 7 9
1 4 6 7 10
1 4 6 7 11
1 4 6 7 12
1 4 6 8 9
1 4 6 8 10
1 4 6 8 11
1 4 6 8 12
1 4 6 9 10
1 4 6 9 11
1 4 6 9 12
1 4 6 10 11
1 4 6 10 12
1 4 6 11 12
1 4 7 8 9
1 4 7 8 10
1 4 7 8 11
1 4 7 8 12
1 4 7 9 10
1 4 7 9 11
1 4 7 9 12
1 4 7 10 11
1 4 7 10 12
1 4 7 11 12
1 4 8 9 10
1 4 8 9 11
1 4 8 9 12
1 4 8 10 11
1 4 8 10 12
1 4 8 11 12
1 4 9 10 11
1 4 9 10 12
1 4 9 11 12
1 4 10 11 12
1 5 6 7 8
1 5 6 7 9
1 5 6 7 10
1 5 6 7 11
1 5 6 7 12
1 5 6 8 9
1 5 6 8 10
1 5 6 8 11
1 5 6 8 12
1 5 6 9 10
1 5 6 9 11
1 5 6 9 12
1 5 6 10 11
1 5 6 10 12
1 5 6 11 12
1 5 7 8 9
1 5 7 8 10
1 5 7 8 11
1 5 7 8 12
1 5 7 9 10
1 5 7 9 11
1 5 7 9 12
1 5 7 10 11
1 5 7 10 12
1 5 7 11 12
1 5 8 9 10
1 5 8 9 11
1 5 8 9 12
1 5 8 10 11
1 5 8 10 12
1 5 8 11 12
1 5 9 10 11
1 5 9 10 12
1 5 9 11 12
1 5 10 11 12
1 6 7 8 9
1 6 7 8 10
1 6 7 8 11
1 6 7 8 12
1 6 7 9 10
1 6 7 9 11
1 6 7 9 12
1 6 7 10 11
1 6 7 10 12
1 6 7 11 12
1 6 8 9 10
1 6 8 9 11
1 6 8 9 12
1 6 8 10 11
1 6 8 10 12
1 6 8 11 12
1 6 9 10 11
1 6 9 10 12
1 6 9 11 12
1 6 10 11 12
1 7 8 9 10
1 7 8 9 11
1 7 8 9 12
1 7 8 10 11
1 7 8 10 12
1 7 8 11 12
1 7 9 10 11
1 7 9 10 12
1 7 9 11 12
1 7 10 11 12
1 8 9 10 11
1 8 9 10 12
1 8 9 11 12
1 8 10 11 12
1 9 10 11 12
2 3 4 5 6
2 3 4 5 7
2 3 4 5 8
2 3 4 5 9
2 3 4 5 10
2 3 4 5 11
2 3 4 5 12
2 3 4 6 7
2 3 4 6 8
2 3 4 6 9
2 3 4 6 10
2 3 4 6 11
2 3 4 6 12
2 3 4 7 8
2 3 4 7 9
2 3 4 7 10
2 3 4 7 11
2 3 4 7 12
2 3 4 8 9
2 3 4 8 10
2 3 4 8 11
2 3 4 8 12
2 3 4 9 10
2 3 4 9 11
2 3 4 9 12
2 3 4 10 11
2 3 4 10 12
2 3 4 11 12
2 3 5 6 7
2 3 5 6 8
2 3 5 6 9
2 3 5 6 10
2 3 5 6 11
2 3 5 6 12
2 3 5 7 8
2 3 5 7 9
2 3 5 7 10
2 3 5 7 11
2 3 5 7 12
2 3 5 8 9
2 3 5 8 10
2 3 5 8 11
2 3 5 8 12
2 3 5 9 10
2 3 5 9 11
2 3 5 9 12
2 3 5 10 11
2 3 5 10 12
2 3 5 11 12
2 3 6 7 8
2 3 6 7 9
2 3 6 7 10
2 3 6 7 11
2 3 6 7 12
2 3 6 8 9
2 3 6 8 10
2 3 6 8 11
2 3 6 8 12
2 3 6 9 10
2 3 6 9 11
2 3 6 9 12
2 3 6 10 11
2 3 6 10 12
2 3 6 11 12
2 3 7 8 9
2 3 7 8 10
2 3 7 8 11
2 3 7 8 12
2 3 7 9 10
2 3 7 9 11
2 3 7 9 12
2 3 7 10 11
2 3 7 10 12
2 3 7 11 12
2 3 8 9 10
2 3 8 9 11
2 3 8 9 12
2 3 8 10 11
2 3 8 10 12
2 3 8 11 12
2 3 9 10 11
2 3 9 10 12
2 3 9 11 12
2 3 10 11 12
2 4 5 6 7
2 4 5 6 8
2 4 5 6 9
2 4 5 6 10
2 4 5 6 11
2 4 5 6 12
2 4 5 7 8
2 4 5 7 9
2 4 5 7 10
2 4 5 7 11
2 4 5 7 12
2 4 5 8 9
2 4 5 8 10
2 4 5 8 11
2 4 5 8 12
2 4 5 9 10
2 4 5 9 11
2 4 5 9 12
2 4 5 10 11
2 4 5 10 12
2 4 5 11 12
2 4 6 7 8
2 4 6 7 9
2 4 6 7 10
2 4 6 7 11
2 4 6 7 12
2 4 6 8 9
2 4 6 8 10
2 4 6 8 11
2 4 6 8 12
2 4 6 9 10
2 4 6 9 11
2 4 6 9 12
2 4 6 10 11
2 4 6 10 12
2 4 6 11 12
2 4 7 8 9
2 4 7 8 10
2 4 7 8 11
2 4 7 8 12
2 4 7 9 10
2 4 7 9 11
2 4 7 9 12
2 4 7 10 11
2 4 7 10 12
2 4 7 11 12
2 4 8 9 10
2 4 8 9 11
2 4 8 9 12
2 4 8 10 11
2 4 8 10 12
2 4 8 11 12
2 4 9 10 11
2 4 9 10 12
2 4 9 11 12
2 4 10 11 12
2 5 6 7 8
2 5 6 7 9
2 5 6 7 10
2 5 6 7 11
2 5 6 7 12
2 5 6 8 9
2 5 6 8 10
2 5 6 8 11
2 5 6 8 12
2 5 6 9 10
2 5 6 9 11
2 5 6 9 12
2 5 6 10 11
2 5 6 10 12
2 5 6 11 12
2 5 7 8 9
2 5 7 8 10
2 5 7 8 11
2 5 7 8 12
2 5 7 9 10
2 5 7 9 11
2 5 7 9 12
2 5 7 10 11
2 5 7 10 12
2 5 7 11 12
2 5 8 9 10
2 5 8 9 11
2 5 8 9 12
2 5 8 10 11
2 5 8 10 12
2 5 8 11 12
2 5 9 10 11
2 5 9 10 12
2 5 9 11 12
2 5 10 11 12
2 6 7 8 9
2 6 7 8 10
2 6 7 8 11
2 6 7 8 12
2 6 7 9 10
2 6 7 9 11
2 6 7 9 12
2 6 7 10 11
2 6 7 10 12
2 6 7 11 12
2 6 8 9 10
2 6 8 9 11
2 6 8 9 12
2 6 8 10 11
2 6 8 10 12
2 6 8 11 12
2 6 9 10 11
2 6 9 10 12
2 6 9 11 12
2 6 10 11 12
2 7 8 9 10
2 7 8 9 11
2 7 8 9 12
2 7 8 10 11
2 7 8 10 12
2 7 8 11 12
2 7 9 10 11
2 7 9 10 12
2 7 9 11 12
2 7 10 11 12
2 8 9 10 11
2 8 9 10 12
2 8 9 11 12
2 8 10 11 12
2 9 10 11 12
3 4 5 6 7
3 4 5 6 8
3 4 5 6 9
3 4 5 6 10
3 4 5 6 11
3 4 5 6 12
3 4 5 7 8
3 4 5 7 9
3 4 5 7 10
3 4 5 7 11
3 4 5 7 12
3 4 5 8 9
3 4 5 8 10
3 4 5 8 11
3 4 5 8 12
3 4 5 9 10
3 4 5 9 11
3 4 5 9 12
3 4 5 10 11
3 4 5 10 12
3 4 5 11 12
3 4 6 7 8
3 4 6 7 9
3 4 6 7 10
3 4 6 7 11
3 4 6 7 12
3 4 6 8 9
3 4 6 8 10
3 4 6 8 11
3 4 6 8 12
3 4 6 9 10
3 4 6 9 11
3 4 6 9 12
3 4 6 10 11
3 4 6 10 12
3 4 6 11 12
3 4 7 8 9
3 4 7 8 10
3 4 7 8 11
3 4 7 8 12
3 4 7 9 10
3 4 7 9 11
3 4 7 9 12
3 4 7 10 11
3 4 7 10 12
3 4 7 11 12
3 4 8 9 10
3 4 8 9 11
3 4 8 9 12
3 4 8 10 11
3 4 8 10 12
3 4 8 11 12
3 4 9 10 11
3 4 9 10 12
3 4 9 11 12
3 4 10 11 12
3 5 6 7 8
3 5 6 7 9
3 5 6 7 10
3 5 6 7 11
3 5 6 7 12
3 5 6 8 9
3 5 6 8 10
3 5 6 8 11
3 5 6 8 12
3 5 6 9 10
3 5 6 9 11
3 5 6 9 12
3 5 6 10 11
3 5 6 10 12
3 5 6 11 12
3 5 7 8 9
3 5 7 8 10
3 5 7 8 11
3 5 7 8 12
3 5 7 9 10
3 5 7 9 11
3 5 7 9 12
3 5 7 10 11
3 5 7 10 12
3 5 7 11 12
3 5 8 9 10
3 5 8 9 11
3 5 8 9 12
3 5 8 10 11
3 5 8 10 12
3 5 8 11 12
3 5 9 10 11
3 5 9 10 12
3 5 9 11 12
3 5 10 11 12
3 6 7 8 9
3 6 7 8 10
3 6 7 8 11
3 6 7 8 12
3 6 7 9 10
3 6 7 9 11
3 6 7 9 12
3 6 7 10 11
3 6 7 10 12
3 6 7 11 12
3 6 8 9 10
3 6 8 9 11
3 6 8 9 12
3 6 8 10 11
3 6 8 10 12
3 6 8 11 12
3 6 9 10 11
3 6 9 10 12
3 6 9 11 12
3 6 10 11 12
3 7 8 9 10
3 7 8 9 11
3 7 8 9 12
3 7 8 10 11
3 7 8 10 12
3 7 8 11 12
3 7 9 10 11
3 7 9 10 12
3 7 9 11 12
3 7 10 11 12
3 8 9 10 11
3 8 9 10 12
3 8 9 11 12
3 8 10 11 12
3 9 10 11 12
4 5 6 7 8
4 5 6 7 9
4 5 6 7 10
4 5 6 7 11
4 5 6 7 12
4 5 6 8 9
4 5 6 8 10
4 5 6 8 11
4 5 6 8 12
4 5 6 9 10
4 5 6 9 11
4 5 6 9 12
4 5 6 10 11
4 5 6 10 12
4 5 6 11 12
4 5 7 8 9
4 5 7 8 10
4 5 7 8 11
4 5 7 8 12
4 5 7 9 10
4 5 7 9 11
4 5 7 9 12
4 5 7 10 11
4 5 7 10 12
4 5 7 11 12
4 5 8 9 10
4 5 8 9 11
4 5 8 9 12
4 5 8 10 11
4 5 8 10 12
4 5 8 11 12
4 5 9 10 11
4 5 9 10 12
4 5 9 11 12
4 5 10 11 12
4 6 7 8 9
4 6 7 8 10
4 6 7 8 11
4 6 7 8 12
4 6 7 9 10
4 6 7 9 11
4 6 7 9 12
4 6 7 10 11
4 6 7 10 12
4 6 7 11 12
4 6 8 9 10
4 6 8 9 11
4 6 8 9 12
4 6 8 10 11
4 6 8 10 12
4 6 8 11 12
4 6 9 10 11
4 6 9 10 12
4 6 9 11 12
4 6 10 11 12
4 7 8 9 10
4 7 8 9 11
4 7 8 9 12
4 7 8 10 11
4 7 8 10 12
4 7 8 11 12
4 7 9 10 11
4 7 9 10 12
4 7 9 11 12
4 7 10 11 12
4 8 9 10 11
4 8 9 10 12
4 8 9 11 12
4 8 10 11 12
4 9 10 11 12
5 6 7 8 9
5 6 7 8 10
5 6 7 8 11
5 6 7 8 12
5 6 7 9 10
5 6 7 9 11
5 6 7 9 12
5 6 7 10 11
5 6 7 10 12
5 6 7 11 12
5 6 8 9 10
5 6 8 9 11
5 6 8 9 12
5 6 8 10 11
5 6 8 10 12
5 6 8 11 12
5 6 9 10 11
5 6 9 10 12
5 6 9 11 12
5 6 10 11 12
5 7 8 9 10
5 7 8 9 11
5 7 8 9 12
5 7 8 10 11
5 7 8 10 12
5 7 8 11 12
5 7 9 10 11
5 7 9 10 12
5 7 9 11 12
5 7 10 11 12
5 8 9 10 11
5 8 9 10 12
5 8 9 11 12
5 8 10 11 12
5 9 10 11 12
6 7 8 9 10
6 7 8 9 11
6 7 8 9 12
6 7 8 10 11
6 7 8 10 12
6 7 8 11 12
6 7 9 10 11
6 7 9 10 12
6 7 9 11 12
6 7 10 11 12
6 8 9 10 11
6 8 9 10 12
6 8 9 11 12
6 8 10 11 12
6 9 10 11 12
7 8 9 10 11
7 8 9 10 12
7 8 9 11 12
7 8 10 11 12
7 9 10 11 12
8 9 10 11 12

Is hamiltonian hermitian? 0
Implicit Hamiltonian constructed
E(core)= 9.189534427600
H(1,1) + E(core) energy = -76.371610168900
Davidson: iter=0 dim=0 root=0 eigenvalue=-85.561144596500
Davidson: iter=1 dim=1 root=0 eigenvalue=-85.584156652388
Davidson: iter=2 dim=2 root=0 eigenvalue=-85.586508165260
Davidson: iter=3 dim=3 root=0 eigenvalue=-85.586585109422
Davidson: iter=4 dim=4 root=0 eigenvalue=-85.586590203633
Davidson: iter=5 dim=5 root=0 eigenvalue=-85.586590425351
Davidson: iter=6 dim=6 root=0 eigenvalue=-85.586590441443
Davidson: iter=7 dim=7 root=0 eigenvalue=-85.586590442389
Davidson: iter=8 dim=8 root=0 eigenvalue=-85.586590442444
Davidson: iter=9 dim=9 root=0 eigenvalue=-85.586590442447
Davidson: iter=10 dim=10 root=0 eigenvalue=-85.586590442448
root no. 0 converged
Davidson converged in 10 iterations.
E(core)= 9.189534427600
E(0)= -76.397056014848
FCI Excitation energies = 1
0.000000000000

Vacuum coefficients in CI state 0 = 0.993164251361
Eigenvector 0 in string basis
0: 0.993164251361 seniority 0 ... 5
1 2 3 4 5
 | 5
1 2 3 4 5

Seniority vectors for all roots (nroots/seniority)
1 6
0.989707485453 0.002489206194 0.007694657464 0.000106690650 0.000001960230 0.000000000010

Calculating transition densities
Root 0 MO occupations numbers (density matrix diagonal)
12
1.999998501882 1.997025410382 1.990021689239 1.992452794389 1.993168377317 0.002557684077 0.002157442930 0.002203587720 0.001471062715 0.006494987804 0.006026606799 0.006421854748
Transition densities done:
Trandens between roots 0 0
12 12
1.999998501882 0.000014027689 0.000000000000 -0.000004087351 0.000000000000 -0.000183035346 0.000000000000 -0.000206687597 0.000000000000 0.000000000000 -0.000147061809 0.000000000000
0.000014027689 1.997025410382 0.000000000000 -0.002366196140 0.000000000000 0.000354303268 0.000000000000 -0.005516950740 0.000000000000 0.000000000000 0.004205245535 0.000000000000
0.000000000000 0.000000000000 1.990021689239 0.000000000000 0.000000000000 0.000000000000 -0.002319539310 0.000000000000 0.001300707768 0.000000000000 0.000000000000 -0.007730295849
-0.000004087351 -0.002366196140 0.000000000000 1.992452794389 0.000000000000 -0.003582312552 0.000000000000 0.005715532845 0.000000000000 0.000000000000 -0.001523975780 0.000000000000
0.000000000000 0.000000000000 0.000000000000 0.000000000000 1.993168377317 0.000000000000 0.000000000000 0.000000000000 0.000000000000 -0.016293843394 0.000000000000 0.000000000000
-0.000183035346 0.000354303268 0.000000000000 -0.003582312552 0.000000000000 0.002557684077 0.000000000000 -0.000315987964 0.000000000000 0.000000000000 0.003649746652 0.000000000000
0.000000000000 0.000000000000 -0.002319539310 0.000000000000 0.000000000000 0.000000000000 0.002157442930 0.000000000000 0.001367435653 0.000000000000 0.000000000000 0.003688568502
-0.000206687597 -0.005516950740 0.000000000000 0.005715532845 0.000000000000 -0.000315987964 0.000000000000 0.002203587720 0.000000000000 0.000000000000 -0.001364481177 0.000000000000
0.000000000000 0.000000000000 0.001300707768 0.000000000000 0.000000000000 0.000000000000 0.001367435653 0.000000000000 0.001471062715 0.000000000000 0.000000000000 0.002531921016
0.000000000000 0.000000000000 0.000000000000 0.000000000000 -0.016293843394 0.000000000000 0.000000000000 0.000000000000 0.000000000000 0.006494987804 0.000000000000 0.000000000000
-0.000147061809 0.004205245535 0.000000000000 -0.001523975780 0.000000000000 0.003649746652 0.000000000000 -0.001364481177 0.000000000000 0.000000000000 0.006026606799 0.000000000000
0.000000000000 0.000000000000 -0.007730295849 0.000000000000 0.000000000000 0.000000000000 0.003688568502 0.000000000000 0.002531921016 0.000000000000 0.000000000000 0.006421854748

State 0 :
Natural orbital occupations
12
1.999998664286 1.998067646453 1.993302003447 1.991458670368 1.990055390495 0.009547116623 0.008586450906 0.006361361674 0.002023030056 0.000457007330 0.000130123181 0.000012535185
Natural orbitals (in MO basis)
12 12
-0.999970696704 -0.007651251304 -0.000000000000 0.000198813148 0.000000000000 0.000000000000 0.000088135830 0.000000000000 0.000129379980 -0.000000000000 0.000007324006 -0.000000000000
-0.007115126403 0.919718460901 -0.000000000000 -0.392498651421 0.000000000000 -0.000000000000 -0.002407457817 -0.000000000000 0.002494358868 -0.000000000000 0.000344393521 -0.000000000000
0.000000000000 -0.000000000000 -0.000000000000 0.000000000000 0.999991502527 -0.003516820280 -0.000000000000 -0.000000000000 0.000000000000 0.001740804796 0.000000000000 -0.001263505852
0.002820109150 -0.392479495189 -0.000000000000 -0.919749868721 0.000000000000 -0.000000000000 0.002141703944 -0.000000000000 -0.002130926089 0.000000000000 0.001715834104 0.000000000000
-0.000000000000 0.000000000000 0.999966373334 -0.000000000000 0.000000000000 0.000000000000 -0.000000000000 -0.008200743886 0.000000000000 -0.000000000000 -0.000000000000 0.000000000000
0.000085395218 0.000873261379 0.000000000000 0.001586695214 0.000000000000 -0.000000000000 0.514048884350 0.000000000000 0.313851370656 0.000000000000 0.798278005557 0.000000000000
-0.000000000000 0.000000000000 -0.000000000000 0.000000000000 -0.001173607753 -0.468820033389 -0.000000000000 0.000000000000 -0.000000000000 0.323586514522 -0.000000000000 0.821886954853
0.000131119293 -0.003667098800 -0.000000000000 -0.001554271110 0.000000000000 0.000000000000 -0.199774448733 0.000000000000 0.948862954132 -0.000000000000 -0.244404139378 -0.000000000000
-0.000000000000 -0.000000000000 -0.000000000000 0.000000000000 0.000648311225 -0.336042461293 -0.000000000000 -0.000000000000 0.000000000000 -0.925852654788 0.000000000000 0.172834908287
-0.000000000000 -0.000000000000 -0.008200743886 0.000000000000 -0.000000000000 0.000000000000 -0.000000000000 -0.999966373334 0.000000000000 -0.000000000000 0.000000000000 0.000000000000
0.000056656576 0.002246483473 -0.000000000000 -0.000121381190 0.000000000000 -0.000000000000 0.834166364471 -0.000000000000 0.033847186034 -0.000000000000 -0.550468690982 -0.000000000000
-0.000000000000 -0.000000000000 -0.000000000000 0.000000000000 -0.003898359995 -0.816866496116 -0.000000000000 -0.000000000000 -0.000000000000 0.195155319782 0.000000000000 -0.542796768113

