Number of strings: 21 21, CI size = 441
String addressing array alpha: 5 7
0 5 6 6 6 6 6
0 0 4 5 5 5 5
0 0 0 3 4 4 4
0 0 0 0 2 3 3
0 0 0 0 0 1 2

Alpha strings 21 5
1 2 3 4 5
1 2 3 4 6
1 2 3 4 7
1 2 3 5 6
1 2 3 5 7
1 2 3 6 7
1 2 4 5 6
1 2 4 5 7
1 2 4 6 7
1 2 5 6 7
1 3 4 5 6
1 3 4 5 7
1 3 4 6 7
1 3 5 6 7
1 4 5 6 7
2 3 4 5 6
2 3 4 5 7
2 3 4 6 7
2 3 5 6 7
2 4 5 6 7
3 4 5 6 7

Is hamiltonian hermitian? 1
Implicit Hamiltonian constructed
E(core)= 9.189534427600
H(1,1) + E(core) energy = -76.219254679300
Davidson: iter=0 dim=0 root=0 eigenvalue=-85.408789106900
Davidson: iter=1 dim=1 root=0 eigenvalue=-85.414445879216
Davidson: iter=2 dim=2 root=0 eigenvalue=-85.414654843178
Davidson: iter=3 dim=3 root=0 eigenvalue=-85.414657109317
Davidson: iter=4 dim=4 root=0 eigenvalue=-85.414657164817
Davidson: iter=5 dim=5 root=0 eigenvalue=-85.414657165973
Davidson: iter=6 dim=6 root=0 eigenvalue=-85.414657165991
Davidson: iter=7 dim=7 root=0 eigenvalue=-85.414657165991
root no. 0 converged
Davidson converged in 7 iterations.
E(core)= 9.189534427600
E(0)= -76.225122738391
FCI Excitation energies = 1
0.000000000000

Vacuum coefficients in CI state 0 = -0.998265921349
Eigenvector 0 in string basis
0: -0.998265921349 seniority 0 ... 5
1 2 3 4 5
 | 5
1 2 3 4 5

Seniority vectors for all roots (nroots/seniority)
1 6
0.998342830248 0.000452929867 -0.997267895151 0.055257538460 1.000000000000 0.000000000000

Calculating transition densities
Root 0 MO occupations numbers (density matrix diagonal)
7
1.999999668575 1.998658441108 1.996599007693 1.998291543269 1.999649264488 0.003502280505 0.003299794362
Transition densities done:
Trandens between roots 0 0
7 7
1.999999668575 0.000006366322 0.000000000000 -0.000001299984 0.000000000000 0.000118747029 0.000000000000
0.000006366322 1.998658441108 0.000000000000 0.001292628330 0.000000000000 0.006424712637 0.000000000000
0.000000000000 0.000000000000 1.996599007693 0.000000000000 0.000000000000 0.000000000000 0.008410700465
-0.000001299984 0.001292628330 0.000000000000 1.998291543269 0.000000000000 -0.012025717581 0.000000000000
0.000000000000 0.000000000000 0.000000000000 0.000000000000 1.999649264488 0.000000000000 0.000000000000
0.000118747029 0.006424712637 0.000000000000 -0.012025717581 0.000000000000 0.003502280505 0.000000000000
0.000000000000 0.000000000000 0.008410700465 0.000000000000 0.000000000000 0.000000000000 0.003299794362

State 0 :
Natural orbital occupations
7
1.999999753458 1.999785274041 1.999649264488 1.997257864775 1.996634495904 0.003409041182 0.003264306151
Natural orbitals (in MO basis)
7 7
-0.999846556349 0.017381269196 -0.000000000000 -0.002179840304 0.000000000000 -0.000059459304 -0.000000000000
-0.014475736036 -0.749751053974 0.000000000001 0.661553789961 -0.000000000000 -0.003223836025 -0.000000000000
-0.000000000000 0.000000000000 -0.000000000000 0.000000000000 0.999991098400 -0.000000000000 -0.004219374493
-0.009864818788 -0.661489814304 0.000000000001 -0.749865019339 0.000000000000 0.006030231628 0.000000000000
0.000000000000 -0.000000000001 -1.000000000000 -0.000000000000 0.000000000000 0.000000000000 0.000000000000
-0.000046631528 0.001572932597 -0.000000000000 0.006654626673 0.000000000000 0.999976619553 0.000000000000
-0.000000000000 0.000000000000 -0.000000000000 0.000000000000 0.004219374493 -0.000000000000 0.999991098400

