Begin IJ Block
1   1   -1.6202565490
1   2   -0.0000000000
1   3   -0.0975632263
2   2   -1.4775041204
2   3   0.0000000000
3   3   -1.4412617711

End IJ Block
Begin IA Block
1   2   0.0563154573
1   3   0.0000000000
1   4   -0.0995497947
1   5   0.0000000000
1   6   0.0429856342
2   1   -0.1361860071
2   2   0.0000000000
2   3   0.0517079736
2   4   -0.0000000000
2   5   0.0798418082
3   1   0.0000000000
3   2   -0.1215533252
3   3   0.0000000000
3   4   0.0092183846
3   5   -0.0000000000
3   6   0.0797723655

End IA Block
Begin AB Block
1   1   -1.3375812996
1   2   0.0000000000
1   3   -0.1536794942
1   4   0.0000000000
1   5   -0.0205313099
1   6   0.0000000000
2   2   -1.1789836590
2   3   -0.0000000000
2   4   -0.0613028218
2   5   0.0000000000
2   6   -0.1517371689
3   3   -1.1273074412
3   4   0.0000000000
3   5   0.1648906010
3   6   -0.0000000000
4   4   -0.8328351428
4   5   0.0000000000
4   6   0.1036201230
5   5   -0.7605434833
5   6   0.0000000000
6   6   -0.7300592351

End AB Block
Begin IJAB Block
1   4   1   7   0.0613799626
1   4   1   9   0.0241069548
1   4   1   11   -0.0086589423
1   4   2   8   0.0357655038
1   4   2   10   0.0031088298
1   4   2   12   0.0079618543
1   4   3   7   0.0241069548
1   4   3   9   0.0419565527
1   4   3   10   -0.0000000000
1   4   3   11   -0.0132194349
1   4   3   12   0.0000000000
1   4   4   8   0.0031088298
1   4   4   9   -0.0000000000
1   4   4   10   0.0134216561
1   4   4   11   -0.0000000000
1   4   4   12   -0.0050127884
1   4   5   7   -0.0086589423
1   4   5   9   -0.0132194349
1   4   5   10   -0.0000000000
1   4   5   11   0.0117765394
1   4   6   8   0.0079618543
1   4   6   9   0.0000000000
1   4   6   10   -0.0050127884
1   4   6   12   0.0117302893
1   5   1   8   -0.0377882524
1   5   1   10   0.0013966108
1   5   1   12   -0.0198872134
1   5   2   7   -0.0230438846
1   5   2   9   0.0275385556
1   5   2   11   -0.0083041136
1   5   3   8   0.0164498684
1   5   3   9   -0.0000000000
1   5   3   10   -0.0006170413
1   5   3   12   -0.0010372574
1   5   4   7   0.0034661505
1   5   4   9   0.0000582797
1   5   4   10   0.0000000000
1   5   4   11   -0.0097154810
1   5   5   8   -0.0058414561
1   5   5   10   -0.0089284248
1   5   5   11   0.0000000000
1   5   5   12   -0.0051824270
1   5   6   7   -0.0203125432
1   5   6   9   0.0024447643
1   5   6   11   -0.0053740581
1   6   1   7   0.0101399586
1   6   1   9   0.0469227977
1   6   1   11   -0.0228216293
1   6   2   8   -0.0155892267
1   6   2   10   0.0045647204
1   6   2   12   -0.0090078579
1   6   3   7   0.0257830252
1   6   3   9   0.0158638347
1   6   3   11   -0.0113280507
1   6   4   8   0.0060975415
1   6   4   9   -0.0000000000
1   6   4   10   0.0020135251
1   6   4   11   0.0000000000
1   6   4   12   -0.0095835146
1   6   5   7   -0.0208042547
1   6   5   9   -0.0109171525
1   6   5   10   0.0000000000
1   6   5   11   -0.0040139149
1   6   5   12   -0.0000000000
1   6   6   8   -0.0159116205
1   6   6   9   0.0000000000
1   6   6   10   -0.0091982323
1   6   6   11   -0.0000000000
1   6   6   12   -0.0042639732
2   4   1   8   -0.0230438846
2   4   1   10   0.0034661505
2   4   1   12   -0.0203125432
2   4   2   7   -0.0377882524
2   4   2   9   0.0164498684
2   4   2   11   -0.0058414561
2   4   3   8   0.0275385556
2   4   3   9   -0.0000000000
2   4   3   10   0.0000582797
2   4   3   12   0.0024447643
2   4   4   7   0.0013966108
2   4   4   9   -0.0006170413
2   4   4   10   0.0000000000
2   4   4   11   -0.0089284248
2   4   5   8   -0.0083041136
2   4   5   10   -0.0097154810
2   4   5   11   0.0000000000
2   4   5   12   -0.0053740581
2   4   6   7   -0.0198872134
2   4   6   9   -0.0010372574
2   4   6   11   -0.0051824270
2   5   1   7   0.0567941632
2   5   1   9   -0.0109127751
2   5   1   11   0.0153473317
2   5   2   8   0.0547024311
2   5   2   10   0.0002384072
2   5   2   12   0.0206632412
2   5   3   7   -0.0109127751
2   5   3   9   0.0298310107
2   5   3   11   -0.0030871781
2   5   4   8   0.0002384072
2   5   4   10   0.0110559939
2   5   4   11   -0.0000000000
2   5   4   12   0.0063477326
2   5   5   7   0.0153473317
2   5   5   9   -0.0030871781
2   5   5   10   -0.0000000000
2   5   5   11   0.0172440578
2   5   5   12   0.0000000000
2   5   6   8   0.0206632412
2   5   6   10   0.0063477326
2   5   6   11   0.0000000000
2   5   6   12   0.0162793479
2   6   1   8   0.0477331265
2   6   1   10   0.0154407524
2   6   1   12   0.0152751663
2   6   2   7   0.0211988785
2   6   2   9   -0.0314002253
2   6   2   11   0.0147490249
2   6   3   8   -0.0137164554
2   6   3   10   0.0074028935
2   6   3   11   0.0000000000
2   6   3   12   -0.0038286712
2   6   4   7   0.0149424500
2   6   4   9   0.0066330458
2   6   4   10   -0.0000000000
2   6   4   11   0.0094309284
2   6   4   12   0.0000000000
2   6   5   8   0.0120503403
2   6   5   9   0.0000000000
2   6   5   10   0.0085535043
2   6   5   11   -0.0000000000
2   6   5   12   0.0152577073
2   6   6   7   0.0149340299
2   6   6   9   -0.0103973719
2   6   6   10   0.0000000000
2   6   6   11   0.0157523060
3   4   1   7   0.0101399586
3   4   1   9   0.0257830252
3   4   1   11   -0.0208042547
3   4   2   8   -0.0155892267
3   4   2   10   0.0060975415
3   4   2   12   -0.0159116205
3   4   3   7   0.0469227977
3   4   3   9   0.0158638347
3   4   3   10   -0.0000000000
3   4   3   11   -0.0109171525
3   4   3   12   0.0000000000
3   4   4   8   0.0045647204
3   4   4   10   0.0020135251
3   4   4   11   0.0000000000
3   4   4   12   -0.0091982323
3   4   5   7   -0.0228216293
3   4   5   9   -0.0113280507
3   4   5   10   0.0000000000
3   4   5   11   -0.0040139149
3   4   5   12   -0.0000000000
3   4   6   8   -0.0090078579
3   4   6   10   -0.0095835146
3   4   6   11   -0.0000000000
3   4   6   12   -0.0042639732
3   5   1   8   0.0211988785
3   5   1   10   0.0149424500
3   5   1   12   0.0149340299
3   5   2   7   0.0477331265
3   5   2   9   -0.0137164554
3   5   2   11   0.0120503403
3   5   3   8   -0.0314002253
3   5   3   10   0.0066330458
3   5   3   11   0.0000000000
3   5   3   12   -0.0103973719
3   5   4   7   0.0154407524
3   5   4   9   0.0074028935
3   5   4   10   -0.0000000000
3   5   4   11   0.0085535043
3   5   4   12   0.0000000000
3   5   5   8   0.0147490249
3   5   5   9   0.0000000000
3   5   5   10   0.0094309284
3   5   5   11   -0.0000000000
3   5   5   12   0.0157523060
3   5   6   7   0.0152751663
3   5   6   9   -0.0038286712
3   5   6   10   0.0000000000
3   5   6   11   0.0152577073
3   6   1   7   0.0609894253
3   6   1   9   0.0159932623
3   6   1   10   -0.0000000000
3   6   1   11   0.0109973715
3   6   2   8   0.0489888913
3   6   2   10   0.0141254004
3   6   2   11   -0.0000000000
3   6   2   12   0.0118772605
3   6   3   7   0.0159932623
3   6   3   9   0.0455173607
3   6   3   10   0.0000000000
3   6   3   11   -0.0139646567
3   6   4   7   -0.0000000000
3   6   4   8   0.0141254004
3   6   4   9   0.0000000000
3   6   4   10   0.0141049546
3   6   4   11   -0.0000000000
3   6   4   12   0.0055891484
3   6   5   7   0.0109973715
3   6   5   8   -0.0000000000
3   6   5   9   -0.0139646567
3   6   5   10   -0.0000000000
3   6   5   11   0.0205988386
3   6   6   8   0.0118772605
3   6   6   10   0.0055891484
3   6   6   12   0.0162027970

End IJAB Block
Begin IJKL Block
1   4   1   4   0.3010552935
1   4   1   6   0.0580222284
1   4   2   5   0.1009218843
1   4   3   4   0.0580222284
1   4   3   6   0.0863331450
1   5   1   5   0.2376733713
1   5   2   4   0.1009218843
1   5   2   6   -0.0817307957
1   5   3   5   -0.0325136240
1   6   1   4   0.0580222284
1   6   1   6   0.2609227198
1   6   2   5   -0.0817307957
1   6   3   4   0.0863331450
1   6   3   6   0.0228374503
2   4   1   5   0.1009218843
2   4   2   4   0.2376733713
2   4   2   6   -0.0325136240
2   4   3   5   -0.0817307957
2   5   1   4   0.1009218843
2   5   1   6   -0.0817307957
2   5   2   5   0.2698035278
2   5   3   4   -0.0817307957
2   5   3   6   0.0957249054
2   6   1   5   -0.0817307957
2   6   2   4   -0.0325136240
2   6   2   6   0.2378977472
2   6   3   5   0.0957249054
3   4   1   4   0.0580222284
3   4   1   6   0.0863331450
3   4   2   5   -0.0817307957
3   4   3   4   0.2609227198
3   4   3   6   0.0228374503
3   5   1   5   -0.0325136240
3   5   2   4   -0.0817307957
3   5   2   6   0.0957249054
3   5   3   5   0.2378977472
3   6   1   4   0.0863331450
3   6   1   6   0.0228374503
3   6   2   5   0.0957249054
3   6   3   4   0.0228374503
3   6   3   6   0.2565221985

End IJKL Block
Begin ABCD Block
1   7   1   7   0.2404030904
1   7   1   8   -0.0000000000
1   7   1   9   0.0304997767
1   7   1   10   -0.0000000000
1   7   1   11   0.0055383277
1   7   2   7   -0.0000000000
1   7   2   8   0.0760083134
1   7   2   9   0.0000000000
1   7   2   10   0.0101424596
1   7   2   11   -0.0000000000
1   7   2   12   0.0229973113
1   7   3   7   0.0304997767
1   7   3   8   0.0000000000
1   7   3   9   0.0562218201
1   7   3   10   0.0000000000
1   7   3   11   -0.0215801091
1   7   3   12   0.0000000000
1   7   4   7   -0.0000000000
1   7   4   8   0.0101424596
1   7   4   9   0.0000000000
1   7   4   10   0.0099237385
1   7   4   11   -0.0000000000
1   7   4   12   0.0034985141
1   7   5   7   0.0055383277
1   7   5   8   -0.0000000000
1   7   5   9   -0.0215801091
1   7   5   10   -0.0000000000
1   7   5   11   0.0207124349
1   7   5   12   -0.0000000000
1   7   6   8   0.0229973113
1   7   6   9   0.0000000000
1   7   6   10   0.0034985141
1   7   6   11   -0.0000000000
1   7   6   12   0.0196925661
1   8   1   7   -0.0000000000
1   8   1   8   0.2179986243
1   8   1   10   0.0140556285
1   8   1   11   -0.0000000000
1   8   1   12   0.0282477742
1   8   2   7   0.0760083134
1   8   2   8   -0.0000000000
1   8   2   9   -0.0614800900
1   8   2   10   -0.0000000000
1   8   2   11   0.0193403962
1   8   2   12   -0.0000000000
1   8   3   7   0.0000000000
1   8   3   8   -0.0027816187
1   8   3   10   0.0067306300
1   8   3   11   0.0000000000
1   8   3   12   -0.0003540856
1   8   4   7   0.0101424596
1   8   4   8   -0.0000000000
1   8   4   9   -0.0010822162
1   8   4   10   -0.0000000000
1   8   4   11   0.0071010103
1   8   4   12   -0.0000000000
1   8   5   7   -0.0000000000
1   8   5   8   0.0146141388
1   8   5   9   0.0000000000
1   8   5   10   0.0048514418
1   8   5   11   -0.0000000000
1   8   5   12   0.0110078534
1   8   6   7   0.0229973113
1   8   6   8   -0.0000000000
1   8   6   9   -0.0184568980
1   8   6   10   -0.0000000000
1   8   6   11   0.0143609875
1   8   6   12   -0.0000000000
1   9   1   7   0.0304997767
1   9   1   9   0.2266956112
1   9   1   11   -0.0317510404
1   9   1   12   0.0000000000
1   9   2   7   0.0000000000
1   9   2   8   -0.0614800900
1   9   2   9   0.0000000000
1   9   2   10   0.0115598405
1   9   2   11   0.0000000000
1   9   2   12   0.0065574439
1   9   3   7   0.0562218201
1   9   3   9   0.0412994544
1   9   3   10   -0.0000000000
1   9   3   11   -0.0233473791
1   9   3   12   -0.0000000000
1   9   4   7   0.0000000000
1   9   4   8   -0.0010822162
1   9   4   9   0.0000000000
1   9   4   10   0.0029100666
1   9   4   11   0.0000000000
1   9   4   12   -0.0050252149
1   9   5   7   -0.0215801091
1   9   5   8   0.0000000000
1   9   5   9   -0.0090600044
1   9   5   10   0.0000000000
1   9   5   11   0.0034678574
1   9   5   12   0.0000000000
1   9   6   7   0.0000000000
1   9   6   8   -0.0184568980
1   9   6   9   0.0000000000
1   9   6   10   -0.0040471771
1   9   6   11   0.0000000000
1   9   6   12   -0.0016006134
1   10   1   7   -0.0000000000
1   10   1   8   0.0140556285
1   10   1   10   0.1846616347
1   10   1   11   -0.0000000000
1   10   1   12   -0.0128181183
1   10   2   7   0.0101424596
1   10   2   8   -0.0000000000
1   10   2   9   0.0115598405
1   10   2   10   -0.0000000000
1   10   2   11   0.0536014681
1   10   2   12   -0.0000000000
1   10   3   7   0.0000000000
1   10   3   8   0.0067306300
1   10   3   9   -0.0000000000
1   10   3   10   0.0232843515
1   10   3   11   0.0000000000
1   10   3   12   -0.0331370407
1   10   4   7   0.0099237385
1   10   4   8   -0.0000000000
1   10   4   9   0.0029100666
1   10   4   10   -0.0000000000
1   10   4   11   0.0054527674
1   10   4   12   -0.0000000000
1   10   5   7   -0.0000000000
1   10   5   8   0.0048514418
1   10   5   9   0.0000000000
1   10   5   10   0.0022653986
1   10   5   11   -0.0000000000
1   10   5   12   0.0129786200
1   10   6   7   0.0034985141
1   10   6   8   -0.0000000000
1   10   6   9   -0.0040471771
1   10   6   10   -0.0000000000
1   10   6   11   0.0147989435
1   10   6   12   -0.0000000000
1   11   1   7   0.0055383277
1   11   1   8   -0.0000000000
1   11   1   9   -0.0317510404
1   11   1   10   -0.0000000000
1   11   1   11   0.1822570051
1   11   1   12   -0.0000000000
1   11   2   7   -0.0000000000
1   11   2   8   0.0193403962
1   11   2   9   0.0000000000
1   11   2   10   0.0536014681
1   11   2   11   -0.0000000000
1   11   2   12   0.0480649213
1   11   3   7   -0.0215801091
1   11   3   8   0.0000000000
1   11   3   9   -0.0233473791
1   11   3   10   0.0000000000
1   11   3   11   -0.0008235890
1   11   3   12   0.0000000000
1   11   4   7   -0.0000000000
1   11   4   8   0.0071010103
1   11   4   9   0.0000000000
1   11   4   10   0.0054527674
1   11   4   11   -0.0000000000
1   11   4   12   0.0081012300
1   11   5   7   0.0207124349
1   11   5   8   -0.0000000000
1   11   5   9   0.0034678574
1   11   5   10   -0.0000000000
1   11   5   11   0.0131196676
1   11   5   12   -0.0000000000
1   11   6   7   -0.0000000000
1   11   6   8   0.0143609875
1   11   6   9   0.0000000000
1   11   6   10   0.0147989435
1   11   6   11   -0.0000000000
1   11   6   12   0.0101461742
1   12   1   8   0.0282477742
1   12   1   9   0.0000000000
1   12   1   10   -0.0128181183
1   12   1   11   -0.0000000000
1   12   1   12   0.1814465157
1   12   2   7   0.0229973113
1   12   2   8   -0.0000000000
1   12   2   9   0.0065574439
1   12   2   10   -0.0000000000
1   12   2   11   0.0480649213
1   12   2   12   0.0000000000
1   12   3   7   0.0000000000
1   12   3   8   -0.0003540856
1   12   3   9   -0.0000000000
1   12   3   10   -0.0331370407
1   12   3   11   0.0000000000
1   12   3   12   0.0050432893
1   12   4   7   0.0034985141
1   12   4   8   -0.0000000000
1   12   4   9   -0.0050252149
1   12   4   10   -0.0000000000
1   12   4   11   0.0081012300
1   12   4   12   0.0000000000
1   12   5   7   -0.0000000000
1   12   5   8   0.0110078534
1   12   5   9   0.0000000000
1   12   5   10   0.0129786200
1   12   5   11   -0.0000000000
1   12   5   12   0.0087738551
1   12   6   7   0.0196925661
1   12   6   8   -0.0000000000
1   12   6   9   -0.0016006134
1   12   6   10   -0.0000000000
1   12   6   11   0.0101461742
1   12   6   12   -0.0000000000
2   7   1   7   -0.0000000000
2   7   1   8   0.0760083134
2   7   1   9   0.0000000000
2   7   1   10   0.0101424596
2   7   1   11   -0.0000000000
2   7   1   12   0.0229973113
2   7   2   7   0.2179986243
2   7   2   8   -0.0000000000
2   7   2   9   -0.0027816187
2   7   2   10   -0.0000000000
2   7   2   11   0.0146141388
2   7   2   12   -0.0000000000
2   7   3   8   -0.0614800900
2   7   3   10   -0.0010822162
2   7   3   11   0.0000000000
2   7   3   12   -0.0184568980
2   7   4   7   0.0140556285
2   7   4   8   -0.0000000000
2   7   4   9   0.0067306300
2   7   4   10   -0.0000000000
2   7   4   11   0.0048514418
2   7   4   12   -0.0000000000
2   7   5   7   -0.0000000000
2   7   5   8   0.0193403962
2   7   5   9   0.0000000000
2   7   5   10   0.0071010103
2   7   5   11   -0.0000000000
2   7   5   12   0.0143609875
2   7   6   7   0.0282477742
2   7   6   8   -0.0000000000
2   7   6   9   -0.0003540856
2   7   6   10   -0.0000000000
2   7   6   11   0.0110078534
2   7   6   12   -0.0000000000
2   8   1   7   0.0760083134
2   8   1   8   -0.0000000000
2   8   1   9   -0.0614800900
2   8   1   10   -0.0000000000
2   8   1   11   0.0193403962
2   8   1   12   -0.0000000000
2   8   2   7   -0.0000000000
2   8   2   8   0.2237968837
2   8   2   9   0.0000000000
2   8   2   10   0.0069534234
2   8   2   11   -0.0000000000
2   8   2   12   0.0284402156
2   8   3   7   -0.0614800900
2   8   3   8   0.0000000000
2   8   3   9   0.0633373366
2   8   3   10   0.0000000000
2   8   3   11   -0.0142467301
2   8   3   12   0.0000000000
2   8   4   7   -0.0000000000
2   8   4   8   0.0069534234
2   8   4   9   0.0000000000
2   8   4   10   0.0074015316
2   8   4   11   -0.0000000000
2   8   4   12   0.0047383416
2   8   5   7   0.0193403962
2   8   5   8   -0.0000000000
2   8   5   9   -0.0142467301
2   8   5   10   -0.0000000000
2   8   5   11   0.0147141460
2   8   5   12   -0.0000000000
2   8   6   7   -0.0000000000
2   8   6   8   0.0284402156
2   8   6   9   0.0000000000
2   8   6   10   0.0047383416
2   8   6   11   -0.0000000000
2   8   6   12   0.0164808312
2   9   1   7   0.0000000000
2   9   1   8   -0.0614800900
2   9   1   9   0.0000000000
2   9   1   10   0.0115598405
2   9   1   11   0.0000000000
2   9   1   12   0.0065574439
2   9   2   7   -0.0027816187
2   9   2   8   0.0000000000
2   9   2   9   0.2071298329
2   9   2   10   0.0000000000
2   9   2   11   -0.0177102717
2   9   2   12   0.0000000000
2   9   3   8   0.0633373366
2   9   3   9   -0.0000000000
2   9   3   10   -0.0080476553
2   9   3   11   -0.0000000000
2   9   3   12   -0.0103048598
2   9   4   7   0.0067306300
2   9   4   8   0.0000000000
2   9   4   9   0.0085225075
2   9   4   10   -0.0000000000
2   9   4   11   -0.0071744755
2   9   4   12   0.0000000000
2   9   5   7   0.0000000000
2   9   5   8   -0.0142467301
2   9   5   9   0.0000000000
2   9   5   10   -0.0031586547
2   9   5   11   0.0000000000
2   9   5   12   -0.0030332012
2   9   6   7   -0.0003540856
2   9   6   8   0.0000000000
2   9   6   9   0.0187790100
2   9   6   10   0.0000000000
2   9   6   11   -0.0079155046
2   9   6   12   0.0000000000
2   10   1   7   0.0101424596
2   10   1   8   -0.0000000000
2   10   1   9   0.0115598405
2   10   1   10   -0.0000000000
2   10   1   11   0.0536014681
2   10   1   12   -0.0000000000
2   10   2   7   -0.0000000000
2   10   2   8   0.0069534234
2   10   2   9   0.0000000000
2   10   2   10   0.1724512499
2   10   2   11   -0.0000000000
2   10   2   12   0.0011837167
2   10   3   7   -0.0010822162
2   10   3   8   0.0000000000
2   10   3   9   -0.0080476553
2   10   3   10   0.0000000000
2   10   3   11   -0.0495305496
2   10   3   12   0.0000000000
2   10   4   7   -0.0000000000
2   10   4   8   0.0074015316
2   10   4   9   -0.0000000000
2   10   4   10   0.0087773107
2   10   4   11   -0.0000000000
2   10   4   12   -0.0015027177
2   10   5   7   0.0071010103
2   10   5   8   -0.0000000000
2   10   5   9   -0.0031586547
2   10   5   10   -0.0000000001
2   10   5   11   0.0149960242
2   10   5   12   -0.0000000000
2   10   6   7   -0.0000000000
2   10   6   8   0.0047383416
2   10   6   9   0.0000000000
2   10   6   10   0.0154624853
2   10   6   11   -0.0000000001
2   10   6   12   -0.0026757726
2   11   1   7   -0.0000000000
2   11   1   8   0.0193403962
2   11   1   9   0.0000000000
2   11   1   10   0.0536014681
2   11   1   11   -0.0000000000
2   11   1   12   0.0480649213
2   11   2   7   0.0146141388
2   11   2   8   -0.0000000000
2   11   2   9   -0.0177102717
2   11   2   10   -0.0000000000
2   11   2   11   0.1785810901
2   11   2   12   -0.0000000000
2   11   3   7   0.0000000000
2   11   3   8   -0.0142467301
2   11   3   9   -0.0000000000
2   11   3   10   -0.0495305496
2   11   3   11   0.0000000000
2   11   3   12   -0.0373851702
2   11   4   7   0.0048514418
2   11   4   8   -0.0000000000
2   11   4   9   -0.0071744755
2   11   4   10   -0.0000000000
2   11   4   11   0.0092669820
2   11   4   12   -0.0000000000
2   11   5   7   -0.0000000000
2   11   5   8   0.0147141460
2   11   5   9   0.0000000000
2   11   5   10   0.0149960242
2   11   5   11   -0.0000000001
2   11   5   12   0.0098934469
2   11   6   7   0.0110078534
2   11   6   8   -0.0000000000
2   11   6   9   -0.0079155046
2   11   6   10   -0.0000000001
2   11   6   11   0.0153785515
2   11   6   12   -0.0000000000
2   12   1   7   0.0229973113
2   12   1   8   -0.0000000000
2   12   1   9   0.0065574439
2   12   1   10   -0.0000000000
2   12   1   11   0.0480649213
2   12   1   12   0.0000000000
2   12   2   7   -0.0000000000
2   12   2   8   0.0284402156
2   12   2   9   0.0000000000
2   12   2   10   0.0011837167
2   12   2   11   -0.0000000000
2   12   2   12   0.1756175843
2   12   3   7   -0.0184568980
2   12   3   8   0.0000000000
2   12   3   9   -0.0103048598
2   12   3   10   0.0000000000
2   12   3   11   -0.0373851702
2   12   4   7   -0.0000000000
2   12   4   8   0.0047383416
2   12   4   9   0.0000000000
2   12   4   10   -0.0015027177
2   12   4   11   -0.0000000000
2   12   4   12   0.0062767178
2   12   5   7   0.0143609875
2   12   5   8   -0.0000000000
2   12   5   9   -0.0030332012
2   12   5   10   -0.0000000000
2   12   5   11   0.0098934469
2   12   5   12   -0.0000000000
2   12   6   7   -0.0000000000
2   12   6   8   0.0164808312
2   12   6   9   0.0000000000
2   12   6   10   -0.0026757726
2   12   6   11   -0.0000000000
2   12   6   12   0.0144595093
3   7   1   7   0.0304997767
3   7   1   8   0.0000000000
3   7   1   9   0.0562218201
3   7   1   10   0.0000000000
3   7   1   11   -0.0215801091
3   7   1   12   0.0000000000
3   7   2   8   -0.0614800900
3   7   2   10   -0.0010822162
3   7   2   11   0.0000000000
3   7   2   12   -0.0184568980
3   7   3   7   0.2266956112
3   7   3   8   0.0000000000
3   7   3   9   0.0412994544
3   7   3   10   0.0000000000
3   7   3   11   -0.0090600044
3   7   3   12   0.0000000000
3   7   4   8   0.0115598405
3   7   4   9   -0.0000000000
3   7   4   10   0.0029100666
3   7   4   11   0.0000000000
3   7   4   12   -0.0040471771
3   7   5   7   -0.0317510404
3   7   5   8   0.0000000000
3   7   5   9   -0.0233473791
3   7   5   10   0.0000000000
3   7   5   11   0.0034678574
3   7   5   12   0.0000000000
3   7   6   7   0.0000000000
3   7   6   8   0.0065574439
3   7   6   9   -0.0000000000
3   7   6   10   -0.0050252149
3   7   6   11   0.0000000000
3   7   6   12   -0.0016006134
3   8   1   7   0.0000000000
3   8   1   8   -0.0027816187
3   8   1   10   0.0067306300
3   8   1   11   0.0000000000
3   8   1   12   -0.0003540856
3   8   2   7   -0.0614800900
3   8   2   8   0.0000000000
3   8   2   9   0.0633373366
3   8   2   10   0.0000000000
3   8   2   11   -0.0142467301
3   8   2   12   0.0000000000
3   8   3   7   0.0000000000
3   8   3   8   0.2071298329
3   8   3   9   -0.0000000000
3   8   3   10   0.0085225075
3   8   3   11   0.0000000000
3   8   3   12   0.0187790100
3   8   4   7   0.0115598405
3   8   4   8   0.0000000000
3   8   4   9   -0.0080476553
3   8   4   10   -0.0000000000
3   8   4   11   -0.0031586547
3   8   4   12   0.0000000000
3   8   5   7   0.0000000000
3   8   5   8   -0.0177102717
3   8   5   9   -0.0000000000
3   8   5   10   -0.0071744755
3   8   5   11   0.0000000000
3   8   5   12   -0.0079155046
3   8   6   7   0.0065574439
3   8   6   8   0.0000000000
3   8   6   9   -0.0103048598
3   8   6   10   0.0000000000
3   8   6   11   -0.0030332012
3   8   6   12   0.0000000000
3   9   1   7   0.0562218201
3   9   1   9   0.0412994544
3   9   1   10   -0.0000000000
3   9   1   11   -0.0233473791
3   9   1   12   -0.0000000000
3   9   2   8   0.0633373366
3   9   2   9   -0.0000000000
3   9   2   10   -0.0080476553
3   9   2   11   -0.0000000000
3   9   2   12   -0.0103048598
3   9   3   7   0.0412994544
3   9   3   8   -0.0000000000
3   9   3   9   0.2324412213
3   9   3   10   0.0000000000
3   9   3   11   -0.0316343041
3   9   3   12   -0.0000000000
3   9   4   7   -0.0000000000
3   9   4   8   -0.0080476553
3   9   4   9   0.0000000000
3   9   4   10   0.0091797663
3   9   4   11   -0.0000000000
3   9   4   12   0.0005631958
3   9   5   7   -0.0233473791
3   9   5   8   -0.0000000000
3   9   5   9   -0.0316343041
3   9   5   10   -0.0000000000
3   9   5   11   0.0163452157
3   9   5   12   -0.0000000000
3   9   6   7   -0.0000000000
3   9   6   8   -0.0103048598
3   9   6   9   -0.0000000000
3   9   6   10   0.0005631958
3   9   6   11   -0.0000000000
3   9   6   12   0.0120964901
3   10   1   7   0.0000000000
3   10   1   8   0.0067306300
3   10   1   9   -0.0000000000
3   10   1   10   0.0232843515
3   10   1   11   0.0000000000
3   10   1   12   -0.0331370407
3   10   2   7   -0.0010822162
3   10   2   8   0.0000000000
3   10   2   9   -0.0080476553
3   10   2   10   0.0000000000
3   10   2   11   -0.0495305496
3   10   2   12   0.0000000000
3   10   3   7   0.0000000000
3   10   3   8   0.0085225075
3   10   3   9   0.0000000000
3   10   3   10   0.1814884335
3   10   3   11   0.0000000000
3   10   3   12   -0.0224239187
3   10   4   7   0.0029100666
3   10   4   8   -0.0000000000
3   10   4   9   0.0091797663
3   10   4   10   0.0000000000
3   10   4   11   0.0062445215
3   10   4   12   0.0000000000
3   10   5   7   0.0000000000
3   10   5   8   -0.0071744755
3   10   5   9   -0.0000000000
3   10   5   10   -0.0190098043
3   10   5   11   0.0000000001
3   10   5   12   0.0137796492
3   10   6   7   -0.0050252149
3   10   6   8   0.0000000000
3   10   6   9   0.0005631958
3   10   6   10   0.0000000001
3   10   6   11   0.0116514117
3   10   6   12   0.0000000001
3   11   1   7   -0.0215801091
3   11   1   8   0.0000000000
3   11   1   9   -0.0233473791
3   11   1   10   0.0000000000
3   11   1   11   -0.0008235890
3   11   1   12   0.0000000000
3   11   2   7   0.0000000000
3   11   2   8   -0.0142467301
3   11   2   9   -0.0000000000
3   11   2   10   -0.0495305496
3   11   2   11   0.0000000000
3   11   2   12   -0.0373851702
3   11   3   7   -0.0090600044
3   11   3   8   0.0000000000
3   11   3   9   -0.0316343041
3   11   3   10   0.0000000000
3   11   3   11   0.1696092657
3   11   3   12   0.0000000000
3   11   4   7   0.0000000000
3   11   4   8   -0.0031586547
3   11   4   9   -0.0000000000
3   11   4   10   0.0062445215
3   11   4   11   0.0000000000
3   11   4   12   0.0100617421
3   11   5   7   0.0034678574
3   11   5   8   0.0000000000
3   11   5   9   0.0163452157
3   11   5   10   0.0000000001
3   11   5   11   -0.0110536208
3   11   5   12   0.0000000000
3   11   6   7   0.0000000000
3   11   6   8   -0.0030332012
3   11   6   9   -0.0000000000
3   11   6   10   0.0116514117
3   11   6   11   0.0000000001
3   11   6   12   0.0109207160
3   12   1   7   0.0000000000
3   12   1   8   -0.0003540856
3   12   1   9   -0.0000000000
3   12   1   10   -0.0331370407
3   12   1   11   0.0000000000
3   12   1   12   0.0050432893
3   12   2   7   -0.0184568980
3   12   2   8   0.0000000000
3   12   2   9   -0.0103048598
3   12   2   10   0.0000000000
3   12   2   11   -0.0373851702
3   12   3   7   0.0000000000
3   12   3   8   0.0187790100
3   12   3   9   -0.0000000000
3   12   3   10   -0.0224239187
3   12   3   11   0.0000000000
3   12   3   12   0.1719777278
3   12   4   7   -0.0040471771
3   12   4   8   0.0000000000
3   12   4   9   0.0005631958
3   12   4   10   0.0000000000
3   12   4   11   0.0100617421
3   12   4   12   0.0000000000
3   12   5   7   0.0000000000
3   12   5   8   -0.0079155046
3   12   5   9   -0.0000000000
3   12   5   10   0.0137796492
3   12   5   11   0.0000000000
3   12   5   12   -0.0105104971
3   12   6   7   -0.0016006134
3   12   6   8   0.0000000000
3   12   6   9   0.0120964901
3   12   6   10   0.0000000001
3   12   6   11   0.0109207160
3   12   6   12   -0.0000000000
4   7   1   7   -0.0000000000
4   7   1   8   0.0101424596
4   7   1   9   0.0000000000
4   7   1   10   0.0099237385
4   7   1   11   -0.0000000000
4   7   1   12   0.0034985141
4   7   2   7   0.0140556285
4   7   2   8   -0.0000000000
4   7   2   9   0.0067306300
4   7   2   10   -0.0000000000
4   7   2   11   0.0048514418
4   7   2   12   -0.0000000000
4   7   3   8   0.0115598405
4   7   3   9   -0.0000000000
4   7   3   10   0.0029100666
4   7   3   11   0.0000000000
4   7   3   12   -0.0040471771
4   7   4   7   0.1846616347
4   7   4   8   -0.0000000000
4   7   4   9   0.0232843515
4   7   4   10   -0.0000000000
4   7   4   11   0.0022653986
4   7   4   12   -0.0000000000
4   7   5   7   -0.0000000000
4   7   5   8   0.0536014681
4   7   5   9   0.0000000000
4   7   5   10   0.0054527674
4   7   5   11   -0.0000000000
4   7   5   12   0.0147989435
4   7   6   7   -0.0128181183
4   7   6   8   -0.0000000000
4   7   6   9   -0.0331370407
4   7   6   10   -0.0000000000
4   7   6   11   0.0129786200
4   7   6   12   -0.0000000000
4   8   1   7   0.0101424596
4   8   1   8   -0.0000000000
4   8   1   9   -0.0010822162
4   8   1   10   -0.0000000000
4   8   1   11   0.0071010103
4   8   1   12   -0.0000000000
4   8   2   7   -0.0000000000
4   8   2   8   0.0069534234
4   8   2   9   0.0000000000
4   8   2   10   0.0074015316
4   8   2   11   -0.0000000000
4   8   2   12   0.0047383416
4   8   3   7   0.0115598405
4   8   3   8   0.0000000000
4   8   3   9   -0.0080476553
4   8   3   10   -0.0000000000
4   8   3   11   -0.0031586547
4   8   3   12   0.0000000000
4   8   4   7   -0.0000000000
4   8   4   8   0.1724512499
4   8   4   9   0.0000000000
4   8   4   10   0.0087773107
4   8   4   11   -0.0000000001
4   8   4   12   0.0154624853
4   8   5   7   0.0536014681
4   8   5   8   -0.0000000000
4   8   5   9   -0.0495305496
4   8   5   10   -0.0000000000
4   8   5   11   0.0149960242
4   8   5   12   -0.0000000001
4   8   6   7   -0.0000000000
4   8   6   8   0.0011837167
4   8   6   9   0.0000000000
4   8   6   10   -0.0015027177
4   8   6   11   -0.0000000000
4   8   6   12   -0.0026757726
4   9   1   7   0.0000000000
4   9   1   8   -0.0010822162
4   9   1   9   0.0000000000
4   9   1   10   0.0029100666
4   9   1   11   0.0000000000
4   9   1   12   -0.0050252149
4   9   2   7   0.0067306300
4   9   2   8   0.0000000000
4   9   2   9   0.0085225075
4   9   2   10   -0.0000000000
4   9   2   11   -0.0071744755
4   9   2   12   0.0000000000
4   9   3   7   -0.0000000000
4   9   3   8   -0.0080476553
4   9   3   9   0.0000000000
4   9   3   10   0.0091797663
4   9   3   11   -0.0000000000
4   9   3   12   0.0005631958
4   9   4   7   0.0232843515
4   9   4   8   0.0000000000
4   9   4   9   0.1814884335
4   9   4   10   0.0000000000
4   9   4   11   -0.0190098043
4   9   4   12   0.0000000001
4   9   5   7   0.0000000000
4   9   5   8   -0.0495305496
4   9   5   9   0.0000000000
4   9   5   10   0.0062445215
4   9   5   11   0.0000000001
4   9   5   12   0.0116514117
4   9   6   7   -0.0331370407
4   9   6   8   0.0000000000
4   9   6   9   -0.0224239187
4   9   6   10   0.0000000000
4   9   6   11   0.0137796492
4   9   6   12   0.0000000001
4   10   1   7   0.0099237385
4   10   1   8   -0.0000000000
4   10   1   9   0.0029100666
4   10   1   10   -0.0000000000
4   10   1   11   0.0054527674
4   10   1   12   -0.0000000000
4   10   2   7   -0.0000000000
4   10   2   8   0.0074015316
4   10   2   9   -0.0000000000
4   10   2   10   0.0087773107
4   10   2   11   -0.0000000000
4   10   2   12   -0.0015027177
4   10   3   7   0.0029100666
4   10   3   8   -0.0000000000
4   10   3   9   0.0091797663
4   10   3   10   0.0000000000
4   10   3   11   0.0062445215
4   10   3   12   0.0000000000
4   10   4   7   -0.0000000000
4   10   4   8   0.0087773107
4   10   4   9   0.0000000000
4   10   4   10   0.1702787085
4   10   4   11   -0.0000000002
4   10   4   12   -0.0195506893
4   10   5   7   0.0054527674
4   10   5   8   -0.0000000000
4   10   5   9   0.0062445215
4   10   5   10   -0.0000000002
4   10   5   11   0.0541634042
4   10   5   12   -0.0000000001
4   10   6   7   -0.0000000000
4   10   6   8   -0.0015027177
4   10   6   9   0.0000000000
4   10   6   10   -0.0195506893
4   10   6   11   -0.0000000001
4   10   6   12   0.0340820153
4   11   1   7   -0.0000000000
4   11   1   8   0.0071010103
4   11   1   9   0.0000000000
4   11   1   10   0.0054527674
4   11   1   11   -0.0000000000
4   11   1   12   0.0081012300
4   11   2   7   0.0048514418
4   11   2   8   -0.0000000000
4   11   2   9   -0.0071744755
4   11   2   10   -0.0000000000
4   11   2   11   0.0092669820
4   11   2   12   -0.0000000000
4   11   3   7   0.0000000000
4   11   3   8   -0.0031586547
4   11   3   9   -0.0000000000
4   11   3   10   0.0062445215
4   11   3   11   0.0000000000
4   11   3   12   0.0100617421
4   11   4   7   0.0022653986
4   11   4   8   -0.0000000001
4   11   4   9   -0.0190098043
4   11   4   10   -0.0000000002
4   11   4   11   0.1571303834
4   11   4   12   -0.0000000001
4   11   5   7   -0.0000000000
4   11   5   8   0.0149960242
4   11   5   9   0.0000000001
4   11   5   10   0.0541634042
4   11   5   11   -0.0000000003
4   11   5   12   0.0390002943
4   11   6   7   0.0129786200
4   11   6   8   -0.0000000000
4   11   6   9   0.0137796492
4   11   6   10   -0.0000000001
4   11   6   11   0.0081218568
4   11   6   12   -0.0000000000
4   12   1   7   0.0034985141
4   12   1   8   -0.0000000000
4   12   1   9   -0.0050252149
4   12   1   10   -0.0000000000
4   12   1   11   0.0081012300
4   12   1   12   0.0000000000
4   12   2   7   -0.0000000000
4   12   2   8   0.0047383416
4   12   2   9   0.0000000000
4   12   2   10   -0.0015027177
4   12   2   11   -0.0000000000
4   12   2   12   0.0062767178
4   12   3   7   -0.0040471771
4   12   3   8   0.0000000000
4   12   3   9   0.0005631958
4   12   3   10   0.0000000000
4   12   3   11   0.0100617421
4   12   3   12   0.0000000000
4   12   4   7   -0.0000000000
4   12   4   8   0.0154624853
4   12   4   9   0.0000000001
4   12   4   10   -0.0195506893
4   12   4   11   -0.0000000001
4   12   4   12   0.1579208874
4   12   5   7   0.0147989435
4   12   5   8   -0.0000000001
4   12   5   9   0.0116514117
4   12   5   10   -0.0000000001
4   12   5   11   0.0390002943
4   12   5   12   -0.0000000000
4   12   6   7   -0.0000000000
4   12   6   8   -0.0026757726
4   12   6   9   0.0000000001
4   12   6   10   0.0340820153
4   12   6   11   -0.0000000000
4   12   6   12   -0.0011588857
5   7   1   7   0.0055383277
5   7   1   8   -0.0000000000
5   7   1   9   -0.0215801091
5   7   1   10   -0.0000000000
5   7   1   11   0.0207124349
5   7   1   12   -0.0000000000
5   7   2   7   -0.0000000000
5   7   2   8   0.0193403962
5   7   2   9   0.0000000000
5   7   2   10   0.0071010103
5   7   2   11   -0.0000000000
5   7   2   12   0.0143609875
5   7   3   7   -0.0317510404
5   7   3   8   0.0000000000
5   7   3   9   -0.0233473791
5   7   3   10   0.0000000000
5   7   3   11   0.0034678574
5   7   3   12   0.0000000000
5   7   4   7   -0.0000000000
5   7   4   8   0.0536014681
5   7   4   9   0.0000000000
5   7   4   10   0.0054527674
5   7   4   11   -0.0000000000
5   7   4   12   0.0147989435
5   7   5   7   0.1822570051
5   7   5   8   -0.0000000000
5   7   5   9   -0.0008235890
5   7   5   10   -0.0000000000
5   7   5   11   0.0131196676
5   7   5   12   -0.0000000000
5   7   6   7   -0.0000000000
5   7   6   8   0.0480649213
5   7   6   9   0.0000000000
5   7   6   10   0.0081012300
5   7   6   11   -0.0000000000
5   7   6   12   0.0101461742
5   8   1   7   -0.0000000000
5   8   1   8   0.0146141388
5   8   1   9   0.0000000000
5   8   1   10   0.0048514418
5   8   1   11   -0.0000000000
5   8   1   12   0.0110078534
5   8   2   7   0.0193403962
5   8   2   8   -0.0000000000
5   8   2   9   -0.0142467301
5   8   2   10   -0.0000000000
5   8   2   11   0.0147141460
5   8   2   12   -0.0000000000
5   8   3   7   0.0000000000
5   8   3   8   -0.0177102717
5   8   3   9   -0.0000000000
5   8   3   10   -0.0071744755
5   8   3   11   0.0000000000
5   8   3   12   -0.0079155046
5   8   4   7   0.0536014681
5   8   4   8   -0.0000000000
5   8   4   9   -0.0495305496
5   8   4   10   -0.0000000000
5   8   4   11   0.0149960242
5   8   4   12   -0.0000000001
5   8   5   7   -0.0000000000
5   8   5   8   0.1785810901
5   8   5   9   0.0000000000
5   8   5   10   0.0092669820
5   8   5   11   -0.0000000001
5   8   5   12   0.0153785515
5   8   6   7   0.0480649213
5   8   6   8   -0.0000000000
5   8   6   9   -0.0373851702
5   8   6   10   -0.0000000000
5   8   6   11   0.0098934469
5   8   6   12   -0.0000000000
5   9   1   7   -0.0215801091
5   9   1   8   0.0000000000
5   9   1   9   -0.0090600044
5   9   1   10   0.0000000000
5   9   1   11   0.0034678574
5   9   1   12   0.0000000000
5   9   2   7   0.0000000000
5   9   2   8   -0.0142467301
5   9   2   9   0.0000000000
5   9   2   10   -0.0031586547
5   9   2   11   0.0000000000
5   9   2   12   -0.0030332012
5   9   3   7   -0.0233473791
5   9   3   8   -0.0000000000
5   9   3   9   -0.0316343041
5   9   3   10   -0.0000000000
5   9   3   11   0.0163452157
5   9   3   12   -0.0000000000
5   9   4   7   0.0000000000
5   9   4   8   -0.0495305496
5   9   4   9   0.0000000000
5   9   4   10   0.0062445215
5   9   4   11   0.0000000001
5   9   4   12   0.0116514117
5   9   5   7   -0.0008235890
5   9   5   8   0.0000000000
5   9   5   9   0.1696092657
5   9   5   10   0.0000000000
5   9   5   11   -0.0110536208
5   9   5   12   0.0000000001
5   9   6   7   0.0000000000
5   9   6   8   -0.0373851702
5   9   6   9   0.0000000000
5   9   6   10   0.0100617421
5   9   6   11   0.0000000000
5   9   6   12   0.0109207160
5   10   1   7   -0.0000000000
5   10   1   8   0.0048514418
5   10   1   9   0.0000000000
5   10   1   10   0.0022653986
5   10   1   11   -0.0000000000
5   10   1   12   0.0129786200
5   10   2   7   0.0071010103
5   10   2   8   -0.0000000000
5   10   2   9   -0.0031586547
5   10   2   10   -0.0000000001
5   10   2   11   0.0149960242
5   10   2   12   -0.0000000000
5   10   3   7   0.0000000000
5   10   3   8   -0.0071744755
5   10   3   9   -0.0000000000
5   10   3   10   -0.0190098043
5   10   3   11   0.0000000001
5   10   3   12   0.0137796492
5   10   4   7   0.0054527674
5   10   4   8   -0.0000000000
5   10   4   9   0.0062445215
5   10   4   10   -0.0000000002
5   10   4   11   0.0541634042
5   10   4   12   -0.0000000001
5   10   5   7   -0.0000000000
5   10   5   8   0.0092669820
5   10   5   9   0.0000000000
5   10   5   10   0.1571303834
5   10   5   11   -0.0000000003
5   10   5   12   0.0081218568
5   10   6   7   0.0081012300
5   10   6   8   -0.0000000000
5   10   6   9   0.0100617421
5   10   6   10   -0.0000000001
5   10   6   11   0.0390002943
5   10   6   12   -0.0000000000
5   11   1   7   0.0207124349
5   11   1   8   -0.0000000000
5   11   1   9   0.0034678574
5   11   1   10   -0.0000000000
5   11   1   11   0.0131196676
5   11   1   12   -0.0000000000
5   11   2   7   -0.0000000000
5   11   2   8   0.0147141460
5   11   2   9   0.0000000000
5   11   2   10   0.0149960242
5   11   2   11   -0.0000000001
5   11   2   12   0.0098934469
5   11   3   7   0.0034678574
5   11   3   8   0.0000000000
5   11   3   9   0.0163452157
5   11   3   10   0.0000000001
5   11   3   11   -0.0110536208
5   11   3   12   0.0000000000
5   11   4   7   -0.0000000000
5   11   4   8   0.0149960242
5   11   4   9   0.0000000001
5   11   4   10   0.0541634042
5   11   4   11   -0.0000000003
5   11   4   12   0.0390002943
5   11   5   7   0.0131196676
5   11   5   8   -0.0000000001
5   11   5   9   -0.0110536208
5   11   5   10   -0.0000000003
5   11   5   11   0.1676405667
5   11   5   12   -0.0000000001
5   11   6   7   -0.0000000000
5   11   6   8   0.0098934469
5   11   6   9   0.0000000000
5   11   6   10   0.0390002943
5   11   6   11   -0.0000000001
5   11   6   12   0.0451594412
5   12   1   7   -0.0000000000
5   12   1   8   0.0110078534
5   12   1   9   0.0000000000
5   12   1   10   0.0129786200
5   12   1   11   -0.0000000000
5   12   1   12   0.0087738551
5   12   2   7   0.0143609875
5   12   2   8   -0.0000000000
5   12   2   9   -0.0030332012
5   12   2   10   -0.0000000000
5   12   2   11   0.0098934469
5   12   2   12   -0.0000000000
5   12   3   7   0.0000000000
5   12   3   8   -0.0079155046
5   12   3   9   -0.0000000000
5   12   3   10   0.0137796492
5   12   3   11   0.0000000000
5   12   3   12   -0.0105104971
5   12   4   7   0.0147989435
5   12   4   8   -0.0000000001
5   12   4   9   0.0116514117
5   12   4   10   -0.0000000001
5   12   4   11   0.0390002943
5   12   4   12   -0.0000000000
5   12   5   7   -0.0000000000
5   12   5   8   0.0153785515
5   12   5   9   0.0000000001
5   12   5   10   0.0081218568
5   12   5   11   -0.0000000001
5   12   5   12   0.1595598658
5   12   6   7   0.0101461742
5   12   6   8   -0.0000000000
5   12   6   9   0.0109207160
5   12   6   10   -0.0000000000
5   12   6   11   0.0451594412
5   12   6   12   0.0000000000
6   7   1   8   0.0229973113
6   7   1   9   0.0000000000
6   7   1   10   0.0034985141
6   7   1   11   -0.0000000000
6   7   1   12   0.0196925661
6   7   2   7   0.0282477742
6   7   2   8   -0.0000000000
6   7   2   9   -0.0003540856
6   7   2   10   -0.0000000000
6   7   2   11   0.0110078534
6   7   2   12   -0.0000000000
6   7   3   7   0.0000000000
6   7   3   8   0.0065574439
6   7   3   9   -0.0000000000
6   7   3   10   -0.0050252149
6   7   3   11   0.0000000000
6   7   3   12   -0.0016006134
6   7   4   7   -0.0128181183
6   7   4   8   -0.0000000000
6   7   4   9   -0.0331370407
6   7   4   10   -0.0000000000
6   7   4   11   0.0129786200
6   7   4   12   -0.0000000000
6   7   5   7   -0.0000000000
6   7   5   8   0.0480649213
6   7   5   9   0.0000000000
6   7   5   10   0.0081012300
6   7   5   11   -0.0000000000
6   7   5   12   0.0101461742
6   7   6   7   0.1814465157
6   7   6   8   0.0000000000
6   7   6   9   0.0050432893
6   7   6   10   0.0000000000
6   7   6   11   0.0087738551
6   7   6   12   -0.0000000000
6   8   1   7   0.0229973113
6   8   1   8   -0.0000000000
6   8   1   9   -0.0184568980
6   8   1   10   -0.0000000000
6   8   1   11   0.0143609875
6   8   1   12   -0.0000000000
6   8   2   7   -0.0000000000
6   8   2   8   0.0284402156
6   8   2   9   0.0000000000
6   8   2   10   0.0047383416
6   8   2   11   -0.0000000000
6   8   2   12   0.0164808312
6   8   3   7   0.0065574439
6   8   3   8   0.0000000000
6   8   3   9   -0.0103048598
6   8   3   10   0.0000000000
6   8   3   11   -0.0030332012
6   8   3   12   0.0000000000
6   8   4   7   -0.0000000000
6   8   4   8   0.0011837167
6   8   4   9   0.0000000000
6   8   4   10   -0.0015027177
6   8   4   11   -0.0000000000
6   8   4   12   -0.0026757726
6   8   5   7   0.0480649213
6   8   5   8   -0.0000000000
6   8   5   9   -0.0373851702
6   8   5   10   -0.0000000000
6   8   5   11   0.0098934469
6   8   5   12   -0.0000000000
6   8   6   7   0.0000000000
6   8   6   8   0.1756175843
6   8   6   10   0.0062767178
6   8   6   11   -0.0000000000
6   8   6   12   0.0144595093
6   9   1   7   0.0000000000
6   9   1   8   -0.0184568980
6   9   1   9   0.0000000000
6   9   1   10   -0.0040471771
6   9   1   11   0.0000000000
6   9   1   12   -0.0016006134
6   9   2   7   -0.0003540856
6   9   2   8   0.0000000000
6   9   2   9   0.0187790100
6   9   2   10   0.0000000000
6   9   2   11   -0.0079155046
6   9   2   12   0.0000000000
6   9   3   7   -0.0000000000
6   9   3   8   -0.0103048598
6   9   3   9   -0.0000000000
6   9   3   10   0.0005631958
6   9   3   11   -0.0000000000
6   9   3   12   0.0120964901
6   9   4   7   -0.0331370407
6   9   4   8   0.0000000000
6   9   4   9   -0.0224239187
6   9   4   10   0.0000000000
6   9   4   11   0.0137796492
6   9   4   12   0.0000000001
6   9   5   7   0.0000000000
6   9   5   8   -0.0373851702
6   9   5   9   0.0000000000
6   9   5   10   0.0100617421
6   9   5   11   0.0000000000
6   9   5   12   0.0109207160
6   9   6   7   0.0050432893
6   9   6   9   0.1719777278
6   9   6   10   0.0000000000
6   9   6   11   -0.0105104971
6   9   6   12   -0.0000000000
6   10   1   7   0.0034985141
6   10   1   8   -0.0000000000
6   10   1   9   -0.0040471771
6   10   1   10   -0.0000000000
6   10   1   11   0.0147989435
6   10   1   12   -0.0000000000
6   10   2   7   -0.0000000000
6   10   2   8   0.0047383416
6   10   2   9   0.0000000000
6   10   2   10   0.0154624853
6   10   2   11   -0.0000000001
6   10   2   12   -0.0026757726
6   10   3   7   -0.0050252149
6   10   3   8   0.0000000000
6   10   3   9   0.0005631958
6   10   3   10   0.0000000001
6   10   3   11   0.0116514117
6   10   3   12   0.0000000001
6   10   4   7   -0.0000000000
6   10   4   8   -0.0015027177
6   10   4   9   0.0000000000
6   10   4   10   -0.0195506893
6   10   4   11   -0.0000000001
6   10   4   12   0.0340820153
6   10   5   7   0.0081012300
6   10   5   8   -0.0000000000
6   10   5   9   0.0100617421
6   10   5   10   -0.0000000001
6   10   5   11   0.0390002943
6   10   5   12   -0.0000000000
6   10   6   7   0.0000000000
6   10   6   8   0.0062767178
6   10   6   9   0.0000000000
6   10   6   10   0.1579208874
6   10   6   11   -0.0000000000
6   10   6   12   -0.0011588857
6   11   1   7   -0.0000000000
6   11   1   8   0.0143609875
6   11   1   9   0.0000000000
6   11   1   10   0.0147989435
6   11   1   11   -0.0000000000
6   11   1   12   0.0101461742
6   11   2   7   0.0110078534
6   11   2   8   -0.0000000000
6   11   2   9   -0.0079155046
6   11   2   10   -0.0000000001
6   11   2   11   0.0153785515
6   11   2   12   -0.0000000000
6   11   3   7   0.0000000000
6   11   3   8   -0.0030332012
6   11   3   9   -0.0000000000
6   11   3   10   0.0116514117
6   11   3   11   0.0000000001
6   11   3   12   0.0109207160
6   11   4   7   0.0129786200
6   11   4   8   -0.0000000000
6   11   4   9   0.0137796492
6   11   4   10   -0.0000000001
6   11   4   11   0.0081218568
6   11   4   12   -0.0000000000
6   11   5   7   -0.0000000000
6   11   5   8   0.0098934469
6   11   5   9   0.0000000000
6   11   5   10   0.0390002943
6   11   5   11   -0.0000000001
6   11   5   12   0.0451594412
6   11   6   7   0.0087738551
6   11   6   8   -0.0000000000
6   11   6   9   -0.0105104971
6   11   6   10   -0.0000000000
6   11   6   11   0.1595598658
6   11   6   12   0.0000000000
6   12   1   7   0.0196925661
6   12   1   8   -0.0000000000
6   12   1   9   -0.0016006134
6   12   1   10   -0.0000000000
6   12   1   11   0.0101461742
6   12   1   12   -0.0000000000
6   12   2   7   -0.0000000000
6   12   2   8   0.0164808312
6   12   2   9   0.0000000000
6   12   2   10   -0.0026757726
6   12   2   11   -0.0000000000
6   12   2   12   0.0144595093
6   12   3   7   -0.0016006134
6   12   3   8   0.0000000000
6   12   3   9   0.0120964901
6   12   3   10   0.0000000001
6   12   3   11   0.0109207160
6   12   3   12   -0.0000000000
6   12   4   7   -0.0000000000
6   12   4   8   -0.0026757726
6   12   4   9   0.0000000001
6   12   4   10   0.0340820153
6   12   4   11   -0.0000000000
6   12   4   12   -0.0011588857
6   12   5   7   0.0101461742
6   12   5   8   -0.0000000000
6   12   5   9   0.0109207160
6   12   5   10   -0.0000000000
6   12   5   11   0.0451594412
6   12   5   12   0.0000000000
6   12   6   7   -0.0000000000
6   12   6   8   0.0144595093
6   12   6   9   -0.0000000000
6   12   6   10   -0.0011588857
6   12   6   11   0.0000000000
6   12   6   12   0.1608557231

End ABCD Block
Begin AIJB Block
1   4   1   7   0.0613799626
1   4   1   9   0.0241069548
1   4   1   11   -0.0086589423
1   4   2   8   -0.0230438846
1   4   2   10   0.0034661505
1   4   2   12   -0.0203125432
1   4   3   7   0.0101399586
1   4   3   9   0.0257830252
1   4   3   11   -0.0208042547
1   5   1   8   -0.0377882524
1   5   1   10   0.0013966108
1   5   1   12   -0.0198872134
1   5   2   7   0.0567941632
1   5   2   9   -0.0109127751
1   5   2   11   0.0153473317
1   5   3   8   0.0211988785
1   5   3   10   0.0149424500
1   5   3   12   0.0149340299
1   6   1   7   0.0101399586
1   6   1   9   0.0469227977
1   6   1   11   -0.0228216293
1   6   2   8   0.0477331265
1   6   2   10   0.0154407524
1   6   2   12   0.0152751663
1   6   3   7   0.0609894253
1   6   3   9   0.0159932623
1   6   3   10   -0.0000000000
1   6   3   11   0.0109973715
2   4   1   8   0.0357655038
2   4   1   10   0.0031088298
2   4   1   12   0.0079618543
2   4   2   7   -0.0377882524
2   4   2   9   0.0164498684
2   4   2   11   -0.0058414561
2   4   3   8   -0.0155892267
2   4   3   10   0.0060975415
2   4   3   12   -0.0159116205
2   5   1   7   -0.0230438846
2   5   1   9   0.0275385556
2   5   1   11   -0.0083041136
2   5   2   8   0.0547024311
2   5   2   10   0.0002384072
2   5   2   12   0.0206632412
2   5   3   7   0.0477331265
2   5   3   9   -0.0137164554
2   5   3   11   0.0120503403
2   6   1   8   -0.0155892267
2   6   1   10   0.0045647204
2   6   1   12   -0.0090078579
2   6   2   7   0.0211988785
2   6   2   9   -0.0314002253
2   6   2   11   0.0147490249
2   6   3   8   0.0489888913
2   6   3   10   0.0141254004
2   6   3   11   -0.0000000000
2   6   3   12   0.0118772605
3   4   1   7   0.0241069548
3   4   1   9   0.0419565527
3   4   1   10   -0.0000000000
3   4   1   11   -0.0132194349
3   4   1   12   0.0000000000
3   4   2   8   0.0275385556
3   4   2   9   -0.0000000000
3   4   2   10   0.0000582797
3   4   2   12   0.0024447643
3   4   3   7   0.0469227977
3   4   3   9   0.0158638347
3   4   3   10   -0.0000000000
3   4   3   11   -0.0109171525
3   4   3   12   0.0000000000
3   5   1   8   0.0164498684
3   5   1   9   -0.0000000000
3   5   1   10   -0.0006170413
3   5   1   12   -0.0010372574
3   5   2   7   -0.0109127751
3   5   2   9   0.0298310107
3   5   2   11   -0.0030871781
3   5   3   8   -0.0314002253
3   5   3   10   0.0066330458
3   5   3   11   0.0000000000
3   5   3   12   -0.0103973719
3   6   1   7   0.0257830252
3   6   1   9   0.0158638347
3   6   1   11   -0.0113280507
3   6   2   8   -0.0137164554
3   6   2   10   0.0074028935
3   6   2   11   0.0000000000
3   6   2   12   -0.0038286712
3   6   3   7   0.0159932623
3   6   3   9   0.0455173607
3   6   3   10   0.0000000000
3   6   3   11   -0.0139646567
4   4   1   8   0.0031088298
4   4   1   9   -0.0000000000
4   4   1   10   0.0134216561
4   4   1   11   -0.0000000000
4   4   1   12   -0.0050127884
4   4   2   7   0.0013966108
4   4   2   9   -0.0006170413
4   4   2   10   0.0000000000
4   4   2   11   -0.0089284248
4   4   3   8   0.0045647204
4   4   3   10   0.0020135251
4   4   3   11   0.0000000000
4   4   3   12   -0.0091982323
4   5   1   7   0.0034661505
4   5   1   9   0.0000582797
4   5   1   10   0.0000000000
4   5   1   11   -0.0097154810
4   5   2   8   0.0002384072
4   5   2   10   0.0110559939
4   5   2   11   -0.0000000000
4   5   2   12   0.0063477326
4   5   3   7   0.0154407524
4   5   3   9   0.0074028935
4   5   3   10   -0.0000000000
4   5   3   11   0.0085535043
4   5   3   12   0.0000000000
4   6   1   8   0.0060975415
4   6   1   9   -0.0000000000
4   6   1   10   0.0020135251
4   6   1   11   0.0000000000
4   6   1   12   -0.0095835146
4   6   2   7   0.0149424500
4   6   2   9   0.0066330458
4   6   2   10   -0.0000000000
4   6   2   11   0.0094309284
4   6   2   12   0.0000000000
4   6   3   7   -0.0000000000
4   6   3   8   0.0141254004
4   6   3   9   0.0000000000
4   6   3   10   0.0141049546
4   6   3   11   -0.0000000000
4   6   3   12   0.0055891484
5   4   1   7   -0.0086589423
5   4   1   9   -0.0132194349
5   4   1   10   -0.0000000000
5   4   1   11   0.0117765394
5   4   2   8   -0.0083041136
5   4   2   10   -0.0097154810
5   4   2   11   0.0000000000
5   4   2   12   -0.0053740581
5   4   3   7   -0.0228216293
5   4   3   9   -0.0113280507
5   4   3   10   0.0000000000
5   4   3   11   -0.0040139149
5   4   3   12   -0.0000000000
5   5   1   8   -0.0058414561
5   5   1   10   -0.0089284248
5   5   1   11   0.0000000000
5   5   1   12   -0.0051824270
5   5   2   7   0.0153473317
5   5   2   9   -0.0030871781
5   5   2   10   -0.0000000000
5   5   2   11   0.0172440578
5   5   2   12   0.0000000000
5   5   3   8   0.0147490249
5   5   3   9   0.0000000000
5   5   3   10   0.0094309284
5   5   3   11   -0.0000000000
5   5   3   12   0.0157523060
5   6   1   7   -0.0208042547
5   6   1   9   -0.0109171525
5   6   1   10   0.0000000000
5   6   1   11   -0.0040139149
5   6   1   12   -0.0000000000
5   6   2   8   0.0120503403
5   6   2   9   0.0000000000
5   6   2   10   0.0085535043
5   6   2   11   -0.0000000000
5   6   2   12   0.0152577073
5   6   3   7   0.0109973715
5   6   3   8   -0.0000000000
5   6   3   9   -0.0139646567
5   6   3   10   -0.0000000000
5   6   3   11   0.0205988386
6   4   1   8   0.0079618543
6   4   1   9   0.0000000000
6   4   1   10   -0.0050127884
6   4   1   12   0.0117302893
6   4   2   7   -0.0198872134
6   4   2   9   -0.0010372574
6   4   2   11   -0.0051824270
6   4   3   8   -0.0090078579
6   4   3   10   -0.0095835146
6   4   3   11   -0.0000000000
6   4   3   12   -0.0042639732
6   5   1   7   -0.0203125432
6   5   1   9   0.0024447643
6   5   1   11   -0.0053740581
6   5   2   8   0.0206632412
6   5   2   10   0.0063477326
6   5   2   11   0.0000000000
6   5   2   12   0.0162793479
6   5   3   7   0.0152751663
6   5   3   9   -0.0038286712
6   5   3   10   0.0000000000
6   5   3   11   0.0152577073
6   6   1   8   -0.0159116205
6   6   1   9   0.0000000000
6   6   1   10   -0.0091982323
6   6   1   11   -0.0000000000
6   6   1   12   -0.0042639732
6   6   2   7   0.0149340299
6   6   2   9   -0.0103973719
6   6   2   10   0.0000000000
6   6   2   11   0.0157523060
6   6   3   8   0.0118772605
6   6   3   10   0.0055891484
6   6   3   12   0.0162027970

1   4   4   1   -0.2525798869
1   4   4   2   0.0000000000
1   4   4   3   -0.0627619654
1   4   4   4   0.0000000000
1   4   4   5   0.0112843533
1   4   5   2   0.0737790906
1   4   5   3   0.0000000000
1   4   5   4   0.0036359342
1   4   5   5   -0.0000000000
1   4   5   6   0.0316693794
1   4   6   1   -0.0205613121
1   4   6   3   -0.0623081233
1   4   6   5   0.0308511004
1   4   6   6   -0.0000000000
1   5   4   2   0.0737790906
1   5   4   3   0.0000000000
1   5   4   4   0.0036359342
1   5   4   5   -0.0000000000
1   5   4   6   0.0316693794
1   5   5   1   -0.2299373104
1   5   5   2   0.0000000000
1   5   5   3   0.0034077393
1   5   5   4   0.0000000000
1   5   5   5   -0.0221581122
1   5   5   6   0.0000000000
1   5   6   2   -0.0777097270
1   5   6   4   -0.0147755110
1   5   6   5   0.0000000000
1   5   6   6   -0.0265699920
1   6   4   1   -0.0205613121
1   6   4   3   -0.0623081233
1   6   4   5   0.0308511004
1   6   4   6   -0.0000000000
1   6   5   2   -0.0777097270
1   6   5   4   -0.0147755110
1   6   5   5   0.0000000000
1   6   5   6   -0.0265699920
1   6   6   1   -0.2387494038
1   6   6   3   -0.0320792420
1   6   6   4   0.0000000000
1   6   6   5   -0.0082347764
2   4   4   1   0.0000000000
2   4   4   2   -0.2230344585
2   4   4   4   -0.0138958918
2   4   4   6   -0.0288380610
2   4   5   1   0.0737790906
2   4   5   2   -0.0000000000
2   4   5   3   -0.0724384668
2   4   5   4   -0.0000000000
2   4   5   5   0.0228810668
2   4   5   6   -0.0000000000
2   4   6   2   0.0145661598
2   4   6   4   -0.0060250032
2   4   6   5   -0.0000000000
2   4   6   6   0.0093407900
2   5   4   1   0.0737790906
2   5   4   2   -0.0000000000
2   5   4   3   -0.0724384668
2   5   4   4   -0.0000000000
2   5   4   5   0.0228810668
2   5   4   6   -0.0000000000
2   5   5   1   0.0000000000
2   5   5   2   -0.2369939959
2   5   5   4   -0.0084507926
2   5   5   5   0.0000000000
2   5   5   6   -0.0380752599
2   5   6   1   -0.0777097270
2   5   6   2   0.0000000000
2   5   6   3   0.0641067487
2   5   6   4   0.0000000000
2   5   6   5   -0.0233045460
2   5   6   6   0.0000000000
2   6   4   2   0.0145661598
2   6   4   4   -0.0060250032
2   6   4   5   -0.0000000000
2   6   4   6   0.0093407900
2   6   5   1   -0.0777097270
2   6   5   2   0.0000000000
2   6   5   3   0.0641067487
2   6   5   4   0.0000000000
2   6   5   5   -0.0233045460
2   6   5   6   0.0000000000
2   6   6   2   -0.2207780171
2   6   6   4   -0.0170410452
2   6   6   6   -0.0292064416
3   4   4   1   -0.0627619654
3   4   4   3   -0.2567683001
3   4   4   4   0.0000000000
3   4   4   5   0.0446372291
3   4   4   6   -0.0000000000
3   4   5   1   0.0000000000
3   4   5   2   -0.0724384668
3   4   5   3   0.0000000000
3   4   5   4   0.0063267598
3   4   5   5   0.0000000000
3   4   5   6   0.0058660185
3   4   6   1   -0.0623081233
3   4   6   3   -0.0376964764
3   4   6   4   0.0000000000
3   4   6   5   0.0233221578
3   4   6   6   0.0000000000
3   5   4   1   0.0000000000
3   5   4   2   -0.0724384668
3   5   4   3   0.0000000000
3   5   4   4   0.0063267598
3   5   4   5   0.0000000000
3   5   4   6   0.0058660185
3   5   5   1   0.0034077393
3   5   5   3   -0.2156716304
3   5   5   5   0.0198530477
3   5   5   6   -0.0000000000
3   5   6   2   0.0641067487
3   5   6   3   -0.0000000000
3   5   6   4   -0.0135317690
3   5   6   5   -0.0000000000
3   5   6   6   -0.0034338903
3   6   4   1   -0.0623081233
3   6   4   3   -0.0376964764
3   6   4   4   0.0000000000
3   6   4   5   0.0233221578
3   6   4   6   0.0000000000
3   6   5   2   0.0641067487
3   6   5   3   -0.0000000000
3   6   5   4   -0.0135317690
3   6   5   5   -0.0000000000
3   6   5   6   -0.0034338903
3   6   6   1   -0.0320792420
3   6   6   3   -0.2311988990
3   6   6   4   0.0000000000
3   6   6   5   0.0330906585
3   6   6   6   -0.0000000000
4   4   4   1   0.0000000000
4   4   4   2   -0.0138958918
4   4   4   3   0.0000000000
4   4   4   4   -0.2011511582
4   4   4   5   0.0000000000
4   4   4   6   0.0392862398
4   4   5   1   0.0036359342
4   4   5   2   -0.0000000000
4   4   5   3   0.0063267598
4   4   5   4   -0.0000000000
4   4   5   5   0.0598075349
4   4   5   6   -0.0000000000
4   4   6   2   -0.0060250032
4   4   6   3   0.0000000000
4   4   6   4   -0.0182539047
4   4   6   5   -0.0000000000
4   4   6   6   0.0384540479
4   5   4   1   0.0036359342
4   5   4   2   -0.0000000000
4   5   4   3   0.0063267598
4   5   4   4   -0.0000000000
4   5   4   5   0.0598075349
4   5   4   6   -0.0000000000
4   5   5   1   0.0000000000
4   5   5   2   -0.0084507926
4   5   5   4   -0.1814353970
4   5   5   5   0.0000000000
4   5   5   6   -0.0028189743
4   5   6   1   -0.0147755110
4   5   6   2   0.0000000000
4   5   6   3   -0.0135317690
4   5   6   4   0.0000000000
4   5   6   5   -0.0570507052
4   5   6   6   0.0000000000
4   6   4   2   -0.0060250032
4   6   4   3   0.0000000000
4   6   4   4   -0.0182539047
4   6   4   5   -0.0000000000
4   6   4   6   0.0384540479
4   6   5   1   -0.0147755110
4   6   5   2   0.0000000000
4   6   5   3   -0.0135317690
4   6   5   4   0.0000000000
4   6   5   5   -0.0570507052
4   6   5   6   0.0000000000
4   6   6   1   0.0000000000
4   6   6   2   -0.0170410452
4   6   6   3   0.0000000000
4   6   6   4   -0.1896379435
4   6   6   5   0.0000000000
4   6   6   6   0.0118807498
5   4   4   1   0.0112843533
5   4   4   3   0.0446372291
5   4   4   4   0.0000000000
5   4   4   5   -0.1769988237
5   4   4   6   0.0000000000
5   4   5   1   -0.0000000000
5   4   5   2   0.0228810668
5   4   5   3   0.0000000000
5   4   5   4   0.0598075349
5   4   5   5   -0.0000000000
5   4   5   6   0.0367386259
5   4   6   1   0.0308511004
5   4   6   2   -0.0000000000
5   4   6   3   0.0233221578
5   4   6   4   -0.0000000000
5   4   6   5   0.0111386402
5   5   4   1   -0.0000000000
5   5   4   2   0.0228810668
5   5   4   3   0.0000000000
5   5   4   4   0.0598075349
5   5   4   5   -0.0000000000
5   5   4   6   0.0367386259
5   5   5   1   -0.0221581122
5   5   5   2   0.0000000000
5   5   5   3   0.0198530477
5   5   5   4   0.0000000000
5   5   5   5   -0.1894686944
5   5   5   6   0.0000000000
5   5   6   1   0.0000000000
5   5   6   2   -0.0233045460
5   5   6   3   -0.0000000000
5   5   6   4   -0.0570507052
5   5   6   5   0.0000000000
5   5   6   6   -0.0536648827
5   6   4   1   0.0308511004
5   6   4   2   -0.0000000000
5   6   4   3   0.0233221578
5   6   4   4   -0.0000000000
5   6   4   5   0.0111386402
5   6   5   1   0.0000000000
5   6   5   2   -0.0233045460
5   6   5   3   -0.0000000000
5   6   5   4   -0.0570507052
5   6   5   5   0.0000000000
5   6   5   6   -0.0536648827
5   6   6   1   -0.0082347764
5   6   6   3   0.0330906585
5   6   6   4   0.0000000000
5   6   6   5   -0.1867273943
5   6   6   6   0.0000000000
6   4   4   2   -0.0288380610
6   4   4   3   -0.0000000000
6   4   4   4   0.0392862398
6   4   4   5   0.0000000000
6   4   4   6   -0.1810487610
6   4   5   1   0.0316693794
6   4   5   2   -0.0000000000
6   4   5   3   0.0058660185
6   4   5   4   -0.0000000000
6   4   5   5   0.0367386259
6   4   6   1   -0.0000000000
6   4   6   2   0.0093407900
6   4   6   3   0.0000000000
6   4   6   4   0.0384540479
6   4   6   6   0.0003640255
6   5   4   1   0.0316693794
6   5   4   2   -0.0000000000
6   5   4   3   0.0058660185
6   5   4   4   -0.0000000000
6   5   4   5   0.0367386259
6   5   5   1   0.0000000000
6   5   5   2   -0.0380752599
6   5   5   3   -0.0000000000
6   5   5   4   -0.0028189743
6   5   5   5   0.0000000000
6   5   5   6   -0.1818319858
6   5   6   1   -0.0265699920
6   5   6   2   0.0000000000
6   5   6   3   -0.0034338903
6   5   6   4   0.0000000000
6   5   6   5   -0.0536648827
6   6   4   1   -0.0000000000
6   6   4   2   0.0093407900
6   6   4   3   0.0000000000
6   6   4   4   0.0384540479
6   6   4   6   0.0003640255
6   6   5   1   -0.0265699920
6   6   5   2   0.0000000000
6   6   5   3   -0.0034338903
6   6   5   4   0.0000000000
6   6   5   5   -0.0536648827
6   6   6   2   -0.0292064416
6   6   6   3   -0.0000000000
6   6   6   4   0.0118807498
6   6   6   5   0.0000000000
6   6   6   6   -0.1840865447

End AIJB Block
Begin IJKA Block
1   4   1   8   -0.0076206302
1   4   1   9   -0.0000000000
1   4   1   10   0.0343675184
1   4   1   12   -0.0202430482
1   4   2   7   0.0354261352
1   4   2   9   -0.0004715408
1   4   2   11   -0.0167216910
1   4   3   8   0.0216100841
1   4   3   9   -0.0000000000
1   4   3   10   0.0093211670
1   4   3   11   0.0000000000
1   4   3   12   -0.0152134485
1   5   1   7   0.0517487234
1   5   1   9   -0.0092346795
1   5   1   10   0.0000000000
1   5   1   11   -0.0179860910
1   5   2   8   -0.0274120541
1   5   2   10   0.0207933298
1   5   2   11   -0.0000000000
1   5   2   12   0.0027127915
1   5   3   7   0.0415081573
1   5   3   9   0.0253577620
1   5   3   10   -0.0000000000
1   5   3   11   0.0080332586
1   6   1   8   0.0540641948
1   6   1   9   -0.0000000000
1   6   1   10   0.0097503041
1   6   1   11   0.0000000000
1   6   1   12   -0.0169097330
1   6   2   7   0.0537164149
1   6   2   9   0.0409730244
1   6   2   10   -0.0000000000
1   6   2   11   0.0083326967
1   6   3   8   0.0406912709
1   6   3   10   0.0269876161
1   6   3   12   0.0069215502
2   4   1   7   0.0354261352
2   4   1   9   -0.0004715408
2   4   1   11   -0.0167216910
2   4   2   8   -0.0263278256
2   4   2   10   0.0247758805
2   4   2   11   -0.0000000000
2   4   2   12   -0.0026333346
2   4   3   7   0.0092744255
2   4   3   9   0.0195461888
2   4   3   10   -0.0000000000
2   4   3   11   0.0113478209
2   5   1   8   -0.0274120541
2   5   1   10   0.0207933298
2   5   1   11   -0.0000000000
2   5   1   12   0.0027127915
2   5   2   7   0.0038473648
2   5   2   9   -0.0336666473
2   5   2   10   0.0000000000
2   5   2   11   -0.0276868495
2   5   3   8   0.0008683644
2   5   3   10   -0.0214497275
2   5   3   11   0.0000000000
2   5   3   12   -0.0183544527
2   6   1   7   0.0537164149
2   6   1   9   0.0409730244
2   6   1   10   -0.0000000000
2   6   1   11   0.0083326967
2   6   2   8   0.0086666200
2   6   2   9   -0.0000000000
2   6   2   10   -0.0188520681
2   6   2   11   0.0000000000
2   6   2   12   -0.0255011045
2   6   3   7   -0.0499148262
2   6   3   9   -0.0086539603
2   6   3   10   0.0000000000
2   6   3   11   -0.0264928764
3   4   1   8   0.0216100841
3   4   1   9   -0.0000000000
3   4   1   10   0.0093211670
3   4   1   11   0.0000000000
3   4   1   12   -0.0152134485
3   4   2   7   0.0092744255
3   4   2   9   0.0195461888
3   4   2   10   -0.0000000000
3   4   2   11   0.0113478209
3   4   3   8   0.0086200204
3   4   3   9   -0.0000000000
3   4   3   10   0.0317057306
3   4   3   12   -0.0039207875
3   5   1   7   0.0415081573
3   5   1   9   0.0253577620
3   5   1   10   -0.0000000000
3   5   1   11   0.0080332586
3   5   2   8   0.0008683644
3   5   2   10   -0.0214497275
3   5   2   11   0.0000000000
3   5   2   12   -0.0183544527
3   5   3   7   0.0071762523
3   5   3   9   -0.0043487342
3   5   3   11   -0.0296986721
3   6   1   8   0.0406912709
3   6   1   10   0.0269876161
3   6   1   12   0.0069215502
3   6   2   7   -0.0499148262
3   6   2   9   -0.0086539603
3   6   2   10   0.0000000000
3   6   2   11   -0.0264928764
3   6   3   8   0.0185701440
3   6   3   10   -0.0031434171
3   6   3   11   0.0000000000
3   6   3   12   -0.0285185916

End IJKA Block
Begin IABC Block
1   7   1   8   -0.0017765589
1   7   1   10   0.0140928337
1   7   1   12   -0.0096976549
1   7   2   7   -0.0003759368
1   7   2   9   0.0091612635
1   7   2   11   0.0004742453
1   7   3   7   -0.0000000000
1   7   3   8   0.0081216288
1   7   3   10   0.0076463907
1   7   3   12   -0.0048567950
1   7   4   7   0.0274778893
1   7   4   8   -0.0000000000
1   7   4   9   0.0105205019
1   7   4   10   -0.0000000000
1   7   4   11   -0.0012339020
1   7   4   12   -0.0000000000
1   7   5   8   0.0100289392
1   7   5   9   0.0000000000
1   7   5   10   -0.0002579910
1   7   5   11   -0.0000000000
1   7   5   12   0.0122738533
1   7   6   7   -0.0086912426
1   7   6   9   -0.0122095793
1   7   6   10   0.0000000000
1   7   6   11   0.0120142681
1   8   1   7   -0.0017765589
1   8   1   9   0.0184888331
1   8   1   11   -0.0018479615
1   8   2   8   -0.0146569283
1   8   2   10   0.0081805196
1   8   2   11   0.0000000000
1   8   2   12   -0.0068114588
1   8   3   7   0.0081216288
1   8   3   9   0.0009849964
1   8   3   10   -0.0000000000
1   8   3   11   -0.0038490668
1   8   3   12   -0.0000000000
1   8   4   7   -0.0000000000
1   8   4   8   0.0215618697
1   8   4   10   0.0037527841
1   8   4   11   -0.0000000000
1   8   4   12   0.0061297092
1   8   5   7   0.0100289392
1   8   5   8   -0.0000000000
1   8   5   9   -0.0113290771
1   8   5   10   -0.0000000000
1   8   5   11   0.0083632673
1   8   5   12   -0.0000000000
1   8   6   8   -0.0050259152
1   8   6   10   0.0027047394
1   8   6   12   0.0023229616
1   9   1   8   0.0184888331
1   9   1   9   0.0000000000
1   9   1   10   0.0086805085
1   9   1   12   -0.0035517087
1   9   2   7   0.0091612635
1   9   2   9   -0.0042630626
1   9   2   10   -0.0000000000
1   9   2   11   -0.0031745205
1   9   2   12   -0.0000000000
1   9   3   8   0.0009849964
1   9   3   9   0.0000000000
1   9   3   10   0.0128021279
1   9   3   12   -0.0110070114
1   9   4   7   0.0105205019
1   9   4   9   0.0275617327
1   9   4   11   -0.0092512231
1   9   4   12   0.0000000000
1   9   5   7   0.0000000000
1   9   5   8   -0.0113290771
1   9   5   9   0.0000000000
1   9   5   10   -0.0048426588
1   9   5   11   0.0000000000
1   9   5   12   0.0029015859
1   9   6   7   -0.0122095793
1   9   6   9   -0.0161585149
1   9   6   10   0.0000000000
1   9   6   11   0.0051139846
1   9   6   12   -0.0000000000
1   10   1   7   0.0140928337
1   10   1   9   0.0086805085
1   10   1   10   0.0000000000
1   10   1   11   -0.0096492655
1   10   2   8   0.0081805196
1   10   2   9   -0.0000000000
1   10   2   10   -0.0015235499
1   10   2   11   0.0000000000
1   10   2   12   0.0052023956
1   10   3   7   0.0076463907
1   10   3   8   -0.0000000000
1   10   3   9   0.0128021279
1   10   3   10   0.0000000000
1   10   3   11   -0.0066948497
1   10   3   12   -0.0000000000
1   10   4   7   -0.0000000000
1   10   4   8   0.0037527841
1   10   4   10   0.0092341072
1   10   4   11   -0.0000000000
1   10   4   12   0.0000070873
1   10   5   7   -0.0002579910
1   10   5   8   -0.0000000000
1   10   5   9   -0.0048426588
1   10   5   10   -0.0000000000
1   10   5   11   0.0087299507
1   10   5   12   -0.0000000000
1   10   6   7   0.0000000000
1   10   6   8   0.0027047394
1   10   6   9   0.0000000000
1   10   6   10   -0.0018478625
1   10   6   11   0.0000000000
1   10   6   12   0.0071608958
1   11   1   8   -0.0018479615
1   11   1   10   -0.0096492655
1   11   1   11   0.0000000000
1   11   1   12   0.0183857009
1   11   2   7   0.0004742453
1   11   2   8   0.0000000000
1   11   2   9   -0.0031745205
1   11   2   10   0.0000000000
1   11   2   11   0.0032108404
1   11   3   8   -0.0038490668
1   11   3   10   -0.0066948497
1   11   3   12   0.0042300578
1   11   4   7   -0.0012339020
1   11   4   8   -0.0000000000
1   11   4   9   -0.0092512231
1   11   4   10   -0.0000000000
1   11   4   11   0.0116980919
1   11   4   12   -0.0000000000
1   11   5   7   -0.0000000000
1   11   5   8   0.0083632673
1   11   5   9   0.0000000000
1   11   5   10   0.0087299507
1   11   5   11   -0.0000000000
1   11   5   12   0.0062560406
1   11   6   7   0.0120142681
1   11   6   9   0.0051139846
1   11   6   10   0.0000000000
1   11   6   11   0.0027832949
1   11   6   12   0.0000000000
1   12   1   7   -0.0096976549
1   12   1   9   -0.0035517087
1   12   1   11   0.0183857009
1   12   1   12   0.0000000000
1   12   2   8   -0.0068114588
1   12   2   9   -0.0000000000
1   12   2   10   0.0052023956
1   12   2   12   0.0034208344
1   12   3   7   -0.0048567950
1   12   3   8   -0.0000000000
1   12   3   9   -0.0110070114
1   12   3   10   -0.0000000000
1   12   3   11   0.0042300578
1   12   3   12   0.0000000000
1   12   4   7   -0.0000000000
1   12   4   8   0.0061297092
1   12   4   9   0.0000000000
1   12   4   10   0.0000070873
1   12   4   11   -0.0000000000
1   12   4   12   0.0107354920
1   12   5   7   0.0122738533
1   12   5   8   -0.0000000000
1   12   5   9   0.0029015859
1   12   5   10   -0.0000000000
1   12   5   11   0.0062560406
1   12   5   12   -0.0000000000
1   12   6   8   0.0023229616
1   12   6   9   -0.0000000000
1   12   6   10   0.0071608958
1   12   6   11   0.0000000000
1   12   6   12   0.0020538209
2   7   1   7   0.0156950542
2   7   1   9   0.0371043262
2   7   1   11   -0.0240231885
2   7   2   8   0.0004192823
2   7   2   10   -0.0082276833
2   7   2   12   0.0014932056
2   7   3   7   0.0003887822
2   7   3   9   0.0124328071
2   7   3   10   -0.0000000000
2   7   3   11   -0.0047532907
2   7   4   7   0.0000000000
2   7   4   8   -0.0162129416
2   7   4   9   -0.0000000000
2   7   4   10   -0.0027417200
2   7   4   11   0.0000000000
2   7   4   12   -0.0128504237
2   7   5   7   -0.0258888795
2   7   5   8   0.0000000000
2   7   5   9   0.0020338037
2   7   5   10   0.0000000000
2   7   5   11   -0.0115336437
2   7   5   12   0.0000000000
2   7   6   8   -0.0104447252
2   7   6   9   0.0000000000
2   7   6   10   -0.0103760579
2   7   6   11   -0.0000000000
2   7   6   12   -0.0071937101
2   8   1   8   0.0046311570
2   8   1   10   -0.0045627064
2   8   1   12   0.0002363522
2   8   2   7   0.0004192823
2   8   2   9   -0.0111588258
2   8   2   11   -0.0046544941
2   8   3   8   -0.0181504102
2   8   3   10   0.0053792873
2   8   3   12   -0.0084833591
2   8   4   7   -0.0162129416
2   8   4   8   0.0000000000
2   8   4   9   0.0137782266
2   8   4   10   0.0000000000
2   8   4   11   -0.0083893258
2   8   4   12   0.0000000000
2   8   5   7   0.0000000000
2   8   5   8   -0.0219106098
2   8   5   10   -0.0061731505
2   8   5   11   0.0000000000
2   8   5   12   -0.0108654815
2   8   6   7   -0.0104447252
2   8   6   8   -0.0000000000
2   8   6   9   0.0014313353
2   8   6   11   -0.0099089411
2   8   6   12   -0.0000000000
2   9   1   7   0.0371043262
2   9   1   9   0.0329111436
2   9   1   11   -0.0140410489
2   9   2   8   -0.0111588258
2   9   2   10   0.0027743681
2   9   2   12   -0.0077314004
2   9   3   7   0.0124328071
2   9   3   9   -0.0051533126
2   9   3   10   -0.0000000000
2   9   3   11   -0.0033026363
2   9   3   12   0.0000000000
2   9   4   7   -0.0000000000
2   9   4   8   0.0137782266
2   9   4   9   -0.0000000000
2   9   4   10   0.0003577070
2   9   4   11   -0.0000000000
2   9   4   12   0.0008759214
2   9   5   7   0.0020338037
2   9   5   9   -0.0152671526
2   9   5   10   -0.0000000000
2   9   5   11   0.0050950931
2   9   5   12   -0.0000000000
2   9   6   7   0.0000000000
2   9   6   8   0.0014313353
2   9   6   10   -0.0002570489
2   9   6   11   0.0000000000
2   9   6   12   0.0018541701
2   10   1   8   -0.0045627064
2   10   1   10   0.0152482389
2   10   1   11   0.0000000000
2   10   1   12   -0.0347809416
2   10   2   7   -0.0082276833
2   10   2   9   0.0027743681
2   10   2   10   0.0000000000
2   10   2   11   -0.0029396402
2   10   3   7   -0.0000000000
2   10   3   8   0.0053792873
2   10   3   9   -0.0000000000
2   10   3   10   -0.0039048263
2   10   3   11   -0.0000000000
2   10   3   12   0.0006568908
2   10   4   7   -0.0027417200
2   10   4   8   0.0000000000
2   10   4   9   0.0003577070
2   10   4   10   0.0000000000
2   10   4   11   -0.0079266117
2   10   4   12   0.0000000000
2   10   5   7   0.0000000000
2   10   5   8   -0.0061731505
2   10   5   9   -0.0000000000
2   10   5   10   -0.0080739048
2   10   5   11   0.0000000000
2   10   5   12   -0.0077474269
2   10   6   7   -0.0103760579
2   10   6   9   -0.0002570489
2   10   6   10   -0.0000000000
2   10   6   11   -0.0075537498
2   10   6   12   -0.0000000000
2   11   1   7   -0.0240231885
2   11   1   9   -0.0140410489
2   11   1   10   0.0000000000
2   11   1   11   -0.0121644678
2   11   2   8   -0.0046544941
2   11   2   10   -0.0029396402
2   11   2   11   0.0000000000
2   11   2   12   -0.0199100577
2   11   3   7   -0.0047532907
2   11   3   9   -0.0033026363
2   11   3   10   -0.0000000000
2   11   3   11   -0.0021255413
2   11   3   12   -0.0000000000
2   11   4   7   0.0000000000
2   11   4   8   -0.0083893258
2   11   4   9   -0.0000000000
2   11   4   10   -0.0079266117
2   11   4   11   0.0000000000
2   11   4   12   -0.0093614552
2   11   5   7   -0.0115336437
2   11   5   8   0.0000000000
2   11   5   9   0.0050950931
2   11   5   10   0.0000000000
2   11   5   11   -0.0164877656
2   11   5   12   0.0000000000
2   11   6   7   -0.0000000000
2   11   6   8   -0.0099089411
2   11   6   9   0.0000000000
2   11   6   10   -0.0075537498
2   11   6   11   -0.0000000000
2   11   6   12   -0.0137893862
2   12   1   8   0.0002363522
2   12   1   10   -0.0347809416
2   12   1   12   -0.0042038201
2   12   2   7   0.0014932056
2   12   2   9   -0.0077314004
2   12   2   11   -0.0199100577
2   12   2   12   0.0000000000
2   12   3   8   -0.0084833591
2   12   3   9   0.0000000000
2   12   3   10   0.0006568908
2   12   3   11   -0.0000000000
2   12   3   12   0.0001540770
2   12   4   7   -0.0128504237
2   12   4   8   0.0000000000
2   12   4   9   0.0008759214
2   12   4   10   0.0000000000
2   12   4   11   -0.0093614552
2   12   5   7   0.0000000000
2   12   5   8   -0.0108654815
2   12   5   9   -0.0000000000
2   12   5   10   -0.0077474269
2   12   5   11   0.0000000000
2   12   5   12   -0.0154742033
2   12   6   7   -0.0071937101
2   12   6   8   -0.0000000000
2   12   6   9   0.0018541701
2   12   6   10   -0.0000000000
2   12   6   11   -0.0137893862
2   12   6   12   -0.0000000000
3   7   1   8   -0.0477527204
3   7   1   10   -0.0049193263
3   7   1   12   -0.0234377750
3   7   2   7   0.0130791384
3   7   2   9   0.0357782811
3   7   2   10   0.0000000000
3   7   2   11   -0.0209278087
3   7   3   7   -0.0000000000
3   7   3   8   -0.0058846154
3   7   3   9   0.0000000000
3   7   3   10   0.0089414380
3   7   3   11   -0.0000000000
3   7   3   12   -0.0130597786
3   7   4   7   -0.0024255472
3   7   4   8   0.0000000000
3   7   4   9   0.0174237802
3   7   4   10   0.0000000000
3   7   4   11   -0.0150106353
3   7   4   12   0.0000000000
3   7   5   7   0.0000000000
3   7   5   8   -0.0190071592
3   7   5   9   -0.0000000000
3   7   5   10   -0.0119405993
3   7   5   11   0.0000000000
3   7   5   12   -0.0094645084
3   7   6   7   -0.0244287106
3   7   6   9   0.0001170270
3   7   6   10   -0.0000000000
3   7   6   11   -0.0106121979
3   7   6   12   -0.0000000000
3   8   1   7   -0.0477527204
3   8   1   9   0.0443089999
3   8   1   11   -0.0208404311
3   8   2   8   0.0062011561
3   8   2   10   -0.0024154700
3   8   2   11   0.0000000000
3   8   2   12   0.0006835438
3   8   3   7   -0.0058846154
3   8   3   8   -0.0000000000
3   8   3   9   0.0226601878
3   8   3   10   -0.0000000000
3   8   3   11   -0.0065502226
3   8   3   12   -0.0000000000
3   8   4   7   0.0000000000
3   8   4   8   -0.0108826919
3   8   4   10   -0.0003672036
3   8   4   11   0.0000000000
3   8   4   12   -0.0090753644
3   8   5   7   -0.0190071592
3   8   5   8   0.0000000000
3   8   5   9   0.0055879897
3   8   5   10   0.0000000000
3   8   5   11   -0.0099527341
3   8   5   12   0.0000000000
3   8   6   8   -0.0186543278
3   8   6   10   -0.0079930290
3   8   6   11   -0.0000000000
3   8   6   12   -0.0090770009
3   9   1   8   0.0443089999
3   9   1   10   0.0024138894
3   9   1   12   -0.0128380144
3   9   2   7   0.0357782811
3   9   2   9   0.0341420045
3   9   2   11   -0.0140641396
3   9   2   12   -0.0000000000
3   9   3   7   0.0000000000
3   9   3   8   0.0226601878
3   9   3   9   0.0000000000
3   9   3   10   0.0068677112
3   9   3   11   0.0000000000
3   9   3   12   -0.0019203184
3   9   4   7   0.0174237802
3   9   4   9   0.0071515579
3   9   4   10   -0.0000000000
3   9   4   11   -0.0049151643
3   9   4   12   -0.0000000000
3   9   5   7   -0.0000000000
3   9   5   8   0.0055879897
3   9   5   9   -0.0000000000
3   9   5   10   -0.0040086204
3   9   5   11   -0.0000000000
3   9   5   12   0.0048905054
3   9   6   7   0.0001170270
3   9   6   9   -0.0138370001
3   9   6   10   0.0000000000
3   9   6   11   0.0063692660
3   9   6   12   0.0000000000
3   10   1   7   -0.0049193263
3   10   1   9   0.0024138894
3   10   1   10   0.0000000000
3   10   1   11   -0.0462078110
3   10   2   7   0.0000000000
3   10   2   8   -0.0024154700
3   10   2   10   0.0175449184
3   10   2   11   0.0000000000
3   10   2   12   -0.0321936608
3   10   3   7   0.0089414380
3   10   3   8   -0.0000000000
3   10   3   9   0.0068677112
3   10   3   10   -0.0000000000
3   10   3   11   -0.0144057581
3   10   3   12   -0.0000000000
3   10   4   7   0.0000000000
3   10   4   8   -0.0003672036
3   10   4   9   -0.0000000000
3   10   4   10   -0.0007559186
3   10   4   11   0.0000000000
3   10   4   12   -0.0082984509
3   10   5   7   -0.0119405993
3   10   5   8   0.0000000000
3   10   5   9   -0.0040086204
3   10   5   10   0.0000000000
3   10   5   11   -0.0062537968
3   10   5   12   0.0000000000
3   10   6   7   -0.0000000000
3   10   6   8   -0.0079930290
3   10   6   9   0.0000000000
3   10   6   10   -0.0078900982
3   10   6   11   -0.0000000000
3   10   6   12   -0.0089275511
3   11   1   8   -0.0208404311
3   11   1   10   -0.0462078110
3   11   1   11   0.0000000000
3   11   1   12   -0.0364370609
3   11   2   7   -0.0209278087
3   11   2   8   0.0000000000
3   11   2   9   -0.0140641396
3   11   2   10   0.0000000000
3   11   2   11   -0.0087210707
3   11   2   12   0.0000000000
3   11   3   7   -0.0000000000
3   11   3   8   -0.0065502226
3   11   3   9   0.0000000000
3   11   3   10   -0.0144057581
3   11   3   11   -0.0000000000
3   11   3   12   0.0093787428
3   11   4   7   -0.0150106353
3   11   4   8   0.0000000000
3   11   4   9   -0.0049151643
3   11   4   10   0.0000000000
3   11   4   11   -0.0069743150
3   11   4   12   0.0000000000
3   11   5   7   0.0000000000
3   11   5   8   -0.0099527341
3   11   5   9   -0.0000000000
3   11   5   10   -0.0062537968
3   11   5   11   0.0000000000
3   11   5   12   -0.0164955526
3   11   6   7   -0.0106121979
3   11   6   8   -0.0000000000
3   11   6   9   0.0063692660
3   11   6   10   -0.0000000000
3   11   6   11   -0.0178360622
3   11   6   12   -0.0000000000
3   12   1   7   -0.0234377750
3   12   1   9   -0.0128380144
3   12   1   11   -0.0364370609
3   12   1   12   0.0000000000
3   12   2   8   0.0006835438
3   12   2   9   -0.0000000000
3   12   2   10   -0.0321936608
3   12   2   11   0.0000000000
3   12   2   12   -0.0023873756
3   12   3   7   -0.0130597786
3   12   3   8   -0.0000000000
3   12   3   9   -0.0019203184
3   12   3   10   -0.0000000000
3   12   3   11   0.0093787428
3   12   3   12   0.0000000000
3   12   4   7   0.0000000000
3   12   4   8   -0.0090753644
3   12   4   9   -0.0000000000
3   12   4   10   -0.0082984509
3   12   4   11   0.0000000000
3   12   4   12   -0.0069081955
3   12   5   7   -0.0094645084
3   12   5   8   0.0000000000
3   12   5   9   0.0048905054
3   12   5   10   0.0000000000
3   12   5   11   -0.0164955526
3   12   5   12   -0.0000000000
3   12   6   7   -0.0000000000
3   12   6   8   -0.0090770009
3   12   6   9   0.0000000000
3   12   6   10   -0.0089275511
3   12   6   11   -0.0000000000
3   12   6   12   -0.0129073461

End IABC Block
