Number of strings: 462 462, CI size = 213444
String addressing array alpha: 5 11
0 126 196 231 246 251 252 252 252 252 252
0 0 56 91 111 121 125 126 126 126 126
0 0 0 21 36 46 52 55 56 56 56
0 0 0 0 6 11 15 18 20 21 21
0 0 0 0 0 1 2 3 4 5 6

Alpha strings 462 5
1 2 3 4 5
1 2 3 4 6
1 2 3 4 7
1 2 3 4 8
1 2 3 4 9
1 2 3 4 10
1 2 3 4 11
1 2 3 5 6
1 2 3 5 7
1 2 3 5 8
1 2 3 5 9
1 2 3 5 10
1 2 3 5 11
1 2 3 6 7
1 2 3 6 8
1 2 3 6 9
1 2 3 6 10
1 2 3 6 11
1 2 3 7 8
1 2 3 7 9
1 2 3 7 10
1 2 3 7 11
1 2 3 8 9
1 2 3 8 10
1 2 3 8 11
1 2 3 9 10
1 2 3 9 11
1 2 3 10 11
1 2 4 5 6
1 2 4 5 7
1 2 4 5 8
1 2 4 5 9
1 2 4 5 10
1 2 4 5 11
1 2 4 6 7
1 2 4 6 8
1 2 4 6 9
1 2 4 6 10
1 2 4 6 11
1 2 4 7 8
1 2 4 7 9
1 2 4 7 10
1 2 4 7 11
1 2 4 8 9
1 2 4 8 10
1 2 4 8 11
1 2 4 9 10
1 2 4 9 11
1 2 4 10 11
1 2 5 6 7
1 2 5 6 8
1 2 5 6 9
1 2 5 6 10
1 2 5 6 11
1 2 5 7 8
1 2 5 7 9
1 2 5 7 10
1 2 5 7 11
1 2 5 8 9
1 2 5 8 10
1 2 5 8 11
1 2 5 9 10
1 2 5 9 11
1 2 5 10 11
1 2 6 7 8
1 2 6 7 9
1 2 6 7 10
1 2 6 7 11
1 2 6 8 9
1 2 6 8 10
1 2 6 8 11
1 2 6 9 10
1 2 6 9 11
1 2 6 10 11
1 2 7 8 9
1 2 7 8 10
1 2 7 8 11
1 2 7 9 10
1 2 7 9 11
1 2 7 10 11
1 2 8 9 10
1 2 8 9 11
1 2 8 10 11
1 2 9 10 11
1 3 4 5 6
1 3 4 5 7
1 3 4 5 8
1 3 4 5 9
1 3 4 5 10
1 3 4 5 11
1 3 4 6 7
1 3 4 6 8
1 3 4 6 9
1 3 4 6 10
1 3 4 6 11
1 3 4 7 8
1 3 4 7 9
1 3 4 7 10
1 3 4 7 11
1 3 4 8 9
1 3 4 8 10
1 3 4 8 11
1 3 4 9 10
1 3 4 9 11
1 3 4 10 11
1 3 5 6 7
1 3 5 6 8
1 3 5 6 9
1 3 5 6 10
1 3 5 6 11
1 3 5 7 8
1 3 5 7 9
1 3 5 7 10
1 3 5 7 11
1 3 5 8 9
1 3 5 8 10
1 3 5 8 11
1 3 5 9 10
1 3 5 9 11
1 3 5 10 11
1 3 6 7 8
1 3 6 7 9
1 3 6 7 10
1 3 6 7 11
1 3 6 8 9
1 3 6 8 10
1 3 6 8 11
1 3 6 9 10
1 3 6 9 11
1 3 6 10 11
1 3 7 8 9
1 3 7 8 10
1 3 7 8 11
1 3 7 9 10
1 3 7 9 11
1 3 7 10 11
1 3 8 9 10
1 3 8 9 11
1 3 8 10 11
1 3 9 10 11
1 4 5 6 7
1 4 5 6 8
1 4 5 6 9
1 4 5 6 10
1 4 5 6 11
1 4 5 7 8
1 4 5 7 9
1 4 5 7 10
1 4 5 7 11
1 4 5 8 9
1 4 5 8 10
1 4 5 8 11
1 4 5 9 10
1 4 5 9 11
1 4 5 10 11
1 4 6 7 8
1 4 6 7 9
1 4 6 7 10
1 4 6 7 11
1 4 6 8 9
1 4 6 8 10
1 4 6 8 11
1 4 6 9 10
1 4 6 9 11
1 4 6 10 11
1 4 7 8 9
1 4 7 8 10
1 4 7 8 11
1 4 7 9 10
1 4 7 9 11
1 4 7 10 11
1 4 8 9 10
1 4 8 9 11
1 4 8 10 11
1 4 9 10 11
1 5 6 7 8
1 5 6 7 9
1 5 6 7 10
1 5 6 7 11
1 5 6 8 9
1 5 6 8 10
1 5 6 8 11
1 5 6 9 10
1 5 6 9 11
1 5 6 10 11
1 5 7 8 9
1 5 7 8 10
1 5 7 8 11
1 5 7 9 10
1 5 7 9 11
1 5 7 10 11
1 5 8 9 10
1 5 8 9 11
1 5 8 10 11
1 5 9 10 11
1 6 7 8 9
1 6 7 8 10
1 6 7 8 11
1 6 7 9 10
1 6 7 9 11
1 6 7 10 11
1 6 8 9 10
1 6 8 9 11
1 6 8 10 11
1 6 9 10 11
1 7 8 9 10
1 7 8 9 11
1 7 8 10 11
1 7 9 10 11
1 8 9 10 11
2 3 4 5 6
2 3 4 5 7
2 3 4 5 8
2 3 4 5 9
2 3 4 5 10
2 3 4 5 11
2 3 4 6 7
2 3 4 6 8
2 3 4 6 9
2 3 4 6 10
2 3 4 6 11
2 3 4 7 8
2 3 4 7 9
2 3 4 7 10
2 3 4 7 11
2 3 4 8 9
2 3 4 8 10
2 3 4 8 11
2 3 4 9 10
2 3 4 9 11
2 3 4 10 11
2 3 5 6 7
2 3 5 6 8
2 3 5 6 9
2 3 5 6 10
2 3 5 6 11
2 3 5 7 8
2 3 5 7 9
2 3 5 7 10
2 3 5 7 11
2 3 5 8 9
2 3 5 8 10
2 3 5 8 11
2 3 5 9 10
2 3 5 9 11
2 3 5 10 11
2 3 6 7 8
2 3 6 7 9
2 3 6 7 10
2 3 6 7 11
2 3 6 8 9
2 3 6 8 10
2 3 6 8 11
2 3 6 9 10
2 3 6 9 11
2 3 6 10 11
2 3 7 8 9
2 3 7 8 10
2 3 7 8 11
2 3 7 9 10
2 3 7 9 11
2 3 7 10 11
2 3 8 9 10
2 3 8 9 11
2 3 8 10 11
2 3 9 10 11
2 4 5 6 7
2 4 5 6 8
2 4 5 6 9
2 4 5 6 10
2 4 5 6 11
2 4 5 7 8
2 4 5 7 9
2 4 5 7 10
2 4 5 7 11
2 4 5 8 9
2 4 5 8 10
2 4 5 8 11
2 4 5 9 10
2 4 5 9 11
2 4 5 10 11
2 4 6 7 8
2 4 6 7 9
2 4 6 7 10
2 4 6 7 11
2 4 6 8 9
2 4 6 8 10
2 4 6 8 11
2 4 6 9 10
2 4 6 9 11
2 4 6 10 11
2 4 7 8 9
2 4 7 8 10
2 4 7 8 11
2 4 7 9 10
2 4 7 9 11
2 4 7 10 11
2 4 8 9 10
2 4 8 9 11
2 4 8 10 11
2 4 9 10 11
2 5 6 7 8
2 5 6 7 9
2 5 6 7 10
2 5 6 7 11
2 5 6 8 9
2 5 6 8 10
2 5 6 8 11
2 5 6 9 10
2 5 6 9 11
2 5 6 10 11
2 5 7 8 9
2 5 7 8 10
2 5 7 8 11
2 5 7 9 10
2 5 7 9 11
2 5 7 10 11
2 5 8 9 10
2 5 8 9 11
2 5 8 10 11
2 5 9 10 11
2 6 7 8 9
2 6 7 8 10
2 6 7 8 11
2 6 7 9 10
2 6 7 9 11
2 6 7 10 11
2 6 8 9 10
2 6 8 9 11
2 6 8 10 11
2 6 9 10 11
2 7 8 9 10
2 7 8 9 11
2 7 8 10 11
2 7 9 10 11
2 8 9 10 11
3 4 5 6 7
3 4 5 6 8
3 4 5 6 9
3 4 5 6 10
3 4 5 6 11
3 4 5 7 8
3 4 5 7 9
3 4 5 7 10
3 4 5 7 11
3 4 5 8 9
3 4 5 8 10
3 4 5 8 11
3 4 5 9 10
3 4 5 9 11
3 4 5 10 11
3 4 6 7 8
3 4 6 7 9
3 4 6 7 10
3 4 6 7 11
3 4 6 8 9
3 4 6 8 10
3 4 6 8 11
3 4 6 9 10
3 4 6 9 11
3 4 6 10 11
3 4 7 8 9
3 4 7 8 10
3 4 7 8 11
3 4 7 9 10
3 4 7 9 11
3 4 7 10 11
3 4 8 9 10
3 4 8 9 11
3 4 8 10 11
3 4 9 10 11
3 5 6 7 8
3 5 6 7 9
3 5 6 7 10
3 5 6 7 11
3 5 6 8 9
3 5 6 8 10
3 5 6 8 11
3 5 6 9 10
3 5 6 9 11
3 5 6 10 11
3 5 7 8 9
3 5 7 8 10
3 5 7 8 11
3 5 7 9 10
3 5 7 9 11
3 5 7 10 11
3 5 8 9 10
3 5 8 9 11
3 5 8 10 11
3 5 9 10 11
3 6 7 8 9
3 6 7 8 10
3 6 7 8 11
3 6 7 9 10
3 6 7 9 11
3 6 7 10 11
3 6 8 9 10
3 6 8 9 11
3 6 8 10 11
3 6 9 10 11
3 7 8 9 10
3 7 8 9 11
3 7 8 10 11
3 7 9 10 11
3 8 9 10 11
4 5 6 7 8
4 5 6 7 9
4 5 6 7 10
4 5 6 7 11
4 5 6 8 9
4 5 6 8 10
4 5 6 8 11
4 5 6 9 10
4 5 6 9 11
4 5 6 10 11
4 5 7 8 9
4 5 7 8 10
4 5 7 8 11
4 5 7 9 10
4 5 7 9 11
4 5 7 10 11
4 5 8 9 10
4 5 8 9 11
4 5 8 10 11
4 5 9 10 11
4 6 7 8 9
4 6 7 8 10
4 6 7 8 11
4 6 7 9 10
4 6 7 9 11
4 6 7 10 11
4 6 8 9 10
4 6 8 9 11
4 6 8 10 11
4 6 9 10 11
4 7 8 9 10
4 7 8 9 11
4 7 8 10 11
4 7 9 10 11
4 8 9 10 11
5 6 7 8 9
5 6 7 8 10
5 6 7 8 11
5 6 7 9 10
5 6 7 9 11
5 6 7 10 11
5 6 8 9 10
5 6 8 9 11
5 6 8 10 11
5 6 9 10 11
5 7 8 9 10
5 7 8 9 11
5 7 8 10 11
5 7 9 10 11
5 8 9 10 11
6 7 8 9 10
6 7 8 9 11
6 7 8 10 11
6 7 9 10 11
6 8 9 10 11
7 8 9 10 11

Is hamiltonian hermitian? 1
Implicit Hamiltonian constructed
E(core)= 9.189534427600
H(1,1) + E(core) energy = -76.358273103600
Davidson: iter=0 dim=0 root=0 eigenvalue=-85.547807531200
Davidson: iter=1 dim=1 root=0 eigenvalue=-85.571703402973
Davidson: iter=2 dim=2 root=0 eigenvalue=-85.573661649478
Davidson: iter=3 dim=3 root=0 eigenvalue=-85.573715466037
Davidson: iter=4 dim=4 root=0 eigenvalue=-85.573718886524
Davidson: iter=5 dim=5 root=0 eigenvalue=-85.573719041678
Davidson: iter=6 dim=6 root=0 eigenvalue=-85.573719052677
Davidson: iter=7 dim=7 root=0 eigenvalue=-85.573719053184
Davidson: iter=8 dim=8 root=0 eigenvalue=-85.573719053213
Davidson: iter=9 dim=9 root=0 eigenvalue=-85.573719053214
root no. 0 converged
Davidson converged in 9 iterations.
E(core)= 9.189534427600
E(0)= -76.384184625614
FCI Excitation energies = 1
0.000000000000

Vacuum coefficients in CI state 0 = -0.993354518988
Eigenvector 0 in string basis
0: -0.993354518988 seniority 0 ... 5
1 2 3 4 5
 | 5
1 2 3 4 5

Seniority vectors for all roots (nroots/seniority)
1 6
0.990915931019 0.001922559587 -0.987475970932 0.104277566708 1.000001993589 0.000000000013

Calculating transition densities
Root 0 MO occupations numbers (density matrix diagonal)
11
1.999998123015 1.996948802911 1.993275476922 1.991729071786 1.991426469755 0.003290083629 0.003063089752 0.003007557464 0.003028593870 0.005939809847 0.008292921050
Transition densities done:
Trandens between roots 0 0
11 11
1.999998123015 -0.000013330683 0.000000000000 -0.000003416129 0.000000000000 0.000225713632 0.000000000000 0.000000000000 0.000188081886 0.000150692893 0.000000000000
-0.000013330683 1.996948802911 0.000000000000 0.002571188058 0.000000000000 -0.000278825854 0.000000000000 0.000000000000 -0.006261069605 0.003297321396 0.000000000000
0.000000000000 0.000000000000 1.993275476922 0.000000000000 0.000000000000 0.000000000000 -0.001795972484 0.001447945605 0.000000000000 0.000000000000 0.000000000000
-0.000003416129 0.002571188058 0.000000000000 1.991729071786 0.000000000000 0.004461145002 0.000000000000 0.000000000000 -0.004260282620 0.001044499887 0.000000000000
0.000000000000 0.000000000000 0.000000000000 0.000000000000 1.991426469755 0.000000000000 0.000000000000 0.000000000000 0.000000000000 0.000000000000 0.011320075183
0.000225713632 -0.000278825854 0.000000000000 0.004461145002 0.000000000000 0.003290083629 0.000000000000 0.000000000000 -0.000731836068 0.004022333605 0.000000000000
0.000000000000 0.000000000000 -0.001795972484 0.000000000000 0.000000000000 0.000000000000 0.003063089752 0.002351698202 0.000000000000 0.000000000000 0.000000000000
0.000000000000 0.000000000000 0.001447945605 0.000000000000 0.000000000000 0.000000000000 0.002351698202 0.003007557464 0.000000000000 0.000000000000 0.000000000000
0.000188081886 -0.006261069605 0.000000000000 -0.004260282620 0.000000000000 -0.000731836068 0.000000000000 0.000000000000 0.003028593870 -0.001653766693 0.000000000000
0.000150692893 0.003297321396 0.000000000000 0.001044499887 0.000000000000 0.004022333605 0.000000000000 0.000000000000 -0.001653766693 0.005939809847 0.000000000000
0.000000000000 0.000000000000 0.000000000000 0.000000000000 0.011320075183 0.000000000000 0.000000000000 0.000000000000 0.000000000000 0.000000000000 0.008292921050

State 0 :
Natural orbital occupations
11
1.999998276733 1.998037054818 1.993278147924 1.991491084630 1.990685562338 0.009327821382 0.008228306175 0.005387151830 0.002573219937 0.000680824385 0.000312549849
Natural orbitals (in MO basis)
11 11
0.999974834047 0.007088508692 -0.000000000000 -0.000000000000 -0.000238597682 -0.000097303166 -0.000000000000 -0.000000000000 -0.000131001434 0.000000000000 -0.000027540667
-0.006646424746 0.924835708094 0.000000000000 -0.000000000000 -0.380292151337 -0.002068449519 -0.000000000000 0.000000000000 0.002822521785 -0.000000000000 0.000610401877
-0.000000000000 0.000000000000 -0.999999329749 -0.000000000000 0.000000000000 -0.000000000000 -0.000000000000 -0.000130531779 -0.000000000000 -0.001150419005 0.000000000000
-0.002475088596 0.380277952348 0.000000000000 -0.000000000000 0.924863585819 -0.002237216098 -0.000000000000 -0.000000000000 0.001324117161 -0.000000000000 -0.001772596391
0.000000000000 0.000000000000 0.000000000000 0.999983709823 0.000000000000 -0.000000000000 -0.005707896964 -0.000000000000 -0.000000000000 0.000000000000 0.000000000000
0.000108521850 0.000726862098 0.000000000000 0.000000000000 0.002129391460 0.555397670756 0.000000000000 0.000000000000 0.287239387242 0.000000000000 0.780398543901
-0.000000000000 -0.000000000000 0.000901542218 -0.000000000000 0.000000000000 0.000000000000 0.000000000000 -0.711223871236 -0.000000000000 -0.702965000697 0.000000000000
-0.000000000000 -0.000000000000 -0.000726446186 0.000000000000 -0.000000000000 0.000000000000 0.000000000000 -0.702965566685 0.000000000000 0.711223512217 -0.000000000000
0.000120207727 -0.003715583611 -0.000000000000 0.000000000000 -0.000785103353 -0.267659821910 -0.000000000000 0.000000000000 0.950252271674 -0.000000000000 -0.159262059244
0.000063401445 0.001735265401 -0.000000000000 0.000000000000 -0.000140117690 0.787326078551 0.000000000000 0.000000000000 0.120434287139 -0.000000000000 -0.604657087708
0.000000000000 0.000000000000 0.000000000000 0.005707896964 0.000000000000 -0.000000000000 0.999983709823 0.000000000000 0.000000000000 -0.000000000000 -0.000000000000

