Begin IJ Block
1   1   -2.1913552294
1   3   0.1383795548
2   2   -1.9562079485
2   3   -0.0000000000
3   3   -1.8169651300

End IJ Block
Begin IA Block
1   2   0.0720219464
1   3   -0.0000000000
1   4   0.1229458435
1   5   0.0000000000
2   1   -0.2031321119
2   2   -0.0000000000
2   3   -0.0483200503
2   4   0.0000000000
2   5   0.1022091106
3   2   0.1826433539
3   3   0.0000000000
3   4   -0.0572253496
3   5   -0.0000000000

End IA Block
Begin AB Block
1   1   -1.4997372678
1   2   0.0000000000
1   3   0.2978912924
1   4   -0.0000000000
1   5   0.1895529363
2   2   -1.0040883321
2   3   -0.0000000000
2   4   -0.0045030970
2   5   0.0000000000
3   3   -0.9292823661
3   4   0.0000000000
3   5   0.0341051131
4   4   -1.0995367494
4   5   0.0000000000
5   5   -0.8697708035
6   6   -1.3032179828
7   7   -1.3032179828

End AB Block
Begin IJAB Block
1   4   1   8   0.0573375983
1   4   1   9   -0.0000000000
1   4   1   10   -0.0230366790
1   4   1   11   0.0000000000
1   4   1   12   -0.0231491558
1   4   2   8   -0.0000000000
1   4   2   9   0.0218930990
1   4   2   10   -0.0000000000
1   4   2   11   -0.0034433798
1   4   2   12   -0.0000000002
1   4   3   8   -0.0230366790
1   4   3   9   -0.0000000000
1   4   3   10   0.0169794049
1   4   3   11   -0.0000000000
1   4   3   12   0.0079911253
1   4   4   8   0.0000000000
1   4   4   9   -0.0034433798
1   4   4   10   -0.0000000000
1   4   4   11   0.0168292328
1   4   4   12   0.0000000002
1   4   5   8   -0.0231491558
1   4   5   9   -0.0000000002
1   4   5   10   0.0079911253
1   4   5   11   0.0000000002
1   4   5   12   0.0131555142
1   4   6   13   0.0388854484
1   4   7   14   0.0388854484
1   5   1   8   0.0000000000
1   5   1   9   -0.0235466701
1   5   1   10   -0.0000000000
1   5   1   11   -0.0031211305
1   5   1   12   0.0000000000
1   5   2   8   -0.0106207451
1   5   2   9   0.0000000000
1   5   2   10   -0.0088231058
1   5   2   11   -0.0000000000
1   5   2   12   0.0040545318
1   5   3   8   -0.0000000000
1   5   3   9   -0.0017224274
1   5   3   10   0.0000000000
1   5   3   11   -0.0014127239
1   5   3   12   0.0000000000
1   5   4   8   -0.0093969769
1   5   4   9   -0.0000000000
1   5   4   10   0.0001259580
1   5   4   11   0.0000000001
1   5   4   12   0.0082935299
1   5   5   8   0.0000000000
1   5   5   9   0.0090795422
1   5   5   10   0.0000000000
1   5   5   11   0.0051219348
1   5   5   12   0.0000000006
1   6   1   8   -0.0040852394
1   6   1   9   -0.0000000000
1   6   1   10   0.0091242360
1   6   1   11   0.0000000000
1   6   1   12   0.0096114092
1   6   2   8   -0.0000000000
1   6   2   9   0.0056660330
1   6   2   10   -0.0000000000
1   6   2   11   0.0057265032
1   6   2   12   -0.0000000000
1   6   3   8   -0.0028777668
1   6   3   9   -0.0000000000
1   6   3   10   0.0056499494
1   6   3   11   0.0000000000
1   6   3   12   -0.0049344890
1   6   4   8   -0.0000000000
1   6   4   9   0.0100305931
1   6   4   10   0.0000000000
1   6   4   11   -0.0092563585
1   6   4   12   -0.0000000001
1   6   5   8   0.0105499875
1   6   5   9   -0.0000000001
1   6   5   10   -0.0089918423
1   6   5   11   0.0000000000
1   6   5   12   -0.0039771980
1   6   6   13   -0.0074970321
1   6   7   14   -0.0074970321
2   4   1   8   0.0000000000
2   4   1   9   -0.0106207451
2   4   1   10   -0.0000000000
2   4   1   11   -0.0093969769
2   4   1   12   0.0000000000
2   4   2   8   -0.0235466701
2   4   2   9   0.0000000000
2   4   2   10   -0.0017224274
2   4   2   11   -0.0000000000
2   4   2   12   0.0090795422
2   4   3   8   -0.0000000000
2   4   3   9   -0.0088231058
2   4   3   10   0.0000000000
2   4   3   11   0.0001259580
2   4   3   12   0.0000000000
2   4   4   8   -0.0031211305
2   4   4   9   -0.0000000000
2   4   4   10   -0.0014127239
2   4   4   11   0.0000000001
2   4   4   12   0.0051219348
2   4   5   8   0.0000000000
2   4   5   9   0.0040545318
2   4   5   10   0.0000000000
2   4   5   11   0.0082935299
2   4   5   12   0.0000000006
2   5   1   8   0.0627653890
2   5   1   9   -0.0000000000
2   5   1   10   -0.0246541885
2   5   1   11   0.0000000000
2   5   1   12   -0.0138728610
2   5   2   8   -0.0000000000
2   5   2   9   0.0307990611
2   5   2   10   -0.0000000000
2   5   2   11   0.0019163388
2   5   2   12   -0.0000000003
2   5   3   8   -0.0246541885
2   5   3   9   -0.0000000000
2   5   3   10   0.0261519571
2   5   3   11   -0.0000000000
2   5   3   12   0.0015781778
2   5   4   8   0.0000000000
2   5   4   9   0.0019163388
2   5   4   10   -0.0000000000
2   5   4   11   0.0060194359
2   5   4   12   0.0000000002
2   5   5   8   -0.0138728610
2   5   5   9   -0.0000000003
2   5   5   10   0.0015781778
2   5   5   11   0.0000000002
2   5   5   12   0.0088823741
2   5   6   13   0.0227091337
2   5   7   14   0.0227091337
2   6   1   8   0.0000000000
2   6   1   9   -0.0312804297
2   6   1   10   0.0000000000
2   6   1   11   0.0175106103
2   6   1   12   0.0000000001
2   6   2   8   -0.0039561918
2   6   2   9   0.0000000000
2   6   2   10   -0.0121309747
2   6   2   11   -0.0000000000
2   6   2   12   -0.0011240021
2   6   3   8   0.0000000000
2   6   3   9   0.0020724118
2   6   3   10   0.0000000001
2   6   3   11   -0.0103764377
2   6   3   12   0.0000000001
2   6   4   8   0.0120424055
2   6   4   9   -0.0000000000
2   6   4   10   -0.0090555356
2   6   4   11   0.0000000001
2   6   4   12   -0.0002101881
2   6   5   8   0.0000000001
2   6   5   9   0.0073919942
2   6   5   10   0.0000000002
2   6   5   11   -0.0031598914
2   6   5   12   0.0000000004
2   6   6   13   -0.0000000000
2   6   6   14   0.0000000000
2   6   7   13   0.0000000000
2   6   7   14   0.0000000000
3   4   1   8   -0.0040852394
3   4   1   9   -0.0000000000
3   4   1   10   -0.0028777668
3   4   1   11   -0.0000000000
3   4   1   12   0.0105499875
3   4   2   8   -0.0000000000
3   4   2   9   0.0056660330
3   4   2   10   -0.0000000000
3   4   2   11   0.0100305931
3   4   2   12   -0.0000000001
3   4   3   8   0.0091242360
3   4   3   9   -0.0000000000
3   4   3   10   0.0056499494
3   4   3   11   0.0000000000
3   4   3   12   -0.0089918423
3   4   4   8   0.0000000000
3   4   4   9   0.0057265032
3   4   4   10   0.0000000000
3   4   4   11   -0.0092563585
3   4   4   12   0.0000000000
3   4   5   8   0.0096114092
3   4   5   9   -0.0000000000
3   4   5   10   -0.0049344890
3   4   5   11   -0.0000000001
3   4   5   12   -0.0039771980
3   4   6   13   -0.0074970321
3   4   7   14   -0.0074970321
3   5   1   8   0.0000000000
3   5   1   9   -0.0039561918
3   5   1   10   0.0000000000
3   5   1   11   0.0120424055
3   5   1   12   0.0000000001
3   5   2   8   -0.0312804297
3   5   2   9   0.0000000000
3   5   2   10   0.0020724118
3   5   2   11   -0.0000000000
3   5   2   12   0.0073919942
3   5   3   8   0.0000000000
3   5   3   9   -0.0121309747
3   5   3   10   0.0000000001
3   5   3   11   -0.0090555356
3   5   3   12   0.0000000002
3   5   4   8   0.0175106103
3   5   4   9   -0.0000000000
3   5   4   10   -0.0103764377
3   5   4   11   0.0000000001
3   5   4   12   -0.0031598914
3   5   5   8   0.0000000001
3   5   5   9   -0.0011240021
3   5   5   10   0.0000000001
3   5   5   11   -0.0002101881
3   5   5   12   0.0000000004
3   5   6   13   -0.0000000000
3   5   6   14   0.0000000000
3   5   7   13   0.0000000000
3   5   7   14   0.0000000000
3   6   1   8   0.0764212361
3   6   1   9   -0.0000000000
3   6   1   10   -0.0408894659
3   6   1   11   0.0000000001
3   6   1   12   -0.0105148398
3   6   2   8   -0.0000000000
3   6   2   9   0.0266797732
3   6   2   10   -0.0000000001
3   6   2   11   -0.0104374014
3   6   2   12   -0.0000000003
3   6   3   8   -0.0408894659
3   6   3   9   -0.0000000001
3   6   3   10   0.0336443353
3   6   3   11   -0.0000000000
3   6   3   12   0.0063416467
3   6   4   8   0.0000000001
3   6   4   9   -0.0104374014
3   6   4   10   -0.0000000000
3   6   4   11   0.0134113338
3   6   4   12   0.0000000003
3   6   5   8   -0.0105148398
3   6   5   9   -0.0000000003
3   6   5   10   0.0063416467
3   6   5   11   0.0000000003
3   6   5   12   0.0066286986
3   6   6   13   0.0186170353
3   6   7   14   0.0186170353

End IJAB Block
Begin IJKL Block
1   4   1   4   0.3984411685
1   4   1   5   0.0000000000
1   4   1   6   -0.0696029102
1   4   2   4   0.0000000000
1   4   2   5   0.1161324403
1   4   2   6   0.0000000000
1   4   3   4   -0.0696029102
1   4   3   5   0.0000000000
1   4   3   6   0.0821046301
1   5   1   4   0.0000000000
1   5   1   5   0.3166200086
1   5   1   6   -0.0000000000
1   5   2   4   0.1158130637
1   5   2   5   0.0000000000
1   5   2   6   0.0844242522
1   5   3   4   -0.0000000000
1   5   3   5   0.0180572071
1   5   3   6   0.0000000000
1   6   1   4   -0.0696029102
1   6   1   5   -0.0000000000
1   6   1   6   0.3259650058
1   6   2   4   -0.0000000000
1   6   2   5   0.0872672523
1   6   2   6   -0.0000000000
1   6   3   4   0.0830525013
1   6   3   5   -0.0000000000
1   6   3   6   -0.0195917123
2   4   1   4   0.0000000000
2   4   1   5   0.1158130637
2   4   1   6   -0.0000000000
2   4   2   4   0.3166200086
2   4   2   5   0.0000000000
2   4   2   6   0.0180572071
2   4   3   4   -0.0000000000
2   4   3   5   0.0844242522
2   4   3   6   0.0000000000
2   5   1   4   0.1161324403
2   5   1   5   0.0000000000
2   5   1   6   0.0872672523
2   5   2   4   0.0000000000
2   5   2   5   0.3365843077
2   5   2   6   0.0000000000
2   5   3   4   0.0872672523
2   5   3   5   0.0000000000
2   5   3   6   0.1002425179
2   6   1   4   0.0000000000
2   6   1   5   0.0844242522
2   6   1   6   -0.0000000000
2   6   2   4   0.0180572071
2   6   2   5   0.0000000000
2   6   2   6   0.3033171678
2   6   3   4   -0.0000000000
2   6   3   5   0.1010018861
2   6   3   6   0.0000000000
3   4   1   4   -0.0696029102
3   4   1   5   -0.0000000000
3   4   1   6   0.0830525013
3   4   2   4   -0.0000000000
3   4   2   5   0.0872672523
3   4   2   6   -0.0000000000
3   4   3   4   0.3259650058
3   4   3   5   -0.0000000000
3   4   3   6   -0.0195917123
3   5   1   4   0.0000000000
3   5   1   5   0.0180572071
3   5   1   6   -0.0000000000
3   5   2   4   0.0844242522
3   5   2   5   0.0000000000
3   5   2   6   0.1010018861
3   5   3   4   -0.0000000000
3   5   3   5   0.3033171678
3   5   3   6   0.0000000000
3   6   1   4   0.0821046301
3   6   1   5   0.0000000000
3   6   1   6   -0.0195917123
3   6   2   4   0.0000000000
3   6   2   5   0.1002425179
3   6   2   6   0.0000000000
3   6   3   4   -0.0195917123
3   6   3   5   0.0000000000
3   6   3   6   0.3142439762

End IJKL Block
Begin ABCD Block
1   8   1   8   0.2620015748
1   8   1   9   0.0000000000
1   8   1   10   -0.0418009937
1   8   1   11   -0.0000000001
1   8   1   12   -0.0240688467
1   8   2   8   0.0000000000
1   8   2   9   0.0545508556
1   8   2   10   0.0000000000
1   8   2   11   -0.0109895995
1   8   2   12   -0.0000000000
1   8   3   8   -0.0418009937
1   8   3   9   0.0000000000
1   8   3   10   0.0300199772
1   8   3   11   -0.0000000004
1   8   3   12   0.0165960474
1   8   4   8   -0.0000000001
1   8   4   9   -0.0109895995
1   8   4   10   -0.0000000004
1   8   4   11   0.0078034722
1   8   4   12   0.0000000002
1   8   5   8   -0.0240688467
1   8   5   9   -0.0000000000
1   8   5   10   0.0165960474
1   8   5   11   0.0000000002
1   8   5   12   0.0154695468
1   8   6   13   0.0117751472
1   8   7   14   0.0117751472
1   9   1   8   0.0000000000
1   9   1   9   0.2037996836
1   9   1   10   -0.0000000000
1   9   1   11   -0.0041763711
1   9   1   12   -0.0000000001
1   9   2   8   0.0547070272
1   9   2   9   0.0000000000
1   9   2   10   0.0472442312
1   9   2   11   -0.0000000000
1   9   2   12   0.0160865688
1   9   3   8   0.0000000000
1   9   3   9   -0.0046213973
1   9   3   10   -0.0000000004
1   9   3   11   -0.0023626534
1   9   3   12   -0.0000000006
1   9   4   8   -0.0110253538
1   9   4   9   -0.0000000003
1   9   4   10   -0.0090113551
1   9   4   11   0.0000000003
1   9   4   12   -0.0047602848
1   9   5   8   -0.0000000000
1   9   5   9   -0.0021783212
1   9   5   10   0.0000000001
1   9   5   11   -0.0025725768
1   9   5   12   -0.0000000002
1   9   6   13   0.0000000000
1   9   6   14   -0.0000000000
1   9   7   13   -0.0000000000
1   9   7   14   -0.0000000000
1   10   1   8   -0.0418009937
1   10   1   9   -0.0000000000
1   10   1   10   0.1992044835
1   10   1   11   -0.0000000001
1   10   1   12   0.0041550113
1   10   2   8   0.0000000000
1   10   2   9   0.0472371172
1   10   2   10   0.0000000001
1   10   2   11   0.0087143144
1   10   2   12   -0.0000000000
1   10   3   8   0.0301197633
1   10   3   9   -0.0000000004
1   10   3   10   -0.0124813434
1   10   3   11   -0.0000000006
1   10   3   12   0.0075955938
1   10   4   8   -0.0000000004
1   10   4   9   -0.0090256548
1   10   4   10   -0.0000000021
1   10   4   11   -0.0049340712
1   10   4   12   -0.0000000017
1   10   5   8   0.0166614434
1   10   5   9   0.0000000001
1   10   5   10   -0.0038216846
1   10   5   11   0.0000000001
1   10   5   12   0.0041513261
1   10   6   13   -0.0058702726
1   10   7   14   -0.0058702726
1   11   1   8   -0.0000000001
1   11   1   9   -0.0041763711
1   11   1   10   -0.0000000001
1   11   1   11   0.2038501765
1   11   1   12   0.0000000001
1   11   2   8   -0.0110253538
1   11   2   9   -0.0000000000
1   11   2   10   0.0087056571
1   11   2   11   0.0000000000
1   11   2   12   -0.0270759871
1   11   3   8   -0.0000000004
1   11   3   9   -0.0023866152
1   11   3   10   -0.0000000006
1   11   3   11   -0.0361923925
1   11   3   12   0.0000000010
1   11   4   8   0.0078066343
1   11   4   9   0.0000000003
1   11   4   10   -0.0049251761
1   11   4   11   -0.0000000006
1   11   4   12   0.0048276174
1   11   5   8   0.0000000002
1   11   5   9   -0.0025699749
1   11   5   10   0.0000000001
1   11   5   11   -0.0205840147
1   11   5   12   -0.0000000003
1   11   6   13   -0.0000000000
1   11   6   14   0.0000000000
1   11   7   13   0.0000000000
1   11   7   14   0.0000000000
1   12   1   8   -0.0240688467
1   12   1   9   -0.0000000001
1   12   1   10   0.0041550113
1   12   1   11   0.0000000001
1   12   1   12   0.1889435309
1   12   2   8   -0.0000000000
1   12   2   9   0.0161041355
1   12   2   10   -0.0000000000
1   12   2   11   -0.0270737783
1   12   2   12   0.0000000000
1   12   3   8   0.0166614434
1   12   3   9   -0.0000000006
1   12   3   10   0.0075792332
1   12   3   11   0.0000000010
1   12   3   12   -0.0179228610
1   12   4   8   0.0000000002
1   12   4   9   -0.0047516227
1   12   4   10   -0.0000000017
1   12   4   11   0.0048094621
1   12   4   12   -0.0000000023
1   12   5   8   0.0155004968
1   12   5   9   -0.0000000002
1   12   5   10   0.0041631366
1   12   5   11   -0.0000000003
1   12   5   12   -0.0118759846
1   12   6   13   -0.0011860237
1   12   7   14   -0.0011860237
1   13   1   13   0.2513176486
1   13   3   13   -0.0538112371
1   13   4   13   0.0000000000
1   13   5   13   -0.0342613312
1   13   6   8   0.0114334239
1   13   6   9   0.0000000000
1   13   6   10   -0.0056797809
1   13   6   11   -0.0000000000
1   13   6   12   -0.0010748880
1   13   7   9   -0.0000000000
1   13   7   11   0.0000000000
1   14   1   14   0.2513176486
1   14   2   14   0.0000000000
1   14   3   14   -0.0538112371
1   14   4   14   0.0000000000
1   14   5   14   -0.0342613312
1   14   6   9   -0.0000000000
1   14   6   11   0.0000000000
1   14   7   8   0.0114334239
1   14   7   9   -0.0000000000
1   14   7   10   -0.0056797809
1   14   7   11   0.0000000000
1   14   7   12   -0.0010748880
2   8   1   8   0.0000000000
2   8   1   9   0.0547070272
2   8   1   10   0.0000000000
2   8   1   11   -0.0110253538
2   8   1   12   -0.0000000000
2   8   2   8   0.2037996836
2   8   2   9   0.0000000000
2   8   2   10   -0.0046213973
2   8   2   11   -0.0000000003
2   8   2   12   -0.0021783212
2   8   3   8   -0.0000000000
2   8   3   9   0.0472442312
2   8   3   10   -0.0000000004
2   8   3   11   -0.0090113551
2   8   3   12   0.0000000001
2   8   4   8   -0.0041763711
2   8   4   9   -0.0000000000
2   8   4   10   -0.0023626534
2   8   4   11   0.0000000003
2   8   4   12   -0.0025725768
2   8   5   8   -0.0000000001
2   8   5   9   0.0160865688
2   8   5   10   -0.0000000006
2   8   5   11   -0.0047602848
2   8   5   12   -0.0000000002
2   8   6   13   0.0000000000
2   8   6   14   -0.0000000000
2   8   7   13   -0.0000000000
2   8   7   14   -0.0000000000
2   9   1   8   0.0545508556
2   9   1   9   0.0000000000
2   9   1   10   0.0472371172
2   9   1   11   -0.0000000000
2   9   1   12   0.0161041355
2   9   2   8   0.0000000000
2   9   2   9   0.1952385562
2   9   2   10   -0.0000000003
2   9   2   11   -0.0061361044
2   9   2   12   -0.0000000004
2   9   3   8   0.0472371172
2   9   3   9   -0.0000000003
2   9   3   10   0.0521635906
2   9   3   11   0.0000000004
2   9   3   12   0.0208643902
2   9   4   8   -0.0000000000
2   9   4   9   -0.0061361044
2   9   4   10   0.0000000004
2   9   4   11   0.0035954038
2   9   4   12   0.0000000004
2   9   5   8   0.0161041355
2   9   5   9   -0.0000000004
2   9   5   10   0.0208643902
2   9   5   11   0.0000000004
2   9   5   12   0.0139612530
2   9   6   13   0.0041873989
2   9   7   14   0.0041873989
2   10   1   8   0.0000000000
2   10   1   9   0.0472442312
2   10   1   10   0.0000000001
2   10   1   11   0.0087056571
2   10   1   12   -0.0000000000
2   10   2   8   -0.0046213973
2   10   2   9   -0.0000000003
2   10   2   10   0.1824501476
2   10   2   11   -0.0000000003
2   10   2   12   0.0115252936
2   10   3   8   -0.0000000004
2   10   3   9   0.0521300164
2   10   3   10   -0.0000000019
2   10   3   11   0.0054705882
2   10   3   12   -0.0000000023
2   10   4   8   -0.0023866152
2   10   4   9   0.0000000004
2   10   4   10   -0.0042955371
2   10   4   11   0.0000000004
2   10   4   12   -0.0051184420
2   10   5   8   -0.0000000006
2   10   5   9   0.0208782847
2   10   5   10   -0.0000000027
2   10   5   11   -0.0018543728
2   10   5   12   -0.0000000039
2   10   6   13   0.0000000002
2   10   6   14   -0.0000000001
2   10   7   13   -0.0000000001
2   10   7   14   -0.0000000002
2   11   1   8   -0.0109895995
2   11   1   9   -0.0000000000
2   11   1   10   0.0087143144
2   11   1   11   0.0000000000
2   11   1   12   -0.0270737783
2   11   2   8   -0.0000000003
2   11   2   9   -0.0061361044
2   11   2   10   -0.0000000003
2   11   2   11   0.1604859040
2   11   2   12   0.0000000005
2   11   3   8   -0.0090256548
2   11   3   9   0.0000000004
2   11   3   10   0.0054671883
2   11   3   11   -0.0000000004
2   11   3   12   -0.0243482494
2   11   4   8   0.0000000003
2   11   4   9   0.0035932457
2   11   4   10   0.0000000004
2   11   4   11   0.0048876339
2   11   4   12   -0.0000000007
2   11   5   8   -0.0047516227
2   11   5   9   0.0000000004
2   11   5   10   -0.0018586328
2   11   5   11   -0.0000000004
2   11   5   12   -0.0039867826
2   11   6   13   0.0009360674
2   11   7   14   0.0009360674
2   12   1   8   -0.0000000000
2   12   1   9   0.0160865688
2   12   1   10   -0.0000000000
2   12   1   11   -0.0270759871
2   12   1   12   0.0000000000
2   12   2   8   -0.0021783212
2   12   2   9   -0.0000000004
2   12   2   10   0.0115252936
2   12   2   11   0.0000000005
2   12   2   12   0.1652382320
2   12   3   8   0.0000000001
2   12   3   9   0.0208782847
2   12   3   10   -0.0000000023
2   12   3   11   -0.0243506487
2   12   3   12   -0.0000000024
2   12   4   8   -0.0025699749
2   12   4   9   0.0000000004
2   12   4   10   -0.0051230233
2   12   4   11   -0.0000000007
2   12   4   12   0.0007414524
2   12   5   8   -0.0000000002
2   12   5   9   0.0139634513
2   12   5   10   -0.0000000039
2   12   5   11   -0.0039820467
2   12   5   12   -0.0000000039
2   12   6   13   0.0000000002
2   12   6   14   -0.0000000001
2   12   7   13   -0.0000000001
2   12   7   14   -0.0000000002
2   13   2   13   0.1849931705
2   13   3   13   0.0000000000
2   13   3   14   0.0000000000
2   13   4   13   0.0032377046
2   13   5   13   0.0000000000
2   13   5   14   0.0000000000
2   13   6   8   0.0000000000
2   13   6   9   0.0040860994
2   13   6   10   0.0000000002
2   13   6   11   0.0009539046
2   13   6   12   0.0000000002
2   13   7   8   -0.0000000000
2   13   7   10   -0.0000000001
2   13   7   12   -0.0000000001
2   14   1   14   0.0000000000
2   14   2   14   0.1849931705
2   14   3   13   0.0000000000
2   14   3   14   0.0000000000
2   14   4   14   0.0032377046
2   14   5   13   0.0000000000
2   14   5   14   0.0000000000
2   14   6   8   -0.0000000000
2   14   6   10   -0.0000000001
2   14   6   12   -0.0000000001
2   14   7   8   -0.0000000000
2   14   7   9   0.0040860994
2   14   7   10   -0.0000000002
2   14   7   11   0.0009539046
2   14   7   12   -0.0000000002
3   8   1   8   -0.0418009937
3   8   1   9   0.0000000000
3   8   1   10   0.0301197633
3   8   1   11   -0.0000000004
3   8   1   12   0.0166614434
3   8   2   8   -0.0000000000
3   8   2   9   0.0472371172
3   8   2   10   -0.0000000004
3   8   2   11   -0.0090256548
3   8   2   12   0.0000000001
3   8   3   8   0.1992044835
3   8   3   9   0.0000000001
3   8   3   10   -0.0124813434
3   8   3   11   -0.0000000021
3   8   3   12   -0.0038216846
3   8   4   8   -0.0000000001
3   8   4   9   0.0087143144
3   8   4   10   -0.0000000006
3   8   4   11   -0.0049340712
3   8   4   12   0.0000000001
3   8   5   8   0.0041550113
3   8   5   9   -0.0000000000
3   8   5   10   0.0075955938
3   8   5   11   -0.0000000017
3   8   5   12   0.0041513261
3   8   6   13   -0.0058702726
3   8   7   14   -0.0058702726
3   9   1   8   0.0000000000
3   9   1   9   -0.0046213973
3   9   1   10   -0.0000000004
3   9   1   11   -0.0023866152
3   9   1   12   -0.0000000006
3   9   2   8   0.0472442312
3   9   2   9   -0.0000000003
3   9   2   10   0.0521300164
3   9   2   11   0.0000000004
3   9   2   12   0.0208782847
3   9   3   8   0.0000000001
3   9   3   9   0.1824501476
3   9   3   10   -0.0000000019
3   9   3   11   -0.0042955371
3   9   3   12   -0.0000000027
3   9   4   8   0.0087056571
3   9   4   9   -0.0000000003
3   9   4   10   0.0054705882
3   9   4   11   0.0000000004
3   9   4   12   -0.0018543728
3   9   5   8   -0.0000000000
3   9   5   9   0.0115252936
3   9   5   10   -0.0000000023
3   9   5   11   -0.0051184420
3   9   5   12   -0.0000000039
3   9   6   13   0.0000000002
3   9   6   14   -0.0000000001
3   9   7   13   -0.0000000001
3   9   7   14   -0.0000000002
3   10   1   8   0.0300199772
3   10   1   9   -0.0000000004
3   10   1   10   -0.0124813434
3   10   1   11   -0.0000000006
3   10   1   12   0.0075792332
3   10   2   8   -0.0000000004
3   10   2   9   0.0521635906
3   10   2   10   -0.0000000019
3   10   2   11   0.0054671883
3   10   2   12   -0.0000000023
3   10   3   8   -0.0124813434
3   10   3   9   -0.0000000019
3   10   3   10   0.1794829309
3   10   3   11   -0.0000000029
3   10   3   12   0.0070105938
3   10   4   8   -0.0000000006
3   10   4   9   0.0054671883
3   10   4   10   -0.0000000029
3   10   4   11   0.0094486211
3   10   4   12   -0.0000000026
3   10   5   8   0.0075792332
3   10   5   9   -0.0000000023
3   10   5   10   0.0070105938
3   10   5   11   -0.0000000026
3   10   5   12   0.0144416950
3   10   6   13   0.0045673309
3   10   7   14   0.0045673309
3   11   1   8   -0.0000000004
3   11   1   9   -0.0023626534
3   11   1   10   -0.0000000006
3   11   1   11   -0.0361923925
3   11   1   12   0.0000000010
3   11   2   8   -0.0090113551
3   11   2   9   0.0000000004
3   11   2   10   0.0054705882
3   11   2   11   -0.0000000004
3   11   2   12   -0.0243506487
3   11   3   8   -0.0000000021
3   11   3   9   -0.0042955371
3   11   3   10   -0.0000000029
3   11   3   11   0.1654500093
3   11   3   12   0.0000000046
3   11   4   8   -0.0049251761
3   11   4   9   0.0000000004
3   11   4   10   0.0094467089
3   11   4   11   -0.0000000007
3   11   4   12   -0.0129019558
3   11   5   8   -0.0000000017
3   11   5   9   -0.0051230233
3   11   5   10   -0.0000000026
3   11   5   11   -0.0150461089
3   11   5   12   0.0000000041
3   11   6   13   -0.0000000002
3   11   6   14   0.0000000001
3   11   7   13   0.0000000001
3   11   7   14   0.0000000002
3   12   1   8   0.0165960474
3   12   1   9   -0.0000000006
3   12   1   10   0.0075955938
3   12   1   11   0.0000000010
3   12   1   12   -0.0179228610
3   12   2   8   0.0000000001
3   12   2   9   0.0208643902
3   12   2   10   -0.0000000023
3   12   2   11   -0.0243482494
3   12   2   12   -0.0000000024
3   12   3   8   -0.0038216846
3   12   3   9   -0.0000000027
3   12   3   10   0.0070105938
3   12   3   11   0.0000000046
3   12   3   12   0.1647687390
3   12   4   8   0.0000000001
3   12   4   9   -0.0018586328
3   12   4   10   -0.0000000026
3   12   4   11   -0.0128942335
3   12   4   12   -0.0000000037
3   12   5   8   0.0041631366
3   12   5   9   -0.0000000039
3   12   5   10   0.0144317491
3   12   5   11   0.0000000041
3   12   5   12   -0.0067839223
3   12   6   13   -0.0005178928
3   12   7   14   -0.0005178928
3   13   1   13   -0.0538112371
3   13   2   13   0.0000000000
3   13   2   14   0.0000000000
3   13   3   13   0.1866234791
3   13   3   14   0.0000000000
3   13   4   13   0.0000000000
3   13   5   13   -0.0102516729
3   13   6   8   -0.0056797809
3   13   6   9   0.0000000002
3   13   6   10   0.0044512394
3   13   6   11   -0.0000000002
3   13   6   12   -0.0005526768
3   13   7   9   -0.0000000001
3   13   7   11   0.0000000001
3   14   1   14   -0.0538112371
3   14   2   13   0.0000000000
3   14   2   14   0.0000000000
3   14   3   13   0.0000000000
3   14   3   14   0.1866234791
3   14   4   14   0.0000000000
3   14   5   14   -0.0102516729
3   14   6   9   -0.0000000001
3   14   6   11   0.0000000001
3   14   7   8   -0.0056797809
3   14   7   9   -0.0000000002
3   14   7   10   0.0044512394
3   14   7   11   0.0000000002
3   14   7   12   -0.0005526768
4   8   1   8   -0.0000000001
4   8   1   9   -0.0110253538
4   8   1   10   -0.0000000004
4   8   1   11   0.0078066343
4   8   1   12   0.0000000002
4   8   2   8   -0.0041763711
4   8   2   9   -0.0000000000
4   8   2   10   -0.0023866152
4   8   2   11   0.0000000003
4   8   2   12   -0.0025699749
4   8   3   8   -0.0000000001
4   8   3   9   0.0087056571
4   8   3   10   -0.0000000006
4   8   3   11   -0.0049251761
4   8   3   12   0.0000000001
4   8   4   8   0.2038501765
4   8   4   9   0.0000000000
4   8   4   10   -0.0361923925
4   8   4   11   -0.0000000006
4   8   4   12   -0.0205840147
4   8   5   8   0.0000000001
4   8   5   9   -0.0270759871
4   8   5   10   0.0000000010
4   8   5   11   0.0048276174
4   8   5   12   -0.0000000003
4   8   6   13   -0.0000000000
4   8   6   14   0.0000000000
4   8   7   13   0.0000000000
4   8   7   14   0.0000000000
4   9   1   8   -0.0109895995
4   9   1   9   -0.0000000003
4   9   1   10   -0.0090256548
4   9   1   11   0.0000000003
4   9   1   12   -0.0047516227
4   9   2   8   -0.0000000000
4   9   2   9   -0.0061361044
4   9   2   10   0.0000000004
4   9   2   11   0.0035932457
4   9   2   12   0.0000000004
4   9   3   8   0.0087143144
4   9   3   9   -0.0000000003
4   9   3   10   0.0054671883
4   9   3   11   0.0000000004
4   9   3   12   -0.0018586328
4   9   4   8   0.0000000000
4   9   4   9   0.1604859040
4   9   4   10   -0.0000000004
4   9   4   11   0.0048876339
4   9   4   12   -0.0000000004
4   9   5   8   -0.0270737783
4   9   5   9   0.0000000005
4   9   5   10   -0.0243482494
4   9   5   11   -0.0000000007
4   9   5   12   -0.0039867826
4   9   6   13   0.0009360674
4   9   7   14   0.0009360674
4   10   1   8   -0.0000000004
4   10   1   9   -0.0090113551
4   10   1   10   -0.0000000021
4   10   1   11   -0.0049251761
4   10   1   12   -0.0000000017
4   10   2   8   -0.0023626534
4   10   2   9   0.0000000004
4   10   2   10   -0.0042955371
4   10   2   11   0.0000000004
4   10   2   12   -0.0051230233
4   10   3   8   -0.0000000006
4   10   3   9   0.0054705882
4   10   3   10   -0.0000000029
4   10   3   11   0.0094467089
4   10   3   12   -0.0000000026
4   10   4   8   -0.0361923925
4   10   4   9   -0.0000000004
4   10   4   10   0.1654500093
4   10   4   11   -0.0000000007
4   10   4   12   -0.0150461089
4   10   5   8   0.0000000010
4   10   5   9   -0.0243506487
4   10   5   10   0.0000000046
4   10   5   11   -0.0129019558
4   10   5   12   0.0000000041
4   10   6   13   -0.0000000002
4   10   6   14   0.0000000001
4   10   7   13   0.0000000001
4   10   7   14   0.0000000002
4   11   1   8   0.0078034722
4   11   1   9   0.0000000003
4   11   1   10   -0.0049340712
4   11   1   11   -0.0000000006
4   11   1   12   0.0048094621
4   11   2   8   0.0000000003
4   11   2   9   0.0035954038
4   11   2   10   0.0000000004
4   11   2   11   0.0048876339
4   11   2   12   -0.0000000007
4   11   3   8   -0.0049340712
4   11   3   9   0.0000000004
4   11   3   10   0.0094486211
4   11   3   11   -0.0000000007
4   11   3   12   -0.0128942335
4   11   4   8   -0.0000000006
4   11   4   9   0.0048876339
4   11   4   10   -0.0000000007
4   11   4   11   0.2230893848
4   11   4   12   0.0000000011
4   11   5   8   0.0048094621
4   11   5   9   -0.0000000007
4   11   5   10   -0.0128942335
4   11   5   11   0.0000000011
4   11   5   12   0.0310091826
4   11   6   13   0.0123830649
4   11   7   14   0.0123830649
4   12   1   8   0.0000000002
4   12   1   9   -0.0047602848
4   12   1   10   -0.0000000017
4   12   1   11   0.0048276174
4   12   1   12   -0.0000000023
4   12   2   8   -0.0025725768
4   12   2   9   0.0000000004
4   12   2   10   -0.0051184420
4   12   2   11   -0.0000000007
4   12   2   12   0.0007414524
4   12   3   8   0.0000000001
4   12   3   9   -0.0018543728
4   12   3   10   -0.0000000026
4   12   3   11   -0.0129019558
4   12   3   12   -0.0000000037
4   12   4   8   -0.0205840147
4   12   4   9   -0.0000000004
4   12   4   10   -0.0150461089
4   12   4   11   0.0000000011
4   12   4   12   0.1834425896
4   12   5   8   -0.0000000003
4   12   5   9   -0.0039820467
4   12   5   10   0.0000000041
4   12   5   11   0.0310040481
4   12   5   12   0.0000000056
4   12   6   13   -0.0000000002
4   12   6   14   0.0000000001
4   12   7   13   0.0000000001
4   12   7   14   0.0000000002
4   13   1   13   0.0000000000
4   13   2   13   0.0032377046
4   13   3   13   0.0000000000
4   13   4   13   0.2417471426
4   13   5   13   -0.0000000000
4   13   6   8   -0.0000000000
4   13   6   9   0.0009539046
4   13   6   10   -0.0000000002
4   13   6   11   0.0123297973
4   13   6   12   -0.0000000002
4   13   7   8   0.0000000000
4   13   7   10   0.0000000001
4   13   7   12   0.0000000001
4   14   1   14   0.0000000000
4   14   2   14   0.0032377046
4   14   3   14   0.0000000000
4   14   4   14   0.2417471426
4   14   5   14   -0.0000000000
4   14   6   8   0.0000000000
4   14   6   10   0.0000000001
4   14   6   12   0.0000000001
4   14   7   8   0.0000000000
4   14   7   9   0.0009539046
4   14   7   10   0.0000000002
4   14   7   11   0.0123297973
4   14   7   12   0.0000000002
5   8   1   8   -0.0240688467
5   8   1   9   -0.0000000000
5   8   1   10   0.0166614434
5   8   1   11   0.0000000002
5   8   1   12   0.0155004968
5   8   2   8   -0.0000000001
5   8   2   9   0.0161041355
5   8   2   10   -0.0000000006
5   8   2   11   -0.0047516227
5   8   2   12   -0.0000000002
5   8   3   8   0.0041550113
5   8   3   9   -0.0000000000
5   8   3   10   0.0075792332
5   8   3   11   -0.0000000017
5   8   3   12   0.0041631366
5   8   4   8   0.0000000001
5   8   4   9   -0.0270737783
5   8   4   10   0.0000000010
5   8   4   11   0.0048094621
5   8   4   12   -0.0000000003
5   8   5   8   0.1889435309
5   8   5   9   0.0000000000
5   8   5   10   -0.0179228610
5   8   5   11   -0.0000000023
5   8   5   12   -0.0118759846
5   8   6   13   -0.0011860237
5   8   7   14   -0.0011860237
5   9   1   8   -0.0000000000
5   9   1   9   -0.0021783212
5   9   1   10   0.0000000001
5   9   1   11   -0.0025699749
5   9   1   12   -0.0000000002
5   9   2   8   0.0160865688
5   9   2   9   -0.0000000004
5   9   2   10   0.0208782847
5   9   2   11   0.0000000004
5   9   2   12   0.0139634513
5   9   3   8   -0.0000000000
5   9   3   9   0.0115252936
5   9   3   10   -0.0000000023
5   9   3   11   -0.0051230233
5   9   3   12   -0.0000000039
5   9   4   8   -0.0270759871
5   9   4   9   0.0000000005
5   9   4   10   -0.0243506487
5   9   4   11   -0.0000000007
5   9   4   12   -0.0039820467
5   9   5   8   0.0000000000
5   9   5   9   0.1652382320
5   9   5   10   -0.0000000024
5   9   5   11   0.0007414524
5   9   5   12   -0.0000000039
5   9   6   13   0.0000000002
5   9   6   14   -0.0000000001
5   9   7   13   -0.0000000001
5   9   7   14   -0.0000000002
5   10   1   8   0.0165960474
5   10   1   9   0.0000000001
5   10   1   10   -0.0038216846
5   10   1   11   0.0000000001
5   10   1   12   0.0041631366
5   10   2   8   -0.0000000006
5   10   2   9   0.0208643902
5   10   2   10   -0.0000000027
5   10   2   11   -0.0018586328
5   10   2   12   -0.0000000039
5   10   3   8   0.0075955938
5   10   3   9   -0.0000000023
5   10   3   10   0.0070105938
5   10   3   11   -0.0000000026
5   10   3   12   0.0144317491
5   10   4   8   0.0000000010
5   10   4   9   -0.0243482494
5   10   4   10   0.0000000046
5   10   4   11   -0.0128942335
5   10   4   12   0.0000000041
5   10   5   8   -0.0179228610
5   10   5   9   -0.0000000024
5   10   5   10   0.1647687390
5   10   5   11   -0.0000000037
5   10   5   12   -0.0067839223
5   10   6   13   -0.0005178928
5   10   7   14   -0.0005178928
5   11   1   8   0.0000000002
5   11   1   9   -0.0025725768
5   11   1   10   0.0000000001
5   11   1   11   -0.0205840147
5   11   1   12   -0.0000000003
5   11   2   8   -0.0047602848
5   11   2   9   0.0000000004
5   11   2   10   -0.0018543728
5   11   2   11   -0.0000000004
5   11   2   12   -0.0039820467
5   11   3   8   -0.0000000017
5   11   3   9   -0.0051184420
5   11   3   10   -0.0000000026
5   11   3   11   -0.0150461089
5   11   3   12   0.0000000041
5   11   4   8   0.0048276174
5   11   4   9   -0.0000000007
5   11   4   10   -0.0129019558
5   11   4   11   0.0000000011
5   11   4   12   0.0310040481
5   11   5   8   -0.0000000023
5   11   5   9   0.0007414524
5   11   5   10   -0.0000000037
5   11   5   11   0.1834425896
5   11   5   12   0.0000000056
5   11   6   13   -0.0000000002
5   11   6   14   0.0000000001
5   11   7   13   0.0000000001
5   11   7   14   0.0000000002
5   12   1   8   0.0154695468
5   12   1   9   -0.0000000002
5   12   1   10   0.0041513261
5   12   1   11   -0.0000000003
5   12   1   12   -0.0118759846
5   12   2   8   -0.0000000002
5   12   2   9   0.0139612530
5   12   2   10   -0.0000000039
5   12   2   11   -0.0039867826
5   12   2   12   -0.0000000039
5   12   3   8   0.0041513261
5   12   3   9   -0.0000000039
5   12   3   10   0.0144416950
5   12   3   11   0.0000000041
5   12   3   12   -0.0067839223
5   12   4   8   -0.0000000003
5   12   4   9   -0.0039867826
5   12   4   10   0.0000000041
5   12   4   11   0.0310091826
5   12   4   12   0.0000000056
5   12   5   8   -0.0118759846
5   12   5   9   -0.0000000039
5   12   5   10   -0.0067839223
5   12   5   11   0.0000000056
5   12   5   12   0.1750246805
5   12   6   13   0.0036302374
5   12   7   14   0.0036302374
5   13   1   13   -0.0342613312
5   13   2   13   0.0000000000
5   13   2   14   0.0000000000
5   13   3   13   -0.0102516729
5   13   4   13   -0.0000000000
5   13   5   13   0.1989828855
5   13   6   8   -0.0010748880
5   13   6   9   0.0000000002
5   13   6   10   -0.0005526768
5   13   6   11   -0.0000000002
5   13   6   12   0.0035795778
5   13   7   9   -0.0000000001
5   13   7   11   0.0000000001
5   14   1   14   -0.0342613312
5   14   2   13   0.0000000000
5   14   2   14   0.0000000000
5   14   3   14   -0.0102516729
5   14   4   14   -0.0000000000
5   14   5   14   0.1989828855
5   14   6   9   -0.0000000001
5   14   6   11   0.0000000001
5   14   7   8   -0.0010748880
5   14   7   9   -0.0000000002
5   14   7   10   -0.0005526768
5   14   7   11   0.0000000002
5   14   7   12   0.0035795778
6   8   1   13   0.0114334239
6   8   2   13   0.0000000000
6   8   2   14   -0.0000000000
6   8   3   13   -0.0056797809
6   8   4   13   -0.0000000000
6   8   4   14   0.0000000000
6   8   5   13   -0.0010748880
6   8   6   8   0.2513176486
6   8   6   10   -0.0538112371
6   8   6   11   0.0000000000
6   8   6   12   -0.0342613312
6   9   1   13   0.0000000000
6   9   1   14   -0.0000000000
6   9   2   13   0.0040860994
6   9   3   13   0.0000000002
6   9   3   14   -0.0000000001
6   9   4   13   0.0009539046
6   9   5   13   0.0000000002
6   9   5   14   -0.0000000001
6   9   6   9   0.1849931705
6   9   6   10   0.0000000000
6   9   6   11   0.0032377046
6   9   6   12   0.0000000000
6   9   7   10   0.0000000000
6   9   7   12   0.0000000000
6   10   1   13   -0.0056797809
6   10   2   13   0.0000000002
6   10   2   14   -0.0000000001
6   10   3   13   0.0044512394
6   10   4   13   -0.0000000002
6   10   4   14   0.0000000001
6   10   5   13   -0.0005526768
6   10   6   8   -0.0538112371
6   10   6   9   0.0000000000
6   10   6   10   0.1866234791
6   10   6   11   0.0000000000
6   10   6   12   -0.0102516729
6   10   7   9   0.0000000000
6   10   7   10   0.0000000000
6   11   1   13   -0.0000000000
6   11   1   14   0.0000000000
6   11   2   13   0.0009539046
6   11   3   13   -0.0000000002
6   11   3   14   0.0000000001
6   11   4   13   0.0123297973
6   11   5   13   -0.0000000002
6   11   5   14   0.0000000001
6   11   6   8   0.0000000000
6   11   6   9   0.0032377046
6   11   6   10   0.0000000000
6   11   6   11   0.2417471426
6   11   6   12   -0.0000000000
6   12   1   13   -0.0010748880
6   12   2   13   0.0000000002
6   12   2   14   -0.0000000001
6   12   3   13   -0.0005526768
6   12   4   13   -0.0000000002
6   12   4   14   0.0000000001
6   12   5   13   0.0035795778
6   12   6   8   -0.0342613312
6   12   6   9   0.0000000000
6   12   6   10   -0.0102516729
6   12   6   11   -0.0000000000
6   12   6   12   0.1989828855
6   12   7   9   0.0000000000
6   13   1   8   0.0117751472
6   13   1   9   0.0000000000
6   13   1   10   -0.0058702726
6   13   1   11   -0.0000000000
6   13   1   12   -0.0011860237
6   13   2   8   0.0000000000
6   13   2   9   0.0041873989
6   13   2   10   0.0000000002
6   13   2   11   0.0009360674
6   13   2   12   0.0000000002
6   13   3   8   -0.0058702726
6   13   3   9   0.0000000002
6   13   3   10   0.0045673309
6   13   3   11   -0.0000000002
6   13   3   12   -0.0005178928
6   13   4   8   -0.0000000000
6   13   4   9   0.0009360674
6   13   4   10   -0.0000000002
6   13   4   11   0.0123830649
6   13   4   12   -0.0000000002
6   13   5   8   -0.0011860237
6   13   5   9   0.0000000002
6   13   5   10   -0.0005178928
6   13   5   11   -0.0000000002
6   13   5   12   0.0036302374
6   13   6   13   0.3170353710
6   13   7   14   0.0130436217
6   14   1   9   -0.0000000000
6   14   1   11   0.0000000000
6   14   2   8   -0.0000000000
6   14   2   10   -0.0000000001
6   14   2   12   -0.0000000001
6   14   3   9   -0.0000000001
6   14   3   11   0.0000000001
6   14   4   8   0.0000000000
6   14   4   10   0.0000000001
6   14   4   12   0.0000000001
6   14   5   9   -0.0000000001
6   14   5   11   0.0000000001
6   14   6   14   0.2911840310
6   14   7   13   0.0128077183
7   8   1   14   0.0114334239
7   8   2   13   -0.0000000000
7   8   2   14   -0.0000000000
7   8   3   14   -0.0056797809
7   8   4   13   0.0000000000
7   8   4   14   0.0000000000
7   8   5   14   -0.0010748880
7   8   7   8   0.2513176486
7   8   7   9   0.0000000000
7   8   7   10   -0.0538112371
7   8   7   11   0.0000000000
7   8   7   12   -0.0342613312
7   9   1   13   -0.0000000000
7   9   1   14   -0.0000000000
7   9   2   14   0.0040860994
7   9   3   13   -0.0000000001
7   9   3   14   -0.0000000002
7   9   4   14   0.0009539046
7   9   5   13   -0.0000000001
7   9   5   14   -0.0000000002
7   9   6   10   0.0000000000
7   9   6   12   0.0000000000
7   9   7   8   0.0000000000
7   9   7   9   0.1849931705
7   9   7   10   0.0000000000
7   9   7   11   0.0032377046
7   9   7   12   0.0000000000
7   10   1   14   -0.0056797809
7   10   2   13   -0.0000000001
7   10   2   14   -0.0000000002
7   10   3   14   0.0044512394
7   10   4   13   0.0000000001
7   10   4   14   0.0000000002
7   10   5   14   -0.0005526768
7   10   6   9   0.0000000000
7   10   6   10   0.0000000000
7   10   7   8   -0.0538112371
7   10   7   9   0.0000000000
7   10   7   10   0.1866234791
7   10   7   11   0.0000000000
7   10   7   12   -0.0102516729
7   11   1   13   0.0000000000
7   11   1   14   0.0000000000
7   11   2   14   0.0009539046
7   11   3   13   0.0000000001
7   11   3   14   0.0000000002
7   11   4   14   0.0123297973
7   11   5   13   0.0000000001
7   11   5   14   0.0000000002
7   11   7   8   0.0000000000
7   11   7   9   0.0032377046
7   11   7   10   0.0000000000
7   11   7   11   0.2417471426
7   11   7   12   -0.0000000000
7   12   1   14   -0.0010748880
7   12   2   13   -0.0000000001
7   12   2   14   -0.0000000002
7   12   3   14   -0.0005526768
7   12   4   13   0.0000000001
7   12   4   14   0.0000000002
7   12   5   14   0.0035795778
7   12   6   9   0.0000000000
7   12   7   8   -0.0342613312
7   12   7   9   0.0000000000
7   12   7   10   -0.0102516729
7   12   7   11   -0.0000000000
7   12   7   12   0.1989828855
7   13   1   9   -0.0000000000
7   13   1   11   0.0000000000
7   13   2   8   -0.0000000000
7   13   2   10   -0.0000000001
7   13   2   12   -0.0000000001
7   13   3   9   -0.0000000001
7   13   3   11   0.0000000001
7   13   4   8   0.0000000000
7   13   4   10   0.0000000001
7   13   4   12   0.0000000001
7   13   5   9   -0.0000000001
7   13   5   11   0.0000000001
7   13   6   14   0.0128077183
7   13   7   13   0.2911840310
7   14   1   8   0.0117751472
7   14   1   9   -0.0000000000
7   14   1   10   -0.0058702726
7   14   1   11   0.0000000000
7   14   1   12   -0.0011860237
7   14   2   8   -0.0000000000
7   14   2   9   0.0041873989
7   14   2   10   -0.0000000002
7   14   2   11   0.0009360674
7   14   2   12   -0.0000000002
7   14   3   8   -0.0058702726
7   14   3   9   -0.0000000002
7   14   3   10   0.0045673309
7   14   3   11   0.0000000002
7   14   3   12   -0.0005178928
7   14   4   8   0.0000000000
7   14   4   9   0.0009360674
7   14   4   10   0.0000000002
7   14   4   11   0.0123830649
7   14   4   12   0.0000000002
7   14   5   8   -0.0011860237
7   14   5   9   -0.0000000002
7   14   5   10   -0.0005178928
7   14   5   11   0.0000000002
7   14   5   12   0.0036302374
7   14   6   13   0.0130436217
7   14   7   14   0.3170353710

End ABCD Block
Begin AIJB Block
1   4   1   8   0.0521884480
1   4   1   9   0.0000000000
1   4   1   10   -0.0198361637
1   4   1   11   -0.0000000000
1   4   1   12   -0.0209131897
1   4   2   9   -0.0091740963
1   4   2   10   -0.0000000000
1   4   2   11   -0.0091779185
1   4   2   12   0.0000000000
1   4   3   8   -0.0070585275
1   4   3   10   -0.0012580414
1   4   3   11   0.0000000000
1   4   3   12   0.0100820663
1   5   1   9   -0.0207084647
1   5   1   11   -0.0034435004
1   5   2   8   0.0550999301
1   5   2   10   -0.0199285698
1   5   2   11   -0.0000000000
1   5   2   12   -0.0121228046
1   5   3   8   0.0000000000
1   5   3   9   -0.0013423289
1   5   3   10   -0.0000000000
1   5   3   11   0.0112019319
1   5   3   12   -0.0000000000
1   6   1   8   -0.0070585275
1   6   1   10   0.0100163431
1   6   1   12   0.0096937753
1   6   2   8   0.0000000000
1   6   2   9   -0.0261459753
1   6   2   10   0.0000000000
1   6   2   11   0.0166874017
1   6   2   12   -0.0000000000
1   6   3   8   0.0636448270
1   6   3   10   -0.0339734480
1   6   3   12   -0.0070723208
2   4   1   8   0.0000000000
2   4   1   9   0.0173679831
2   4   1   10   0.0000000000
2   4   1   11   -0.0024149186
2   4   1   12   -0.0000000000
2   4   2   8   -0.0207084647
2   4   2   9   -0.0000000000
2   4   2   10   -0.0014512071
2   4   2   11   0.0000000000
2   4   2   12   0.0084717101
2   4   3   9   0.0055134720
2   4   3   10   0.0000000000
2   4   3   11   0.0091962824
2   4   3   12   -0.0000000000
2   5   1   8   -0.0091740963
2   5   1   9   -0.0000000000
2   5   1   10   -0.0073433604
2   5   1   11   0.0000000000
2   5   1   12   0.0041795767
2   5   2   9   0.0250771579
2   5   2   10   -0.0000000000
2   5   2   11   0.0028153443
2   5   2   12   -0.0000000000
2   5   3   8   -0.0261459753
2   5   3   10   0.0006610420
2   5   3   11   0.0000000000
2   5   3   12   0.0068053623
2   6   1   9   0.0055134720
2   6   1   10   -0.0000000000
2   6   1   11   0.0051806261
2   6   1   12   0.0000000000
2   6   2   8   -0.0013423289
2   6   2   10   -0.0118044603
2   6   2   11   -0.0000000000
2   6   2   12   -0.0009131619
2   6   3   9   0.0238463371
2   6   3   10   -0.0000000000
2   6   3   11   -0.0094956152
2   6   3   12   0.0000000000
3   4   1   8   -0.0198361637
3   4   1   9   0.0000000000
3   4   1   10   0.0138277653
3   4   1   11   -0.0000000000
3   4   1   12   0.0063733311
3   4   2   9   -0.0073433604
3   4   2   10   0.0000000000
3   4   2   11   -0.0004541996
3   4   2   12   -0.0000000000
3   4   3   8   0.0100163431
3   4   3   9   -0.0000000000
3   4   3   10   0.0045881123
3   4   3   11   0.0000000000
3   4   3   12   -0.0087757492
3   5   1   8   -0.0000000000
3   5   1   9   -0.0014512071
3   5   1   10   0.0000000000
3   5   1   11   -0.0016886914
3   5   1   12   -0.0000000000
3   5   2   8   -0.0199285698
3   5   2   9   -0.0000000000
3   5   2   10   0.0213484627
3   5   2   11   0.0000000000
3   5   2   12   0.0001242057
3   5   3   8   0.0000000000
3   5   3   9   -0.0118044603
3   5   3   10   -0.0000000000
3   5   3   11   -0.0087727084
3   5   3   12   0.0000000001
3   6   1   8   -0.0012580414
3   6   1   9   0.0000000000
3   6   1   10   0.0045881123
3   6   1   11   0.0000000000
3   6   1   12   -0.0051903074
3   6   2   8   -0.0000000000
3   6   2   9   0.0006610420
3   6   2   10   -0.0000000000
3   6   2   11   -0.0100013478
3   6   2   12   0.0000000000
3   6   3   8   -0.0339734480
3   6   3   9   -0.0000000000
3   6   3   10   0.0289394057
3   6   3   11   -0.0000000000
3   6   3   12   0.0041895075
4   4   1   8   -0.0000000000
4   4   1   9   -0.0024149186
4   4   1   10   -0.0000000000
4   4   1   11   0.0156982605
4   4   1   12   0.0000000000
4   4   2   8   -0.0034435004
4   4   2   9   0.0000000000
4   4   2   10   -0.0016886914
4   4   2   11   -0.0000000000
4   4   2   12   0.0052799035
4   4   3   9   0.0051806261
4   4   3   10   0.0000000000
4   4   3   11   -0.0087440039
4   4   3   12   0.0000000000
4   5   1   8   -0.0091779185
4   5   1   9   0.0000000000
4   5   1   10   -0.0004541996
4   5   1   11   -0.0000000000
4   5   1   12   0.0080499498
4   5   2   8   -0.0000000000
4   5   2   9   0.0028153443
4   5   2   10   0.0000000000
4   5   2   11   0.0056647215
4   5   2   12   -0.0000000000
4   5   3   8   0.0166874017
4   5   3   9   -0.0000000000
4   5   3   10   -0.0100013478
4   5   3   11   0.0000000000
4   5   3   12   -0.0025700295
4   6   1   8   0.0000000000
4   6   1   9   0.0091962824
4   6   1   10   0.0000000000
4   6   1   11   -0.0087440039
4   6   1   12   -0.0000000001
4   6   2   8   0.0112019319
4   6   2   9   0.0000000000
4   6   2   10   -0.0087727084
4   6   2   11   0.0000000000
4   6   2   12   0.0000845026
4   6   3   9   -0.0094956152
4   6   3   10   -0.0000000000
4   6   3   11   0.0127136066
4   6   3   12   0.0000000000
5   4   1   8   -0.0209131897
5   4   1   9   -0.0000000000
5   4   1   10   0.0063733311
5   4   1   11   0.0000000000
5   4   1   12   0.0114516181
5   4   2   9   0.0041795767
5   4   2   10   -0.0000000000
5   4   2   11   0.0080499498
5   4   2   12   0.0000000000
5   4   3   8   0.0096937753
5   4   3   9   0.0000000000
5   4   3   10   -0.0051903074
5   4   3   11   -0.0000000001
5   4   3   12   -0.0032973632
5   5   1   8   0.0000000000
5   5   1   9   0.0084717101
5   5   1   10   -0.0000000000
5   5   1   11   0.0052799035
5   5   1   12   0.0000000000
5   5   2   8   -0.0121228046
5   5   2   9   -0.0000000000
5   5   2   10   0.0001242057
5   5   2   11   -0.0000000000
5   5   2   12   0.0082296321
5   5   3   8   -0.0000000000
5   5   3   9   -0.0009131619
5   5   3   10   0.0000000000
5   5   3   11   0.0000845026
5   5   3   12   -0.0000000001
5   6   1   8   0.0100820663
5   6   1   9   -0.0000000000
5   6   1   10   -0.0087757492
5   6   1   11   0.0000000000
5   6   1   12   -0.0032973632
5   6   2   8   -0.0000000000
5   6   2   9   0.0068053623
5   6   2   10   0.0000000001
5   6   2   11   -0.0025700295
5   6   2   12   -0.0000000001
5   6   3   8   -0.0070723208
5   6   3   9   0.0000000000
5   6   3   10   0.0041895075
5   6   3   11   0.0000000000
5   6   3   12   0.0051407587
6   4   1   13   0.0345807583
6   4   2   13   0.0000000000
6   4   2   14   -0.0000000000
6   4   3   13   -0.0089973168
6   5   1   13   0.0000000000
6   5   1   14   -0.0000000000
6   5   2   13   0.0185725815
6   5   3   13   -0.0000000000
6   5   3   14   0.0000000000
6   6   1   13   -0.0089973168
6   6   2   13   -0.0000000000
6   6   2   14   0.0000000000
6   6   3   13   0.0163918099
7   4   1   14   0.0345807583
7   4   2   13   -0.0000000000
7   4   2   14   -0.0000000000
7   4   3   14   -0.0089973168
7   5   1   13   -0.0000000000
7   5   1   14   -0.0000000000
7   5   2   14   0.0185725815
7   5   3   13   0.0000000000
7   5   3   14   0.0000000000
7   6   1   14   -0.0089973168
7   6   2   13   0.0000000000
7   6   2   14   0.0000000000
7   6   3   14   0.0163918099

1   4   4   1   -0.2953217214
1   4   4   2   0.0000000000
1   4   4   3   0.0725446792
1   4   4   4   0.0000000000
1   4   4   5   0.0532532524
1   4   5   1   0.0000000000
1   4   5   2   0.0542720148
1   4   5   3   -0.0000000000
1   4   5   4   -0.0042777316
1   4   5   5   -0.0000000000
1   4   6   1   0.0129673500
1   4   6   2   -0.0000000000
1   4   6   3   -0.0164934837
1   4   6   4   -0.0000000000
1   4   6   5   -0.0189940997
1   5   4   1   0.0000000000
1   5   4   2   0.0536701881
1   5   4   3   -0.0000000000
1   5   4   4   -0.0040179362
1   5   4   5   -0.0000000000
1   5   5   1   -0.2806069589
1   5   5   3   0.0549143291
1   5   5   4   0.0000000000
1   5   5   5   0.0315947523
1   5   6   1   -0.0000000000
1   5   6   2   0.0568607469
1   5   6   3   -0.0000000000
1   5   6   4   -0.0177942227
1   5   6   5   0.0000000000
1   6   4   1   0.0129673500
1   6   4   2   -0.0000000000
1   6   4   3   -0.0158538563
1   6   4   4   -0.0000000000
1   6   4   5   -0.0192118952
1   6   5   1   -0.0000000000
1   6   5   2   0.0558548653
1   6   5   3   -0.0000000000
1   6   5   4   -0.0176755157
1   6   5   5   0.0000000000
1   6   6   1   -0.2814755952
1   6   6   2   0.0000000000
1   6   6   3   0.0600156401
1   6   6   4   0.0000000000
1   6   6   5   0.0311521621
2   4   4   1   0.0000000000
2   4   4   2   -0.2034658655
2   4   4   3   0.0000000000
2   4   4   4   0.0004600456
2   4   4   5   0.0000000000
2   4   5   1   0.0536701881
2   4   5   3   0.0365266012
2   4   5   4   -0.0000000000
2   4   5   5   -0.0012439800
2   4   6   1   -0.0000000000
2   4   6   2   -0.0099986001
2   4   6   3   -0.0000000000
2   4   6   4   -0.0027758374
2   4   6   5   -0.0000000001
2   5   4   1   0.0542720148
2   5   4   3   0.0361744868
2   5   4   4   -0.0000000000
2   5   4   5   -0.0014309721
2   5   5   2   -0.2139456100
2   5   5   3   -0.0000000000
2   5   5   4   -0.0019674587
2   5   5   5   -0.0000000000
2   5   6   1   0.0558548653
2   5   6   2   -0.0000000000
2   5   6   3   0.0406760341
2   5   6   4   0.0000000000
2   5   6   5   0.0055828223
2   6   4   1   -0.0000000000
2   6   4   2   -0.0099986001
2   6   4   3   -0.0000000000
2   6   4   4   -0.0028526189
2   6   4   5   -0.0000000001
2   6   5   1   0.0568607469
2   6   5   2   -0.0000000000
2   6   5   3   0.0399984639
2   6   5   4   0.0000000000
2   6   5   5   0.0052289894
2   6   6   1   0.0000000000
2   6   6   2   -0.2077410815
2   6   6   3   -0.0000000000
2   6   6   4   0.0043574031
2   6   6   5   -0.0000000000
3   4   4   1   0.0725446792
3   4   4   2   0.0000000000
3   4   4   3   -0.2018890252
3   4   4   4   0.0000000000
3   4   4   5   0.0026190965
3   4   5   1   -0.0000000000
3   4   5   2   0.0361744868
3   4   5   3   -0.0000000000
3   4   5   4   0.0173565710
3   4   5   5   -0.0000000000
3   4   6   1   -0.0158538563
3   4   6   2   -0.0000000000
3   4   6   3   -0.0066043587
3   4   6   4   -0.0000000000
3   4   6   5   0.0040452945
3   5   4   1   -0.0000000000
3   5   4   2   0.0365266012
3   5   4   3   -0.0000000000
3   5   4   4   0.0172459806
3   5   4   5   -0.0000000000
3   5   5   1   0.0549143291
3   5   5   2   -0.0000000000
3   5   5   3   -0.2093687853
3   5   5   4   0.0000000000
3   5   5   5   0.0067821124
3   5   6   1   -0.0000000000
3   5   6   2   0.0399984639
3   5   6   3   -0.0000000000
3   5   6   4   0.0207359230
3   5   6   5   -0.0000000000
3   6   4   1   -0.0164934837
3   6   4   2   -0.0000000000
3   6   4   3   -0.0066043587
3   6   4   4   -0.0000000000
3   6   4   5   0.0042799175
3   6   5   1   -0.0000000000
3   6   5   2   0.0406760341
3   6   5   3   -0.0000000000
3   6   5   4   0.0206498140
3   6   5   5   -0.0000000000
3   6   6   1   0.0600156401
3   6   6   2   -0.0000000000
3   6   6   3   -0.2097055244
3   6   6   4   0.0000000000
3   6   6   5   0.0015590171
4   4   4   1   0.0000000000
4   4   4   2   0.0004600456
4   4   4   3   0.0000000000
4   4   4   4   -0.2538429653
4   4   4   5   -0.0000000000
4   4   5   1   -0.0040179362
4   4   5   2   -0.0000000000
4   4   5   3   0.0172459806
4   4   5   4   0.0000000000
4   4   5   5   -0.0418224201
4   4   6   1   -0.0000000000
4   4   6   2   -0.0028526189
4   4   6   3   -0.0000000000
4   4   6   4   0.0338943691
4   4   6   5   0.0000000000
4   5   4   1   -0.0042777316
4   5   4   2   -0.0000000000
4   5   4   3   0.0173565710
4   5   4   4   0.0000000000
4   5   4   5   -0.0417247732
4   5   5   1   0.0000000000
4   5   5   2   -0.0019674587
4   5   5   3   0.0000000000
4   5   5   4   -0.2164769331
4   5   5   5   -0.0000000000
4   5   6   1   -0.0176755157
4   5   6   2   0.0000000000
4   5   6   3   0.0206498140
4   5   6   4   -0.0000000000
4   5   6   5   -0.0317157175
4   6   4   1   -0.0000000000
4   6   4   2   -0.0027758374
4   6   4   3   -0.0000000000
4   6   4   4   0.0338943691
4   6   4   5   0.0000000000
4   6   5   1   -0.0177942227
4   6   5   2   0.0000000000
4   6   5   3   0.0207359230
4   6   5   4   -0.0000000000
4   6   5   5   -0.0315414334
4   6   6   1   0.0000000000
4   6   6   2   0.0043574031
4   6   6   3   0.0000000000
4   6   6   4   -0.2243247558
4   6   6   5   0.0000000000
5   4   4   1   0.0532532524
5   4   4   2   0.0000000000
5   4   4   3   0.0026190965
5   4   4   4   -0.0000000000
5   4   4   5   -0.2099519303
5   4   5   1   -0.0000000000
5   4   5   2   -0.0014309721
5   4   5   3   -0.0000000000
5   4   5   4   -0.0417247732
5   4   5   5   -0.0000000001
5   4   6   1   -0.0192118952
5   4   6   2   -0.0000000001
5   4   6   3   0.0042799175
5   4   6   4   0.0000000000
5   4   6   5   0.0085624836
5   5   4   1   -0.0000000000
5   5   4   2   -0.0012439800
5   5   4   3   -0.0000000000
5   5   4   4   -0.0418224201
5   5   4   5   -0.0000000001
5   5   5   1   0.0315947523
5   5   5   2   -0.0000000000
5   5   5   3   0.0067821124
5   5   5   4   -0.0000000000
5   5   5   5   -0.1999312874
5   5   6   1   0.0000000000
5   5   6   2   0.0052289894
5   5   6   3   -0.0000000000
5   5   6   4   -0.0315414334
5   5   6   5   -0.0000000001
5   6   4   1   -0.0189940997
5   6   4   2   -0.0000000001
5   6   4   3   0.0040452945
5   6   4   4   0.0000000000
5   6   4   5   0.0085624836
5   6   5   1   0.0000000000
5   6   5   2   0.0055828223
5   6   5   3   -0.0000000000
5   6   5   4   -0.0317157175
5   6   5   5   -0.0000000001
5   6   6   1   0.0311521621
5   6   6   2   -0.0000000000
5   6   6   3   0.0015590171
5   6   6   4   0.0000000000
5   6   6   5   -0.1969433756
6   4   4   6   -0.3297716733
6   4   6   6   0.0479078530
6   5   5   6   -0.2763094207
6   6   4   6   0.0479078530
6   6   6   6   -0.2815994545
7   4   4   7   -0.3297716733
7   4   6   7   0.0479078530
7   5   5   7   -0.2763094207
7   5   6   7   -0.0000000000
7   6   4   7   0.0479078530
7   6   5   7   -0.0000000000
7   6   6   7   -0.2815994545

End AIJB Block
Begin IJKA Block
1   4   1   8   -0.0000000000
1   4   1   9   -0.0100160345
1   4   1   10   0.0000000000
1   4   1   11   -0.0426629384
1   4   1   12   0.0000000000
1   4   2   8   0.0409027824
1   4   2   9   -0.0000000000
1   4   2   10   0.0005320813
1   4   2   11   0.0000000000
1   4   2   12   -0.0218988754
1   4   3   8   -0.0000000000
1   4   3   9   -0.0213380066
1   4   3   10   -0.0000000000
1   4   3   11   0.0181698383
1   4   3   12   0.0000000000
1   5   1   8   0.0658625782
1   5   1   9   -0.0000000000
1   5   1   10   0.0016811477
1   5   1   11   -0.0000000000
1   5   1   12   -0.0298007053
1   5   2   8   0.0000000000
1   5   2   9   -0.0351798998
1   5   2   11   -0.0127756756
1   5   2   12   0.0000000000
1   5   3   8   -0.0382572526
1   5   3   9   -0.0000000000
1   5   3   10   0.0279255491
1   5   3   11   -0.0000000000
1   5   3   12   0.0072300517
1   6   1   8   0.0000000000
1   6   1   9   -0.0569656985
1   6   1   10   0.0000000000
1   6   1   11   0.0272236103
1   6   1   12   -0.0000000000
1   6   2   8   -0.0564284108
1   6   2   9   -0.0000000000
1   6   2   10   0.0444664465
1   6   2   11   0.0000000000
1   6   2   12   0.0080367259
1   6   3   8   0.0000000000
1   6   3   9   0.0198739745
1   6   3   10   0.0000000000
1   6   3   11   -0.0262309213
1   6   3   12   0.0000000000
2   4   1   8   0.0403850952
2   4   1   9   -0.0000000000
2   4   1   10   0.0003295600
2   4   1   11   0.0000000000
2   4   1   12   -0.0219905734
2   4   2   8   0.0000000000
2   4   2   9   -0.0305622353
2   4   2   10   0.0000000000
2   4   2   11   -0.0231385568
2   4   2   12   0.0000000000
2   4   3   8   -0.0019695924
2   4   3   9   -0.0000000000
2   4   3   10   0.0184981104
2   4   3   11   -0.0000000000
2   4   3   12   -0.0052137517
2   5   1   8   0.0000000000
2   5   1   9   -0.0349995836
2   5   1   10   0.0000000000
2   5   1   11   -0.0127325084
2   5   1   12   0.0000000000
2   5   2   8   0.0211345308
2   5   2   9   -0.0000000000
2   5   2   10   0.0331282839
2   5   2   11   0.0000000000
2   5   2   12   -0.0211633755
2   5   3   8   -0.0000000000
2   5   3   9   -0.0211417842
2   5   3   10   0.0000000000
2   5   3   11   -0.0111185534
2   5   3   12   0.0000000000
2   6   1   8   -0.0584208062
2   6   1   9   -0.0000000000
2   6   1   10   0.0452068149
2   6   1   11   0.0000000000
2   6   1   12   0.0090411531
2   6   2   8   0.0000000000
2   6   2   9   -0.0331209923
2   6   2   10   0.0000000000
2   6   2   11   -0.0006218258
2   6   2   12   0.0000000000
2   6   3   8   -0.0550724041
2   6   3   9   0.0000000000
2   6   3   10   0.0392316966
2   6   3   11   -0.0000000000
2   6   3   12   -0.0002139086
3   4   1   8   0.0000000000
3   4   1   9   -0.0200431000
3   4   1   10   0.0000000000
3   4   1   11   0.0177420627
3   4   1   12   -0.0000000000
3   4   2   8   -0.0011224110
3   4   2   9   -0.0000000000
3   4   2   10   0.0181420816
3   4   2   11   0.0000000000
3   4   2   12   -0.0055214796
3   4   3   8   0.0000000000
3   4   3   9   -0.0065004928
3   4   3   10   0.0000000000
3   4   3   11   -0.0328454386
3   4   3   12   -0.0000000000
3   5   1   8   -0.0385357255
3   5   1   9   -0.0000000000
3   5   1   10   0.0280710528
3   5   1   11   0.0000000000
3   5   1   12   0.0078560821
3   5   2   8   0.0000000000
3   5   2   9   -0.0198474962
3   5   2   10   0.0000000000
3   5   2   11   -0.0108096934
3   5   2   12   0.0000000000
3   5   3   8   0.0167603514
3   5   3   9   0.0000000000
3   5   3   10   0.0225864633
3   5   3   11   -0.0000000000
3   5   3   12   -0.0186755546
3   6   1   8   0.0000000000
3   6   1   9   0.0206441431
3   6   1   10   -0.0000000000
3   6   1   11   -0.0262180783
3   6   1   12   0.0000000000
3   6   2   8   -0.0576912537
3   6   2   9   -0.0000000000
3   6   2   10   0.0416686609
3   6   2   11   0.0000000000
3   6   2   12   0.0006438221
3   6   3   8   -0.0000000000
3   6   3   9   -0.0339901213
3   6   3   10   0.0000000000
3   6   3   11   0.0095255683
3   6   3   12   0.0000000000

End IJKA Block
Begin IABC Block
1   8   1   8   -0.0000000000
1   8   1   9   -0.0033273381
1   8   1   10   -0.0000000000
1   8   1   11   -0.0119898165
1   8   1   12   0.0000000000
1   8   2   8   -0.0084477343
1   8   2   9   0.0000000000
1   8   2   10   0.0022283034
1   8   2   11   0.0000000000
1   8   2   12   0.0038687034
1   8   3   8   -0.0000000000
1   8   3   9   -0.0038613359
1   8   3   10   -0.0000000001
1   8   3   11   0.0062490617
1   8   3   12   0.0000000000
1   8   4   8   -0.0266769840
1   8   4   9   0.0000000000
1   8   4   10   0.0110227372
1   8   4   11   -0.0000000001
1   8   4   12   0.0094002713
1   8   5   8   0.0000000000
1   8   5   9   0.0058695599
1   8   5   10   0.0000000002
1   8   5   11   0.0046951172
1   8   5   12   -0.0000000001
1   8   6   13   0.0000000000
1   8   6   14   -0.0000000000
1   8   7   13   -0.0000000000
1   8   7   14   -0.0000000000
1   9   1   8   -0.0038724714
1   9   1   9   -0.0000000000
1   9   1   10   -0.0005100565
1   9   1   11   0.0000000000
1   9   1   12   0.0062229069
1   9   2   8   -0.0000000000
1   9   2   9   -0.0071333395
1   9   2   10   0.0000000000
1   9   2   11   -0.0035304376
1   9   2   12   0.0000000000
1   9   3   8   -0.0034567160
1   9   3   9   -0.0000000000
1   9   3   10   -0.0010319531
1   9   3   11   0.0000000001
1   9   3   12   0.0003943534
1   9   4   8   0.0000000000
1   9   4   9   -0.0112921723
1   9   4   10   -0.0000000000
1   9   4   11   0.0034606902
1   9   4   12   -0.0000000000
1   9   5   8   0.0056578451
1   9   5   9   0.0000000001
1   9   5   10   0.0032637986
1   9   5   11   -0.0000000001
1   9   5   12   -0.0007910128
1   9   6   13   0.0019436839
1   9   7   14   0.0019436839
1   10   1   8   -0.0000000000
1   10   1   9   -0.0011643923
1   10   1   10   -0.0000000002
1   10   1   11   0.0010603700
1   10   1   12   -0.0000000002
1   10   2   8   0.0019573079
1   10   2   9   0.0000000000
1   10   2   10   -0.0032617546
1   10   2   11   0.0000000000
1   10   2   12   0.0032778802
1   10   3   8   -0.0000000001
1   10   3   9   -0.0006685183
1   10   3   10   -0.0000000003
1   10   3   11   -0.0030544232
1   10   3   12   -0.0000000003
1   10   4   8   0.0111254527
1   10   4   9   -0.0000000000
1   10   4   10   -0.0103318483
1   10   4   11   -0.0000000001
1   10   4   12   -0.0054729053
1   10   5   8   0.0000000001
1   10   5   9   0.0031858964
1   10   5   10   0.0000000009
1   10   5   11   -0.0019315565
1   10   5   12   0.0000000007
1   10   6   13   -0.0000000000
1   10   6   14   0.0000000000
1   10   7   13   0.0000000000
1   10   7   14   0.0000000000
1   11   1   8   -0.0132345628
1   11   1   9   0.0000000000
1   11   1   10   0.0016562183
1   11   1   11   -0.0000000000
1   11   1   12   0.0144125816
1   11   2   8   0.0000000000
1   11   2   9   -0.0039991161
1   11   2   10   0.0000000000
1   11   2   11   -0.0008738481
1   11   2   12   -0.0000000000
1   11   3   8   0.0069178971
1   11   3   9   0.0000000001
1   11   3   10   -0.0033944835
1   11   3   11   -0.0000000001
1   11   3   12   -0.0045490744
1   11   4   8   -0.0000000001
1   11   4   9   0.0035297596
1   11   4   10   -0.0000000001
1   11   4   11   -0.0075891527
1   11   4   12   0.0000000001
1   11   5   8   0.0053420772
1   11   5   9   -0.0000000002
1   11   5   10   -0.0022868686
1   11   5   11   0.0000000002
1   11   5   12   -0.0043593000
1   11   6   13   0.0116621094
1   11   7   14   0.0116621094
1   12   1   8   0.0000000000
1   12   1   9   0.0067416995
1   12   1   10   -0.0000000000
1   12   1   11   0.0137475982
1   12   1   12   -0.0000000000
1   12   2   8   0.0040962177
1   12   2   9   0.0000000000
1   12   2   10   0.0032799282
1   12   2   11   -0.0000000000
1   12   2   12   -0.0047054693
1   12   3   8   0.0000000001
1   12   3   9   0.0002614290
1   12   3   10   -0.0000000003
1   12   3   11   -0.0042451094
1   12   3   12   -0.0000000005
1   12   4   8   0.0094772166
1   12   4   9   0.0000000000
1   12   4   10   -0.0055772026
1   12   4   11   0.0000000001
1   12   4   12   -0.0060346909
1   12   5   8   -0.0000000000
1   12   5   9   -0.0010135780
1   12   5   10   0.0000000005
1   12   5   11   -0.0040669518
1   12   5   12   0.0000000008
1   12   6   13   0.0000000000
1   12   6   14   -0.0000000000
1   12   7   13   -0.0000000000
1   12   7   14   -0.0000000000
1   13   1   13   -0.0000000000
1   13   2   13   -0.0065816490
1   13   3   13   0.0000000000
1   13   4   13   -0.0183660966
1   13   5   13   0.0000000000
1   13   5   14   -0.0000000000
1   13   6   8   0.0000000000
1   13   6   9   0.0021066562
1   13   6   10   -0.0000000000
1   13   6   11   0.0128495345
1   13   6   12   0.0000000000
1   13   7   8   -0.0000000000
1   13   7   10   0.0000000000
1   13   7   12   -0.0000000000
1   14   2   14   -0.0065816490
1   14   4   14   -0.0183660966
1   14   5   13   -0.0000000000
1   14   5   14   -0.0000000000
1   14   6   8   -0.0000000000
1   14   6   10   0.0000000000
1   14   6   12   -0.0000000000
1   14   7   8   -0.0000000000
1   14   7   9   0.0021066562
1   14   7   10   0.0000000000
1   14   7   11   0.0128495345
1   14   7   12   -0.0000000000
2   8   1   8   0.0146902708
2   8   1   9   -0.0000000000
2   8   1   10   -0.0118275794
2   8   1   11   -0.0000000000
2   8   1   12   -0.0207093352
2   8   2   8   -0.0000000000
2   8   2   9   0.0049655151
2   8   2   10   0.0000000000
2   8   2   11   0.0024976638
2   8   2   12   -0.0000000000
2   8   3   8   0.0156147165
2   8   3   9   -0.0000000000
2   8   3   10   -0.0067778595
2   8   3   11   0.0000000000
2   8   3   12   0.0026603506
2   8   4   8   -0.0000000000
2   8   4   9   0.0059475804
2   8   4   10   -0.0000000001
2   8   4   11   0.0004716012
2   8   4   12   0.0000000000
2   8   5   8   -0.0197340351
2   8   5   10   0.0066873635
2   8   5   11   -0.0000000001
2   8   5   12   0.0065246833
2   8   6   13   0.0071008597
2   8   7   14   0.0071008597
2   9   1   9   0.0005034246
2   9   1   10   -0.0000000000
2   9   1   11   0.0041103676
2   9   1   12   -0.0000000000
2   9   2   8   0.0056933388
2   9   2   9   0.0000000000
2   9   2   10   -0.0016949826
2   9   2   11   -0.0000000000
2   9   2   12   -0.0091468281
2   9   3   8   -0.0000000000
2   9   3   9   0.0096076533
2   9   3   10   0.0000000000
2   9   3   11   0.0001697831
2   9   3   12   -0.0000000000
2   9   4   8   0.0061361224
2   9   4   9   -0.0000000000
2   9   4   10   0.0035638685
2   9   4   11   0.0000000001
2   9   4   12   0.0010585054
2   9   5   9   -0.0105481395
2   9   5   10   -0.0000000001
2   9   5   11   0.0007824318
2   9   5   12   -0.0000000001
2   9   6   13   -0.0000000000
2   9   6   14   0.0000000000
2   9   7   13   0.0000000000
2   9   7   14   0.0000000000
2   10   1   8   -0.0105324440
2   10   1   10   -0.0059809666
2   10   1   11   -0.0000000000
2   10   1   12   -0.0029121151
2   10   2   8   0.0000000000
2   10   2   9   -0.0009139532
2   10   2   10   0.0000000001
2   10   2   11   0.0042088990
2   10   2   12   0.0000000000
2   10   3   8   -0.0072759214
2   10   3   9   -0.0000000000
2   10   3   10   0.0128916404
2   10   3   11   0.0000000000
2   10   3   12   -0.0016491632
2   10   4   8   -0.0000000001
2   10   4   9   0.0035395516
2   10   4   10   -0.0000000004
2   10   4   11   -0.0011787126
2   10   4   12   -0.0000000003
2   10   5   8   0.0063588295
2   10   5   9   -0.0000000001
2   10   5   10   -0.0071177952
2   10   5   11   -0.0000000001
2   10   5   12   -0.0040831609
2   10   6   13   -0.0036731690
2   10   7   14   -0.0036731690
2   11   1   8   -0.0000000000
2   11   1   9   0.0045226503
2   11   1   10   -0.0000000000
2   11   1   11   0.0284509510
2   11   1   12   0.0000000000
2   11   2   8   0.0032349303
2   11   2   9   -0.0000000000
2   11   2   10   0.0041125461
2   11   2   11   0.0000000000
2   11   2   12   -0.0065585059
2   11   3   8   0.0000000000
2   11   3   9   0.0001725893
2   11   3   10   0.0000000000
2   11   3   11   -0.0026000172
2   11   3   12   -0.0000000000
2   11   4   8   0.0001006414
2   11   4   9   0.0000000001
2   11   4   10   -0.0011038690
2   11   4   11   -0.0000000001
2   11   4   12   0.0002418314
2   11   5   8   -0.0000000001
2   11   5   9   0.0007118260
2   11   5   10   -0.0000000001
2   11   5   11   -0.0060865567
2   11   5   12   0.0000000002
2   11   6   13   0.0000000000
2   11   6   14   -0.0000000000
2   11   7   13   -0.0000000000
2   11   7   14   -0.0000000000
2   12   1   8   -0.0213969324
2   12   1   9   -0.0000000001
2   12   1   10   -0.0023480340
2   12   1   11   0.0000000001
2   12   1   12   0.0135317537
2   12   2   8   -0.0000000000
2   12   2   9   -0.0095802696
2   12   2   11   -0.0062340951
2   12   3   8   0.0028522480
2   12   3   9   -0.0000000000
2   12   3   10   -0.0018786347
2   12   3   11   -0.0000000000
2   12   3   12   0.0011242949
2   12   4   8   0.0000000000
2   12   4   9   0.0012627097
2   12   4   10   -0.0000000003
2   12   4   11   0.0001229705
2   12   4   12   -0.0000000005
2   12   5   8   0.0067922506
2   12   5   9   -0.0000000001
2   12   5   10   -0.0043101104
2   12   5   11   0.0000000001
2   12   5   12   -0.0038104927
2   12   6   13   0.0025844778
2   12   7   14   0.0025844778
2   13   1   13   0.0466304610
2   13   3   13   -0.0007767225
2   13   4   13   0.0000000000
2   13   5   13   -0.0151323542
2   13   6   8   0.0069340257
2   13   6   9   -0.0000000000
2   13   6   10   -0.0043660699
2   13   6   11   0.0000000000
2   13   6   12   0.0031929277
2   13   7   9   0.0000000000
2   13   7   11   -0.0000000000
2   14   1   14   0.0466304610
2   14   3   14   -0.0007767225
2   14   5   14   -0.0151323542
2   14   6   9   0.0000000000
2   14   6   11   -0.0000000000
2   14   7   8   0.0069340257
2   14   7   9   0.0000000000
2   14   7   10   -0.0043660699
2   14   7   11   -0.0000000000
2   14   7   12   0.0031929277
3   8   1   8   0.0000000000
3   8   1   9   0.0406807803
3   8   1   10   0.0000000000
3   8   1   11   -0.0093075616
3   8   1   12   0.0000000000
3   8   2   8   -0.0202415449
3   8   2   9   0.0000000000
3   8   2   10   0.0175916325
3   8   2   11   0.0000000000
3   8   2   12   0.0146400115
3   8   3   8   0.0000000001
3   8   3   9   -0.0153831567
3   8   3   10   0.0000000004
3   8   3   11   0.0040081511
3   8   3   12   -0.0000000002
3   8   4   8   0.0051017146
3   8   4   9   -0.0000000000
3   8   4   10   -0.0045245154
3   8   4   11   0.0000000000
3   8   4   12   -0.0084627062
3   8   5   8   -0.0000000001
3   8   5   9   0.0002391408
3   8   5   10   -0.0000000005
3   8   5   11   -0.0028311730
3   8   5   12   0.0000000003
3   8   6   13   0.0000000000
3   8   6   14   -0.0000000000
3   8   7   13   -0.0000000000
3   8   7   14   -0.0000000000
3   9   1   8   0.0375649481
3   9   1   9   0.0000000000
3   9   1   10   0.0343510787
3   9   1   11   -0.0000000000
3   9   1   12   0.0121870502
3   9   2   8   0.0000000000
3   9   2   9   -0.0026514409
3   9   2   10   0.0000000000
3   9   2   11   -0.0025967709
3   9   2   12   0.0000000000
3   9   3   8   -0.0145698340
3   9   3   9   0.0000000002
3   9   3   10   -0.0087760930
3   9   3   11   -0.0000000003
3   9   3   12   0.0011907594
3   9   4   8   -0.0000000000
3   9   4   9   -0.0014689509
3   9   4   10   -0.0000000001
3   9   4   11   -0.0014574466
3   9   4   12   -0.0000000001
3   9   5   8   0.0015912372
3   9   5   9   -0.0000000003
3   9   5   10   -0.0005602199
3   9   5   11   0.0000000004
3   9   5   12   0.0013532808
3   9   6   13   -0.0048590654
3   9   7   14   -0.0048590654
3   10   1   8   0.0000000000
3   10   1   9   0.0322656796
3   10   1   10   0.0000000001
3   10   1   11   0.0107934123
3   10   1   12   0.0000000001
3   10   2   8   0.0161004946
3   10   2   9   0.0000000000
3   10   2   10   -0.0034293897
3   10   2   11   0.0000000001
3   10   2   12   0.0050863943
3   10   3   8   0.0000000005
3   10   3   9   -0.0083041359
3   10   3   10   0.0000000018
3   10   3   11   -0.0082194730
3   10   3   12   0.0000000014
3   10   4   8   -0.0046084521
3   10   4   9   -0.0000000000
3   10   4   10   -0.0021571863
3   10   4   11   0.0000000000
3   10   4   12   0.0007361579
3   10   5   8   -0.0000000004
3   10   5   9   0.0000574216
3   10   5   10   -0.0000000027
3   10   5   11   -0.0012114121
3   10   5   12   -0.0000000020
3   10   6   13   0.0000000000
3   10   6   14   -0.0000000000
3   10   7   13   -0.0000000000
3   10   7   14   -0.0000000000
3   11   1   8   -0.0085432628
3   11   1   9   -0.0000000000
3   11   1   10   0.0100940869
3   11   1   11   0.0000000000
3   11   1   12   -0.0273739210
3   11   2   8   0.0000000000
3   11   2   9   -0.0030089748
3   11   2   10   0.0000000000
3   11   2   11   -0.0264119677
3   11   2   12   -0.0000000001
3   11   3   8   0.0031145959
3   11   3   9   -0.0000000003
3   11   3   10   -0.0078003016
3   11   3   11   0.0000000005
3   11   3   12   0.0133470631
3   11   4   8   0.0000000000
3   11   4   9   -0.0014097428
3   11   4   10   0.0000000000
3   11   4   11   0.0093167484
3   11   4   12   -0.0000000000
3   11   5   8   -0.0034834821
3   11   5   9   0.0000000004
3   11   5   10   -0.0009309529
3   11   5   11   -0.0000000007
3   11   5   12   0.0064239046
3   11   6   13   -0.0013742477
3   11   7   14   -0.0013742477
3   12   1   8   -0.0000000000
3   12   1   9   0.0116645759
3   12   1   10   -0.0000000001
3   12   1   11   -0.0270069857
3   12   1   12   -0.0000000002
3   12   2   8   0.0155158829
3   12   2   9   0.0000000001
3   12   2   10   0.0045823691
3   12   2   11   -0.0000000001
3   12   2   12   -0.0114652564
3   12   3   8   -0.0000000003
3   12   3   9   0.0014118681
3   12   3   10   0.0000000016
3   12   3   11   0.0131091511
3   12   3   12   0.0000000021
3   12   4   8   -0.0086995344
3   12   4   9   -0.0000000001
3   12   4   10   0.0008106765
3   12   4   11   0.0000000000
3   12   4   12   0.0052990599
3   12   5   8   0.0000000001
3   12   5   9   0.0016655033
3   12   5   10   -0.0000000018
3   12   5   11   0.0062044545
3   12   5   12   -0.0000000027
3   12   6   13   0.0000000000
3   12   6   14   -0.0000000000
3   12   7   13   -0.0000000000
3   12   7   14   -0.0000000000
3   13   1   13   0.0000000000
3   13   2   13   -0.0413108203
3   13   3   13   -0.0000000000
3   13   4   13   0.0150571549
3   13   5   13   0.0000000000
3   13   6   8   0.0000000000
3   13   6   9   -0.0040879527
3   13   6   10   0.0000000000
3   13   6   11   -0.0017782917
3   13   6   12   0.0000000000
3   13   7   8   -0.0000000000
3   13   7   10   -0.0000000000
3   13   7   12   -0.0000000000
3   14   1   14   -0.0000000000
3   14   2   14   -0.0413108203
3   14   3   14   -0.0000000000
3   14   4   14   0.0150571549
3   14   5   14   0.0000000000
3   14   6   8   -0.0000000000
3   14   6   10   -0.0000000000
3   14   6   12   -0.0000000000
3   14   7   8   -0.0000000000
3   14   7   9   -0.0040879527
3   14   7   10   -0.0000000000
3   14   7   11   -0.0017782917
3   14   7   12   -0.0000000000

End IABC Block
